2923 3000
2139 1783 1177 4588 140 912 1362 2972 1759 1299 3009 3360 1457 2124 1127 142 2037 3528 4730 1732 3612 275 534 4641 4231 1943 2411 2014 61 1480 3158 200 3396 3241 4672 1857 2644 168 2269 403 2235 3969 3149 4760 2282 197 3106 2417 2294 4225 1202 3730 368 4507 4699 3276 4925 3597 2177 3292 2921 1724 3117 2644 643 3216 2947 2280 2241 2795 4551 4607 2665 2869 4769 2745 1346 350 464 11 3372 1875 511 2449 3779 180 2098 2924 1065 1418 1782 2802 1456 1259 3949 3655 4201 3272 3428 2764 3882 484 805 948 223 938 695 3991 816 1550 654 1946 67 2557 4594 3754 3077 2123 2425 3046 2649 1125 802 3987 2894 3835 2363 3827 1192 4711 1861 4859 26 4867 673 3574 1927 4273 1530 1561 4015 2535 1339 4825 2349 522 3786 99 4715 471 1404 2517 959 2223 223 1170 761 1686 1644 3189 4395 684 2027 4005 3888 387 700 1897 1771 886 2801 1083 891 3670 4142 1081 840 4722 4826 1747 4575 4536 1857 194 952 746 1984 2316 1179 3105 1653 4037 4628 2733 4138 2229 1431 1416 1801 2695 1063 457 1521 3358 1963 3732 1080 4114 4738 1237 1849 2736 2525 2809 3235 1405 2995 862 4092 3418 1841 1282 523 752 4775 4279 2918 1628 2705 4926 1249 2609 324 1740 2394 2080 1664 3952 4370 566 1522 4854 997 2124 2195 3400 1327 4960 2672 2328 3748 2472 3820 1231 3963 2524 4339 2445 2155 1914 4410 2255 2773 2981 632 174 729 659 2288 3159 4077 2755 3742 2190 660 2575 1164 2317 1301 2714 3548 3905 131 4696 4714 4047 4497 2578 464 4792 3484 853 3198 4314 4604 4549 335 2595 1771 4213 2037 462 1884 1592 2676 3797 3112 2586 4980 1400 2743 4118 305 3652 268 4899 3516 418 1635 4124 784 3029 648 4685 273 2975 2112 3858 265 4357 3476 2746 3008 205 1393 4775 2967 3985 674 2888 709 3974 60 1903 1201 4528 422 4700 16 784 4608 4601 4570 1798 921 1365 125 4711 923 3273 10 4919 4554 3273 2432 700 2078 2931 664 1285 2241 1996 3301 2634 4525 2322 3867 4069 407 1974 3146 1976 4569 4142 285 3044 61 203 5000 2281 4025 1749 4938 4351 805 1021 512 1360 2129 4609 3420 1584 4183 980 3057 3108 1650 3187 714 4630 4245 847 1329 211 3601 2418 2399 4547 143 4275 3726 1947 1248 329 638 5000 1705 1875 3817 235 1977 4676 3879 2235 4869 2351 4135 1409 42 3694 3576 3946 4620 4320 3223 3196 2780 2446 2534 32 1986 3069 4919 4464 548 4932 2772 3567 4917 1280 427 130 3658 1356 4316 1254 4584 1018 2873 855 119 3539 3116 4990 3331 1120 863 2261 2918 445 4840 2691 1798 1486 469 1257 1214 4789 2396 1462 4521 3964 515 2835 55 827 4331 1772 3423 3613 3106 1054 4691 516 713 1333 3499 1778 3524 4607 3086 1041 1149 3124 1443 2472 903 4658 3674 2726 902 2591 1795 2923 260 2130 2885 3040 4301 3823 2309 88 176 3335 3169 597 4128 1080 438 3221 4291 3443 3247 1547 1852 3555 3573 3815 1668 3049 1513 1138 2176 2301 3820 1532 3653 4041 4016 2146 1032 4286 190 4827 2151 494 2710 3720 1385 4208 802 4464 3014 2267 1980 2407 2861 2864 3993 2811 2449 4581 2107 2984 1404 3921 4308 3047 3710 2530 2571 626 1991 1688 1404 3176 1010 4170 3552 4052 1172 2350 661 4004 873 3975 2445 4706 234 2160 952 2829 141 42 4046 3460 4865 3560 1695 1269 1988 1109 3095 143 1445 201 46 4766 4758 2261 3364 550 1103 2033 1186 573 2737 1053 3232 4126 4381 815 1916 553 4268 3165 1377 416 463 2897 4115 2007 1340 1719 3440 2786 3983 2875 1929 1104 1784 2102 4376 4020 3533 2149 4697 4307 4120 1697 1875 2490 781 957 3553 2946 2022 254 4215 726 4455 2660 1972 3325 2728 3071 2674 787 4451 3748 392 1149 3999 4956 4315 3121 3444 1713 342 3328 3353 4616 1898 4905 2313 2264 2285 3415 4697 2836 2212 1964 3231 2386 3934 4394 1448 1505 2837 2393 4054 1371 2722 3574 2162 4521 3809 1627 4107 2371 2659 1447 2121 4820 4270 1910 4651 3924 692 1204 3158 2407 3818 600 3156 3617 3662 4063 1279 167 2821 1601 4250 1802 1632 178 3793 3063 3587 2788 3957 588 433 4697 1033 3535 4091 36 280 1334 4194 2397 2481 1436 2875 587 834 1896 3844 236 725 4078 2392 4504 3679 2414 2212 761 2480 4003 2390 2918 1722 4162 454 411 1359 4072 3028 1449 3558 1644 3260 4810 872 1955 634 2978 1233 2228 1596 4003 2288 2074 1504 3240 4084 4199 955 1383 3344 879 4641 2953 1095 1052 324 2743 2012 4135 3481 4450 2863 2815 4208 1771 776 3337 859 3330 4967 1072 2971 182 1883 706 4999 4916 793 1524 2336 3273 3436 2563 932 367 4856 2821 1060 2339 3219 3563 1339 67 3049 1225 2551 2945 4959 3672 2727 2484 12 4447 4145 350 4460 2191 4264 3541 3688 55 4967 1553 1707 398 4563 3920 2258 1364 1363 193 4195 2716 2921 4744 4290 3814 2581 1651 108 3473 461 462 541 2415 1099 799 1401 654 1715 3419 869 1231 2485 1617 3297 2058 807 678 1951 3900 833 2737 116 1516 2673 4470 2747 2863 4517 223 1686 4011 913 305 1524 2800 4476 2522 3063 23 4970 1872 2999 2306 2588 3839 1261 294 4086 4260 274 4663 4274 4944 1503 1426 1225 1354 3391 4521 4051 3925 4427 1330 998 2816 1900 4079 2668 4689 3310 1664 574 1495 454 4667 1053 4157 2129 4927 4421 983 4260 671 4323 3827 1391 1328 2133 2748 4917 757 3257 609 4655 3391 1263 4694 4653 2561 2669 911 1902 761 2560 2296 3673 3502 3168 2558 1355 317 2005 1169 3145 3083 4073 2184 4254 3136 4943 1893 2039 27 2849 3676 3085 1998 4633 1162 3655 2380 4061 3058 3014 3476 4657 4025 1368 4930 4565 2465 374 2101 586 4086 1080 2216 1543 736 2335 4829 4036 3388 2515 822 402 1351 3804 1593 4888 2280 3497 1117 4646 4211 2745 2294 3153 4611 558 2778 1030 2169 4074 382 4979 2217 675 2073 3950 4024 1400 4634 2662 3949 2213 3434 883 56 568 4902 3928 1875 859 2767 2429 1142 471 2697 2530 1618 1083 825 919 276 4755 944 4529 2651 2680 2054 4543 37 175 3208 2546 1497 317 1253 2262 1260 580 2394 3353 4916 667 1926 595 2585 3451 1001 216 3005 2189 1763 3534 4066 4962 119 978 133 867 2172 3056 3853 1263 4019 1165 2501 1599 4300 1065 1048 4158 3510 2461 2001 374 3414 3061 3576 850 4999 957 3970 4896 333 2004 4106 2823 2672 2384 1647 1573 4236 3802 1375 2961 717 3773 2571 1888 3299 2 1120 625 2044 1291 3283 3017 2124 78 1111 211 1649 1123 715 4965 618 3079 2983 3392 2528 2747 1082 2573 1729 4204 3075 4283 3834 998 748 1502 1730 4125 504 518 656 4406 2278 1978 1023 3404 3705 1873 1306 2593 3390 1401 3774 2382 983 3210 2655 2414 2894 1181 3767 3815 4215 1166 447 1595 2714 4443 4069 1960 1009 2990 2115 4062 1875 4585 284 3863 4706 4465 741 3424 1688 1958 4952 1792 589 4218 1239 2408 3623 4038 4390 3568 2380 510 1200 4767 2994 602 1033 859 1474 2878 4927 4830 3106 2788 87 1942 1069 4017 3050 3599 986 4396 1049 2360 1593 1824 3926 807 4510 3434 339 1901 638 4568 2460 3941 4767 3317 2215 759 4580 3929 4577 4931 4545 2577 2706 2703 3621 3032 3323 198 2810 2209 518 3300 4808 1850 267 3297 4161 1035 1810 2495 3221 955 3113 3849 548 1775 595 3312 1313 4743 1335 3559 436 1431 1869 4 1042 905 2173 795 396 3257 1395 1789 2341 2181 3515 3459 1981 1237 160 162 2820 2699 4979 4030 4539 2630 1958 1857 14 4931 2793 434 4220 1897 1967 2721 671 2059 3118 961 3348 2682 221 4090 4048 1953 425 3534 4827 1506 1995 1633 357 2164 740 4428 4062 1921 1172 1404 96 1533 2805 4686 3483 931 990 1870 4422 4943 250 936 1128 2807 4647 240 2027 1383 1164 337 1863 4766 451 2516 3483 4559 4371 2638 4628 2849 4563 483 961 424 1177 4878 3189 605 4183 4061 516 589 467 4306 3926 1268 3294 4030 4939 1933 2693 2348 3722 4327 136 3881 1059 318 3811 38 2636 2794 3151 1795 678 3381 2944 1236 1459 602 3654 3858 1191 4617 2515 2026 4771 1137 2304 906 4865 154 1868 4203 2876 1279 4299 1039 177 1788 1996 4164 3503 4074 612 2094 2941 4892 3870 659 629 4088 3433 2724 1889 1242 4361 796 3524 3998 489 1494 1904 232 699 2712 3850 3496 4937 117 845 2296 2347 2554 4167 702 4687 4626 505 2020 1950 2455 1815 2909 1429 3793 2904 1671 3491 587 2593 182 1413 3046 3565 4424 1768 4661 3877 2722 3075 1928 3762 2341 1995 2154 806 697 3674 4691 403 4696 3656 2668 2341 3922 2631 4526 2434 3663 2544 3395 2380 2588 3665 4374 4530 4679 3738 139 1444 2349 3495 3154 4783 1722 1941 2856 4839 3193 4648 3567 2697 4358 581 2094 1298 3283 2732 649 2817 2733 1890 2338 3785 1576 405 2301 3653 1978 2832 814 1632 3812 1697 3133 2980 3142 402 3768 489 1878 2962 4959 2125 575 4232 3767 3298 100 2453 3987 2750 4571 667 3482 4142 1220 3817 1773 3324 2003 1209 3565 3347 1440 4722 379 3746 1734 201 680 4565 2818 1894 3658 4386 1064 1335 341 2110 2552 282 2933 3293 552 162 2639 4546 1394 1075 354 2021 1341 1898 196 4773 1902 2922 4544 317 2061 4273 249 4712 3330 4924 4662 1700 4524 1573 4591 257 3267 2431 2053 832 2162 3341 3429 1601 4369 4664 4150 3308 1100 315 4653 3603 2134 3669 912 1583 437 4972 689 1175 704 1542 4361 888 2871 3412 1220 157 1208 3699 2151 1334 1007 464 3393 903 82 3121 1120 746 1920 1460 844 3412 168 2309 4733 4122 699 4748 1199 2199 4134 139 2269 3463 1311 168 1480 1747 3285 134 2108 4005 3441 290 1683 4252 1420 379 4109 3016 1791 961 3876 3419 1566 1127 2131 2464 43 2794 3570 1260 3858 1253 4429 348 943 801 2383 4240 4008 2470 22 3896 749 2396 3855 4820 1586 2730 286 3373 1787 3200 1554 1991 4402 3177 4762 3863 4223 4728 1149 2889 1929 4834 2170 2341 352 2748 2731 3621 456 3165 3886 4774 3643 2745 1584 4002 4449 1611 2454 2314 4423 878 4385 4436 769 2593 689 3207 3483 1327 3898 1967 355 3803 50 864 1291 3617 1825 4742 4875 1779 1660 1104 1132 4414 416 1104 2002 3644 561 825 1061 4948 3390 4818 1652 1274 2478 576 20 78 3541 4882 1709 1731 1843 3563 2655 796 4365 4447 1436 2383 4613 579 3951 4579 4869 4070 3096 2195 382 1825 2728 947 3762 3999 3126 3788 3543 2480 1928 4937 1675 1834 292 4636 371 4647 4838 1867 723 2096 2451 1908 1778 1582 4354 1531 4532 419 1870 4872 2707 3064 3691 4568 2102 2236 2351 1712 1709 185 1079 3446 2453 842 1704 4181 3783 1123 4101 4665 363 4039 58 2004 1704 527 4573 1331 2778 279 1869 2560 1041 3272 2864 2440 2719 299 4329 3645 2416 728 1034 960 1072 3246 4682 1754 511 2941 3905 2493 4744 2252 4355 3690 3450 2973 3601 2200 815 2666 187 928 4923 4494 4873 3762 4802 4826 3145 1999 2050 362 911 956 1482 3792 4393 4598 1420 3073 2580 1713 4975 200 3063 4606 2247 1925 4822 3002 3393 1362 2600 2260 4253 1102 257 40 3343 1183 4014 4013 947 1171 750 1673 1114 4009 2023 3517 3689 4462 1723 3907 1115 3626 2793 3838 2581 3863 2246 3493 2072 2331 2722 3490 2736 3957 4228 4528 763 414 4478 4459 128 4452 3404 2923 1824 1934 3150 4211 3734 956 609 2998 4575 3870 1500 2318 297 4473 932 1172 2725 1145 3044 3980 2465 1934 1137 1648 226 2809 3736 2628 3023 3625 4051 1398 3743 2034 980 3867 4861 3942 3408 1170 290 3671 261 2615 1596 4187 4333 1457 1526 2023 2850 4691 1854 3046 3631 3339 451 2981 1998 4068 4039 1054 3884 193 944 2813 2744 2505 3400 926 166 1780 4915 270 4529 896 4668 1683 960 1025 4157 585 173 2700 4411 1393 4763 3621 3291 3465 2317 450 1743 806 26 2136 1420 391 4943 1329 3970 3527 3211 2519 3955 2776 783 2227 4470 1295 2803 1201 502 1467 2748 588 2456 1923 747 2762 1165 208 1798 3974 1179 1990 2096 4016 2391 4115 3307 4415 3818 4920 3268 588 2742 4155 3651 1783 2106 2174 2677 3958 3005 1130 4754 978 4099 1527 2843 2199 964 4466 188 58 4287 777 1404 4906 1513 2576 2123 2955 232 2302 515 2151 2287 1192 2794 748 2745 3171 4923 4732 1646 4450 1722 297 3498 3482 1625 356 1547 4338 4472 1059 668 2993 3994 412 1283 2093 4748 1790 1831 2483 1751 3192 3532 2554 4708 3224 1235 46 2272 301 3031 969 1392 1939 4217 1420 3909 1109 3291 3610 91 983 4260 2413 3830 3180 2378 456 2574 1273 3347 4130 2478 3073 3588 4144 575 1239 3757 2609 1628 4969 4623 2025 3069 444 250 4043 1435 3507 4045 348 2877 3436 660 731 3446 1740 4385 2251 3070 4892 3347 1474 3282 2216 89 3982 3781 3450 566 1854 1576 535 4319 2926 1947 3721 1795 344 3069 247 2580 906 3296 2610 3238 2735 3954 3707 1990 610 1083 4201 1302 1448 3573 1315 187 2329 2530 4770 2829 118 2634 4698 514 3349 2983 3627 4548 2805 3572 449 3135 551 4106 3053 3765 2741 1423 3564 2497 3983 498 1187 225 1249 4828 3004 3668 1420 1849 3183 4505 1131 3274 426 4309 2996 3135 3959 3112 3840 1769 156 181 3468 2206 1075 102 3477 3163 2442 4772 368 2464 466 1934 840 239 2803 3269 3309 4839 2165 4588 3733 3925 1633 1516 1226 369 4205 4613 1281 1134 1687 3552 3937 480 1421 1874 3242 658 1310 4964 2258 3457 1584 871 3514 2097 4970 2019 4467 1592 4802 4869 591 2351 1432 2177 4585 2570 1878 4593 299 4313 1355 461 4734 3850 3813 261 1335 398 4327 1346 2128 3949 4175 4339 4502 4500 2825 4423 1971 316 1972 2062 225 1203 488 988 3635 4302 3963 2830 2032 3524 3440 3720 2024 2309 1042 4953 3918 3599 760 575 1788 1929 1675 430 3510 2457 91 957 3421 4370 2648 4064 3342 4644 4979 4164 866 938 1299 3827 1190 210 860 481 1591 4220 4589 3973 1322 4327 3573 3851 377 608 1167 3463 2288 1797 3468 3601 821 1604 1319 776 3349 1249 4191 787 1894 3458 4380 4639 1159 3432 4415 270 177 247 2082 1465 1799 105 1715 4297 2475 671 2191 3648 1680 4898 3301 2727 1577 3019 2086 2765 72 2962 1687 439 4114 1495 2930 1032 1507 4281 356 1142 1403 4432 1550 2071 3390 327 3204 4507 4528 4827 3617 2747 4268 3726 3664 3110 4847 4141 812 2125 1840 4427 271 2955 4856 1249 2742 3630 225 1764 4747 3368 4079 2931 2359 3823 4573 3403 1422 2024 3855 3595 2866 1045 43 2303 539 3536 3975 3298 1171 1679 1430 1526 4467 2344 4456 3671 2921 1478 3517 3268 2096 1548 143 3918 4374 2335 1795 1471 192 4548 2655 3690 4924 3659 3228 4764 673 4388 4375 1303 3337 4350 1867 1697 2772 3475 2224 1718 2997 835 1546 4484 989 3057 596 2454 4581 2836 3241 4940 1188 2749 2252 1060 2248 338 4679 477 614 3086 521 4523 3186 2791 3213 1756 2800 2317 694 499 1615 637 507 2447 2354 3147 248 306 878 2691 2734 4931 1519 1127 4383 1690 1751 1439 1122 2835 1794 646 1726 605 4339 1153 4224 1196 2684 2719 1906 2522 1485 129 2291 1178 555 410 4746 52 4918 2480 616 3473 518 730 1077 219 1944 147 4342 1826 1864 3810 1575 3916 4376 813 3810 4367 2267 1533 2905 2578 345 2327 1686 1504 4795 121 1887 2415 558 306 1744 1474 4717 738 3963 4017 3611 984 1934 449 491 4958 3499 4572 242 3350 4011 3028 301 641 3191 4313 3617 579 145 2464 1606 2707 2492 1689 2214 798 1779 2796 3038 2144 3950 3297 3277 2508 1113 2848 2615 2252 868 3463 4729 3878 1223 4442 670 2729 2729 160 959 4088 4526 1862 4074 3803 202 4934 3988 889 3020 4067 4545 2834 625 299 1045 1527 2077 4044 4299 1834 1771 1770 849 163 4985 4176 3898 4296 3344 1902 704 4938 543 1459 2973 352 3724 4745 2373 4674 3007 3076 3909 931 3688 4938 2991 3586 1765 4349 4805 2147 776 4729 2329 152
200000 199999 199998 199997 199996 199995 199994 199993 199992 199991 199990 199989 199988 199987 199986 199985 199984 199983 199982 199981 199980 199979 199978 199977 199976 199975 199974 199973 199972 199971 199970 199969 199968 199967 199966 199965 199964 199963 199962 199961 199960 199959 199958 199957 199956 199955 199954 199953 199952 199951 199950 199949 199948 199947 199946 199945 199944 199943 199942 199941 199940 199939 199938 199937 199936 199935 199934 199933 199932 199931 199930 199929 199928 199927 199926 199925 199924 199923 199922 199921 199920 199919 199918 199917 199916 199915 199914 199913 199912 199911 199910 199909 199908 199907 199906 199905 199904 199903 199902 199901 199900 199899 199898 199897 199896 199895 199894 199893 199892 199891 199890 199889 199888 199887 199886 199885 199884 199883 199882 199881 199880 199879 199878 199877 199876 199875 199874 199873 199872 199871 199870 199869 199868 199867 199866 199865 199864 199863 199862 199861 199860 199859 199858 199857 199856 199855 199854 199853 199852 199851 199850 199849 199848 199847 199846 199845 199844 199843 199842 199841 199840 199839 199838 199837 199836 199835 199834 199833 199832 199831 199830 199829 199828 199827 199826 199825 199824 199823 199822 199821 199820 199819 199818 199817 199816 199815 199814 199813 199812 199811 199810 199809 199808 199807 199806 199805 199804 199803 199802 199801 199800 199799 199798 199797 199796 199795 199794 199793 199792 199791 199790 199789 199788 199787 199786 199785 199784 199783 199782 199781 199780 199779 199778 199777 199776 199775 199774 199773 199772 199771 199770 199769 199768 199767 199766 199765 199764 199763 199762 199761 199760 199759 199758 199757 199756 199755 199754 199753 199752 199751 199750 199749 199748 199747 199746 199745 199744 199743 199742 199741 199740 199739 199738 199737 199736 199735 199734 199733 199732 199731 199730 199729 199728 199727 199726 199725 199724 199723 199722 199721 199720 199719 199718 199717 199716 199715 199714 199713 199712 199711 199710 199709 199708 199707 199706 199705 199704 199703 199702 199701 199700 199699 199698 199697 199696 199695 199694 199693 199692 199691 199690 199689 199688 199687 199686 199685 199684 199683 199682 199681 199680 199679 199678 199677 199676 199675 199674 199673 199672 199671 199670 199669 199668 199667 199666 199665 199664 199663 199662 199661 199660 199659 199658 199657 199656 199655 199654 199653 199652 199651 199650 199649 199648 199647 199646 199645 199644 199643 199642 199641 199640 199639 199638 199637 199636 199635 199634 199633 199632 199631 199630 199629 199628 199627 199626 199625 199624 199623 199622 199621 199620 199619 199618 199617 199616 199615 199614 199613 199612 199611 199610 199609 199608 199607 199606 199605 199604 199603 199602 199601 199600 199599 199598 199597 199596 199595 199594 199593 199592 199591 199590 199589 199588 199587 199586 199585 199584 199583 199582 199581 199580 199579 199578 199577 199576 199575 199574 199573 199572 199571 199570 199569 199568 199567 199566 199565 199564 199563 199562 199561 199560 199559 199558 199557 199556 199555 199554 199553 199552 199551 199550 199549 199548 199547 199546 199545 199544 199543 199542 199541 199540 199539 199538 199537 199536 199535 199534 199533 199532 199531 199530 199529 199528 199527 199526 199525 199524 199523 199522 199521 199520 199519 199518 199517 199516 199515 199514 199513 199512 199511 199510 199509 199508 199507 199506 199505 199504 199503 199502 199501 199500 199499 199498 199497 199496 199495 199494 199493 199492 199491 199490 199489 199488 199487 199486 199485 199484 199483 199482 199481 199480 199479 199478 199477 199476 199475 199474 199473 199472 199471 199470 199469 199468 199467 199466 199465 199464 199463 199462 199461 199460 199459 199458 199457 199456 199455 199454 199453 199452 199451 199450 199449 199448 199447 199446 199445 199444 199443 199442 199441 199440 199439 199438 199437 199436 199435 199434 199433 199432 199431 199430 199429 199428 199427 199426 199425 199424 199423 199422 199421 199420 199419 199418 199417 199416 199415 199414 199413 199412 199411 199410 199409 199408 199407 199406 199405 199404 199403 199402 199401 199400 199399 199398 199397 199396 199395 199394 199393 199392 199391 199390 199389 199388 199387 199386 199385 199384 199383 199382 199381 199380 199379 199378 199377 199376 199375 199374 199373 199372 199371 199370 199369 199368 199367 199366 199365 199364 199363 199362 199361 199360 199359 199358 199357 199356 199355 199354 199353 199352 199351 199350 199349 199348 199347 199346 199345 199344 199343 199342 199341 199340 199339 199338 199337 199336 199335 199334 199333 199332 199331 199330 199329 199328 199327 199326 199325 199324 199323 199322 199321 199320 199319 199318 199317 199316 199315 199314 199313 199312 199311 199310 199309 199308 199307 199306 199305 199304 199303 199302 199301 199300 199299 199298 199297 199296 199295 199294 199293 199292 199291 199290 199289 199288 199287 199286 199285 199284 199283 199282 199281 199280 199279 199278 199277 199276 199275 199274 199273 199272 199271 199270 199269 199268 199267 199266 199265 199264 199263 199262 199261 199260 199259 199258 199257 199256 199255 199254 199253 199252 199251 199250 199249 199248 199247 199246 199245 199244 199243 199242 199241 199240 199239 199238 199237 199236 199235 199234 199233 199232 199231 199230 199229 199228 199227 199226 199225 199224 199223 199222 199221 199220 199219 199218 199217 199216 199215 199214 199213 199212 199211 199210 199209 199208 199207 199206 199205 199204 199203 199202 199201 199200 199199 199198 199197 199196 199195 199194 199193 199192 199191 199190 199189 199188 199187 199186 199185 199184 199183 199182 199181 199180 199179 199178 199177 199176 199175 199174 199173 199172 199171 199170 199169 199168 199167 199166 199165 199164 199163 199162 199161 199160 199159 199158 199157 199156 199155 199154 199153 199152 199151 199150 199149 199148 199147 199146 199145 199144 199143 199142 199141 199140 199139 199138 199137 199136 199135 199134 199133 199132 199131 199130 199129 199128 199127 199126 199125 199124 199123 199122 199121 199120 199119 199118 199117 199116 199115 199114 199113 199112 199111 199110 199109 199108 199107 199106 199105 199104 199103 199102 199101 199100 199099 199098 199097 199096 199095 199094 199093 199092 199091 199090 199089 199088 199087 199086 199085 199084 199083 199082 199081 199080 199079 199078 199077 199076 199075 199074 199073 199072 199071 199070 199069 199068 199067 199066 199065 199064 199063 199062 199061 199060 199059 199058 199057 199056 199055 199054 199053 199052 199051 199050 199049 199048 199047 199046 199045 199044 199043 199042 199041 199040 199039 199038 199037 199036 199035 199034 199033 199032 199031 199030 199029 199028 199027 199026 199025 199024 199023 199022 199021 199020 199019 199018 199017 199016 199015 199014 199013 199012 199011 199010 199009 199008 199007 199006 199005 199004 199003 199002 199001 199000 198999 198998 198997 198996 198995 198994 198993 198992 198991 198990 198989 198988 198987 198986 198985 198984 198983 198982 198981 198980 198979 198978 198977 198976 198975 198974 198973 198972 198971 198970 198969 198968 198967 198966 198965 198964 198963 198962 198961 198960 198959 198958 198957 198956 198955 198954 198953 198952 198951 198950 198949 198948 198947 198946 198945 198944 198943 198942 198941 198940 198939 198938 198937 198936 198935 198934 198933 198932 198931 198930 198929 198928 198927 198926 198925 198924 198923 198922 198921 198920 198919 198918 198917 198916 198915 198914 198913 198912 198911 198910 198909 198908 198907 198906 198905 198904 198903 198902 198901 198900 198899 198898 198897 198896 198895 198894 198893 198892 198891 198890 198889 198888 198887 198886 198885 198884 198883 198882 198881 198880 198879 198878 198877 198876 198875 198874 198873 198872 198871 198870 198869 198868 198867 198866 198865 198864 198863 198862 198861 198860 198859 198858 198857 198856 198855 198854 198853 198852 198851 198850 198849 198848 198847 198846 198845 198844 198843 198842 198841 198840 198839 198838 198837 198836 198835 198834 198833 198832 198831 198830 198829 198828 198827 198826 198825 198824 198823 198822 198821 198820 198819 198818 198817 198816 198815 198814 198813 198812 198811 198810 198809 198808 198807 198806 198805 198804 198803 198802 198801 198800 198799 198798 198797 198796 198795 198794 198793 198792 198791 198790 198789 198788 198787 198786 198785 198784 198783 198782 198781 198780 198779 198778 198777 198776 198775 198774 198773 198772 198771 198770 198769 198768 198767 198766 198765 198764 198763 198762 198761 198760 198759 198758 198757 198756 198755 198754 198753 198752 198751 198750 198749 198748 198747 198746 198745 198744 198743 198742 198741 198740 198739 198738 198737 198736 198735 198734 198733 198732 198731 198730 198729 198728 198727 198726 198725 198724 198723 198722 198721 198720 198719 198718 198717 198716 198715 198714 198713 198712 198711 198710 198709 198708 198707 198706 198705 198704 198703 198702 198701 198700 198699 198698 198697 198696 198695 198694 198693 198692 198691 198690 198689 198688 198687 198686 198685 198684 198683 198682 198681 198680 198679 198678 198677 198676 198675 198674 198673 198672 198671 198670 198669 198668 198667 198666 198665 198664 198663 198662 198661 198660 198659 198658 198657 198656 198655 198654 198653 198652 198651 198650 198649 198648 198647 198646 198645 198644 198643 198642 198641 198640 198639 198638 198637 198636 198635 198634 198633 198632 198631 198630 198629 198628 198627 198626 198625 198624 198623 198622 198621 198620 198619 198618 198617 198616 198615 198614 198613 198612 198611 198610 198609 198608 198607 198606 198605 198604 198603 198602 198601 198600 198599 198598 198597 198596 198595 198594 198593 198592 198591 198590 198589 198588 198587 198586 198585 198584 198583 198582 198581 198580 198579 198578 198577 198576 198575 198574 198573 198572 198571 198570 198569 198568 198567 198566 198565 198564 198563 198562 198561 198560 198559 198558 198557 198556 198555 198554 198553 198552 198551 198550 198549 198548 198547 198546 198545 198544 198543 198542 198541 198540 198539 198538 198537 198536 198535 198534 198533 198532 198531 198530 198529 198528 198527 198526 198525 198524 198523 198522 198521 198520 198519 198518 198517 198516 198515 198514 198513 198512 198511 198510 198509 198508 198507 198506 198505 198504 198503 198502 198501 198500 198499 198498 198497 198496 198495 198494 198493 198492 198491 198490 198489 198488 198487 198486 198485 198484 198483 198482 198481 198480 198479 198478 198477 198476 198475 198474 198473 198472 198471 198470 198469 198468 198467 198466 198465 198464 198463 198462 198461 198460 198459 198458 198457 198456 198455 198454 198453 198452 198451 198450 198449 198448 198447 198446 198445 198444 198443 198442 198441 198440 198439 198438 198437 198436 198435 198434 198433 198432 198431 198430 198429 198428 198427 198426 198425 198424 198423 198422 198421 198420 198419 198418 198417 198416 198415 198414 198413 198412 198411 198410 198409 198408 198407 198406 198405 198404 198403 198402 198401 198400 198399 198398 198397 198396 198395 198394 198393 198392 198391 198390 198389 198388 198387 198386 198385 198384 198383 198382 198381 198380 198379 198378 198377 198376 198375 198374 198373 198372 198371 198370 198369 198368 198367 198366 198365 198364 198363 198362 198361 198360 198359 198358 198357 198356 198355 198354 198353 198352 198351 198350 198349 198348 198347 198346 198345 198344 198343 198342 198341 198340 198339 198338 198337 198336 198335 198334 198333 198332 198331 198330 198329 198328 198327 198326 198325 198324 198323 198322 198321 198320 198319 198318 198317 198316 198315 198314 198313 198312 198311 198310 198309 198308 198307 198306 198305 198304 198303 198302 198301 198300 198299 198298 198297 198296 198295 198294 198293 198292 198291 198290 198289 198288 198287 198286 198285 198284 198283 198282 198281 198280 198279 198278 198277 198276 198275 198274 198273 198272 198271 198270 198269 198268 198267 198266 198265 198264 198263 198262 198261 198260 198259 198258 198257 198256 198255 198254 198253 198252 198251 198250 198249 198248 198247 198246 198245 198244 198243 198242 198241 198240 198239 198238 198237 198236 198235 198234 198233 198232 198231 198230 198229 198228 198227 198226 198225 198224 198223 198222 198221 198220 198219 198218 198217 198216 198215 198214 198213 198212 198211 198210 198209 198208 198207 198206 198205 198204 198203 198202 198201 198200 198199 198198 198197 198196 198195 198194 198193 198192 198191 198190 198189 198188 198187 198186 198185 198184 198183 198182 198181 198180 198179 198178 198177 198176 198175 198174 198173 198172 198171 198170 198169 198168 198167 198166 198165 198164 198163 198162 198161 198160 198159 198158 198157 198156 198155 198154 198153 198152 198151 198150 198149 198148 198147 198146 198145 198144 198143 198142 198141 198140 198139 198138 198137 198136 198135 198134 198133 198132 198131 198130 198129 198128 198127 198126 198125 198124 198123 198122 198121 198120 198119 198118 198117 198116 198115 198114 198113 198112 198111 198110 198109 198108 198107 198106 198105 198104 198103 198102 198101 198100 198099 198098 198097 198096 198095 198094 198093 198092 198091 198090 198089 198088 198087 198086 198085 198084 198083 198082 198081 198080 198079 198078 198077 198076 198075 198074 198073 198072 198071 198070 198069 198068 198067 198066 198065 198064 198063 198062 198061 198060 198059 198058 198057 198056 198055 198054 198053 198052 198051 198050 198049 198048 198047 198046 198045 198044 198043 198042 198041 198040 198039 198038 198037 198036 198035 198034 198033 198032 198031 198030 198029 198028 198027 198026 198025 198024 198023 198022 198021 198020 198019 198018 198017 198016 198015 198014 198013 198012 198011 198010 198009 198008 198007 198006 198005 198004 198003 198002 198001 198000 197999 197998 197997 197996 197995 197994 197993 197992 197991 197990 197989 197988 197987 197986 197985 197984 197983 197982 197981 197980 197979 197978 197977 197976 197975 197974 197973 197972 197971 197970 197969 197968 197967 197966 197965 197964 197963 197962 197961 197960 197959 197958 197957 197956 197955 197954 197953 197952 197951 197950 197949 197948 197947 197946 197945 197944 197943 197942 197941 197940 197939 197938 197937 197936 197935 197934 197933 197932 197931 197930 197929 197928 197927 197926 197925 197924 197923 197922 197921 197920 197919 197918 197917 197916 197915 197914 197913 197912 197911 197910 197909 197908 197907 197906 197905 197904 197903 197902 197901 197900 197899 197898 197897 197896 197895 197894 197893 197892 197891 197890 197889 197888 197887 197886 197885 197884 197883 197882 197881 197880 197879 197878 197877 197876 197875 197874 197873 197872 197871 197870 197869 197868 197867 197866 197865 197864 197863 197862 197861 197860 197859 197858 197857 197856 197855 197854 197853 197852 197851 197850 197849 197848 197847 197846 197845 197844 197843 197842 197841 197840 197839 197838 197837 197836 197835 197834 197833 197832 197831 197830 197829 197828 197827 197826 197825 197824 197823 197822 197821 197820 197819 197818 197817 197816 197815 197814 197813 197812 197811 197810 197809 197808 197807 197806 197805 197804 197803 197802 197801 197800 197799 197798 197797 197796 197795 197794 197793 197792 197791 197790 197789 197788 197787 197786 197785 197784 197783 197782 197781 197780 197779 197778 197777 197776 197775 197774 197773 197772 197771 197770 197769 197768 197767 197766 197765 197764 197763 197762 197761 197760 197759 197758 197757 197756 197755 197754 197753 197752 197751 197750 197749 197748 197747 197746 197745 197744 197743 197742 197741 197740 197739 197738 197737 197736 197735 197734 197733 197732 197731 197730 197729 197728 197727 197726 197725 197724 197723 197722 197721 197720 197719 197718 197717 197716 197715 197714 197713 197712 197711 197710 197709 197708 197707 197706 197705 197704 197703 197702 197701 197700 197699 197698 197697 197696 197695 197694 197693 197692 197691 197690 197689 197688 197687 197686 197685 197684 197683 197682 197681 197680 197679 197678 197677 197676 197675 197674 197673 197672 197671 197670 197669 197668 197667 197666 197665 197664 197663 197662 197661 197660 197659 197658 197657 197656 197655 197654 197653 197652 197651 197650 197649 197648 197647 197646 197645 197644 197643 197642 197641 197640 197639 197638 197637 197636 197635 197634 197633 197632 197631 197630 197629 197628 197627 197626 197625 197624 197623 197622 197621 197620 197619 197618 197617 197616 197615 197614 197613 197612 197611 197610 197609 197608 197607 197606 197605 197604 197603 197602 197601 197600 197599 197598 197597 197596 197595 197594 197593 197592 197591 197590 197589 197588 197587 197586 197585 197584 197583 197582 197581 197580 197579 197578 197577 197576 197575 197574 197573 197572 197571 197570 197569 197568 197567 197566 197565 197564 197563 197562 197561 197560 197559 197558 197557 197556 197555 197554 197553 197552 197551 197550 197549 197548 197547 197546 197545 197544 197543 197542 197541 197540 197539 197538 197537 197536 197535 197534 197533 197532 197531 197530 197529 197528 197527 197526 197525 197524 197523 197522 197521 197520 197519 197518 197517 197516 197515 197514 197513 197512 197511 197510 197509 197508 197507 197506 197505 197504 197503 197502 197501 197500 197499 197498 197497 197496 197495 197494 197493 197492 197491 197490 197489 197488 197487 197486 197485 197484 197483 197482 197481 197480 197479 197478 197477 197476 197475 197474 197473 197472 197471 197470 197469 197468 197467 197466 197465 197464 197463 197462 197461 197460 197459 197458 197457 197456 197455 197454 197453 197452 197451 197450 197449 197448 197447 197446 197445 197444 197443 197442 197441 197440 197439 197438 197437 197436 197435 197434 197433 197432 197431 197430 197429 197428 197427 197426 197425 197424 197423 197422 197421 197420 197419 197418 197417 197416 197415 197414 197413 197412 197411 197410 197409 197408 197407 197406 197405 197404 197403 197402 197401 197400 197399 197398 197397 197396 197395 197394 197393 197392 197391 197390 197389 197388 197387 197386 197385 197384 197383 197382 197381 197380 197379 197378 197377 197376 197375 197374 197373 197372 197371 197370 197369 197368 197367 197366 197365 197364 197363 197362 197361 197360 197359 197358 197357 197356 197355 197354 197353 197352 197351 197350 197349 197348 197347 197346 197345 197344 197343 197342 197341 197340 197339 197338 197337 197336 197335 197334 197333 197332 197331 197330 197329 197328 197327 197326 197325 197324 197323 197322 197321 197320 197319 197318 197317 197316 197315 197314 197313 197312 197311 197310 197309 197308 197307 197306 197305 197304 197303 197302 197301 197300 197299 197298 197297 197296 197295 197294 197293 197292 197291 197290 197289 197288 197287 197286 197285 197284 197283 197282 197281 197280 197279 197278 197277 197276 197275 197274 197273 197272 197271 197270 197269 197268 197267 197266 197265 197264 197263 197262 197261 197260 197259 197258 197257 197256 197255 197254 197253 197252 197251 197250 197249 197248 197247 197246 197245 197244 197243 197242 197241 197240 197239 197238 197237 197236 197235 197234 197233 197232 197231 197230 197229 197228 197227 197226 197225 197224 197223 197222 197221 197220 197219 197218 197217 197216 197215 197214 197213 197212 197211 197210 197209 197208 197207 197206 197205 197204 197203 197202 197201 197200 197199 197198 197197 197196 197195 197194 197193 197192 197191 197190 197189 197188 197187 197186 197185 197184 197183 197182 197181 197180 197179 197178 197177 197176 197175 197174 197173 197172 197171 197170 197169 197168 197167 197166 197165 197164 197163 197162 197161 197160 197159 197158 197157 197156 197155 197154 197153 197152 197151 197150 197149 197148 197147 197146 197145 197144 197143 197142 197141 197140 197139 197138 197137 197136 197135 197134 197133 197132 197131 197130 197129 197128 197127 197126 197125 197124 197123 197122 197121 197120 197119 197118 197117 197116 197115 197114 197113 197112 197111 197110 197109 197108 197107 197106 197105 197104 197103 197102 197101 197100 197099 197098 197097 197096 197095 197094 197093 197092 197091 197090 197089 197088 197087 197086 197085 197084 197083 197082 197081 197080 197079 197078
1774 2922 4392796
991 2018 2302245
938 2867 6791
400 1441 31774
527 2123 3061979
1510 2081 32549
1257 1645 121598
1232 2012 43614
1999 2780 2363998
888 2420 11219
130 2782 8167345
741 1794 46769
347 720 978394
294 1565 9828
1174 1406 228865
555 1878 13480
161 350 12618
299 2290 2847
952 2452 24244
57 2697 329108
636 1616 7736
37 371 4219
68 82 469938
387 734 2559004
899 2293 61834
1059 1255 878576
6 2913 7592412
495 623 330080
34 2923 149660
2728 2897 27964
75 1439 4775
1503 1938 309540
41 2898 671170
1017 2794 12605
1429 2735 2088111
16 2904 816492
113 1024 2717
2276 2290 976075
1076 1936 10077
502 1825 3263
514 2793 834114
656 2821 311290
701 2443 139985
1937 2914 281721
285 1680 298568
540 1433 115693
1973 2054 288825
2526 2697 1101921
425 1705 409286
1758 2315 6654
222 2692 10895
24 2356 8717
692 1042 1285305
41 2898 2892856
926 1593 18188
791 1575 7453
695 2892 8927779
99 1208 2415780
1476 2138 271941
69 74 40335
1944 2120 703306
1837 2055 4622
758 2809 311849
285 2743 54881
1056 1308 7823
549 638 100087
1449 2788 17088
812 2153 3801588
2034 2204 4433550
931 2112 7828580
1292 2738 7800
637 2486 4364891
195 2303 131504
1018 1841 66511
27 2878 259643
26 521 1264214
2315 2448 635103
21 2917 28954
1373 1847 4228511
1318 2019 257425
2427 2843 145724
901 2128 836803
457 2036 7038510
1553 2553 22627
564 756 485031
223 1819 8364780
2056 2599 247737
469 1038 5555955
2082 2107 1341896
340 2726 4018
1200 2192 1031233
1332 1982 7911
625 1118 7191234
227 2142 127001
1812 1822 8845
1858 2614 61726
663 1797 6692895
3 2897 3467124
1818 2772 26661
1495 1853 3778
1516 2568 47946
2468 2921 25574
851 2159 621139
139 2311 158416
73 927 8841
770 2743 3627
5 2878 7572
2380 2542 17987
711 1810 154363
1107 1718 607923
1661 2252 68408
549 2633 437259
1136 2021 253131
60 1173 4310610
197 1636 955554
887 1711 4995
641 1152 144372
2297 2771 7650240
148 2219 14750
653 2462 342497
1490 2169 92205
1863 2320 36925
1170 2492 15935
512 808 41645
1102 2412 206002
316 2063 39726
2476 2620 8870
1411 2400 9872
1786 2690 785730
2435 2809 4615
42 2904 23318
2151 2474 40133
1085 2233 241269
1526 1876 348392
26 2891 362389
42 2892 5023087
599 1279 6668079
687 1701 5443
2503 2631 5347
354 2379 43965
1096 2061 85122
972 2797 7632
1386 1552 4490
112 1238 120778
1363 1481 122674
608 2293 183043
529 618 9836691
1338 2692 208120
1546 1750 5787
1577 2528 9764
648 2839 13975
1163 2354 1327701
1680 1927 620836
899 1127 1803612
1413 1641 3638
433 1480 210002
132 261 2703126
1756 2017 406119
443 1132 33670
2823 2827 5656072
687 1293 63094
1273 1953 104730
23 2302 6489
391 888 2960270
1032 2247 3108591
751 2626 1026156
456 2303 4977
296 2659 1400342
315 857 431830
193 1747 73184
13 2896 2074044
1566 2558 7269974
992 1202 3952099
2602 2728 4928
153 2551 99329
929 1854 2620814
27 2915 13780
1060 2344 224708
398 1339 20982
680 1890 8836
1519 1867 3627623
508 1715 217825
1589 2842 646065
1400 1446 3569
5 2883 5115353
1229 2360 2995
421 1278 712352
6 535 4415263
25 2876 4121
706 1328 60304
754 1022 5070
955 2901 11299
877 2883 8999798
2249 2480 3341813
407 584 5202696
519 2616 63136
2667 2905 2534611
300 2254 468478
2103 2577 148014
288 1396 2112490
21 2908 2551561
305 2774 121311
25 2907 8320
34 2905 3481329
320 2708 2364104
1182 1280 5561615
35 2889 93747
978 1225 382427
2157 2510 1301301
1646 2828 74993
6 2782 19380
67 785 3036
1463 1935 6360487
57 1292 306903
518 1434 377991
1537 2307 9836454
257 2278 8808896
668 2629 14687
17 2886 405212
1360 2638 6370048
477 1768 107140
16 2881 5866587
504 2707 637350
82 1061 26958
1068 2593 400339
820 1458 1025936
84 2630 6323
1056 2562 4827841
99 1598 946032
2032 2804 19723
541 967 428836
1940 2794 3864737
114 2071 209243
1134 1415 200690
387 422 282239
1064 2116 11815
2139 2842 1281997
1337 2822 4325
285 2196 3696079
1085 1378 2575
105 1902 151741
967 1714 60856
12 2874 1106155
2387 2413 3178
1892 2104 3765311
582 2843 1534725
41 402 236044
1882 2591 1129160
959 1041 29359
241 2732 20245
620 1303 90629
842 1447 43089
1819 2552 3386
121 1143 4620
33 2912 4656748
1440 1543 2840
360 2649 6115930
1681 2624 11947
570 2119 9802089
1888 2872 4946805
40 1504 35802
557 1718 5858235
1450 2819 5008862
2231 2401 5477188
991 2061 406539
225 2096 16346
496 2549 19413
1490 2249 2691
1398 2298 8392783
1802 2076 4436639
1385 1953 8883
478 1428 3768102
1910 2564 51440
2089 2886 2416541
1065 2552 13802
1772 2891 65652
283 677 7514312
1694 2247 186588
800 1636 865919
24 2907 9238
587 2226 3254623
1079 1101 2985
2250 2782 5206411
568 1734 152993
118 252 376184
1875 2756 36971
508 2503 223512
61 2146 1299581
1140 2343 8932933
1133 1437 3003
2428 2618 11799
7 2924 4816279
1943 1958 15043
779 2585 4573
602 2094 3888
32 2442 4676
1031 1541 15810
856 2543 929216
337 2284 28858
1101 1798 791593
1302 2541 6844228
1469 2057 119915
1616 1834 2737930
1352 1672 4243
1129 2900 48921
1392 1678 534096
598 1237 4688213
971 2510 5771
14 1070 6963210
1059 2837 7171
530 2621 4802974
128 374 1147415
548 1069 4984
314 2832 43883
473 2913 7770
449 1724 442863
418 2274 8976152
1222 1947 10162
1490 1984 786430
1539 2120 2555364
309 1741 941751
1155 1641 2330364
1186 2474 1185912
3 2909 352976
120 2253 6875326
795 2787 229162
865 1181 42673
268 518 1503899
27 1598 1417112
33 2270 1202319
1479 2341 57402
1065 2137 2825
1576 1703 129172
1497 2667 573739
1594 2742 956013
428 1012 14211
911 1814 5877230
77 621 4417618
854 2595 1399876
2198 2851 73126
22 2876 13450
2248 2749 10320
414 932 131582
142 690 4110
1254 2039 2455125
32 2890 62355
628 638 8228000
412 2775 1122070
380 1491 6154
2478 2882 5958
1760 2877 1630804
882 2082 84233
2412 2911 5863
783 1280 7573413
1892 2419 4094754
1545 1749 3188045
2213 2595 2622
546 1961 3923
84 1388 4903689
833 892 271565
1413 1488 9440964
383 1738 240137
1068 1495 203479
32 2881 3372
731 1911 2857
2217 2540 7972380
2530 2675 35516
460 501 9051086
1084 2214 1731168
24 2904 8487
124 991 125181
27 2909 36780
392 2498 13450
783 1957 514201
772 795 2492746
505 2198 1057218
1857 2751 2640
726 2232 1514980
1317 1659 304821
1901 2644 25782
1218 2228 18778
2154 2477 8974
2005 2262 261079
223 2909 1935824
1203 2079 267972
1982 2389 28490
2132 2895 43960
2683 2893 22378
989 1787 10152
578 1729 3193350
658 2447 120814
710 1944 211799
677 2906 6085
28 2915 643367
1934 2091 127591
38 2910 2072867
1664 2671 16192
626 2784 6340
1310 1882 333333
1102 1135 213821
1518 2457 19767
175 252 412900
687 804 357199
595 1757 7685
8 516 123326
1778 2829 316859
31 2908 4282313
64 1968 424122
1833 2209 4239303
237 1796 1888563
462 2704 333954
1887 1996 8378074
2535 2819 492472
641 1861 72802
604 2088 2503228
1060 2084 393244
356 2573 234484
1571 2378 4476
1581 1662 11024
1272 2001 9910
13 2922 593240
1235 2679 29994
403 798 5228
867 2293 4109387
261 1216 24959
956 1269 3557204
1341 2760 2164085
478 2398 759243
422 1695 38058
522 695 104244
135 2762 5167
555 1128 300832
788 2552 2058818
1500 2445 7802
1738 2477 598176
938 2086 4756
976 2513 3419001
1274 1630 72326
46 2924 9277009
488 2377 4438073
1111 1695 4121548
719 2502 3707133
594 2745 276705
37 2892 159389
1507 2008 400392
329 2108 1042291
2406 2877 6419207
1389 2221 170076
220 298 507058
837 1379 3470969
10 2906 72288
748 2113 9911049
33 836 2067757
933 1526 1809067
475 2500 12023
310 417 7980
1448 1682 78474
259 1347 2731
628 1265 3319
1251 2430 65931
808 2619 976714
720 1752 3443174
801 1495 4561
408 2566 865215
270 2410 4849
2514 2907 409203
1637 2800 4500691
1714 2012 277823
1053 1877 2677833
430 446 113214
726 1777 7466965
1744 2499 147063
1020 1576 234707
238 2321 808914
120 2768 466496
674 1840 346291
911 1004 26722
1384 1502 23691
2065 2900 154880
787 1244 3697747
599 852 425252
1434 2850 6589
354 2662 51496
1434 1539 2320220
1124 2037 1550097
490 2427 461696
1860 2373 4985
350 1975 8185739
1462 2727 60259
2289 2341 438445
2096 2921 50297
87 159 16441
647 1852 49510
267 2408 68990
1462 1694 20763
1930 2821 322930
456 2171 74307
52 1738 4750
34 2903 6031926
2045 2651 10369
1239 2510 4585
13 2916 11656
54 2026 694263
39 2907 430642
1161 1686 60856
1544 2817 2048125
610 939 8213
6 1248 13705
1964 2619 337161
856 2499 112638
475 526 18205
1363 2349 866724
1239 2373 18444
679 1002 8218
660 1065 4830
1315 2527 110078
488 499 7237
417 1065 49344
1231 1353 10046
892 2247 17422
490 1900 462657
1553 1690 3757
1850 2007 224920
443 2615 17797
351 2113 1396035
1552 1680 595197
34 2905 4725688
25 2880 3713
1187 1276 194385
657 1147 177174
1187 2848 2508967
582 2747 9083
1567 2312 1010050
1631 2291 69867
1585 1903 1527290
1558 2185 296905
1219 2426 6220
1290 1893 2034839
801 1275 146108
1 2924 56953
550 2238 3012
462 961 4701
2 2916 461693
2242 2635 948225
2807 2848 4765016
989 2497 5223
2373 2490 19094
568 1652 8154683
786 1013 72774
282 1992 736970
1453 1730 14964
1752 2158 76185
595 1969 10185420
456 514 1688971
14 2903 7114117
976 2291 60066
1878 2324 3435
1241 1859 3429778
540 898 4209
198 1743 1109563
431 2677 223076
134 2713 1976366
165 739 1285289
482 2606 145960
2 777 19372
862 2403 4507114
320 1418 1948165
2053 2769 7245
19 2895 86922
472 1591 8647
927 2662 14901
617 1185 7322
149 1142 4290340
493 1617 7175
1210 2294 442482
837 2844 159279
352 1651 7342037
1875 2472 1686623
25 1509 25903
1011 1233 50469
1681 1789 16986
567 1394 1279110
1693 1722 4656
139 2038 885383
207 1900 4556
529 2449 5586309
443 1732 20975
1293 1818 3227
774 1829 9139709
631 697 37299
282 539 12357
1233 2226 340946
2528 2717 3610
1658 2625 14847
2599 2885 73587
41 2913 454578
615 2358 258553
988 1777 206371
1641 1798 7059492
427 877 499496
729 737 6323237
1597 2042 224325
1346 2589 411165
524 2120 347104
1174 2699 9259710
599 2652 155231
392 2600 146568
38 2876 179455
742 1920 269155
41 899 4497769
649 2034 2859
12 2883 4359
29 2883 5920
610 1771 546093
855 2659 43538
1337 2873 145300
329 1297 1235887
539 599 4948819
1481 2847 1876132
181 1599 642222
172 422 9428075
2303 2455 1464123
1027 2521 9150
295 2627 399831
1248 1839 5404
946 1769 1317185
1006 2648 6836162
904 1433 10510
1739 2346 16285
1732 2492 12224
606 639 530699
842 1789 3165043
697 1575 710074
908 2046 184558
105 1755 16112
42 2908 23401
389 918 120296
93 2031 77988
294 2593 70665
296 2350 104737
71 460 113010
329 1519 5945
193 1076 7337085
1406 1523 1964910
1903 2631 4273591
485 1798 68148
673 1741 7016
1464 2351 240223
987 2094 2865
848 1732 3139603
2409 2826 9216
785 1577 1484577
183 2612 6289483
1006 2400 236926
2049 2097 27189
1205 1762 2465648
33 1438 4971174
816 1247 8708
269 1601 2774
39 250 563858
422 2384 43180
1920 1947 17644
1583 2694 921560
1435 1990 14073
86 1015 4851
527 751 77270
5 2874 468249
945 2551 2191512
170 242 4526578
659 1533 103379
352 1444 6116063
327 2312 550607
698 2027 858486
1063 2253 4947102
182 2797 105895
236 257 251170
1501 1780 266045
673 2689 4848
1216 1497 3067690
649 2273 54485
2076 2435 50741
1899 2881 72809
2427 2579 16312
1459 1847 2271881
1269 1548 14095
137 1084 2049073
1320 2775 3508
766 2615 122583
121 1031 241848
1902 2294 9783872
1568 1978 663078
32 2915 11418
460 2408 9333298
265 540 9533696
24 224 762116
1835 2588 8652
460 837 4943116
17 2887 282767
99 2379 9714913
764 980 19892
513 906 9622
1084 1959 3851292
1242 1517 387344
103 1700 9702150
1149 2733 68743
384 1071 3968258
764 1198 79079
1284 1297 205905
1700 2518 42289
1069 2035 1538737
524 2530 310832
276 2098 39761
1415 1798 6492
26 2892 333327
62 2170 436003
221 2729 45905
1016 1139 61518
66 690 288836
1832 2115 8452
180 1748 27127
414 1210 48458
1528 1753 10789
45 2904 3142
95 1094 8812894
1825 2396 148773
518 752 8133304
1515 1627 2542
41 2917 247421
24 1244 291548
974 2177 8413490
1024 1986 573945
38 2884 178998
126 1824 6717
885 1502 24491
1369 2443 147892
37 2910 183594
438 2738 5102
274 2504 5230
276 2163 499657
2366 2605 2689368
42 2910 2060293
407 829 178816
25 2882 1456980
43 2914 566652
2259 2642 298518
266 2338 1177664
26 2876 16264
284 2556 2331051
765 1591 271624
1182 1697 348133
1478 1974 10199225
21 2443 7352
1532 2445 39247
2051 2666 7776449
1899 2590 4724
194 715 461065
344 1300 14219
1253 2918 587033
1566 2363 3261260
552 1080 20398
398 1784 4226
459 2911 1730965
897 1667 23799
1837 2055 322196
2165 2787 9669
109 1640 3849950
1324 2021 1025485
3 2720 3311
208 1438 105122
40 2029 1456361
930 1489 8050
469 1259 21816
603 2485 3000389
1172 2147 62942
64 183 5091257
61 1414 11079
2527 2807 778266
40 2885 106316
576 1678 617218
652 1559 943085
3 2894 2667
466 969 386455
48 2887 10413
2487 2867 16648
471 2435 1988569
955 1757 39589
2134 2843 14125
852 965 588432
531 2234 9609466
37 1157 484193
773 2069 14716
3 2880 5278
1593 2065 4743987
776 1750 24228
873 1400 614301
263 2686 3798
135 875 3040
1332 2746 4584
1268 2199 368731
651 2283 2884
2146 2345 2178121
2143 2703 45532
43 2909 4731
2449 2735 5324
5 2885 13971
1536 2475 326068
39 2911 842380
614 2407 7996581
476 1927 1461888
1185 2505 59476
1729 2628 313120
2198 2480 6061890
1479 1760 1980389
2429 2742 280688
226 2666 742076
2135 2898 360309
1504 1869 49430
157 2541 7572596
1340 1688 5816
359 2322 6824917
756 842 1483581
1159 2459 3900023
787 1165 8544376
919 2460 50136
844 2224 17265
1005 2442 1729257
929 1499 16989
1156 1237 8899965
1045 2395 38519
1218 2744 5018
31 2876 3138921
304 2001 17209
115 1309 84877
1459 1787 9501
1838 2709 8416
6 2915 208315
820 923 501744
162 633 6275967
102 2792 230110
1365 2252 5926
446 1166 8331881
1428 1928 15680
933 1470 1737263
1539 1878 2125516
649 2500 3507573
285 1238 50513
1664 1910 15093
2216 2839 618358
1176 1323 383299
229 1019 78456
22 2892 29998
1331 1999 16814
586 924 3631563
2054 2442 247219
1674 1752 252325
1337 2565 988047
1298 2200 43904
40 2921 3843
731 1435 970186
624 2875 206437
334 1353 4119
45 2894 4131
1096 1395 296722
143 2088 2866
530 2674 1010247
562 2301 1013454
1744 1903 347195
1522 1956 587159
2444 2540 163198
357 1424 7795523
2433 2470 2375124
872 2162 58295
155 1097 24241
421 2867 387665
1815 2739 25225
972 2074 4015843
679 2525 2681292
1422 2563 8199
2267 2852 43600
445 1914 4252
1289 2581 9070476
30 2894 86910
2009 2885 3496323
352 811 190754
179 296 9985
1561 2777 299119
884 1756 3194
577 2837 3360
7 2903 259083
33 2891 38006
943 1982 8550
15 2882 33742
23 2847 4476787
432 1937 3313
90 1669 117783
13 2911 337063
418 826 11853
394 1744 10225
440 788 2577455
1331 2209 206186
244 1669 1907345
1532 2077 10284
1328 2699 4800
2073 2541 221781
131 2894 64563
920 2269 1001726
186 336 43034
714 1752 1717390
219 2802 3933302
1247 1713 2369466
634 2917 1576063
48 2890 106750
1861 2264 841924
545 2130 4760
976 1435 2215498
2350 2430 2535452
459 859 5490815
32 2891 150938
1229 2385 6157
115 2483 2217648
1867 2296 211803
1507 1763 4594951
1804 2795 7238806
528 978 6824
1497 2202 146930
875 1505 2612868
1373 1879 11450
1045 2222 235923
1623 2647 668498
395 2532 9000
1881 2578 190654
795 2782 4942342
2283 2405 42659
332 1650 121525
2311 2868 9523065
1780 1913 65372
968 2755 91736
1352 2452 1294582
43 2898 12617
1 2886 616721
33 2876 3013078
1140 2626 588288
2426 2738 18401
331 1394 27535
34 2877 3161558
649 1251 570586
2841 2886 21370
1327 1613 39966
1659 2879 1091079
771 2566 273910
863 1255 2585
1271 1568 2533092
171 1145 139154
755 1500 8547
935 1634 38230
660 769 15203
294 524 14226
85 916 880821
972 1084 122047
283 783 30488
5 2920 1027332
1613 2236 4923
2057 2563 20018
1166 2260 11948
574 2783 867538
958 977 19092
1168 1929 2352170
275 1728 8601195
73 1911 5898388
553 724 3829330
259 1381 7020319
724 1620 17703
322 849 3342
25 2893 62751
1610 2908 2075985
338 961 11598
2043 2467 35014
2526 2681 6069
1630 1909 88206
677 956 295205
151 1333 7627
974 1151 28400
1780 2195 1126961
1669 1767 64098
393 1829 394013
1594 1741 5690040
828 966 39932
708 2148 3790
1415 1624 9186217
1257 2212 1296182
782 2617 8358
873 1924 39029
97 1136 3960
1784 2611 9384
230 2641 301634
548 2099 12020
137 1886 446712
36 1082 8842
42 2886 25233
1782 2059 863634
38 2911 7927301
1208 2205 10350
948 1216 3078216
1914 2367 394423
285 1772 381998
40 2899 47902
81 1462 39552
756 845 295208
371 933 17703
1572 1780 5148
1624 2710 6937483
844 2557 45671
2467 2482 34687
2622 2669 8413553
34 558 3803
515 559 2098433
37 2749 1952838
444 1931 47115
437 2705 9318794
685 955 40407
30 763 873102
752 1379 9535647
157 544 3262
38 2892 3820
1183 1875 6864307
326 1626 585572
939 1885 6665049
243 2305 8036167
930 1491 3294
699 2886 4837
2006 2126 587044
2121 2886 27729
787 1520 9970384
1693 2538 13734
1564 1924 3075
582 1829 11799
936 2093 4349
1642 2005 101129
1364 2700 3340
1736 2377 954751
444 1943 130101
990 1251 101896
183 1834 66289
1235 1671 33696
295 1555 332972
1195 2046 2395637
546 826 3682201
1132 2228 504868
499 1411 4211
1327 2368 301943
2752 2921 1068088
1651 1805 585779
385 2291 4984523
15 2895 43151
1054 1292 7182
710 963 423578
846 2110 156716
2149 2782 196984
950 1286 36201
1637 2306 2071700
1431 2210 5654
2159 2851 929684
776 2886 25518
683 2903 11343
1188 1691 1267953
588 2195 282784
2375 2606 1699755
377 438 4690545
316 1026 4452955
41 2876 154240
1534 2026 3466
45 2888 157971
1265 1530 167575
279 2868 9399421
773 2660 247632
455 2654 4149729
128 2261 1791324
112 1610 2394609
566 964 124290
1446 1735 4634152
609 2468 53054
73 2646 157687
1919 2569 35943
661 2254 179202
44 2899 1173950
2465 2677 50566
1200 1686 523044
15 1655 3615
1773 2868 2477596
656 1446 782422
1046 2527 989406
1056 2490 5689
1129 1301 3226
2746 2812 129600
292 875 71058
637 1487 28027
74 155 322384
961 2641 5307181
1116 1628 12603
1574 2523 5919251
953 2895 65974
251 419 909269
625 839 36790
1306 1411 11476
567 672 5714177
604 1121 626785
1 2884 826057
633 1651 110653
1971 1972 3639580
198 1027 7009
17 87 33268
1314 1679 10464
1900 2698 3089
15 2886 26255
36 2893 3610912
1302 2562 38245
595 2276 414430
1161 1904 934766
906 2633 4756758
2127 2822 2319537
571 1823 675484
1 2877 1113066
2720 2733 3440718
978 1447 7967694
186 744 52151
1405 1757 58194
1195 2769 10777
964 1336 9949
677 2789 57373
126 700 6832
1494 2413 52397
756 1512 5215403
713 2627 69933
1934 2761 4951969
172 2246 286851
719 1590 3780
14 2895 370428
339 901 987924
2313 2712 9689945
1384 1534 618094
241 1504 6744189
38 1565 32710
1108 1663 308291
63 117 3761983
1679 2672 8859
1146 2653 212326
1717 1987 8796
1462 1607 634444
1702 2921 8086
71 2588 6214
1694 2146 107687
34 2908 162515
1849 2866 4056
2169 2568 2441100
797 2866 23128
61 1732 75094
1281 2358 492476
117 771 6421415
18 2889 4263
1135 1195 29792
15 1918 2525
1485 2741 26064
2083 2817 9673
485 1864 2502587
1007 1957 287507
1593 1648 96522
408 2359 5425089
1821 2914 3915265
1813 2550 3521681
647 1240 11575
251 2108 40346
37 608 4201
563 1423 249127
78 526 335250
624 2181 322584
2764 2877 5641
2029 2543 36016
990 1196 4389
824 1817 724350
26 2896 11925
2402 2689 37322
1525 2187 2375997
40 2857 31185
23 2891 41677
611 2918 1934860
2053 2090 3888877
1067 2870 6258072
679 2352 7519
2571 2618 21925
928 2462 1042606
172 2706 1096001
669 2436 7412601
543 1501 2548676
1141 2064 78454
815 2903 240195
609 1145 357572
959 1624 13934
424 2886 97132
1983 2572 5537
1901 2208 511624
15 2892 69487
240 2833 5544
865 911 3081
1212 2278 8884992
1923 2858 6212090
1729 2307 203889
631 1754 112219
815 1003 2942604
133 828 29022
919 2012 77695
575 587 241222
1712 2418 549828
132 689 217672
209 1097 16305
1190 1612 8422
141 1635 25272
580 1301 29984
1525 2811 190560
1367 1979 154865
1351 2569 4508798
252 2533 59047
311 769 2834798
278 2685 6973819
322 559 1646849
243 2069 3405
442 2777 1469178
32 2522 8576537
1351 2523 36537
1762 2173 55980
77 2350 175432
1468 2725 4766808
36 2906 8801444
2357 2856 33032
1568 2073 2613
2432 2607 424329
46 2910 261124
390 2619 2499551
54 119 79114
22 2921 98398
406 2228 37887
506 1673 175835
48 2910 9498
1943 2425 4315107
2325 2763 877255
1018 2464 4877610
11 1317 4366250
713 1972 30545
708 2379 23713
32 1495 4450
238 2122 3850195
1727 2819 324448
10 353 13675
530 1724 5864661
303 1067 7065892
1240 1269 8716029
2125 2185 293252
639 2208 3512392
802 1981 186224
95 2409 156543
1167 2831 70999
968 2778 2491841
708 812 520878
661 1518 9284
293 1698 43055
550 1030 81733
773 2796 171132
1352 2174 2339319
806 2515 7904
50 2881 6976415
2026 2748 5380195
739 832 68976
2157 2380 5996333
1132 1240 322338
683 1531 6194
321 2888 2505776
4 2221 896351
646 2515 561540
1632 2148 560315
1097 2305 5427
671 2839 54842
1787 2213 149466
2565 2656 56585
1128 1573 1104157
1970 2471 984431
1058 2749 4535
226 1895 5085559
1733 2477 10199302
678 742 97491
1832 2862 1050121
2073 2619 6825699
986 1610 5539653
323 1160 10851
15 2880 3018
169 1748 13264
1846 2565 40396
1799 2129 4797434
1687 2715 14613
2201 2440 920826
619 1294 3538
729 2440 3870
707 2695 1440101
1479 1630 2109369
304 1310 7225470
990 2351 37206
19 1592 7990123
1329 1363 4274
505 1482 3346242
571 721 90131
38 2585 9382998
1888 2146 7763
2043 2788 152079
2243 2833 49406
2373 2884 1040930
1147 1564 7028433
7 2902 49886
253 545 299409
40 2891 4907
285 1331 5954
1449 1960 1020173
119 2380 3538
904 1077 1020034
1101 1560 8650
1406 1799 509368
397 816 907721
623 2860 10041565
130 247 7414450
355 1342 4833153
1002 1792 1001277
848 2238 9424817
1318 2522 1011118
187 2091 414416
17 2898 72067
240 2565 4871867
2511 2872 34324
1882 2304 50725
25 1844 5979688
665 2228 566592
1807 1888 5503
1115 2776 2348652
366 2893 3824397
528 2747 155208
1911 2085 232890
176 2681 6933949
1760 2335 9059
498 1494 9264754
21 2909 405577
541 2867 8545
1348 2691 103310
732 2390 875284
82 834 36372
1385 2820 348617
1435 2084 53560
378 1004 78533
1013 1198 8099
46 2902 4646242
652 2125 13653
698 2485 1319425
1320 1892 126213
555 841 2700
39 2898 6259183
2165 2469 13421
169 2694 160575
192 1587 3437628
16 2894 34854
1667 1733 904201
2075 2829 281910
529 553 7921
1205 2661 13427
1824 2364 13277
334 2075 17215
107 1699 4544957
690 2834 845538
661 2755 5542
1022 2624 30441
796 2200 17287
895 2211 457689
1835 2311 7470
1405 1701 1271405
1109 1124 7813
967 1337 35824
48 2465 355074
380 2904 4017
18 2878 15944
1456 2364 4462
71 1849 9281657
42 2345 182087
1102 1488 47105
463 1608 1529417
1404 1547 9201
1091 2096 5727902
1533 1551 6771826
3 2771 1119520
1192 1603 36560
780 1240 3411888
72 2569 3899
500 2727 1105099
47 2891 3878386
912 1504 13687
1430 2089 199830
38 2910 461143
1955 2576 241861
1493 2062 634568
1538 2102 19533
1356 2824 11110
1569 1880 26456
1808 2664 32872
10 389 22310
1861 1980 11608
376 2261 5239
2393 2907 1084126
157 2457 746183
950 2228 70302
996 1079 178814
515 523 27213
937 1763 19220
156 2436 9875
424 1211 224300
1437 1731 274731
1903 2364 567329
749 1961 86939
15 2914 191314
861 2494 1219275
9 2491 2135822
1415 1788 913055
889 2267 2720686
1114 2394 16309
1804 1963 311299
449 2439 1102870
1202 2654 133163
15 2899 11305
459 1386 7073
584 2625 7823238
534 748 9694
2 2895 2813099
1582 2567 3951028
619 801 3943
2268 2755 228033
686 1554 368671
1699 1986 562144
448 2541 16245
1045 2612 3274788
128 1278 2146782
296 2302 33320
380 2381 99984
1211 2394 3325031
1767 2726 7131
798 880 8564224
1904 2302 67217
850 1288 8810849
467 1435 280675
1044 1223 3377
369 476 30632
214 229 249723
796 1489 9177758
1463 2095 6068534
566 791 923528
367 2777 30509
2110 2780 4890
1016 1665 9749303
813 949 783599
2373 2406 306441
250 2091 24915
727 1300 125465
850 2401 218032
206 2654 19820
892 2214 230496
6 2920 17816
331 566 315389
47 2907 153731
950 1121 373604
1085 2862 7207967
1331 1389 1097836
1212 2521 26081
670 1904 8233
1796 2077 21043
440 2091 7178401
1614 2258 625501
1643 2529 1156101
1077 1923 67606
742 2042 68878
496 1470 24683
1240 1347 1733833
1114 1794 76945
12 2901 3295
1093 1550 3414363
46 2918 16197
580 1721 10161050
255 1547 869538
114 1514 56885
254 1323 155852
742 1994 1113948
339 2130 4695742
439 1979 2842
1460 2433 233962
116 1594 2673
545 1747 15377
310 326 18524
130 2259 94006
1698 2113 4701
1085 2335 175265
236 265 69444
2192 2753 7299
1065 2176 9475
553 2275 49367
9 2887 801286
184 2157 12592
222 1857 4934973
172 2388 678787
2094 2845 2278787
1093 2449 13482
1502 1854 7128341
1478 1677 4968305
1022 2552 4204199
1120 2763 202316
2001 2517 8054488
179 1939 2243553
422 2621 1034405
42 2007 935360
1530 2790 9665
734 1360 26400
1180 2702 630344
1916 2768 4853
58 1714 11998
28 2910 32990
1414 2396 16672
1953 2508 2830
692 2119 57809
217 2659 692176
178 1847 118226
2124 2476 12305
2697 2745 27686
23 2896 1062927
1097 2515 226611
283 1912 38969
1142 1449 61985
1797 2351 48626
1467 2177 15089
631 1510 4499026
518 2603 3475553
88 1512 7555406
140 575 4735
38 2891 424667
3 605 14719
1641 2761 141422
24 2924 2581
1928 2109 17840
726 2330 325209
33 2897 9917320
1531 2631 4771065
1761 2563 980911
600 1871 42730
871 2460 2285133
546 903 1028128
526 2905 14887
1455 2094 2828271
14 2878 90654
1492 2026 9717
67 2031 461102
1085 1236 304995
548 1554 16568
2722 2779 1219335
1202 1949 56883
625 1030 312409
144 1796 2960
1174 2629 18829
1624 1676 2546
1177 1260 4767
1583 2735 6029002
3 2879 3062
682 2729 65233
1656 1905 223324
1321 2803 143154
955 1610 55342
1905 2565 3361515
413 1100 35692
1125 2744 2276398
664 1114 828030
924 1047 61372
256 2923 79009
36 2909 9440
1919 2150 43675
496 2819 6466454
715 1589 191670
1249 2377 3654
1773 2693 6406829
1047 2444 3146
1146 1867 185889
990 1410 309592
2305 2758 18738
2231 2324 547505
1360 1791 4707
135 2390 8180473
1374 1563 578091
171 317 2092077
996 2529 72295
2022 2079 13588
743 826 75297
845 2653 15056
4 2880 15296
30 2902 25718
1490 1501 8623285
868 1174 1599145
2422 2807 1689260
472 1031 385434
546 1312 36499
2392 2544 273842
314 1979 557320
1403 2902 11371
614 846 83070
1869 2128 206418
19 2915 68095
1242 2224 432179
816 1873 5214
1767 2195 4682
446 1956 2653801
1619 2315 17280
378 607 55883
1152 1785 3743
977 1547 13369
1166 2882 6453
1344 2560 6859760
24 2884 20434
1896 2456 3757436
251 2201 9048478
15 2897 8487
1340 2315 1060017
1134 2685 75262
151 2510 156943
403 1924 64263
378 422 559784
816 1431 490808
852 952 994241
395 1927 4327417
930 2259 18960
518 933 16237
631 2321 3166804
468 1024 368233
214 1415 2275162
773 924 31653
1634 2436 4469018
1096 1873 68934
237 502 4436
212 2169 6860
42 2885 5117967
2377 2790 49592
1932 2887 7116
1281 2035 29369
399 1058 907723
11 2903 146693
614 1944 6433
958 1844 61328
1700 2180 9254
932 2556 7728
1931 2390 864306
819 2339 656833
2042 2422 567096
278 742 34195
504 540 10220538
262 624 12417
155 2649 33162
1613 2316 4383
964 2362 231873
889 1610 36208
136 965 52353
987 1701 3001040
2174 2673 10961
1236 1309 132005
451 1217 87137
44 2890 63529
275 1846 1762227
436 2872 65260
1 2897 7175
14 2647 8838
1099 2231 30479
237 316 2553
589 2694 51560
1607 2840 5267
373 2809 421276
129 810 1112754
1871 2559 5062478
2144 2595 34452
2287 2751 341026
2251 2328 9008242
488 2580 249734
2051 2477 45305
1784 2865 302925
368 1077 1198512
277 358 6862
598 2658 12529
406 1256 1878898
2044 2229 26747
26 2878 2220500
893 2125 93264
485 1010 2107936
692 1281 1949246
231 2376 580702
219 2316 479445
355 772 3530743
2565 2823 2571
556 2244 9594464
2419 2871 766284
3 2875 3969
44 1862 706545
1246 1953 310714
14 2917 212497
23 2910 1701405
88 821 9173
2607 2679 1184017
8 2880 3078869
495 2780 8802
398 2848 43569
1264 1917 74399
1670 2892 5452
95 891 5890
591 1486 123870
83 139 4721240
2132 2839 2533518
652 2352 835919
172 1328 278613
1057 1821 437876
349 2163 1190412
205 1921 9638044
198 1807 98556
2 2901 22352
1137 2288 457965
1649 2866 6773163
2060 2473 1951570
22 2896 1494234
145 201 37463
34 1885 6780
975 1516 4451
225 1149 1643196
1567 2132 1506703
872 1235 583909
307 366 2840579
1237 2876 7411437
2479 2609 751145
1372 1465 152076
333 1411 4451
1034 1160 3950
1074 1479 112511
1236 2234 14663
798 1596 740912
1246 1730 1430829
2378 2888 62412
5 2902 134267
394 994 76659
1264 1418 13532
1773 2581 418545
1225 1680 44269
1048 2623 14594
25 2875 93512
21 2910 6957615
70 800 90196
619 1987 30924
638 1971 3371
559 2481 30672
378 591 8460640
842 883 8780
1092 2058 497954
16 2899 1697936
1374 2179 956211
7 2625 4847501
165 2471 38463
1276 1367 1058812
221 1478 24467
685 2133 42260
1780 2510 200269
36 2922 1376796
2170 2846 1657019
1156 1951 479584
902 1837 7879
157 2509 2547078
783 1520 19942
551 1910 36125
419 2234 39910
2 636 3782
24 2880 15603
1977 2747 22286
95 224 901252
277 1088 3263924
328 1109 2862006
1996 2301 5654425
2643 2829 552578
247 2534 2277311
1256 2290 678694
2444 2698 4806590
69 1173 278852
686 2838 260578
717 1944 130904
1281 1480 1207750
909 2723 2171983
992 1017 4439
1440 2080 1175409
509 2263 499419
720 1691 597617
947 2829 30039
1492 1521 6689072
1197 1845 8843
304 1961 44586
123 1565 219711
1863 2230 118243
949 2563 3146953
2214 2314 9551273
733 846 684687
208 1122 2325557
649 707 1814337
1177 2244 3086325
32 233 78518
13 2908 8436213
293 506 204483
750 906 6186802
2048 2602 271180
176 2340 302405
1338 2567 35072
1815 2687 191532
966 2196 2486662
773 2392 1526928
33 2921 1994919
376 834 5581
1488 1642 2267801
2117 2677 8103
6 2893 8740391
2350 2839 586896
1362 2768 1158505
724 1306 131225
2039 2064 26784
643 856 77185
663 2431 4358
501 1174 232237
68 1178 2326818
2385 2883 45019
621 1395 80349
931 1479 10168
200 444 27850
94 2363 1418777
759 1774 2998355
1312 1997 4573
903 2267 301415
2306 2810 16069
313 2389 2526
1352 1950 20216
293 1197 7940
1558 2801 143444
11 2908 30049
710 1259 49695
1204 2318 3006
1005 1806 9691171
1082 1200 2182463
15 2025 1016550
555 1906 16616
39 1322 2373932
1646 1764 153714
1189 2014 35717
62 2324 26380
1791 2353 10085
511 2480 9734
1305 2347 1179282
739 834 1180235
593 2655 2733866
1148 1814 2356447
1445 1751 1179996
542 2764 6673
742 1295 10950
2800 2914 318388
325 2748 2840
1975 2920 8844703
468 2787 208660
747 1035 424979
498 2855 2708711
26 2876 60998
899 2345 74510
2058 2857 202921
179 265 2508297
595 1752 3741583
924 1905 936299
2390 2616 6616171
1575 2167 2687
1927 2508 3030
30 2924 56281
1239 1289 7110
49 2885 111711
186 2855 315592
1037 1871 921244
516 2168 135775
63 2063 197879
222 482 11634
248 1022 85353
2227 2292 5644573
2683 2807 263636
1597 1809 1242669
39 2915 8868
1940 2712 361023
34 1151 55062
42 2906 609101
1841 2467 2593679
335 827 1159609
352 890 17898
2345 2682 29262
440 1058 40226
794 2439 29697
1062 1911 1687413
31 2890 2983491
15 2893 16415
15 2881 13591
521 701 1455215
1425 2326 4269
8 2895 6620
936 1487 15005
10 1645 860937
949 2846 1871925
480 2208 23888
1054 2705 19721
179 416 51752
1309 2337 10454
231 976 4025711
2351 2482 630875
1311 1548 1532770
226 2587 474803
847 1923 425752
1275 2426 58375
1514 2357 1614716
1861 2894 10167943
1171 2322 3769
157 1380 8767566
469 2058 45971
550 1211 18434
1609 2766 6633
1540 2866 15506
939 2256 460848
1149 1388 3845051
1212 2922 5794157
2065 2189 37628
361 426 133997
1158 1734 6058
306 1619 24460
1013 2542 3816342
28 2902 345103
209 2472 5310
309 2080 6918040
2139 2720 5726984
293 2756 62343
582 1429 80697
1616 2013 4236
36 2909 39848
160 236 74300
796 2340 1024150
1043 2562 37133
620 2213 2413485
1704 2102 3766752
733 885 7716
9 2014 16393
590 2059 1816499
818 2568 3327092
2557 2647 812699
491 1347 28194
1273 2307 196547
8 2904 4199427
125 919 8188
43 2899 743380
151 2319 1002323
50 2916 9544054
48 2912 8082
1570 2702 3395471
1281 2009 9555
653 995 5397
1198 1881 4572453
1355 2455 13257
989 2105 3735164
541 2019 1201290
907 979 4709
37 2184 36405
1355 2216 2973153
1718 2830 23386
990 1954 10220
327 681 335756
233 2176 31255
1421 2043 98334
392 2205 4473
2335 2387 119060
11 2892 1110124
55 2713 14706
1199 2310 32306
2775 2778 741185
131 2615 1500884
219 1520 4239201
1415 2294 6839497
1780 2507 4366
43 1502 79192
1724 2787 119542
182 661 17606
675 1506 239901
39 2896 1427875
1717 2798 880114
1087 1466 16092
2 155 110950
358 2095 148782
788 2641 3040
2548 2779 27888
2028 2123 7574091
138 1821 9064
1830 2051 29225
140 680 194996
93 1726 1240480
1256 2919 20455
949 1457 17363
1687 1963 4311222
1403 1634 203531
171 494 2909
40 2920 65837
444 2185 7860122
1281 2548 913101
781 1486 1304093
718 1760 976026
1364 2313 121656
184 2130 18825
594 2427 107186
1198 1293 204641
870 1998 1564085
268 2179 73413
1968 2603 11186
642 2579 100692
445 2434 8765210
2122 2694 9436046
1019 1066 4832
356 735 60810
1490 2725 842644
75 2337 583220
1048 2545 3241
46 2914 23498
2444 2836 13840
1447 2797 6049
755 1218 247430
1715 2841 107341
71 2127 2944
1750 2670 7761201
86 1585 37545
286 623 8122330
703 1001 3367042
1745 1846 28019
132 737 72594
38 2917 9911226
363 1867 17419
2120 2337 503634
1004 2682 474581
453 1566 2975
1757 2576 1420251
1203 1511 2418050
437 2156 2704053
2018 2409 675009
733 1600 7234
89 448 202411
26 2905 631705
1120 2452 384906
411 1957 7889320
1113 1310 88419
136 2529 1080700
39 2922 2989316
2291 2333 475294
29 2881 66265
708 1535 570659
1361 2035 10170125
79 1339 224617
1075 2677 1064630
1588 1778 8190679
1239 2189 25378
2288 2718 183767
553 1703 851524
353 1126 2207541
488 2187 3338137
29 2889 33953
118 2354 309846
1247 2583 617067
62 2875 8655311
1064 2820 734810
1320 2847 548459
124 2481 8111757
214 494 156327
1429 1918 4522
282 2528 6310558
965 1327 4998024
251 1753 316546
725 2590 179084
753 862 2889428
280 1722 5146470
1743 2605 23526
197 2600 2496822
2093 2626 2702
1024 1497 5410
84 2261 22183
9 2920 154284
1226 1442 7809
1603 2876 507522
1648 2576 7080
955 1524 600238
26 2909 9832
35 2909 12186
1420 1436 43070
39 2890 2255631
1110 2809 47991
92 432 4881
1685 2691 1506927
2024 2031 947200
1538 1787 142126
39 2879 3283
46 2912 3577
439 1838 11817
515 768 133870
58 1907 254294
730 750 20381
31 2906 27853
358 2352 568652
932 2097 606930
830 2047 446420
1600 1928 239961
42 568 1546175
1488 2293 483290
1208 2859 3580715
7 2881 460251
1311 2438 477606
913 1135 2439442
2486 2672 5133
273 2439 1074616
2660 2868 404534
615 650 637473
1329 2324 712869
467 2703 23645
1059 2859 2695632
1578 1762 68765
2771 2920 96157
500 2511 50225
28 2881 60372
1586 1954 62590
14 1679 9693
401 2550 5117612
319 1446 47305
1523 1868 1534351
465 1298 27742
648 2772 17483
161 2493 1955845
414 2227 58418
320 1058 23712
399 1251 5198
296 2812 4338476
535 854 3189
2109 2829 60628
194 775 8440
1153 1620 346935
486 882 68651
37 168 16654
427 1351 35664
94 325 909730
27 2902 258000
716 2690 286072
332 2793 8039
1510 2406 4780
69 1417 69896
313 1201 8937505
13 162 518207
190 491 124798
1624 2358 1536025
211 896 276162
776 2362 9098114
2181 2331 13804
1357 2075 3007
400 459 9554550
38 2894 199422
1781 2228 1361153
46 2877 6643333
1007 1742 1254436
1029 2544 23784
1720 2514 15068
698 1018 63594
165 1464 8335
582 833 1099119
1540 2134 4473
863 2415 8667
372 2654 10268
36 2904 304570
633 653 2569
435 2329 4060
574 812 65832
480 1991 49272
1964 2168 4715301
1948 1985 155395
340 1729 1975128
942 1447 3019749
1160 2295 35285
22 2896 16959
776 1249 448658
842 2531 4314077
1766 2410 70140
613 1482 9321
1068 1265 152816
506 717 7982508
1002 1927 1117429
2286 2536 1596349
4 2911 387201
262 2661 1683164
1001 2852 423900
918 2427 3950381
1381 2168 4657137
1798 2289 1740803
238 1867 145787
1745 2206 4732532
183 2879 4260497
832 1066 3248
88 379 67511
878 2643 357480
241 774 5898
1586 2670 2547377
14 2875 18401
651 2468 16238
1050 1721 425183
951 1518 4988833
422 2198 1054532
688 1956 7650
702 1329 6880931
804 1128 3228
25 2882 118721
113 1133 253027
2423 2653 4640899
1015 2828 7804
1470 1656 4863
1266 1292 4610710
312 1140 479093
252 612 936547
1391 2878 11174
1288 2922 2885
15 2902 3130760
268 2679 9105307
1046 1879 9019
803 2269 2987
1887 2276 9683173
660 1134 4302
1711 2202 29124
776 932 8486535
875 2598 2788928
845 957 7090844
34 2922 6608394
1234 1518 5915994
13 1771 606735
220 2141 39797
9 2920 3778126
840 1300 103465
39 2876 72583
1438 2059 2465003
861 1912 284419
2287 2642 1408561
1059 1756 26545
469 1604 6231
42 2874 7241470
128 1790 9716
1877 2235 3664698
1970 2191 730590
2128 2363 5089570
43 2883 112940
82 561 42496
76 2467 13435
127 1789 127506
141 385 15852
974 1026 272678
1275 2480 3711133
443 702 3676117
2028 2689 138297
10 2914 417664
64 1609 960368
37 2913 3172294
1071 2851 1090487
404 2130 6302
1385 1987 89524
2210 2644 702779
146 2209 18848
603 2235 9349
49 1932 12459
1416 1682 109249
1118 2643 6022
4 2904 2543954
95 2562 3600
1121 2118 32089
1057 1567 845048
2085 2546 201333
833 2286 3865
2265 2475 1431186
75 1534 77839
112 1128 941693
719 2418 1807567
167 1495 6222800
518 2834 20378
422 1724 573946
2558 2872 6263
256 2086 733272
984 1714 2156784
2457 2849 7961729
1434 2426 6760873
352 1825 7563655
1458 2421 10005
366 1195 3571795
90 422 553520
334 2814 94731
250 1999 476449
1449 1812 473818
565 2454 13070
320 1292 29596
874 1559 8234672
1048 2758 4462901
1381 2582 144709
445 2898 3699187
1225 1902 777370
414 788 106817
2817 2826 201416
1591 2121 53503
2102 2296 19832
329 2077 1671607
115 2377 67772
263 1159 1020254
1317 1587 3650763
834 2195 4230357
40 2923 972608
751 2825 73169
496 2303 464557
1640 1765 6604
539 2343 4015032
389 953 54267
128 1199 6360607
83 1705 238081
411 2818 3897
42 2887 51016
447 2564 4973162
2295 2496 3835
659 2215 45784
168 2048 52327
6 2875 77188
47 2904 31801
366 527 34495
162 1084 4073
729 1221 14244
41 2914 26698
140 2023 1903444
1587 2259 1154060
1980 2136 263853
178 580 5223
449 1577 714847
298 530 30962
443 1806 7256113
1093 1803 52090
110 2863 848658
2241 2301 324755
723 1861 249431
2519 2917 871242
550 1130 7940
285 2660 127896
1775 2103 607355
1257 1302 582605
1175 1645 299499
715 2082 74438
2450 2591 1188262
50 2892 24824
1095 1264 142143
165 1526 4746
71 2137 7889596
713 1239 55812
1738 2149 1528659
26 2876 16570
383 1720 156599
1954 2089 4079
1000 2921 2232708
259 577 4432
532 1041 789528
612 2795 468180
45 594 1945472
2177 2212 6983443
1069 1252 2232815
10 2884 1514642
23 2889 1268986
1723 2404 2165245
168 1342 22200
110 422 4652
1514 2029 3796
1 2877 76364
1218 2763 29913
894 2924 370397
786 2448 5910703
886 2902 263394
2 2148 42317
1492 1663 4667
519 1862 6509
810 2524 6337288
1838 2721 289959
591 2882 4086418
8 2884 30662
1354 2264 32176
7 2768 477991
1778 1926 43967
1694 2359 35449
261 1423 1030915
1083 1940 13030
802 2074 136809
1225 2148 3910864
354 1422 13667
1848 2707 24314
86 1230 5618266
1535 1706 27272
2537 2546 615128
2191 2372 139622
2310 2817 4624631
1450 1543 2667
17 2903 1047820
2306 2742 5585
1535 2873 16638
2357 2793 1828371
1381 1992 41098
43 2884 175374
1490 2304 5270022
513 1060 2316742
1064 2713 890515
1702 1945 1337550
672 2900 8462563
1870 2419 22416
860 1953 3711
1249 2241 9825805
610 1443 2349507
2070 2524 75239
1098 2318 332593
19 2874 3414497
32 971 462356
1216 1559 155986
9 1779 17802
1185 2868 8688
77 997 4630
120 554 941465
2160 2505 1471677
1266 2624 35586
893 1619 9318
1313 2123 5012631
1689 2885 201362
201 1223 2512498
35 2894 32982
270 2864 59968
977 1039 46360
1632 2061 8163
1719 1994 9032
627 1902 9229
5 127 14263
4 2920 12944
1449 2182 171131
1102 2559 946307
994 1322 387077
1626 2801 563879
1809 2151 10060986
649 2593 13059
2460 2540 5403
926 1281 711387
386 2733 22630
1618 2803 1554780
557 1601 4006020
1480 2121 21025
533 2824 4611817
93 2213 23667
224 2834 1650494
15 2920 25627
123 1964 4652374
213 544 2170440
149 2615 2631562
86 2749 90977
284 1661 433727
1011 2516 28993
546 1397 15657
993 1350 5388862
1063 2687 6903063
898 2530 296551
1210 2485 340223
544 1854 3243742
1628 2763 9099196
537 1022 8650154
654 1576 17108
523 1580 120566
934 1394 197481
124 660 32308
1054 1438 30602
813 2202 1507984
994 2646 316522
2038 2495 481097
542 988 42740
1952 2207 3241569
2389 2799 174068
228 1648 6587202
1294 1621 63221
1066 1245 77645
258 515 202852
1026 2316 4509316
1421 1472 33429
519 796 5002819
390 2251 8827
202 2426 3880
582 2390 994141
2131 2786 9482
1350 1897 11170
1680 2649 95430
30 2921 37857
1191 2361 10891
1067 2893 33845
2 1664 9341
2202 2913 3191
1183 1779 5785867
549 837 1476871
1049 2530 286573
1489 2406 98924
818 1839 3892
1141 1591 78538
2683 2874 6061
842 1073 2764303
2416 2647 28437
1268 2391 145250
354 2077 7038
1065 1428 2422721
23 2914 8205
139 1596 71743
947 2009 139297
2096 2537 764831
202 2881 7180
416 881 2315406
1050 2616 1697721
8 2903 2585004
519 2544 42832
1177 2643 262763
119 283 126880
461 2544 280149
1429 2600 39881
1408 2031 34463
2226 2868 6814856
488 1935 117555
1319 1761 849414
1683 2650 3428608
2052 2899 14848
375 1775 1582953
59 899 2040395
1921 2833 1343821
1584 2829 14794
652 1560 1369980
595 1752 121343
930 1808 1881108
1211 1909 3085810
13 2901 243057
342 2171 7101
2 2889 3396881
238 2427 328131
1059 2034 392360
928 2886 10205
1828 2922 18995
623 2497 1723646
518 2562 29505
25 2918 704852
1164 2916 4998306
407 1811 2278689
831 1566 146468
333 636 11078
2243 2427 5841
137 1920 292249
205 434 736102
977 1448 56769
924 1549 423351
48 2899 1187233
930 2412 839944
1069 2903 689918
1034 2431 270270
308 1536 13529
2536 2771 251558
57 177 303493
141 1862 4173309
989 2315 7018
1059 1651 143174
936 2381 531637
192 1053 17559
2345 2676 4104
2268 2416 4494681
1264 1538 571060
2060 2841 40179
789 1267 2707
70 986 569284
36 2907 208130
1426 2278 6829
278 549 4314
1979 2028 15413
2084 2125 3633
634 2670 9469371
295 809 1066572
827 2489 205315
23 2875 126458
1920 2504 13662
38 2908 7650
2157 2531 8997692
420 1749 2592890
529 595 5841
1650 2553 10020178
464 700 3271354
1482 2592 192701
747 1720 5968
2007 2469 57463
533 1006 187699
1259 2672 79375
538 1266 604869
1772 1986 7916087
1998 2040 756701
836 1845 66361
45 1053 8190585
10 2909 10855
2290 2392 511434
2078 2451 11147
454 1203 958475
1643 2249 58079
261 555 2718
536 1127 245487
1643 2034 824135
201 2145 60515
1256 2750 30255
1045 2108 4778004
78 888 3917
1197 1230 151736
1257 1272 310125
267 2118 191368
1947 2297 9188883
1597 2801 133467
1280 1877 285806
821 1548 21678
778 800 5421
15 2876 9906
976 2281 2232062
806 2033 273580
681 1838 4798
27 2884 171715
1336 1955 911381
35 2893 3495625
522 1274 6513049
12 2056 183523
81 1909 15202
2711 2817 5883347
364 1357 140757
511 2544 28541
664 1099 206958
919 2655 7541
2257 2396 6956
766 2689 22246
1582 1635 1535555
1349 1744 152829
302 2751 212791
651 1215 8335505
32 2879 4668845
144 1302 1017532
759 2020 88122
1490 2714 231805
2169 2421 34618
1330 2629 238902
321 2405 6510
1907 2357 7667
556 1605 2112722
474 1541 7896
782 1199 14780
1043 2480 434384
1932 2510 132948
14 800 2451689
786 1564 4409622
297 503 921163
2210 2666 4065926
1306 1452 10766
24 2897 182013
44 2149 5227
2404 2743 2749139
1595 1772 24793
31 2895 2405056
1552 2437 9484
1010 1162 511648
132 1287 15697
223 2431 85479
651 1321 15482
173 735 4366
17 2888 8173301
1181 1192 12179
2078 2162 2453638
254 1748 2437535
482 2169 4554
730 1486 4402
586 2186 106929
2524 2737 37833
105 299 1053429
1919 2106 4767
710 1225 1361210
1159 2836 1229027
29 2917 22111
55 1507 171106
782 942 3204
1301 2018 9446
1098 2755 12238
934 1757 95624
1348 1625 3749378
809 2376 40427
42 2876 39891
708 796 302058
1567 2757 31385
1093 1725 2608
2007 2026 64281
1263 1423 3116
1804 2407 32605
247 2261 3908965
585 1163 6117
238 1227 3030557
167 2493 22964
852 1522 18386
349 1108 566905
26 2895 22511
28 2921 71208
13 2908 2244867
148 1903 3088
501 2096 2452612
2026 2375 3638
750 1498 500186
799 2647 688539
807 2140 2177686
479 2206 285969
455 1818 2050817
2563 2777 1474294
20 2887 25184
1033 1185 4013564
192 1239 1252206
626 847 3583
659 2466 3473
1568 1779 3040
5 2897 29142
1468 1821 2844093
1018 2337 339854
294 1032 299792
359 2011 3298974
89 1546 4017582
91 1260 2771640
160 2815 206952
319 529 2642
878 1400 234436
6 2879 210060
1002 2040 82918
1471 2146 1361015
591 2879 3861690
18 2924 370703
365 2227 515349
36 962 4038238
765 1911 57009
28 2904 1188001
890 1561 13128
60 938 10767
1474 1644 7714
2013 2391 3199952
22 2874 1123465
1068 2608 8003
319 1408 1204926
17 2901 257296
2059 2359 14955
44 2363 5641
100 621 51159
863 1078 1385801
497 1237 68545
82 2107 12003
163 2322 104655
345 527 2827
1622 1877 8579
1769 1987 662723
261 673 13983
1013 2922 313973
941 2133 10234379
679 2757 59733
570 941 36816
183 751 3495
63 172 2229542
96 2887 2311393
570 1653 5185
985 1192 568165
1111 1455 2427349
493 1409 99250
693 1908 294266
1438 2367 2052179
960 1307 3730
872 2404 52858
924 1204 4497544
783 2561 279535
254 680 10654
647 1888 290042
1812 2115 390550
2036 2208 272342
210 245 5781724
726 2124 41328
365 689 1122726
233 2051 17724
1916 2722 43907
1726 2326 2276088
1022 1330 34403
1777 2153 6295
375 1460 1118266
140 2356 571360
1708 2756 4803
1929 2257 513399
806 1354 5441
693 1595 331258
268 301 196670
554 999 2989704
1161 2703 107041
1016 2011 599766
932 2202 437826
1011 2503 150153
3 2884 18198
740 2645 17715
2 2898 272083
1266 1424 20192
10 1015 17176
232 1416 151549
502 2209 3644
454 854 7937
2277 2607 6297
1464 2316 387626
1794 2708 12108
1722 2024 391337
824 1535 9048982
34 384 22389
804 2335 159479
924 1992 7352
831 2476 348955
202 1651 11499
795 2689 8805
676 1679 1614502
2188 2516 7811317
975 2221 8710
4 1758 2281016
2030 2333 131142
700 2044 1002406
1118 2502 5950
1294 2810 16717
31 2884 3413451
650 2311 421621
908 1528 22502
2267 2523 8760
1066 1593 524082
108 785 1851258
308 2463 8841
1551 1593 747941
94 886 2009173
876 2283 4000
207 1279 349438
772 1148 4541125
112 297 9566673
1063 1162 43672
33 2891 22923
19 1929 4259572
1367 1682 3212
78 484 1623861
1016 2549 688654
2004 2798 248026
1765 2005 215296
32 1929 46213
113 1391 218560
583 1722 147655
996 2761 799855
219 606 929651
1278 2165 22988
1906 2082 1629729
337 510 4813869
490 1642 1523586
1649 1735 6068554
77 868 1039340
1860 2630 21528
197 2523 18893
2302 2916 24789
1493 2171 630361
1431 2092 3403
657 2479 26216
368 1242 422223
1068 2161 1032349
1734 2833 387585
1445 2432 411047
53 98 2982
2035 2669 17257
143 1392 6503
1078 1704 209104
645 660 118092
4 2922 4176
280 1663 18190
2215 2877 16955
7 2877 3880
597 803 3988
1510 2253 10591
1377 1736 4764089
1177 2632 375586
35 2920 8964731
1127 1344 307578
1484 2513 2320128
1003 1487 3669
80 768 2594126
1491 2362 6176370
252 1674 3317
194 1317 12452
498 1086 624558
811 1755 22957
334 2339 2069070
97 2341 104751
1930 2840 3058
115 219 113020
352 2431 2377423
979 1215 35023
1145 2407 48453
2697 2910 73562
5 2336 138807
375 2316 8216
2216 2477 2104175
804 1003 139103
1273 2220 2496154
912 1869 1566315
366 1921 53987
680 959 416319
1344 1357 152115
793 2533 71490
103 2508 40608
1640 1973 13174
250 1557 9604282
655 1640 2337148
1033 1275 3338
2694 2895 3369717
41 2889 580193
1086 1092 60627
248 2146 1850408
605 1248 291974
705 1147 265686
1223 1877 4431
1409 1606 300926
264 2605 8907
1912 2761 647672
831 832 1090430
2229 2505 78090
189 1471 2068251
2303 2492 732639
743 1159 3855308
38 2921 4796002
162 340 83519
303 2866 151317
1752 2312 3391375
814 1111 3065194
16 2874 54293
2289 2383 1081944
12 2903 4808912
2186 2700 7444561
2130 2308 2972150
105 2577 45564
13 2903 552604
2227 2843 60276
1768 2373 28153
20 2906 183219
408 1726 494430
1585 1909 612011
552 2118 5110497
183 1992 365240
1269 1967 363922
426 1378 13774
1119 2903 4937034
2404 2760 25828
319 2448 239732
58 478 687593
355 1336 166511
48 2875 2531372
42 2890 86382
1196 1545 287514
211 2416 3297
1356 2693 1866752
1096 1671 9000
408 2132 5095945
1818 1964 1556437
1000 1626 277228
2746 2902 7930111
725 1599 4831
1561 1706 170001
235 2837 9297491
984 2160 394120
26 2913 77458
49 2900 3242879
1945 2449 96339
1984 2557 1083901
239 2432 4200678
22 886 2241511
1391 2510 3704
1968 2478 8359333
477 1973 100253
87 808 241783
2054 2909 4241918
765 2470 14460
2418 2569 113259
624 2875 35867
22 2897 7982120
1279 1740 1991865
574 1251 18803
23 2891 5767
21 2918 30575
190 2181 1390958
206 988 405662
922 2141 26397
4 2898 2742
97 1600 132360
