532804397196
191107847494
96687740649
-1
12373612653069
4261444311411
237750674859
-1
-1
-1
-1
238722584089
148457317750
330541281252
-1
1206981756172
3456407589884
420250998357
61345423881
105979091942
159769741594
132414606655
515028093539
4539549703269
394659644987
1114661533145
-1
1306986881207
640125503502
-1
519772903340
-1
-1
-1
220771235582
10053729781416
670213267474
181810537807
-1
-1
1049996529537
-1
90364006072
295946399787
370864007649
3707140713242
-1
7933318655421
3389442428792
-1
1258882697572
173052845096
2534662594351
5302998017
1582396312540
-1
276590158970
-1
549594573170
944445446924
10995525907517
2021307256906
359127219269
638952028339
-1
10064532752672
177530660668
363327769774
674601134106
232863057655
4220805227090
646743929504
77579807842
201437438782
1100546422642
4209605706449
981528671638
1167314643857
316484482677
-1
925917048756
364864434992
-1
440339338738
-1
169796585801
2447026162979
57785453857
-1
870259858414
979562683407
40980600690
250330054266
10323446842746
658425243590
35225267583
-1
179868481402
794294640562
9030174544735
136173079686
174268306342
37191625320
308572736425
-1
-1
-1
1716085499251
5636842707321
229699935400
182458704453
-1
923869400725
318945045466
2760612837321
1750090984999
833726278523
8958852805098
646827864069
173837984383
2120365357454
-1
1716147573077
-1
-1
1299562115389
965903180112
147037021556
-1
-1
-1
508944572133
858648902029
3051688835730
10848398504669
2269038180093
845336453763
-1
617649803006
-1
-1
2201418616788
741874960159
2207015673454
49639500510
-1
276250770258
-1
1841220760572
-1
609656990173
1579986309197
-1
1609153060751
932655855725
510249907865
317232045331
9444914947649
-1
1070616123687
6834287978223
2066289882482
187708159848
69379027116
-1
2775157212222
446764712600
13975455623838
1983524219637
98566718576
58588346055
421724721243
-1
-1
172373420340
2578177990128
463170176506
46985349885
225717788878
2494786417948
1197892708653
147020992338
73559819604
860924547890
266241871851
228924285754
420847299732
-1
14211100507699
-1
217812975643
274183105248
-1
-1
146782992691
143837211002
361374683285
322752521254
-1
244691264467
625156337101
2999079368185
190768268326
1456851067658
-1
359246326979
8210737245748
3593078271429
1914704677858
156334838838
29742987018
1613391181837
-1
551432791859
458499942614
442232243981
-1
213666038302
677923107147
-1
-1
79380482847
806401847328
3771003156475
3111683843798
-1
2093049839146
-1
1077584061799
93821351606
4035398902124
111685373256
934032800860
680856267953
33840059343
235706989669
194412149885
979998634510
590289023
1177952680957
4288169325009
1245646159290
193784902205
687814641024
-1
185837388831
5230882556614
463396530156
196912228323
94849703664
798085288593
332561632767
246178100426
-1
59020724309
26364529997
625736131262
-1
149261678882
155355477859
-1
-1
-1
912783063565
-1
5039571780636
-1
-1
6824680909267
-1
976603477506
-1
210345914316
243140411239
286682494308
1567560682059
-1
3215554785029
2590420850670
1000493371258
309300706776
5208592191744
143775383691
234470836581
647715690424
-1
149505815189
-1
307018745272
120903820863
9395468340879
274814808831
140727413626
-1
1706147782310
3442611063325
300674598223
99379602602
-1
36694240317
-1
1592396728449
526430519970
256166174534
254569166744
292257098620
4474121255884
730532754495
1832516072415
1679075939444
258817141472
4911503400550
767385508094
82272736296
143518702962
97535497812
-1
-1
59629570598
4504776799937
342852675772
241930238746
524213118761
316764666120
80347355414
349885254659
1392785378661
367177820926
487067533340
49361631328
-1
708548153871
793828258570
417845469807
-1
1100466438113
-1
520800051349
100607605833
4042168365662
-1
-1
331187992067
73844455047
-1
-1
3315177613992
175013400413
-1
2758539194843
329524711092
-1
2653930345556
2817607627438
8039528019797
4637111089215
90593880807
588188577907
5135714845843
-1
1506141978746
-1
1629872090244
7325911700535
-1
-1
-1
2235270074039
234632366929
1082780459311
813388791157
-1
403204243844
869886126201
-1
145007207037
783308603288
225693864333
344443462126
133779199640
-1
-1
-1
637194419731
-1
272291505003
-1
538336932797
1789685681499
1190290602696
-1
-1
-1
232535066268
226310788810
954683718886
-1
424817409641
-1
137482386555
354678096854
63912830202
-1
198409827444
-1
689207436988
-1
-1
420045900057
147998008110
-1
-1
-1
66088677590
80591280711
-1
4166233634818
-1
-1
-1
271558243899
-1
332821187960
-1
2703904676786
20674443726
233190431074
882185451649
3068147055194
252179768967
1714042507869
3060785200737
2495828958332
2395281471611
7415568035398
1715841690043
272762036287
2077394892547
-1
3894929734835
5806181559543
-1
120296102523
987598848553
599624921716
1069882464939
4487787493885
1207023512936
-1
159409612717
-1
-1
473966044632
3520387604728
-1
-1
249247173092
601058544558
735165576517
309168469892
2943843722675
1175174043054
2306755045476
605658393590
831017594594
3324216223234
323579633458
-1
168073352041
-1
195700550478
229000932287
175078772118
2323781910656
155221891683
794863710085
-1
2201358509893
451544544243
8754769317356
635177245028
504507492299
-1
276227196747
1755550016850
6846000540443
8877157704147
-1
-1
488892032776
342354128006
8533414968696
2680866114375
-1
65632367860
-1
16779065068143
2523278127247
1771355466865
456689202374
-1
217881868828
91910593332
-1
-1
282207003685
47890017596
72091467154
-1
-1
5130800089047
213013703983
103994484317
-1
-1
1847863077517
-1
107676192027
-1
762510327097
218044543380
-1
-1
1569282018622
-1
136197437276
203043080157
90000831588
290995650837
363510901242
-1
430967933805
-1
394801547701
9915840423577
395385655920
-1
-1
53115293315
1924115577293
1496514222342
2302279592931
5277666639882
529162283697
116882207819
1282281207905
-1
3248652108849
2394877129659
599968784342
-1
637832040661
722068861194
590907135450
-1
-1
-1
-1
432840323748
-1
386497651758
-1
-1
366383220857
218813124205
299042608791
167057041696
224078892155
-1
-1
561111864215
1947425732282
9987788000210
52813468234
238640176489
230365287255
-1
1360297155090
-1
3395971747623
101706171503
-1
957972139819
12247160209
1908334702286
-1
287770521091
-1
162571435504
119227866137
156354588248
155995262573
60922020289
-1
-1
134334403063
2300537801716
1484209061055
192053924963
262438443697
7037855251525
89991518357
114974479914
712268473177
2801841404551
3507147132880
126718750271
1715621975105
-1
-1
998826327794
437678808971
456515528439
-1
235232535543
82178082273
11171194978587
1582561885813
-1
-1
9101618526048
-1
-1
-1
1383751048437
612936408319
205254070752
1867650374348
157455013535
174236133950
432022707696
160796316879
1136530900754
406881579001
675018497901
363088159496
129676801686
4978383256811
189646061366
10363236242612
351257649552
-1
292482556315
5921387053977
3733176756119
2360325997802
219257355280
2941048439676
-1
-1
915739709397
133712993999
9905029091397
47447820884
11989650697129
1573121279935
330812989537
122050658032
19270997196
-1
113218085207
213845414566
815937304846
2814030553066
537187715236
211393565383
122461114274
-1
-1
238840942374
243696718036
150655182591
-1
3348205753245
-1
-1
7525210143769
-1
3145971940383
-1
669664488259
2536759412567
79115303846
5069924621698
288221172952
305220025085
113955179878
519022182854
306708996636
4069165438
-1
440183201999
-1
-1
53719149472
-1
16205643578327
368187594820
1600003926654
208042901485
-1
2285460036323
-1
422851085885
1142667007065
-1
32025754896
101972448338
-1
1585008586579
1891216343834
4884949357970
1731310137615
289605801077
1538057377459
2060735281114
-1
-1
3524891203050
7500344808151
-1
1993906274036
89319074231
4359812414906
-1
-1
-1
126438484440
2146022288140
32664630383
-1
-1
3774787875086
154819531284
-1
-1
-1
-1
-1
718802273043
5793045424767
118737474141
1599032081388
205246197448
716919420224
5705436433821
2630585529861
1099472238839
-1
9016873312327
177999653993
-1
5441223375543
-1
-1
67789142569
-1
50202343208
39738116146
119888174444
978168664097
3403158216209
527542228896
-1
-1
-1
192587807343
-1
-1
549901216447
8869608268437
33391327329
9251818421672
-1
4742954991914
-1
7400246673261
609831888119
757395214035
-1
-1
-1
-1
284202089160
64982440269
1502725962443
-1
117145233952
255326233807
-1
-1
394079998321
611668604520
-1
-1
73442742086
123653409718
61302610856
191094767186
468135886189
1840053193890
159728724485
970280082649
323714675770
3667746781951
11114977959
6167768892396
270534753923
28557533684
137444769611
979370428081
1551845637995
231639105329
238900500176
5637794641200
-1
304861303256
589526457101
121023487146
228375365537
1300027076793
5053543400578
168326262292
2405240514140
-1
2378881790766
347883138856
-1
-1
2166241678432
148178253826
284024296456
-1
235141342748
3839750707677
238210446680
-1
-1
-1
7034666194879
-1
-1
2067412059470
2570665281484
-1
186566148280
-1
286638881475
6212029145026
1508062014953
-1
-1
13782469315
483130934493
216071126336
-1
119421186038
10265272140
526663638301
-1
2966888083452
794207632585
696268490309
143365074515
320864218855
283872617639
-1
17255560473006
10591930658277
182763920644
-1
-1
301637973354
153016377636
5669639087686
37483065830
71200880750
1789289559980
494779111079
5958592784209
408105819685
260662664838
12538315213291
171822154531
189692469379
3489933556781
876888369916
2050561773991
395847141515
4273108021241
-1
-1
123930643210
621131453286
203964638981
-1
20575708158
145213262732
-1
254423034061
-1
205414267791
123026323249
-1
106568487162
759660006125
525895809432
136945525459
223636878592
302030026090
1759739604404
11611850868241
637138465224
1180261795866
-1
361956995230
86839265343
-1
48435856308
-1
3323787603859
758201158091
-1
1205500201181
-1
1082983225393
123524683294
258899402249
-1
-1
250952488270
-1
265937940375
158076669839
4561436070728
2084845798781
3388019865147
105971596524
-1
289071235294
-1
4601943746684
-1
29438085850
-1
564418730008
1000188731870
86224973440
365028696221
7418443511685
90379352396
3196251383745
9994657604329
57993708010
285636734059
-1
356444744379
468971432348
16451711958
165004647854
-1
51207032208
-1
9284074438614
1378220644951
6464299528344
5917454047733
-1
250746053672
-1
645015117246
-1
288251816296
-1
78209746639
203889307470
-1
-1
559268428977
176911241627
142917241520
-1
-1
-1
-1
-1
134318377045
351883114926
229104113244
1306482463411
127778484407
5090672267332
300363043061
881487561829
171046679844
-1
80243423470
3127418308706
297567233128
434497216305
100912515578
359530710856
168421991945
-1
-1
-1
3217167699965
8933850864440
1399518782281
-1
861885339978
-1
-1
395069548021
1902250981522
-1
868575004760
-1
147062190728
-1
1122209974341
166370859471
83680232382
-1
150986852782
394147515394
-1
301852168416
4574331894293
446578186297
104781814013
122532140224
772950183843
74468750136
7760206663496
74428663177
214248928321
-1
166478294525
-1
-1
249352860010
112525429215
-1
39487951422
-1
55680214197
1119656767988
6874365947041
528519877677
11746344887650
300048730030
1774839205919
2106640213514
1123773434545
26209715826
-1
-1
-1
-1
209001035896
73892583600
697033736097
251606762296
796728482695
290757414348
322375105282
4511135547138
106763957575
894412798658
-1
401034385050
-1
2555941927908
122468910964
11077952414681
169122548693
422535785477
3279481285342
-1
-1
-1
139401141698
-1
1659273496735
313614027220
203957617372
-1
3418439884650
1825555117559
-1
-1
305338336685
265376066968
136127007693
2632068956298
1432673050341
449182541600
-1
5487135186224
125301207933
265837156327
121728942317
153238825668
1962977303591
148405532898
751701426107
-1
1214847394239
4107835638968
3211399111111
553333939756
-1
194595766414
399304509392
-1
703068849772
272298317107
168060041884
763909668969
234887300524
-1
4943091534273
3733493953728
1706845844863
173854426566
1924352301575
1021483338384
-1
9975441084447
-1
4011044441296
4569313363310
620907422740
471826132580
1595212715985
143596340259
-1
240101240189
119179533816
-1
1326978439862
51752288872
250794576220
73391014903
-1
898382251787
-1
569287046657
-1
1179057510007
-1
326241955129
61613011751
335295007900
124048799233
590748258008
-1
-1
1154149581217
146631884602
152648561555
-1
254706852759
83385682643
203502632317
364279957368
95584673897
413689314015
-1
350806598311
3048876429039
104990401381
251143670889
47590553854
-1
-1
1506292047573
97441068110
8965678031086
21547347460
56427327557
-1
312920300609
154656228006
340803841929
173529277605
274461835195
247195953407
10045177301136
293707112753
64001127873
48783480925
1729632187679
-1
-1
35553511060
141324490379
80711087316
49134366125
-1
-1
14824394527401
2665344634763
-1
94831568328
119804085823
123237077817
-1
-1
109541994785
250631086590
1202057918536
744037370692
-1
1788982623133
728296460965
-1
662984073302
-1
-1
1055806191760
3040522514487
252256852155
422417461948
1335840915177
-1
240943671503
481766181725
171060060456
2664915081582
370004609099
2154330565275
109532621669
-1
251869887824
-1
200083712295
-1
19920811781
2759821097444
153955408155
1304414664868
-1
-1
1008476905247
527175984436
2178133786167
395661967593
168856499697
135845054403
1811534016360
-1
11624071948948
-1
854020613778
59002022749
101494555588
578552090971
-1
-1
456151803303
134746434508
7848286377112
-1
482059690999
-1
25169586822
-1
359549576968
-1
-1
-1
-1
34182609298
349126356505
-1
3780095257605
3413971783787
1305510170563
2079376289644
-1
47173670278
149104090635
368557886331
-1
-1
77723975804
8211546891499
11784688677771
-1
368964973223
2771532862033
182530472037
6724030207121
429493594908
1420309681640
-1
4526266918932
2861123730695
209418967608
173434223293
4554528021436
2888057937877
1301685230822
683589470476
563954896205
393361993155
143630688427
650301356379
4214417349938
325395507461
163840339092
507391273806
790511422359
189495180942
177482228029
77422977401
-1
-1
-1
-1
811698660106
-1
158117193710
331039888222
-1
-1
1091599311996
87292066229
4164013500445
1962672797456
831377384591
184118453299
2245572574221
233582869237
-1
-1
145052789800
822540645706
2662583487268
6303345166691
295149853805
3773228785930
1706022094883
162680919855
2809403624224
232017753497
223603993000
1002139405985
-1
1130014018213
-1
-1
520057796766
-1
222433384702
5043486166852
3109689480802
1020465516927
8299111532697
-1
141590761296
298007200674
1291057938053
765962452855
2238912672219
93241895058
6022784712785
235080713997
7414749147543
-1
349852619118
5198440741749
99247679349
-1
3818924749635
2382577412145
376569854550
-1
-1
214672969255
4435254258258
133471447201
363722993090
207301387991
259018448957
-1
-1
1511711112617
90756341073
279106594955
3449603033992
1409188460543
-1
306123321971
-1
485231085906
1352661351530
1206654455746
359794779846
2567271184952
128830572635
381034401220
48617366848
71393090317
17919891
998234473589
-1
87364587521
-1
473180288508
72936557804
59665621588
71915676109
-1
392005797919
-1
-1
172356015040
3226018425531
3827791692875
-1
276302983541
386720734064
111724470018
367810293688
3145012988803
333991933900
430338467630
120332854136
2433853703130
7633926848652
142587219781
1861276975965
638717144410
273024424299
1493113831336
-1
230688101825
7767148279007
2314850219627
766616175380
1038123358740
221141179799
125609559166
1994003546703
255431978925
235969276148
-1
-1
102872329986
-1
89485586513
84394858367
-1
2004132678877
181133331577
8362889541690
604955194470
218076264373
6220298366127
-1
1233986970487
-1
-1
857914001937
272265306831
-1
-1
179243027908
-1
127269566888
2253656745147
377018411851
-1
418083610284
59672108780
-1
-1
17039834389
-1
356898189359
7675599492889
-1
1131336180400
344421639967
226394349824
-1
3505824857894
-1
-1
-1
57317878074
153839697858
199551247062
6060830423076
87322606698
1445427664773
515105973876
21443832911
-1
555927931589
6690432288653
1465272160043
-1
172173697862
270091895272
1364615739494
1059854646996
-1
615186258707
98571200247
-1
1247438794873
-1
34056947905
-1
792126598634
8882979795372
860664361483
368148718164
483127941595
192771885755
1007839747033
17033453519824
181225754575
1377410489873
2064985607801
701757935022
-1
-1
222323953175
-1
-1
115931891228
-1
32375735134
31978406077
527050462394
-1
951254337636
-1
264448655624
-1
139879469259
1096687931802
495981647431
-1
-1
-1
-1
280847453393
-1
3758440266819
3290803263662
184478348304
284148868705
449588588076
-1
-1
6844541436658
-1
181212173280
1351382739370
581476935591
254356104321
2095870590206
-1
1663245377853
103633813554
109692617180
130332015348
-1
363630436470
789549948632
1746363606453
-1
57856308772
-1
-1
-1
849879096945
493088432838
111484973180
1588181199625
3720518996575
89144596711
368522596016
978680115256
609482693431
-1
1024242101476
496455213150
569119863653
363091439020
-1
351975056121
1157751301871
936330738837
-1
5298009819435
116323277923
941198991100
-1
7317683303
118642133839
124598291379
1136224557308
206398834423
1681356083344
355841318540
-1
263078282943
-1
912061766807
194388348056
183005729314
-1
-1
-1
59062500861
2986226977682
6160779709662
-1
-1
123442346625
7162696936479
-1
97539452937
3074119801744
-1
100495240457
3458570482160
369227982500
269585185407
146310798263
1449338753410
1080547901692
-1
255968308482
765870523678
953289809746
2018069787598
159443995295
-1
3225569577934
-1
175908044937
-1
321557752361
355668315782
929821144685
-1
3045926720115
-1
-1
-1
568259950926
3520165318629
202350805404
540421057348
133869335204
-1
-1
243566474617
416964000945
-1
184733321742
137759889895
34662464442
102456263725
6362317216850
180086153087
726826589400
2041763010948
-1
-1
1133322316669
1184406886573
1108868882985
2084749075311
154619393859
85790481494
130347865875
2640245654692
290691867015
2242154253682
306301745458
-1
-1
6917350608063
274196848323
335949197137
-1
-1
-1
8312148281698
204136547997
3044504251098
46081000615
225674749831
-1
748060742656
202056999914
12390639065129
27295135680
-1
220028278853
-1
-1
-1
234146103903
133898286665
329776617740
182193818624
628235479005
3584275384460
434966702834
277798690843
-1
114505993440
-1
160567496522
338363798606
4582954061694
221506242041
-1
-1
-1
-1
140655875079
240006751444
-1
2979464360972
-1
-1
-1
-1
30171217069
1597118513914
225914667537
2115688315955
-1
181871973221
-1
322843688569
695930705814
8870002928189
3276812866492
231166298384
272213018586
-1
881497694713
209557549108
-1
351710170704
6948043884670
180371904478
101149895852
93740784917
680322723286
825716420541
-1
-1
2082804551093
1517208475068
3091496710140
88618008368
108655348894
-1
503348430732
-1
439719747213
196602243667
177297429677
178678392388
5188439665295
163072907448
14121033680579
142859084317
-1
-1
7207327809666
1211814265473
159593962176
128815842800
187212717190
7757923450650
1062617770525
4542341719877
8558303821769
146474467374
154753763287
777458504814
543082782451
81932064318
-1
-1
344716572498
1358184349332
8547332930012
249885200463
-1
547198790495
895889767947
7724562593035
-1
155613978856
811944580545
1745987754224
-1
184999372067
7532726421774
-1
-1
133107486573
8397878629667
-1
7674140452279
817868676741
256559175886
-1
1476270327642
1372604165379
624811700989
183505858487
3932501045007
1439523938317
151197316074
4282014624196
-1
509131878981
541156176509
200715776947
-1
9101648979097
5836981943501
126603788451
122241579693
234312722243
287672504788
-1
1337469650244
221328895996
389885033877
307598413139
716988862815
-1
-1
923502560689
562335082376
354616672655
1421089850708
861956526006
208990811052
247170701021
294810880143
10761845443284
696620144089
1035471185812
3587828680342
696379151010
-1
41852890808
152348030703
82552734257
-1
-1
714629920584
176079176911
424210187203
201240313298
172617533243
129195812348
189857458402
350828120364
293282252343
-1
-1
675805439944
5273330723337
10029488247607
5697133091436
1112390826044
186548023007
236970036567
139664950558
-1
1948355739610
629668056378
143287090987
-1
-1
4399997531479
528196561434
11334733982886
2713168162842
363184496169
752567413970
3994629991197
-1
1338112602606
-1
1831872731322
1068878528372
6776345947142
601584430010
66932202828
5389660354127
126107459515
-1
-1
8747943352366
1005107252915
217037340146
277562137154
184475023048
622344947211
171592139296
186701043289
-1
-1
-1
-1
-1
653449813785
6793075726667
160662483542
1444694480222
202181694292
226996224443
67974372426
1283982533242
216844898171
-1
-1
11574948525397
-1
-1
181162266713
125125814849
782698488555
-1
525780081055
-1
289618543495
1216935760749
534407909312
208089695943
-1
2946936441282
-1
-1
388980847932
337982974669
193288472059
91525870181
-1
5175605050717
-1
1287620930201
4001030691685
-1
59066759782
-1
-1
325005037584
3402546133992
-1
3507792464992
-1
-1
330248791343
854099110388
-1
99263101183
-1
-1
47504960137
3836110850947
800177319375
32902873994
3407207989321
-1
364148784454
218930730596
138057024543
1063752443525
151946894616
227019606184
299897833743
752216223878
483940578076
1138104241538
-1
-1
705091219378
181275059460
697957511235
173331834852
-1
-1
1317177307710
73024182449
158241409396
-1
-1
2203864873659
-1
192747374600
231938897816
244124206490
586771189184
1087128261694
134100084439
548953206123
77493633403
12863705938329
68641039913
204140769011
-1
1569195452159
237822817865
-1
-1
1896477106419
243329514087
287507150977
230036242469
503053439718
2333855082641
85572211181
418139837123
4133661661561
91110826659
1428003394903
-1
62749955903
390795002594
47775981351
96061647877
228728921318
87522117783
235972263174
187908611182
57677008482
11845900164414
1513727963659
75135858738
205898977430
-1
372453419990
186189460232
103345301891
-1
1936754214836
184621984327
-1
367802418670
1571440566381
-1
58036597447
36137492807
141123010526
148169746750
-1
113414611111
875826547984
7924736079761
509023106002
253394118051
201880928605
1052254740651
-1
859448685368
181918891106
-1
-1
5664723612559
137624396953
3113743920562
614026506004
-1
2693368448768
271117180249
6429127236770
5420124511843
-1
41632676989
2213971912098
5440885449861
1434115527832
-1
94145225110
15963224601
2042773385491
2357439356546
651113952270
3554536597535
371133157495
6224675917788
-1
137818486992
9233713656085
48479411145
308173330691
580073315609
126497724210
677940475183
5004195627340
124897810194
161346502925
6958374729803
1561306486731
631669631088
1958601580818
185377454600
-1
32312964127
260852018699
5655811035516
641342747838
2199794750670
637093124184
-1
9430370452669
-1
-1
-1
78288600617
133330728065
18990265317
5590049285174
6626564450858
280764308869
-1
593392928046
-1
2452450529959
29406469548
5753571641935
175729437826
-1
945866348850
10325039480909
-1
508369429005
560424610485
4401847195490
1627432014768
110297822768
838692163585
9790617670257
529545695495
-1
7535853311388
42023254272
335910976713
73118648305
-1
743407607250
13227245204093
102130728087
3979949394168
-1
97443222452
39098131474
903566655255
6102908745667
1548425876616
175954776884
-1
3078208932125
112779458234
2747705425052
5727756483976
457702673626
152252708381
4012017963191
1592836358797
51658824388
96554731418
502888842427
78380244600
987311947520
1937279383744
-1
152956543303
1618741796082
662476189105
3819856838664
4949675240068
594251567792
1786020545823
-1
74225218842
1750112604308
-1
-1
278446797346
1750337882779
335392880923
175479919749
-1
248405311441
229004107997
114353015732
52668980395
9698436964831
2129818893282
59639828983
109226611806
513670448479
-1
40878733852
254608165516
733841609151
-1
-1
-1
460643067619
233466745148
927377447485
209924935352
3146851704226
8301088795326
476921228569
381900347184
133785237523
-1
3896798371420
-1
-1
-1
1291364642114
190994915805
-1
-1
330645804331
-1
-1
700815282230
1448396301220
400366773427
2132378994799
-1
2459996
-1
1462744765599
-1
302602936958
-1
210174996846
-1
207908152192
1546838524639
2027537236996
137641467419
-1
241776738106
-1
2301852547002
218862281983
-1
345108384867
291344452723
1662623437195
44233419388
186208499562
892407836392
125781875463
-1
1144289647123
-1
155375200663
6056978497087
-1
-1
196030273497
199440913256
-1
-1
219031248587
5064488129078
355650567422
740131314683
-1
-1
314318375141
951996300036
-1
2969401627520
101523448400
540614860602
183174796009
-1
114407006400
2268127821853
-1
61344622642
-1
-1
126286764222
2316569614331
-1
992792830515
96895462568
1114547926253
293485340716
-1
7058466153175
175134899141
-1
96677971797
238507203951
-1
252917417877
106310989811
512074425046
-1
551938076638
-1
456244153659
395934253907
93198396200
-1
759351221890
-1
788976881671
-1
13444361387
3896605779482
169045911239
3148652851842
88728836640
-1
1085027739141
1990884758881
1637623376303
1579664046248
90495032882
457927362807
-1
1423054859250
12051687440785
80590779757
638851660358
1458674847949
216514002627
761300254986
2184908493042
381478606061
-1
92915358189
2788660739589
-1
-1
145458525258
1246412644072
120302469938
-1
-1
-1
-1
3114018981602
-1
668484679027
616069705758
-1
269125358457
-1
55072061381
1225504589157
534744882529
3284531914888
280542326180
143411922694
1016821688213
103694458957
-1
9426216508815
-1
-1
309084693758
-1
1570677711765
1556597681559
-1
734905789533
163743313118
3111620063259
185347837866
267670653944
47355035964
299870091542
169097786210
297227470686
242653533352
147368784211
815535897638
-1
83367258330
40328794222
734672001866
740098361841
107917940332
1090330727285
-1
759950575636
498427200309
-1
133200183148
-1
342863851068
2624656389350
443721886165
945997385381
1129197671126
-1
874975291132
47890620441
172241439501
411261883315
-1
670806453793
-1
-1
789578284722
620456155987
83955190722
496888759279
172672890470
147138087132
250814248863
-1
3552755761401
260951767584
-1
225901139340
16003591212
4267006635597
356082724753
239750864916
179180813470
-1
-1
557777087227
-1
-1
203482626715
300300215242
1977555058999
200317489075
79782867834
-1
-1
4386483205414
-1
-1
-1
817791411584
267352892161
-1
369624772742
234766496581
450451512356
284898113146
-1
150416522154
2094432850775
139914060355
-1
265915494608
404006286923
1304866081363
2412739335054
912232129739
174538773571
796787772462
-1
-1
31075863384
1117310125945
-1
194883827366
55727896404
91699381164
9718361601451
170958841019
6285202783761
-1
288301044625
5486092253620
12575948569823
257380889994
132490376602
209230208775
1898005641583
4706875052670
95533830000
2763423268020
222521357573
666893878700
408343983296
233737857279
798107842428
-1
71355834243
-1
-1
-1
1413660414749
332519848245
-1
-1
214922839179
1710738616479
58355159335
-1
1229316979927
80711950832
-1
-1
1111204671103
498619434948
5869502324481
427379042350
-1
-1
235213354174
631665631024
660404350902
966674544864
407156965821
4164185229547
208417397795
1649184663047
-1
-1
-1
123024531868
-1
739716226002
-1
4926876880137
-1
123398187680
78496104168
260986768337
8573012021924
-1
-1
694440097253
-1
1077206953011
-1
-1
-1
831764391394
393202032233
-1
1971105603259
814138164006
775107532523
24117355296
-1
2463728916395
366195443784
2630693264657
-1
220049397756
2041744282072
2932075733737
1997555605499
532693670890
450372158481
2164617151939
919631444722
352001971786
814642127121
409179169238
102428930195
-1
298381336371
152102340902
-1
5244430114584
-1
-1
299660460176
-1
6713753121235
5058352120363
-1
265470749824
-1
302698867595
86170053830
149583831076
6473315754095
-1
516953505794
99004494293
1244763976248
-1
88068121927
423151240519
298367416136
8839941472925
-1
3457294611667
61751804542
53631048480
633772404173
43013872855
141318637871
5970821493626
-1
1554633907941
200116076504
1589455519129
5228584064361
135305233511
14930589741396
1421883407921
35387461662
5624656948
1015477987773
269947264223
12226174643798
222900446775
1087109433817
432228036310
127350071000
-1
349436648918
31065221659
473183657737
84937337206
230305686506
-1
331066296895
1073647618706
134649769302
76297632976
-1
477032382286
73059918065
-1
47754047287
3483015536428
395579899459
36459096979
-1
478336811597
3397923919807
95467081464
294701046110
636610488707
213998117562
828390243068
1088250866608
-1
322855776026
9491729710454
1662445979024
844229647518
253348214167
-1
-1
2417347984709
256164788719
-1
284542410280
453416336501
4346246772845
96293520868
2106540796914
-1
613429592377
3544481355496
665796097049
804340679105
348334327217
1567801437770
-1
-1
338760940733
-1
183105406001
220773607794
-1
7390650501213
86246667867
20651271441224
138816442714
56673675695
3010169403388
255756142152
748154390219
14767078347460
-1
280254116973
-1
239878054664
-1
1905255419163
-1
313805489620
136044707611
-1
970360589025
120341464941
193810261211
-1
2010531978045
1754840650750
-1
10878511629556
873865278462
97620406982
99710596780
137984876543
10354455944803
1547275925580
3852513805801
-1
3451619902832
79234029368
129184076985
-1
355415095109
294743494209
1761192236843
1198770241096
-1
184565469769
66005272466
563812954000
4608041288054
274087172414
-1
163225772399
1909971668037
2019555858344
228189727577
155186863176
203034812470
275594149138
244586926887
-1
-1
188865553043
703919011862
174709015703
1216790925813
216524803391
12955764877215
-1
-1
103799450968
475210950050
-1
145301532222
123787219952
360340774394
-1
3838484391994
-1
6771793000
3537928203658
-1
878719203246
-1
907363554720
171123046356
-1
-1
115323144582
66302834299
-1
132966079272
-1
-1
489489286162
9180652690020
627496313526
-1
184986876105
209930047931
382003576977
-1
367892604994
356854587579
5111800381280
191241355483
1601938062143
2615290729561
457301597874
232317142272
296049346978
739464140816
1107339581821
6325235085558
396209155929
3403156024195
1553077340812
115606337784
-1
-1
42115099520
818765784321
-1
200209550234
252101680492
-1
14857410634377
88225560884
1666455019727
226108988666
66336132650
1760004894551
2696966747101
108867909039
475317719531
339279612315
208497749572
186766352783
-1
229196393656
1898912769982
-1
1351670408472
371825122948
-1
-1
303632415162
8487131845933
197769228907
-1
106483892752
265544866841
4181956564464
-1
639715645399
-1
1777353800280
100381898504
309032790720
143550188973
803671417630
1910570099557
1209688338045
130459596313
-1
-1
193510973552
-1
198535352662
183781183824
3228168887654
86916669760
-1
-1
343727241288
1913490598932
10637649524115
139365620199
292914477129
303392255247
-1
311937443606
599748393808
-1
179163377412
174798380942
-1
-1
144216312120
176544772302
1910979053292
-1
940767235752
111618770533
462617477141
60945439677
362960360015
93025426310
2298817751623
245451495963
2955323425859
-1
187749887650
774365982969
342579606031
2557879161267
9462483684816
-1
-1
-1
-1
4000460381320
445158129033
14275368459885
-1
7999469990455
125419506642
151265791235
540197072522
355475702752
920664794778
340007190615
-1
5004982403861
1964950780615
1573682500132
-1
-1
4870745098421
3982202135994
103203656226
256851530118
673653392444
-1
-1
-1
-1
-1
222053295548
291540213712
89301186511
962276639328
4489449043769
-1
-1
157997105643
-1
323233896846
-1
185240187691
220716099004
-1
-1
6087774717573
69523391473
469361837423
1002266903914
-1
4421665988072
-1
-1
615854245721
261363793522
-1
-1
-1
-1
-1
142446466945
423601572259
245455237344
8188995363611
1645989114079
5331008489202
221685149748
251716742885
55391736295
303853028900
30737982290
67527042937
4046547357112
151100578275
1296399901941
1160435065887
-1
-1
274268080151
-1
-1
501320850746
-1
220990064302
74078533904
103332928598
939906821622
153113657286
-1
-1
-1
164093813743
1189710811745
-1
181121010482
3335594689952
14236296426657
861485373272
138376953707
115410108945
1311613706297
