2988 3000
91 100 199912 9 47 199924 83 199937 96 199931 1 76 26 33 83 199927 199973 199940 9 199902 199995 199997 43 67 200000 24 199984 199976 199986 199981 58 199968 199902 75 199921 77 44 89 46 57 199949 199981 199900 25 67 199987 100 2 199928 199936 199957 2 36 62 85 199958 56 81 66 199970 199905 78 199922 199999 13 199996 3 74 199930 199915 199953 68 199953 64 199977 14 199949 199929 30 33 97 199935 85 14 99 199956 82 46 70 199953 199989 95 61 199983 199931 37 53 199903 199986 7 31 90 17 199978 66 199990 199993 199981 199907 61 49 199949 61 199982 78 84 90 199923 199988 33 199911 32 199957 89 31 71 60 97 199906 199981 51 79 199922 199981 199901 199989 199984 199977 90 199928 38 77 199993 72 199964 200000 19 71 199930 4 7 73 10 88 3 199965 199936 199948 199905 199941 5 27 2 199904 199957 199959 30 199961 97 199943 92 199925 33 199940 199933 199902 199962 69 199957 199983 16 95 95 199926 199904 52 199955 199920 69 6 199949 199945 35 85 199914 84 2 7 199994 199955 199956 81 199994 91 24 81 199947 199930 14 199938 80 199916 199986 15 9 199960 199960 24 199979 82 199988 199968 199968 199997 87 199973 199958 199927 83 199933 10 50 1 20 14 93 199909 30 199931 200000 9 199900 100 84 199958 199953 43 87 59 38 57 9 61 60 100 29 82 54 20 199968 200000 199954 199933 199972 94 199999 78 199900 199923 199925 199969 35 199936 78 68 199967 39 199944 35 199901 199944 35 199980 56 199957 199999 199994 199900 21 5 199914 95 28 72 199994 72 199911 199994 199998 199998 99 34 199944 68 89 17 10 199989 56 199938 49 199980 199910 69 80 95 199959 199959 79 21 20 96 92 199973 25 199958 199914 199949 99 199965 199923 199981 199975 199925 199946 65 199988 26 199908 199990 5 199977 14 59 199998 199909 79 67 88 100 38 29 199971 5 199916 68 30 199931 199987 199948 199975 199916 70 42 199999 199901 62 29 199939 199930 199961 12 40 199940 76 84 92 65 199990 45 199966 199947 12 199936 199945 62 26 87 199919 199954 199947 199956 92 14 69 199950 199968 199994 199957 96 34 30 199932 33 63 199956 199996 199999 67 199999 199986 199935 199942 19 29 47 7 54 199902 51 199956 71 199936 31 199941 26 199905 199907 199986 199963 199945 67 91 199989 40 14 40 2 19 17 5 199943 73 199988 199956 93 69 199937 6 41 79 199907 19 199958 58 199976 199900 199942 199984 199985 38 46 199961 199987 199985 99 8 199999 26 199918 199976 30 66 59 25 199937 9 199921 199929 199903 28 199973 199947 36 52 199994 199929 85 31 199931 199942 43 199904 199926 34 30 199930 38 199954 64 54 199921 199955 199966 99 199943 199907 37 74 10 55 199912 66 199968 199955 199964 60 65 199955 199901 7 199913 55 7 73 199961 84 199992 199964 199900 33 199928 70 10 199982 25 199905 34 56 65 199913 60 199910 199975 199997 20 199990 64 199936 27 23 199950 199982 2 25 199910 94 84 199923 199991 199928 199902 34 95 87 199934 199965 199991 199956 4 52 95 24 199974 15 199900 72 51 78 199959 97 40 89 24 199939 10 199976 199913 199959 199933 63 199910 199947 199974 71 199902 199902 77 10 199972 12 11 199931 81 199925 199974 199970 25 35 55 55 64 199950 199953 40 19 55 199902 199929 26 10 52 100 31 199919 199932 44 53 199921 199913 25 199993 199966 9 199937 199977 199988 200000 199972 99 199942 48 199906 57 57 14 199934 22 66 199904 28 81 199976 92 57 199962 200000 199903 2 199954 199973 199924 25 199960 18 76 30 199942 34 94 199966 199918 44 11 57 39 6 74 74 199937 98 73 50 199952 199996 15 100 55 72 48 44 100 21 199918 199911 199931 62 199955 45 199941 199920 199950 199916 199981 23 30 87 199961 199952 199979 199925 43 21 199997 199957 199944 15 199914 199946 199908 199957 42 199928 199900 82 199926 91 199948 199932 199964 95 199944 199939 54 54 199944 90 30 200000 199902 82 27 66 199954 199905 199950 37 199905 199989 13 96 63 99 37 199907 199909 199970 68 90 199995 199983 199930 199990 199954 27 15 199985 64 1 199933 199999 199907 71 77 199979 199966 93 199985 199935 199954 48 87 199952 199907 199900 199991 57 72 199983 199973 10 83 199908 12 199967 40 65 199965 199979 18 199950 199921 88 35 32 199935 199995 18 59 56 22 199971 21 42 199983 56 199981 199970 76 44 199964 18 199921 67 5 200000 199912 199927 199956 47 199934 199955 199910 67 79 26 199919 199967 24 47 87 24 199918 199926 49 46 199986 199951 199989 199919 73 21 199954 199910 16 73 199907 199907 79 82 37 199900 9 72 38 199958 199950 4 199961 199916 199911 199963 199900 199938 76 199970 199980 37 199963 58 199906 199909 62 199997 199994 78 97 30 199973 6 199916 199984 199974 55 2 199951 100 6 39 72 12 70 199956 80 69 199915 199960 199939 79 30 199934 199917 30 60 43 199926 4 17 199974 199990 54 199963 57 199950 56 199915 199960 14 18 199979 199922 199904 199983 19 96 5 199990 199959 68 199996 199983 9 199943 199979 32 199999 199965 199981 44 199977 81 14 73 199936 27 2 200000 199978 199968 199951 199979 199925 91 5 65 199957 68 45 85 24 199926 30 199960 17 42 80 25 1 15 29 66 199964 26 96 89 66 24 199942 199951 199958 96 199921 65 199986 69 199984 199917 199989 199975 199975 199917 199971 1 9 74 79 13 56 199979 199972 199950 35 79 199964 199996 199992 15 43 199910 199996 43 199959 16 25 199951 199940 199957 56 199921 199941 199939 77 199982 199947 199976 88 199922 47 46 199907 199940 96 199965 199987 199968 199915 6 3 4 97 7 32 28 70 199977 199959 199949 69 10 75 27 9 94 199986 92 23 68 62 45 199912 25 51 73 199996 199901 199931 25 5 15 33 42 5 199979 199967 63 199917 199935 14 199907 76 56 199987 92 5 199940 199968 199924 72 32 24 90 199971 199913 34 199928 199909 199902 83 199936 55 100 199962 58 199992 199913 63 81 199933 199910 38 45 27 199919 199930 199997 199950 53 199903 199977 199931 199908 199916 199963 30 199985 86 199990 73 24 199945 199902 78 37 73 83 56 199908 5 28 199924 55 52 199921 79 90 72 5 199933 199934 29 199961 199912 199902 199939 199990 74 68 199975 199969 199903 20 97 91 69 40 199940 37 59 8 92 199945 97 88 199919 20 95 74 51 199909 78 199994 199946 44 199986 90 199937 24 199951 50 199941 39 199961 199966 27 20 199913 19 199914 5 199911 199984 48 62 199965 48 64 39 47 41 36 199974 199909 199915 199929 43 200000 199913 199940 15 90 42 199970 56 199913 85 199912 89 199997 199973 199918 199948 29 199920 199901 38 3 18 54 199934 199941 199942 44 199911 199938 199958 67 54 199954 199960 20 199910 199904 70 4 27 199908 199933 24 199919 7 65 11 199950 199932 199975 89 199926 52 72 199914 60 25 35 199960 199938 199972 199950 99 199940 77 46 199996 3 199944 12 199990 199935 199913 199918 52 19 199930 86 199960 94 52 199945 92 42 199970 199993 9 199936 199979 199991 20 199945 47 55 42 199924 87 20 96 199950 84 43 98 97 72 85 199904 3 38 199964 35 90 73 52 199942 199925 199954 21 99 64 15 199996 68 199990 40 50 199900 199957 17 199997 199982 199920 199958 90 10 199939 199944 88 13 97 58 56 41 66 96 69 29 199908 199989 199910 199952 56 100 43 84 19 88 54 199930 97 4 86 31 13 199988 85 73 69 61 199924 36 48 96 199938 199942 199908 199905 19 199974 83 58 82 199956 68 199900 199932 99 5 199994 199950 26 199913 86 199969 199953 199906 199912 14 9 59 199939 13 4 200000 199956 199989 3 199967 10 53 91 199905 200000 26 100 73 199914 199913 199926 68 32 199942 15 78 199995 199968 199924 96 199966 199994 199965 199956 82 199961 199951 7 199985 91 199961 48 42 199950 4 199925 58 14 199945 97 199923 46 199906 2 100 199957 53 199902 199915 92 199920 199962 199910 58 88 199978 199923 199938 12 51 18 199941 199926 199915 199969 33 199911 199955 199911 22 49 61 199947 199936 53 199913 199953 60 199961 199945 199910 199915 199933 4 199905 199972 29 57 199993 199931 59 16 57 199916 199910 17 89 199949 31 76 199990 51 89 199974 199935 199926 199975 199935 67 36 199988 199928 78 199979 199989 56 10 63 57 199914 33 15 199979 83 83 67 199907 199929 199947 3 199916 30 10 199914 18 61 199988 2 199981 75 199911 25 199993 199908 199938 99 199928 199960 199981 4 29 199945 43 86 41 56 31 199943 68 6 199976 81 199908 93 8 199970 96 67 16 199950 3 81 82 199932 24 24 88 199995 98 26 199926 81 199999 199963 199978 199921 55 199921 30 29 199954 19 72 29 7 199943 199932 199943 24 199997 199907 56 199935 199922 199932 12 199983 199981 199942 199964 43 199917 19 53 9 18 50 199993 59 199984 68 13 199927 199929 88 199987 199934 82 199981 40 199978 199956 84 199901 67 199998 199929 37 199931 199961 73 93 199963 41 199952 199991 52 91 199936 21 199967 199964 199930 77 19 5 1 15 199971 199937 199995 199908 199975 199963 199920 199985 199956 72 199989 199916 199967 26 3 199940 68 199917 199903 15 199912 199910 77 39 78 199976 32 61 30 85 20 199906 40 199973 199902 199980 199907 2 199926 199965 199953 39 17 90 199992 27 61 199970 199969 80 199994 92 1 33 86 44 199928 99 79 199982 199981 87 199934 47 11 199952 199951 199915 87 61 199993 33 199949 60 79 12 199980 57 199994 50 199975 199989 70 65 199930 52 199904 199919 199938 199922 96 199931 199932 199994 84 67 199913 199985 199919 199913 199964 199920 199911 87 20 199962 199933 199923 199915 14 65 15 199926 94 78 199911 199995 199912 199908 25 70 199932 96 31 199916 10 15 199901 60 26 30 199993 77 63 199901 199964 199908 79 56 199943 199937 199931 199995 4 65 22 199973 15 199955 199962 11 34 37 30 199972 90 199957 29 71 97 69 199979 199970 199973 51 199918 98 52 199976 199919 199947 199920 199977 199935 69 199948 199996 199915 82 199987 199933 199969 199960 25 78 16 199956 68 49 200000 77 199901 199908 69 9 199983 13 99 25 199940 28 97 26 15 4 89 91 199930 41 62 199916 94 199922 67 76 75 199975 199964 199913 55 199997 199990 199903 199978 199904 79 199925 199911 199985 55 90 199931 199925 199979 199965 89 72 199997 199928 199917 3 199978 53 199956 35 199927 15 65 199993 27 63 30 11 199948 199986 19 199955 52 90 199970 98 199956 22 67 16 199958 34 199908 199957 22 70 76 199992 199992 85 199948 199918 33 199989 199992 17 199985 199998 199945 199907 37 2 199919 64 199992 14 32 40 3 199944 199925 86 62 199985 89 78 8 97 199943 199961 43 60 57 54 22 19 71 199923 5 199943 199975 15 199944 52 199977 68 199955 199921 66 199970 63 50 37 60 199989 199964 23 199994 199926 199926 99 3 14 8 25 199979 199998 34 85 199965 83 199995 199925 57 199937 37 199964 85 70 199958 26 85 64 199922 199988 199991 64 199944 199968 96 199983 67 199997 199990 199937 200000 42 84 199986 9 199977 199912 59 72 199900 83 19 199940 39 199927 199995 46 32 27 96 199957 199929 76 199960 199967 20 199984 29 55 46 199955 199963 199973 199937 64 199974 199942 199983 9 199967 81 68 73 28 199950 71 29 199901 59 199939 199936 24 199972 31 199920 60 199942 199933 35 199944 199999 85 199997 199944 199902 199994 64 199928 17 50 18 199909 199935 4 199945 41 199969 199975 199955 83 199997 199942 67 8 199995 98 199924 47 199932 199914 22 199986 199990 57 199924 45 43 30 199943 199952 199951 99 38 199984 58 34 199933 14 199992 199968 53 199954 69 199935 199968 64 98 46 26 86 19 80 199924 25 46 22 73 17 93 88 34 199983 9 199928 32 38 199982 73 57 199940 199904 58 199958 93 95 25 17 25 59 66 81 199947 57 57 199902 97 84 199976 199944 47 199926 14 199978 36 199959 20 199992 72 14 9 28 82 9 9 7 199945 199978 25 199973 199978 95 199923 199937 199986 199902 199986 199920 199942 82 72 51 46 199939 199922 64 199954 199966 7 92 31 24 29 199996 199971 199982 45 199929 88 199912 199906 5 199998 199985 61 199971 199917 95 50 199938 37 199989 19 199918 78 26 199939 199920 31 199921 9 199982 81 199953 86 33 37 41 199940 199917 199944 20 42 77 99 199913 199980 76 75 199940 71 73 199917 199920 17 199935 199942 67 11 51 199919 49 199902 199984 22 199962 67 199937 199913 24 65 70 199988 199920 98 199940 83 199946 199977 199973 199907 69 199930 62 72 91 59 5 22 2 63 199998 199929 45 199942 199984 199969 92 74 6 30 56 45 8 199995 199941 199904 51 70 86 199984 199914 71 199901 71 199964 83 75 199976 199956 199952 199905 10 54 88 199930 199994 199943 199900 199995 38 79 199991 61 199958 199975 64 28 44 199977 199912 199975 199956 199929 199939 75 199972 15 199974 30 74 56 92 67 29 199984 45 97 199909 43 199942 199990 4 199934 62 199918 199993 95 199930 64 32 199966 18 199904 57 199921 199906 199917 199911 199905 7 90 199921 10 199924 8 199941 199943 23 199932 65 14 199920 99 3 17 199966 81 199952 199990 65 199966 72 199931 199912 39 17 84 199979 199962 44 31 19 90 50 96 52 199996 63 199921 25 31 199916 199913 65 62 199957 199953 91 199983 199903 199996 199982 47 19 199991 199996 43 199939 199949 80 199910 34 93 199983 199995 53 34 36 199991 73 77 199926 199910 20 199939 199927 90 38 98 1 58 8 199956 41 199988 199916 199953 15 199927 32 35 199948 199919 199977 42 199963 65 199916 199992 19 49 66 199914 29 199919 199962 199964 59 77 5 199980 72 199965 199974 199981 199997 199951 71 199979 199938 199962 3 39 199926 199937 70 199906 8 2 199973 16 199929 99 45 29 199947 199971 199970 8 71 63 62 199968 199982 199945 199943 24 199907 199902 78 5 76 199966 199981 199981 199942 74 24 4 199913 88 199990 199961 199905 199980 87 199989 199955 98 34 97 199946 78 54 199928 199924 67 29 199920 199940 40 199983 12 199987 55 47 39 199964 8 29 199909 46 15 199967 27 199945 46 15 199944 83 13 52 199902 199902 199982 98 89 41 44 27 32 58 95 199955 29 43 59 199970 199937 199904 33 199941 199933 199931 3 199906 199955 199980 76 7 199901 45 199908 80 100 199970 43 199957 25 199900 35 34 199918 199904 199957 199924 45 199910 66 199999 5 199972 199900 56 47 39 97 199919 72 199938 2 22 69 27 52 199987 199966 71 199903 28 199900 19 199925 199933 199928 10 98 199908 199910 199973 199972 199984 199974 65 41 64 35 199909 4 60 91 72 27 92 65 199927 199966 199991 199995 51 9 72 199944 199981 199974 33 25 199903 199982 25 46 199900 199949 199980 199944 199934 199952 24 199941 56 69 69 54 199904 199918 73 86 199973 36 28 199966 199921 24 75 78 199983 199960 199923 32 199955 199997 199937 199972 199949 199948 199947 7 12 84 80 6 199947 45 199946 199935 199980 13 11 199924 38 199905 36 199918 199998 40 199938 76 40 199977 66 199977 199999 85 199978 79 82 199947 14 37 199920 34 199912 53 199932 18 199928 70 199947 199931 88 199945 199920 95 94 49 199918 22 69 199973 199997 199921 199931 34 199929 199973 8 5 79 199918 40 96 18 16 34 93 22 8 199998 17 199972 19 42 199916 59 47 199998 56 98 7 86 25 199967 199928 199995 199973 199906 199955 8 199983 199928 72 97 100 51 49 27 199927 199919 199953 199939 199969 21 199912 199904 199953 199978 100 199928 199959 199937 199932 36 26 199949 199938 5 199976 22 74 199945 199980 66 199983 199973 68 199963 58 27 84 27 20 48 199917 13 99 47 96 54 69 199966 199992 71 199976 199950 92 11 199985 199948 199940 199937 199966 200000 50 199986 199957 199943 199918 43 98 44 199963 7 199939 64 199984 199955 199985 18 93 199995 82 199984 33 199950 24 199963 78 44 199956 199907 199947 73 54 199902 199969 15 95 199964 86 35 18 76 100 84 95 199936 199914
200000 199999 199998 199997 199996 199995 199994 199993 199992 199991 199990 199989 199988 199987 199986 199985 199984 199983 199982 199981 199980 199979 199978 199977 199976 199975 199974 199973 199972 199971 199970 199969 199968 199967 199966 199965 199964 199963 199962 199961 199960 199959 199958 199957 199956 199955 199954 199953 199952 199951 199950 199949 199948 199947 199946 199945 199944 199943 199942 199941 199940 199939 199938 199937 199936 199935 199934 199933 199932 199931 199930 199929 199928 199927 199926 199925 199924 199923 199922 199921 199920 199919 199918 199917 199916 199915 199914 199913 199912 199911 199910 199909 199908 199907 199906 199905 199904 199903 199902 199901 199900 199899 199898 199897 199896 199895 199894 199893 199892 199891 199890 199889 199888 199887 199886 199885 199884 199883 199882 199881 199880 199879 199878 199877 199876 199875 199874 199873 199872 199871 199870 199869 199868 199867 199866 199865 199864 199863 199862 199861 199860 199859 199858 199857 199856 199855 199854 199853 199852 199851 199850 199849 199848 199847 199846 199845 199844 199843 199842 199841 199840 199839 199838 199837 199836 199835 199834 199833 199832 199831 199830 199829 199828 199827 199826 199825 199824 199823 199822 199821 199820 199819 199818 199817 199816 199815 199814 199813 199812 199811 199810 199809 199808 199807 199806 199805 199804 199803 199802 199801 199800 199799 199798 199797 199796 199795 199794 199793 199792 199791 199790 199789 199788 199787 199786 199785 199784 199783 199782 199781 199780 199779 199778 199777 199776 199775 199774 199773 199772 199771 199770 199769 199768 199767 199766 199765 199764 199763 199762 199761 199760 199759 199758 199757 199756 199755 199754 199753 199752 199751 199750 199749 199748 199747 199746 199745 199744 199743 199742 199741 199740 199739 199738 199737 199736 199735 199734 199733 199732 199731 199730 199729 199728 199727 199726 199725 199724 199723 199722 199721 199720 199719 199718 199717 199716 199715 199714 199713 199712 199711 199710 199709 199708 199707 199706 199705 199704 199703 199702 199701 199700 199699 199698 199697 199696 199695 199694 199693 199692 199691 199690 199689 199688 199687 199686 199685 199684 199683 199682 199681 199680 199679 199678 199677 199676 199675 199674 199673 199672 199671 199670 199669 199668 199667 199666 199665 199664 199663 199662 199661 199660 199659 199658 199657 199656 199655 199654 199653 199652 199651 199650 199649 199648 199647 199646 199645 199644 199643 199642 199641 199640 199639 199638 199637 199636 199635 199634 199633 199632 199631 199630 199629 199628 199627 199626 199625 199624 199623 199622 199621 199620 199619 199618 199617 199616 199615 199614 199613 199612 199611 199610 199609 199608 199607 199606 199605 199604 199603 199602 199601 199600 199599 199598 199597 199596 199595 199594 199593 199592 199591 199590 199589 199588 199587 199586 199585 199584 199583 199582 199581 199580 199579 199578 199577 199576 199575 199574 199573 199572 199571 199570 199569 199568 199567 199566 199565 199564 199563 199562 199561 199560 199559 199558 199557 199556 199555 199554 199553 199552 199551 199550 199549 199548 199547 199546 199545 199544 199543 199542 199541 199540 199539 199538 199537 199536 199535 199534 199533 199532 199531 199530 199529 199528 199527 199526 199525 199524 199523 199522 199521 199520 199519 199518 199517 199516 199515 199514 199513 199512 199511 199510 199509 199508 199507 199506 199505 199504 199503 199502 199501 199500 199499 199498 199497 199496 199495 199494 199493 199492 199491 199490 199489 199488 199487 199486 199485 199484 199483 199482 199481 199480 199479 199478 199477 199476 199475 199474 199473 199472 199471 199470 199469 199468 199467 199466 199465 199464 199463 199462 199461 199460 199459 199458 199457 199456 199455 199454 199453 199452 199451 199450 199449 199448 199447 199446 199445 199444 199443 199442 199441 199440 199439 199438 199437 199436 199435 199434 199433 199432 199431 199430 199429 199428 199427 199426 199425 199424 199423 199422 199421 199420 199419 199418 199417 199416 199415 199414 199413 199412 199411 199410 199409 199408 199407 199406 199405 199404 199403 199402 199401 199400 199399 199398 199397 199396 199395 199394 199393 199392 199391 199390 199389 199388 199387 199386 199385 199384 199383 199382 199381 199380 199379 199378 199377 199376 199375 199374 199373 199372 199371 199370 199369 199368 199367 199366 199365 199364 199363 199362 199361 199360 199359 199358 199357 199356 199355 199354 199353 199352 199351 199350 199349 199348 199347 199346 199345 199344 199343 199342 199341 199340 199339 199338 199337 199336 199335 199334 199333 199332 199331 199330 199329 199328 199327 199326 199325 199324 199323 199322 199321 199320 199319 199318 199317 199316 199315 199314 199313 199312 199311 199310 199309 199308 199307 199306 199305 199304 199303 199302 199301 199300 199299 199298 199297 199296 199295 199294 199293 199292 199291 199290 199289 199288 199287 199286 199285 199284 199283 199282 199281 199280 199279 199278 199277 199276 199275 199274 199273 199272 199271 199270 199269 199268 199267 199266 199265 199264 199263 199262 199261 199260 199259 199258 199257 199256 199255 199254 199253 199252 199251 199250 199249 199248 199247 199246 199245 199244 199243 199242 199241 199240 199239 199238 199237 199236 199235 199234 199233 199232 199231 199230 199229 199228 199227 199226 199225 199224 199223 199222 199221 199220 199219 199218 199217 199216 199215 199214 199213 199212 199211 199210 199209 199208 199207 199206 199205 199204 199203 199202 199201 199200 199199 199198 199197 199196 199195 199194 199193 199192 199191 199190 199189 199188 199187 199186 199185 199184 199183 199182 199181 199180 199179 199178 199177 199176 199175 199174 199173 199172 199171 199170 199169 199168 199167 199166 199165 199164 199163 199162 199161 199160 199159 199158 199157 199156 199155 199154 199153 199152 199151 199150 199149 199148 199147 199146 199145 199144 199143 199142 199141 199140 199139 199138 199137 199136 199135 199134 199133 199132 199131 199130 199129 199128 199127 199126 199125 199124 199123 199122 199121 199120 199119 199118 199117 199116 199115 199114 199113 199112 199111 199110 199109 199108 199107 199106 199105 199104 199103 199102 199101 199100 199099 199098 199097 199096 199095 199094 199093 199092 199091 199090 199089 199088 199087 199086 199085 199084 199083 199082 199081 199080 199079 199078 199077 199076 199075 199074 199073 199072 199071 199070 199069 199068 199067 199066 199065 199064 199063 199062 199061 199060 199059 199058 199057 199056 199055 199054 199053 199052 199051 199050 199049 199048 199047 199046 199045 199044 199043 199042 199041 199040 199039 199038 199037 199036 199035 199034 199033 199032 199031 199030 199029 199028 199027 199026 199025 199024 199023 199022 199021 199020 199019 199018 199017 199016 199015 199014 199013 199012 199011 199010 199009 199008 199007 199006 199005 199004 199003 199002 199001 199000 198999 198998 198997 198996 198995 198994 198993 198992 198991 198990 198989 198988 198987 198986 198985 198984 198983 198982 198981 198980 198979 198978 198977 198976 198975 198974 198973 198972 198971 198970 198969 198968 198967 198966 198965 198964 198963 198962 198961 198960 198959 198958 198957 198956 198955 198954 198953 198952 198951 198950 198949 198948 198947 198946 198945 198944 198943 198942 198941 198940 198939 198938 198937 198936 198935 198934 198933 198932 198931 198930 198929 198928 198927 198926 198925 198924 198923 198922 198921 198920 198919 198918 198917 198916 198915 198914 198913 198912 198911 198910 198909 198908 198907 198906 198905 198904 198903 198902 198901 198900 198899 198898 198897 198896 198895 198894 198893 198892 198891 198890 198889 198888 198887 198886 198885 198884 198883 198882 198881 198880 198879 198878 198877 198876 198875 198874 198873 198872 198871 198870 198869 198868 198867 198866 198865 198864 198863 198862 198861 198860 198859 198858 198857 198856 198855 198854 198853 198852 198851 198850 198849 198848 198847 198846 198845 198844 198843 198842 198841 198840 198839 198838 198837 198836 198835 198834 198833 198832 198831 198830 198829 198828 198827 198826 198825 198824 198823 198822 198821 198820 198819 198818 198817 198816 198815 198814 198813 198812 198811 198810 198809 198808 198807 198806 198805 198804 198803 198802 198801 198800 198799 198798 198797 198796 198795 198794 198793 198792 198791 198790 198789 198788 198787 198786 198785 198784 198783 198782 198781 198780 198779 198778 198777 198776 198775 198774 198773 198772 198771 198770 198769 198768 198767 198766 198765 198764 198763 198762 198761 198760 198759 198758 198757 198756 198755 198754 198753 198752 198751 198750 198749 198748 198747 198746 198745 198744 198743 198742 198741 198740 198739 198738 198737 198736 198735 198734 198733 198732 198731 198730 198729 198728 198727 198726 198725 198724 198723 198722 198721 198720 198719 198718 198717 198716 198715 198714 198713 198712 198711 198710 198709 198708 198707 198706 198705 198704 198703 198702 198701 198700 198699 198698 198697 198696 198695 198694 198693 198692 198691 198690 198689 198688 198687 198686 198685 198684 198683 198682 198681 198680 198679 198678 198677 198676 198675 198674 198673 198672 198671 198670 198669 198668 198667 198666 198665 198664 198663 198662 198661 198660 198659 198658 198657 198656 198655 198654 198653 198652 198651 198650 198649 198648 198647 198646 198645 198644 198643 198642 198641 198640 198639 198638 198637 198636 198635 198634 198633 198632 198631 198630 198629 198628 198627 198626 198625 198624 198623 198622 198621 198620 198619 198618 198617 198616 198615 198614 198613 198612 198611 198610 198609 198608 198607 198606 198605 198604 198603 198602 198601 198600 198599 198598 198597 198596 198595 198594 198593 198592 198591 198590 198589 198588 198587 198586 198585 198584 198583 198582 198581 198580 198579 198578 198577 198576 198575 198574 198573 198572 198571 198570 198569 198568 198567 198566 198565 198564 198563 198562 198561 198560 198559 198558 198557 198556 198555 198554 198553 198552 198551 198550 198549 198548 198547 198546 198545 198544 198543 198542 198541 198540 198539 198538 198537 198536 198535 198534 198533 198532 198531 198530 198529 198528 198527 198526 198525 198524 198523 198522 198521 198520 198519 198518 198517 198516 198515 198514 198513 198512 198511 198510 198509 198508 198507 198506 198505 198504 198503 198502 198501 198500 198499 198498 198497 198496 198495 198494 198493 198492 198491 198490 198489 198488 198487 198486 198485 198484 198483 198482 198481 198480 198479 198478 198477 198476 198475 198474 198473 198472 198471 198470 198469 198468 198467 198466 198465 198464 198463 198462 198461 198460 198459 198458 198457 198456 198455 198454 198453 198452 198451 198450 198449 198448 198447 198446 198445 198444 198443 198442 198441 198440 198439 198438 198437 198436 198435 198434 198433 198432 198431 198430 198429 198428 198427 198426 198425 198424 198423 198422 198421 198420 198419 198418 198417 198416 198415 198414 198413 198412 198411 198410 198409 198408 198407 198406 198405 198404 198403 198402 198401 198400 198399 198398 198397 198396 198395 198394 198393 198392 198391 198390 198389 198388 198387 198386 198385 198384 198383 198382 198381 198380 198379 198378 198377 198376 198375 198374 198373 198372 198371 198370 198369 198368 198367 198366 198365 198364 198363 198362 198361 198360 198359 198358 198357 198356 198355 198354 198353 198352 198351 198350 198349 198348 198347 198346 198345 198344 198343 198342 198341 198340 198339 198338 198337 198336 198335 198334 198333 198332 198331 198330 198329 198328 198327 198326 198325 198324 198323 198322 198321 198320 198319 198318 198317 198316 198315 198314 198313 198312 198311 198310 198309 198308 198307 198306 198305 198304 198303 198302 198301 198300 198299 198298 198297 198296 198295 198294 198293 198292 198291 198290 198289 198288 198287 198286 198285 198284 198283 198282 198281 198280 198279 198278 198277 198276 198275 198274 198273 198272 198271 198270 198269 198268 198267 198266 198265 198264 198263 198262 198261 198260 198259 198258 198257 198256 198255 198254 198253 198252 198251 198250 198249 198248 198247 198246 198245 198244 198243 198242 198241 198240 198239 198238 198237 198236 198235 198234 198233 198232 198231 198230 198229 198228 198227 198226 198225 198224 198223 198222 198221 198220 198219 198218 198217 198216 198215 198214 198213 198212 198211 198210 198209 198208 198207 198206 198205 198204 198203 198202 198201 198200 198199 198198 198197 198196 198195 198194 198193 198192 198191 198190 198189 198188 198187 198186 198185 198184 198183 198182 198181 198180 198179 198178 198177 198176 198175 198174 198173 198172 198171 198170 198169 198168 198167 198166 198165 198164 198163 198162 198161 198160 198159 198158 198157 198156 198155 198154 198153 198152 198151 198150 198149 198148 198147 198146 198145 198144 198143 198142 198141 198140 198139 198138 198137 198136 198135 198134 198133 198132 198131 198130 198129 198128 198127 198126 198125 198124 198123 198122 198121 198120 198119 198118 198117 198116 198115 198114 198113 198112 198111 198110 198109 198108 198107 198106 198105 198104 198103 198102 198101 198100 198099 198098 198097 198096 198095 198094 198093 198092 198091 198090 198089 198088 198087 198086 198085 198084 198083 198082 198081 198080 198079 198078 198077 198076 198075 198074 198073 198072 198071 198070 198069 198068 198067 198066 198065 198064 198063 198062 198061 198060 198059 198058 198057 198056 198055 198054 198053 198052 198051 198050 198049 198048 198047 198046 198045 198044 198043 198042 198041 198040 198039 198038 198037 198036 198035 198034 198033 198032 198031 198030 198029 198028 198027 198026 198025 198024 198023 198022 198021 198020 198019 198018 198017 198016 198015 198014 198013 198012 198011 198010 198009 198008 198007 198006 198005 198004 198003 198002 198001 198000 197999 197998 197997 197996 197995 197994 197993 197992 197991 197990 197989 197988 197987 197986 197985 197984 197983 197982 197981 197980 197979 197978 197977 197976 197975 197974 197973 197972 197971 197970 197969 197968 197967 197966 197965 197964 197963 197962 197961 197960 197959 197958 197957 197956 197955 197954 197953 197952 197951 197950 197949 197948 197947 197946 197945 197944 197943 197942 197941 197940 197939 197938 197937 197936 197935 197934 197933 197932 197931 197930 197929 197928 197927 197926 197925 197924 197923 197922 197921 197920 197919 197918 197917 197916 197915 197914 197913 197912 197911 197910 197909 197908 197907 197906 197905 197904 197903 197902 197901 197900 197899 197898 197897 197896 197895 197894 197893 197892 197891 197890 197889 197888 197887 197886 197885 197884 197883 197882 197881 197880 197879 197878 197877 197876 197875 197874 197873 197872 197871 197870 197869 197868 197867 197866 197865 197864 197863 197862 197861 197860 197859 197858 197857 197856 197855 197854 197853 197852 197851 197850 197849 197848 197847 197846 197845 197844 197843 197842 197841 197840 197839 197838 197837 197836 197835 197834 197833 197832 197831 197830 197829 197828 197827 197826 197825 197824 197823 197822 197821 197820 197819 197818 197817 197816 197815 197814 197813 197812 197811 197810 197809 197808 197807 197806 197805 197804 197803 197802 197801 197800 197799 197798 197797 197796 197795 197794 197793 197792 197791 197790 197789 197788 197787 197786 197785 197784 197783 197782 197781 197780 197779 197778 197777 197776 197775 197774 197773 197772 197771 197770 197769 197768 197767 197766 197765 197764 197763 197762 197761 197760 197759 197758 197757 197756 197755 197754 197753 197752 197751 197750 197749 197748 197747 197746 197745 197744 197743 197742 197741 197740 197739 197738 197737 197736 197735 197734 197733 197732 197731 197730 197729 197728 197727 197726 197725 197724 197723 197722 197721 197720 197719 197718 197717 197716 197715 197714 197713 197712 197711 197710 197709 197708 197707 197706 197705 197704 197703 197702 197701 197700 197699 197698 197697 197696 197695 197694 197693 197692 197691 197690 197689 197688 197687 197686 197685 197684 197683 197682 197681 197680 197679 197678 197677 197676 197675 197674 197673 197672 197671 197670 197669 197668 197667 197666 197665 197664 197663 197662 197661 197660 197659 197658 197657 197656 197655 197654 197653 197652 197651 197650 197649 197648 197647 197646 197645 197644 197643 197642 197641 197640 197639 197638 197637 197636 197635 197634 197633 197632 197631 197630 197629 197628 197627 197626 197625 197624 197623 197622 197621 197620 197619 197618 197617 197616 197615 197614 197613 197612 197611 197610 197609 197608 197607 197606 197605 197604 197603 197602 197601 197600 197599 197598 197597 197596 197595 197594 197593 197592 197591 197590 197589 197588 197587 197586 197585 197584 197583 197582 197581 197580 197579 197578 197577 197576 197575 197574 197573 197572 197571 197570 197569 197568 197567 197566 197565 197564 197563 197562 197561 197560 197559 197558 197557 197556 197555 197554 197553 197552 197551 197550 197549 197548 197547 197546 197545 197544 197543 197542 197541 197540 197539 197538 197537 197536 197535 197534 197533 197532 197531 197530 197529 197528 197527 197526 197525 197524 197523 197522 197521 197520 197519 197518 197517 197516 197515 197514 197513 197512 197511 197510 197509 197508 197507 197506 197505 197504 197503 197502 197501 197500 197499 197498 197497 197496 197495 197494 197493 197492 197491 197490 197489 197488 197487 197486 197485 197484 197483 197482 197481 197480 197479 197478 197477 197476 197475 197474 197473 197472 197471 197470 197469 197468 197467 197466 197465 197464 197463 197462 197461 197460 197459 197458 197457 197456 197455 197454 197453 197452 197451 197450 197449 197448 197447 197446 197445 197444 197443 197442 197441 197440 197439 197438 197437 197436 197435 197434 197433 197432 197431 197430 197429 197428 197427 197426 197425 197424 197423 197422 197421 197420 197419 197418 197417 197416 197415 197414 197413 197412 197411 197410 197409 197408 197407 197406 197405 197404 197403 197402 197401 197400 197399 197398 197397 197396 197395 197394 197393 197392 197391 197390 197389 197388 197387 197386 197385 197384 197383 197382 197381 197380 197379 197378 197377 197376 197375 197374 197373 197372 197371 197370 197369 197368 197367 197366 197365 197364 197363 197362 197361 197360 197359 197358 197357 197356 197355 197354 197353 197352 197351 197350 197349 197348 197347 197346 197345 197344 197343 197342 197341 197340 197339 197338 197337 197336 197335 197334 197333 197332 197331 197330 197329 197328 197327 197326 197325 197324 197323 197322 197321 197320 197319 197318 197317 197316 197315 197314 197313 197312 197311 197310 197309 197308 197307 197306 197305 197304 197303 197302 197301 197300 197299 197298 197297 197296 197295 197294 197293 197292 197291 197290 197289 197288 197287 197286 197285 197284 197283 197282 197281 197280 197279 197278 197277 197276 197275 197274 197273 197272 197271 197270 197269 197268 197267 197266 197265 197264 197263 197262 197261 197260 197259 197258 197257 197256 197255 197254 197253 197252 197251 197250 197249 197248 197247 197246 197245 197244 197243 197242 197241 197240 197239 197238 197237 197236 197235 197234 197233 197232 197231 197230 197229 197228 197227 197226 197225 197224 197223 197222 197221 197220 197219 197218 197217 197216 197215 197214 197213 197212 197211 197210 197209 197208 197207 197206 197205 197204 197203 197202 197201 197200 197199 197198 197197 197196 197195 197194 197193 197192 197191 197190 197189 197188 197187 197186 197185 197184 197183 197182 197181 197180 197179 197178 197177 197176 197175 197174 197173 197172 197171 197170 197169 197168 197167 197166 197165 197164 197163 197162 197161 197160 197159 197158 197157 197156 197155 197154 197153 197152 197151 197150 197149 197148 197147 197146 197145 197144 197143 197142 197141 197140 197139 197138 197137 197136 197135 197134 197133 197132 197131 197130 197129 197128 197127 197126 197125 197124 197123 197122 197121 197120 197119 197118 197117 197116 197115 197114 197113 197112 197111 197110 197109 197108 197107 197106 197105 197104 197103 197102 197101 197100 197099 197098 197097 197096 197095 197094 197093 197092 197091 197090 197089 197088 197087 197086 197085 197084 197083 197082 197081 197080 197079 197078 197077 197076 197075 197074 197073 197072 197071 197070 197069 197068 197067 197066 197065 197064 197063 197062 197061 197060 197059 197058 197057 197056 197055 197054 197053 197052 197051 197050 197049 197048 197047 197046 197045 197044 197043 197042 197041 197040 197039 197038 197037 197036 197035 197034 197033 197032 197031 197030 197029 197028 197027 197026 197025 197024 197023 197022 197021 197020 197019 197018 197017 197016 197015 197014 197013
809 2317 165915
1618 1973 219177
682 950 177
1560 2095 5661463
725 2274 547093
405 2301 9242039
1751 1923 710953
537 1522 16068892
669 2279 9749732
653 1018 1052
462 2745 17796661
2251 2463 232187
202 1485 1814841
1000 2573 33674317
375 887 498844
814 1879 65
825 2322 366930
2573 2818 144304
1159 1726 1406
422 1048 1048703
219 2148 1344524
2082 2620 12522071
1504 1952 31129647
1585 2062 16550292
1344 1609 1188092
1387 2657 1091804
1499 1670 378285
588 873 3941838
1801 2833 142
1525 1732 99
879 2762 776411
768 1955 187045
50 1113 14869691
914 954 147896
2302 2352 28921182
655 1974 11553982
1421 2477 28619659
2035 2701 7398680
1084 2491 147763
1488 1837 20999440
590 986 19233435
1695 1726 67
1177 2096 7350018
118 1133 6113464
1550 2978 752232
2250 2848 352302
189 1274 193773
651 743 22755644
1544 2739 468
2221 2893 14921773
1760 1791 2554942
364 2822 11878039
1350 1740 275432
1418 1648 3302061
1414 2572 2751120
2516 2923 65
306 466 913948
124 2571 1001541
250 2191 1393924
2695 2893 6324392
1344 1523 36831279
1036 1856 2048296
1506 2700 18806019
2204 2523 959412
1115 2035 127457
1846 2989 4382461
671 2211 1685648
1487 1662 6293466
174 2669 3677780
914 2186 108191
590 1557 5377417
692 1309 43152744
1402 1964 144621
2175 2813 199468
1441 2677 122
1728 2092 1689039
1491 2079 11430796
1071 2385 187919
1556 2708 22115984
155 1499 129691
93 711 634431
455 2953 714711
1366 1451 8235332
700 2036 181
571 2551 5879823
813 1111 1613915
624 766 48013522
68 1602 24405658
2464 2907 36249256
764 1897 317178
1594 2643 45742469
1269 2593 460359
1373 2233 48384616
524 1182 81
474 1006 11573266
1079 2334 10275911
1936 2369 1183399
780 1100 3063091
48 766 12152489
815 2633 1274578
977 2079 24279377
1705 2327 206390
1121 2723 557035
1924 1946 444859
401 1471 497272
458 2893 56
823 936 34412260
376 1405 6675296
443 1223 1157720
1087 1745 1399
140 1626 1140
688 910 4996223
510 1220 196063
525 1220 108224
557 1414 50681574
115 977 1000
1032 2559 1581525
1297 1718 596071
818 2829 26975596
236 2002 36615032
596 1504 4718367
483 2683 50
404 2094 2264455
1009 2967 278609
2316 2491 154678
827 922 889
1796 2558 660579
260 2781 184366
1739 1903 10994230
1038 2510 484023
1168 2427 127
2675 2882 13246452
1606 2579 2367020
2107 2505 5256628
2252 2920 3966250
2456 2724 127726
2507 2630 54
2233 2598 422822
1212 2292 20073595
706 2077 924
2015 2512 9030127
2502 2823 26868330
1739 2551 218
57 137 17216453
412 1197 181210
926 2038 1147
693 2146 2624721
518 2422 3360815
102 2515 279470
781 1572 22982881
2413 2982 1301063
690 2949 4108700
677 1947 1080416
180 376 241248
266 2843 123491
1796 2148 183
1193 1237 121673
1748 1781 3116760
151 512 4751997
445 1256 385
91 159 262
177 1837 126
1848 2428 10403658
2828 2978 780216
522 1041 503094
839 1073 6063589
647 2337 8512210
716 2610 223772
2566 2687 332608
636 2574 6287961
2051 2427 628691
431 1250 11548309
61 2463 12380590
201 368 79
1529 2715 712179
73 1637 179594
476 1530 46270546
1032 1524 109
1215 2588 5695045
1280 2115 479753
1734 2721 2912023
31 2408 594359
1503 1619 314724
1058 1306 15444565
1862 2494 46473716
136 2934 2925813
830 1832 3585373
129 1751 22168524
2156 2987 750864
826 1388 46991408
1092 1991 4613746
1098 2207 10728793
125 1244 1120577
646 2026 12130045
981 1341 798399
1048 1894 107828
626 1180 99
745 2857 23293031
743 2507 21186718
1753 1819 14901421
1014 1675 7468427
685 852 1144
1758 2939 1515879
669 1643 2742516
235 463 322
708 2432 437268
729 1301 10179538
580 884 747
2042 2193 586851
108 1011 1597662
949 2969 16910296
1583 2555 145615
1398 1633 1480
1989 2517 6203836
2946 2984 218564
763 2371 11675189
592 2810 2554920
467 1423 8349601
1245 2796 617934
297 366 1557385
2454 2491 134
1470 1951 148
991 1607 37180093
807 1082 1151138
378 1163 304236
1506 2966 26241119
2046 2502 704784
87 2405 468046
1665 1691 1417
551 2736 515338
1857 2945 921
1545 2694 84
548 1063 334799
1195 2290 789604
1229 2849 18494543
2187 2614 544056
41 697 1752624
178 2695 997
1919 2283 2810818
1135 2265 2459852
391 1942 671068
999 2671 64
344 450 513
1302 2462 5212510
1223 2212 435437
1455 1873 34759365
1158 1521 15682088
1211 2396 936
1000 2953 1137200
1296 2670 49465096
255 871 95
2347 2665 15433670
1327 1437 576521
275 2101 676783
999 1865 48471117
1438 2428 847
353 1775 789580
966 1696 33956326
1169 2121 1220569
1776 2439 35298535
1424 2563 315695
2449 2858 100346
445 615 41538082
16 2789 15130470
496 2353 2616631
740 1261 273411
1833 2283 38293998
1061 2310 2796616
228 1766 92
183 1809 1554861
452 1225 1010
2266 2902 1295908
563 1429 8724889
1511 1778 1434364
478 2128 35429979
695 1505 298831
828 2893 22459790
809 2770 276
101 2296 1757571
2791 2808 2545403
811 1492 40866579
1201 2508 2603901
468 1731 2151596
2567 2782 48527539
1989 2222 9881993
274 2729 9262477
1693 2609 176125
1300 1599 612
615 1980 4758289
213 669 1980834
1767 2700 5170846
425 887 643947
2286 2888 39901995
1115 2233 7558202
88 1807 1072
2355 2601 75
984 2539 9802566
1641 2135 30041129
909 999 469
96 2239 754210
838 2011 40708219
792 2040 941166
238 1088 266185
508 676 5741581
34 1150 8629191
937 2597 14532601
788 921 50846076
996 1664 188579
265 1184 29207355
1999 2384 7189274
440 852 171125
585 2658 1045017
1525 2281 447973
1378 2913 1573326
2309 2625 6548215
1831 1887 1462
578 665 2562835
843 1678 1433494
1449 1862 294983
598 2938 471219
499 2846 949627
2166 2313 181190
90 735 50910786
2369 2831 40984976
444 1940 562307
1556 1946 11170083
1346 1452 26945552
498 630 349960
514 2270 6168318
691 1557 27291453
327 1736 28074038
467 1914 503641
179 2669 13858069
2628 2824 207643
21 1191 230253
1361 2189 884276
45 1614 381397
1530 2647 147
266 2105 8222554
2095 2642 32074006
865 1243 43320282
519 1590 3011582
489 1758 37239333
226 2089 46383175
219 929 310463
2275 2552 14569645
1499 1540 908348
1741 1827 1098
724 2275 106440
312 2722 2665641
6 2984 375838
516 728 2038653
204 827 2529712
225 1684 24426275
2705 2734 1011357
311 1378 122176
828 2981 6447766
1254 2907 43614609
324 2427 1394015
1741 2512 101253
2600 2890 21094442
303 1894 5541896
1310 1743 780
818 2673 2612999
230 1162 2189812
463 529 4045401
2512 2765 2595098
930 1882 39528442
1186 1258 768658
72 349 24561185
889 1927 472
2310 2468 130
1365 2808 25037298
1215 1341 746444
987 1676 807266
20 1832 110
2245 2628 1368
1406 2553 157475
961 2465 995373
49 2288 2254048
1176 2817 900
955 2828 144451
2109 2798 122
533 1770 2325806
1062 2465 77
2776 2888 167209
2077 2687 12758934
347 2670 468201
419 1571 47178243
432 2697 176963
489 1971 384658
1907 2193 11139443
979 2614 29421179
1084 2744 269316
34 1894 6215650
1429 2916 2907165
373 1626 34570182
1401 2773 433975
2184 2687 5644662
2723 2749 14160382
1354 2559 1477
2324 2936 161998
557 1661 139
1981 2497 961497
1162 2077 12101940
1075 2951 10757911
2420 2483 1343031
712 1303 21587291
1982 1983 907
583 1969 1440
834 1590 5715418
442 2362 28425004
508 2396 23590238
507 926 2189472
380 1812 90
1430 2400 4369960
2171 2666 1011
352 1359 492280
1533 2620 39033971
2341 2620 4663762
333 1254 6621021
1187 1577 229534
504 2317 775204
866 1653 6159031
691 1505 4554376
2345 2936 150313
111 2037 623706
1336 1508 694
1417 1635 269451
1618 2629 63
198 549 6655049
506 1538 382253
518 1963 127918
559 1126 4386667
416 741 86
2020 2739 14385602
237 1794 477
1380 2119 2728351
171 2071 1333
406 2006 47987290
1405 1934 5396723
1133 2411 11175341
657 1506 5469933
643 1529 17805026
1208 2155 2701550
1998 2720 756247
1947 2385 457761
586 1441 319858
2328 2390 15117071
1561 2207 758699
1575 2072 52
360 2281 155247
1923 2023 555444
1225 1534 1334778
927 2234 1318
548 702 28443127
827 1049 19536541
795 2255 3082014
2011 2725 117
1369 1884 826532
600 943 30513845
204 2521 376758
2311 2920 119561
675 2958 24191276
1375 2609 1572241
886 2279 39295642
336 2865 174453
7 1497 4837619
1134 2784 5711570
559 2464 3139401
2360 2888 977
625 2393 10017195
161 532 1405
1271 1629 1729154
635 1507 38344097
928 2167 92
1241 2227 723
358 2066 343449
889 1567 3869979
1216 1565 389593
375 2075 498979
1075 1116 18643888
434 2058 143907
522 2312 49421033
1878 2825 2046737
1226 2608 27400782
898 2252 144
1246 2772 5820654
401 520 8592430
1044 1850 25508407
389 2533 6322209
255 2340 712
523 1341 594
60 1433 3668416
986 1584 3703194
8 2506 48021379
440 2782 8195476
2291 2547 876541
616 1257 13569793
1130 2882 2949921
1181 1252 205
958 2774 119024
92 1124 2882460
289 925 136
418 2885 3160285
1943 2223 1081
1721 2804 48396022
1813 2856 3125969
402 1330 120
890 948 18575329
1328 2790 4794212
716 2847 38107177
2124 2531 3204653
808 2320 329441
1831 1836 2639913
119 2525 46512093
1424 2195 132
445 676 19127367
9 1738 44740961
1836 2517 2419287
1859 2410 30908766
1408 1498 668
1106 2873 121566
76 1681 271176
1374 2745 1249835
1102 2808 8771055
1585 2434 4704303
1887 2515 697080
82 2850 8501067
571 2931 2684515
2287 2774 388321
339 411 596704
813 2505 24636803
818 949 113718
39 1081 5080112
1821 2215 1343023
441 2297 10098768
142 1079 4992563
1304 2789 8920149
2542 2569 179750
1567 2215 2345970
1184 1579 8856323
1099 1326 112
394 877 9806589
1572 2947 1572011
1799 2804 210617
568 2177 4006254
1066 1093 116
498 1918 57
1312 2065 18263313
137 943 1843171
1589 2631 2273751
274 2658 35887926
1691 1873 1888406
75 345 161313
744 1035 346658
1218 1397 18445227
429 1912 1223700
1195 2862 869241
768 944 1114128
390 1192 3027399
1144 1150 816611
833 1954 146
1521 2822 2608412
731 2354 111
863 2091 622902
1024 1758 1043377
711 2354 47972359
1310 2472 4838845
2571 2594 150290
741 1620 116
696 1762 6553704
2350 2664 1512959
1303 1782 34027628
1144 2469 416124
1283 2617 145531
396 2794 4811543
458 2934 4571345
2220 2927 4244434
30 583 1903327
1963 2411 3696601
715 1549 762647
1047 2699 128051
2202 2586 492633
767 1285 24626677
1754 2431 3270673
1778 1783 20499997
2082 2354 138410
2861 2968 1337
2251 2880 112126
141 1004 32240119
642 879 1421314
877 2068 10384268
565 2970 2709349
911 1577 13578671
589 1753 1556714
1231 2019 11364023
19 1047 40432570
46 888 6090899
1458 2291 3144423
595 1794 208161
1140 1915 1109
1226 2545 84
102 1089 569
1378 2383 1345905
65 2513 807068
1870 1955 533054
402 2315 123649
108 1122 219412
1115 2186 8244093
1903 2187 114260
722 747 147
220 2009 32385551
1064 1971 173
967 1645 2714551
525 2517 2769024
752 889 67
820 1992 12284797
389 2174 19185626
608 1543 10699886
497 2979 33342641
2141 2184 2924417
1255 2002 402046
650 2586 77
55 383 1466
439 1248 114
931 2584 49151660
2223 2256 9601951
833 859 18446315
50 2578 83
1287 2907 107
1632 1938 41724612
1713 2609 20969381
1399 2561 2177189
877 1790 19158698
1094 1939 47300442
350 832 18758983
2360 2382 218122
1641 1716 2941176
1565 2442 483865
152 2045 2206379
446 1353 15018445
208 2463 5314942
766 2050 595676
410 2348 130970
685 774 179720
2368 2511 344954
1191 1489 3839473
553 2631 11195048
1042 2416 124457
589 1692 192
1172 2743 13922594
1468 2414 49263275
2385 2671 149048
1582 1631 965799
189 1012 22725675
1405 2535 20809668
394 2055 13532920
1031 2410 14841827
1449 1629 5880851
687 2857 2429020
918 2879 857
1459 2562 24118265
1532 1635 696434
2709 2979 303058
900 2613 84
1078 1117 459829
1183 1341 270308
2557 2872 12156774
288 1694 23976824
343 2985 42477427
1465 1935 8096299
482 1272 761881
2090 2354 2322309
1609 2607 165542
394 1557 17715244
1 1412 7064386
644 2468 63
1319 2052 28776237
1778 1780 1263666
1145 1918 23386837
1217 2586 10254069
293 1320 102278
1488 1931 11567464
2116 2963 790971
806 1504 52
1019 2164 1016629
1401 2283 12962900
258 2506 78
2162 2988 44357087
1818 2571 113
590 1523 27953928
983 1221 113
502 1337 81
2484 2646 10212424
391 965 1464
104 1713 23049840
434 806 1206
523 2084 23027938
80 2418 204557
1738 2842 40012391
2 468 9415956
634 2774 394324
293 2864 161
292 844 1333292
290 1918 112
372 1532 15181604
1448 2618 698
1666 1898 5366606
827 1603 605675
839 1491 102
607 844 464028
1009 1548 16441684
1379 2922 164691
1218 1673 784209
702 1230 927900
1716 2366 63
1222 1334 305553
688 2283 84
234 2784 26279025
1682 2755 314013
881 2159 3770570
670 739 2861874
7 2825 193919
697 1618 124
991 1640 97
375 2564 1809868
2428 2628 18476793
2301 2492 3784201
967 1219 406594
53 631 23934842
102 854 5440833
423 2899 1950102
666 1547 1624157
1497 1911 2741231
1395 2773 18002882
1223 2269 125
529 2818 27337478
35 657 3952090
1724 2755 318299
181 1623 1433879
1693 2198 7388879
1377 2619 49492976
7 350 21448583
597 2566 132
169 1279 1430044
2117 2626 1434
482 1276 690457
1508 2796 5971423
946 1972 28533398
686 2115 665269
1758 2763 374116
1674 2175 289
416 1639 6047146
94 1485 614
478 2277 10452201
2023 2507 27539026
943 1377 870
1181 2909 1489650
471 1193 700816
446 1473 589
1295 2397 300713
185 1871 778
2475 2752 41783344
1058 2892 1962829
55 604 3546285
1451 2893 1857091
2231 2915 469426
599 1112 18309048
2649 2870 91
2429 2649 10846884
608 1603 10280668
95 743 11292302
466 2104 134583
100 2607 62
300 2936 6868184
279 1964 1254
938 2509 308414
73 2747 11638234
641 843 3316798
1226 2756 81
1035 2479 3453098
509 2235 5866468
1748 2740 2542721
1674 2402 202013
152 420 50511951
2035 2935 254716
673 759 125528
871 1171 211
374 476 13816045
316 958 395016
1146 1193 333783
58 1211 140
300 2111 129057
1552 2324 3132859
869 2643 17804833
1024 1244 8140582
884 1891 132770
664 2011 38729807
31 2261 224
1742 1956 11823778
1857 2924 25987600
843 937 151074
956 2568 267493
1347 2608 12326490
288 1265 131191
27 374 219
1849 2850 55
917 2180 671
1554 1650 354023
167 2294 1273804
1991 2858 6622405
314 2769 12229279
327 1750 332988
794 1895 21035485
1508 2631 116
422 1328 294298
1734 2158 73
735 833 1312378
139 871 164
877 2360 523918
1078 2182 5914120
1345 1830 258622
1725 2239 10006338
2025 2966 1351668
796 2989 503981
79 258 882
13 2316 2874681
357 2608 20076286
613 1258 340343
1030 2631 5326930
460 1840 29596037
2262 2642 388489
1010 2797 5121635
795 2027 351590
583 1077 150820
1101 2903 5594787
294 483 969740
1518 2942 185417
1456 2719 2181337
960 1793 96
1451 2609 372387
1157 1311 8276171
445 1722 2424076
1947 2230 2118637
989 2000 132
287 2158 16059910
756 2233 39627145
1473 1583 661
278 2485 9646965
386 2334 507878
1103 1806 249374
607 1763 114
528 1930 7597899
533 2744 247389
1669 2738 10336371
353 781 18216008
617 2847 4044182
641 2954 4643072
425 2215 535
78 2829 102792
277 2161 1180
58 321 6718835
958 2293 1196
730 1705 1299050
323 1638 48291597
922 2650 148
1828 2833 1372
2083 2269 4224300
1473 2771 389901
1661 2892 17063633
1145 2827 1135
388 2707 74
2499 2774 807249
18 1986 2251072
425 429 54
2142 2516 128138
1436 2707 126
2099 2309 219721
476 537 1693168
1651 2789 389099
192 1980 1147399
866 2236 255663
264 2638 884218
482 1085 177898
1356 1939 1864247
280 1133 9958996
11 324 788670
199 2672 4185870
2316 2448 9581790
2377 2859 21698214
755 1761 781653
1057 2096 169106
1485 2590 29599280
1604 1623 674
955 1754 104892
1453 2776 527496
2066 2733 4807552
563 958 130289
801 2213 654061
2483 2623 9678620
369 2333 1465686
520 2314 77
1517 2137 562519
1714 2915 2942491
413 1266 2303064
1012 2269 2780568
793 2561 39508165
1289 2882 13615530
26 2116 231919
6 996 1749378
1029 1463 622016
161 1671 25899399
651 2850 1052363
628 1406 20065728
330 1041 2318997
2071 2832 818876
2436 2676 4096604
606 2048 702765
627 733 10893094
1924 2006 89
191 1932 739300
995 1949 4959199
218 2148 54
1077 1951 241184
1854 2869 1470
134 1006 446093
1873 2832 181669
115 2789 2392197
724 2700 2187918
358 2854 242216
639 2009 172571
1523 1874 6598558
463 1497 2009987
1729 2131 1943678
1886 2736 1058
356 1925 6284932
436 1824 966219
584 2156 5514771
1965 2693 559686
1188 1288 936
1809 2183 12242757
94 1845 11811740
150 2812 1457
67 2370 3482334
2015 2261 1207
708 1935 158538
104 1846 2277608
1098 2495 35830972
2616 2710 857
437 1089 2356720
1382 1477 11353783
578 2558 4161850
642 1376 10816218
1067 2981 2305002
1463 2037 123751
825 2463 786133
1085 1855 102
1619 2984 6851454
2023 2805 879
1875 2426 6004469
35 2826 4794506
419 1965 6050248
2095 2884 709633
2366 2860 3219402
631 2023 24171846
2020 2047 1930570
606 723 245996
1977 2954 4019753
199 367 9969059
785 2618 235118
2784 2867 927059
880 2675 341
284 1727 404476
756 1660 1328055
809 2730 94
1655 2530 1204103
1633 2910 22977184
998 1665 1443177
53 2054 181791
22 938 2681053
495 1856 2253427
1596 2560 2494326
1345 1621 3068372
598 828 1111713
1740 2610 11224607
826 2335 67
547 706 427217
506 2275 137779
469 1306 303224
1342 2367 4340104
1831 2218 3407173
679 2877 15987101
225 1228 1382
1682 1746 33252408
174 641 11942109
2198 2979 6349115
1248 2175 262824
1990 2555 488718
127 2193 229961
1397 2757 3502798
2459 2852 462
570 2411 3017381
552 1393 2315915
973 1610 823
1050 2660 950953
2565 2668 1527037
1569 2251 14517436
1209 1697 23736600
620 2651 1763167
1685 2769 374702
1406 2493 1206
1818 2947 8865853
121 1614 48388523
436 932 213502
952 1653 1222
1303 1907 1532276
765 1955 4788151
1386 2302 84
434 2019 8800935
1578 2909 1395189
2483 2537 150152
930 2335 1270
1187 1489 370082
2413 2539 127179
904 1495 20134272
1927 2529 6285015
1124 2263 1428064
373 2631 2801100
791 2594 13031803
1487 1867 7745300
112 178 5440207
983 2979 1661898
956 2796 729491
33 2387 1454333
258 1140 81
800 1716 4724099
608 956 7686918
92 2427 16263650
1132 1802 12433921
805 2178 1465
723 1591 14321209
1180 2415 2677814
21 2660 10906774
371 544 118525
2213 2743 1123692
1181 1669 71
432 951 294163
340 1630 1393883
1787 2153 10788234
35 2344 38605367
1415 2807 47052881
72 1143 2874603
1769 2333 37057062
1806 2186 37114804
847 1152 16988168
1085 2396 2293430
1941 2685 1398343
1202 1270 892145
896 2713 412096
464 1632 11968308
1562 1900 1263
691 1751 1602855
1379 2069 1254
371 2032 130
227 2232 178086
1339 2677 41552137
432 852 1220
1660 2326 16113199
1705 2149 128
80 1346 796
542 1669 323773
1456 1601 2968106
201 675 21439958
1060 2385 15342005
231 1756 493015
1268 1361 1896591
1620 2890 213017
184 2156 350489
559 1643 2651265
951 2368 2559120
2171 2348 376256
439 1629 15427476
990 2683 45694684
1583 2366 9895122
836 2097 302327
1611 2625 31972424
714 1199 2545863
514 1471 17928006
1031 1123 23438902
1241 2294 147705
1319 1389 16039741
971 2276 6102730
1480 2647 93
118 1832 70
1084 2490 16598752
951 1096 31617034
368 765 23407565
720 1724 1195
299 1372 37837432
2153 2851 668874
544 1063 161
301 2944 1363
484 1950 66
946 2828 6507434
770 1187 5554906
556 2692 4478292
371 768 20802111
1086 2859 11463127
2079 2448 27028192
1088 2610 78
1626 2896 2273491
1229 2470 4689521
1339 2522 241
571 2764 13207045
860 2497 17825141
1386 1756 138118
454 821 1360738
1428 2578 11853531
1051 2889 6016579
236 1923 110116
612 2585 676328
1612 2486 6087063
2028 2476 4312897
1331 2020 41483670
186 1384 5438993
141 751 39113544
523 972 25577469
177 1180 69
1100 2754 47252662
1386 2299 14050541
2089 2270 224418
1126 2393 1506663
696 2324 374771
2752 2765 14705869
1029 1564 1198
661 2169 569800
1626 2390 364814
1568 2066 1880961
638 2802 248591
2802 2903 5720033
493 1488 60
962 1758 24042182
2192 2800 722138
1370 2828 6178649
161 2519 6900834
686 1791 126157
1237 1432 398039
635 1302 14511740
789 2414 739535
892 1681 48762267
197 1450 978244
1697 2150 472325
1108 2130 1809169
19 1501 7709715
268 928 9633997
230 2556 1437619
2164 2680 31041605
422 1389 173235
400 591 2460913
319 518 3641242
702 2501 18482145
1737 2143 3408493
402 1163 15137321
493 2198 136
253 2043 24020667
1495 2008 8045540
931 1480 47193996
280 2864 364232
2585 2870 542715
2016 2574 8120576
2645 2912 560
1991 2719 309333
2521 2738 463099
82 1968 150
1249 1930 5778700
243 1761 550
1669 2874 159687
1416 2550 105779
2519 2972 2979994
1384 2900 7288035
512 729 778
702 2734 366121
962 2459 29164508
1198 1862 1495
1013 2822 237061
26 2642 174755
1170 2780 184324
272 1174 103
1570 1574 1412292
1174 1599 310635
778 2765 8523040
888 999 8119147
2071 2601 11158616
563 2646 534077
1761 2978 3781391
1949 1952 166547
2506 2835 44116362
1985 2334 1311
291 2522 3071851
622 935 4417471
1550 2644 51075534
1888 2354 263184
2044 2605 134641
573 1718 195950
654 1921 8373581
1315 1926 376253
112 742 5871187
2154 2788 293136
523 1646 701269
533 911 19662537
475 1010 3084015
1507 1736 4415094
2243 2913 3066826
1889 2680 106623
1185 2406 908953
1766 2220 331
560 1438 1360
45 1299 8772695
1382 2690 23939701
275 424 2343823
184 2815 2945508
1232 1725 2430742
1186 1198 37477170
707 1774 1214539
903 1456 1415241
1989 2104 266228
1220 1775 787203
331 467 3754967
1422 1823 277
371 2152 48861394
294 925 259564
31 2897 261735
922 2237 263
720 2374 465614
1215 1756 4945554
2364 2418 110
1605 2542 14374727
1406 2867 1311
679 1470 1250
171 1329 400836
1878 2764 475392
369 2964 146
2225 2365 321893
556 2272 49825602
1143 1522 26036581
1619 2571 2519008
593 1029 2667559
160 1844 8898172
1035 2513 1358802
564 1576 4602676
725 2791 791686
331 1185 2736576
1328 1798 174135
634 2760 779231
772 2313 227875
990 2705 21672876
22 1646 297876
1273 1962 125010
538 1383 172101
1025 1853 269259
191 2894 6854493
1025 1167 10030959
926 2587 1987732
134 1874 780
1136 1665 12176122
770 866 693
906 2348 12364884
863 1519 33582787
1476 2050 59
2147 2295 13781711
760 1789 461222
573 663 549
1544 2984 10397612
504 1027 1206
1020 1677 510586
179 2838 1412
63 1923 1698138
1335 2133 144313
1194 2305 976367
620 1680 124173
806 1140 8922559
329 1440 335198
1427 2535 142
664 2347 1078
917 1118 559432
972 2854 3037798
3 2987 257066
126 2447 40824739
298 570 119
85 401 1818373
192 2552 16923111
1929 2908 141912
1303 2763 3881221
1137 1981 211894
2059 2549 301437
742 2749 379069
546 2347 6564833
693 1022 401276
646 1386 5483703
201 2906 151675
61 2255 232872
1668 2348 23322630
632 1657 12679399
227 1946 1320070
1267 1711 4127221
1142 1795 6345860
551 849 23920209
419 647 4770997
753 2733 340424
527 1133 11734555
340 1815 20674121
1733 2462 443
1912 2251 601522
165 2807 63
1064 1339 393993
1510 1903 10330368
509 665 1006
725 2560 1202
1144 2559 698870
401 2778 8875370
520 872 135867
1338 1706 945008
78 1568 1353718
1578 1862 1454121
216 671 2952499
1339 1361 1194710
1075 1107 641
148 2709 50
334 2193 133439
2320 2480 374109
14 297 3558013
175 245 38152150
303 2116 163247
1020 2911 3698696
1150 2942 1871861
1448 2618 114
1678 2396 1418957
136 274 7348916
235 1019 1352
1594 2601 68
2124 2726 819
544 669 2121698
1498 2294 944507
735 1851 2774468
1310 1983 409350
86 2651 108
2048 2367 3796860
976 2804 4158546
182 2074 4917410
1979 2398 44754284
101 904 562077
176 377 16246700
862 2114 982231
1036 2676 65
1547 2409 106
1588 1998 1999375
863 2695 1295
387 2304 38721913
1594 2694 95
1944 2323 177706
858 1111 450
81 2256 82
42 318 130
492 533 106945
234 1320 3676253
2786 2924 13240101
1956 2704 412
1638 2679 898348
131 2908 53
754 2343 12516402
461 2812 737
447 543 4796854
718 971 3903497
1967 2223 715260
796 2204 374
1311 2217 805726
1116 1269 828
642 1683 3509388
2518 2695 29276629
176 2941 11693806
1702 2706 325
902 2768 3016923
585 906 621886
1243 2248 32615288
878 1407 1255702
4 2757 229625
270 723 5107075
2097 2607 120
408 2355 699823
87 2293 46715242
1029 1470 112
528 790 158142
2280 2394 6729706
1600 2548 10347569
644 1632 22147492
563 2799 1580051
440 1119 30263985
381 463 282547
1097 2950 12408553
2349 2968 83
1270 2494 845328
1235 1819 13618709
763 794 1009173
1178 1186 801
2265 2274 1372009
916 2810 26334262
1140 2160 18671337
67 814 715066
1012 2166 311534
520 1603 13812273
2178 2231 165426
1207 2710 131
476 2628 2256842
1123 1480 178923
717 1510 31791096
244 1558 1364959
569 1231 11107883
72 1884 5064259
1948 2153 33225504
872 2585 14467174
1072 1190 17965094
2313 2755 2049093
2244 2840 164392
906 2947 41277415
808 1327 650243
194 2162 3384369
198 367 8102836
1966 2487 792106
442 1338 428594
833 1754 3192078
957 2677 48484375
222 2984 178311
2564 2781 895697
4 1870 14670163
2082 2647 102918
436 2427 489937
916 2274 1921448
349 2699 21631746
775 2024 35344982
1204 1916 20816622
827 1060 990413
610 2705 35781629
2273 2419 19770710
339 2794 406634
632 2669 126621
794 1189 73
1059 2682 272588
256 1174 830
1698 2171 46349969
529 746 35368202
2728 2954 75
633 909 245600
386 460 1718598
2811 2912 1847881
1155 2546 100
1597 2217 589989
1204 2556 124
693 1340 47520082
583 2629 1073441
333 2495 131
801 2964 1185296
2066 2360 30696018
44 804 972165
1052 2692 4923974
1477 2540 1470
1070 2420 492
320 1061 1223
1868 2944 1533378
102 485 330289
1663 2086 5044625
1548 2286 59
1770 2201 304735
1090 2297 1142912
874 2437 9985484
73 1637 13123209
1657 1832 7172165
478 2743 949845
1065 2109 8786696
718 1734 3949919
749 2014 891
1718 2923 3786323
1446 2142 18218937
2097 2721 328975
2273 2369 16367211
2268 2838 5781666
514 2527 16646448
492 2619 284980
96 1294 11969474
2410 2742 17798338
398 880 599131
1265 2542 2920717
90 2609 1285
66 1966 30165392
1462 2346 119
2462 2803 1489699
640 2811 2022224
1793 2842 620506
954 2242 4502974
462 495 136
1049 2757 1455300
1238 2961 158021
711 2819 181183
1398 2954 448
96 2736 9600622
788 2946 316177
335 2131 1391019
956 1728 55
373 1247 4987765
570 1834 50808955
197 2950 85
1367 2474 197429
2105 2589 141
451 2008 289948
847 2241 345
1495 1976 549740
1017 1043 1042
17 713 624756
2035 2616 68
2 2855 1755848
521 780 11263543
183 2907 1898998
580 883 2426700
346 951 694
53 157 8921218
1920 2042 261607
2056 2516 106
272 1085 4006698
1667 1981 119719
454 1649 101
160 2706 103768
591 843 2075320
412 1186 471696
2026 2450 279909
762 1009 4951997
779 2569 4651818
67 1848 130055
488 1765 636079
998 1613 855510
414 1144 895745
473 2317 3749788
1419 1684 120024
207 1436 20522299
393 1961 110245
12 1428 1446722
1188 2341 12295479
1680 1879 79
2244 2896 131
651 1293 1348
1007 2424 708602
1167 1185 20462494
103 2918 1244526
252 2606 2186078
342 549 39639504
1130 2787 14597309
1117 2054 527001
1439 2416 3053385
2466 2770 314614
1525 2540 4054857
1655 2189 4305710
201 1288 461937
1131 1647 7169500
1331 2259 69
1208 1920 157860
697 1713 48132579
118 628 2375169
667 1240 4045640
611 1400 1737369
650 1828 634
210 586 281
219 2945 1220195
522 2708 1490
754 1438 916704
1471 1618 453042
130 2243 4341270
228 1234 240
2040 2421 326952
1349 2088 9520531
220 1960 13532339
1795 2797 5070605
9 2981 8825036
252 2369 162749
610 2251 1103680
586 1646 7473372
1368 1902 56
429 1999 114
223 1814 3262031
759 929 1277
189 648 259461
1720 1802 457494
1569 2502 190651
92 2540 10249808
636 2738 27878415
2065 2701 314
439 2513 3599632
51 775 1149147
363 2175 219469
1368 2582 99
794 804 2903453
216 2940 143807
1220 2895 2673955
457 2798 6299642
1541 1861 13207288
199 2041 734
709 2128 169904
667 2650 85
2033 2975 18707698
1948 1997 51059318
437 482 100
153 1024 100
423 1828 118641
1279 1538 214643
2149 2253 394387
1749 2600 1937987
889 1388 108
1253 2931 1440568
1435 2327 120
2114 2308 614
679 2424 525589
740 1798 102193
20 2125 147
2273 2830 770866
1416 2184 1237504
369 1538 897
134 793 737401
1928 2291 5076526
820 2770 5449023
2158 2272 1283457
325 481 17937996
1033 2273 10437488
326 448 132
290 435 9953922
732 2333 3202193
2789 2800 2999967
416 2386 46948588
1735 2076 10633120
83 986 5445120
649 1810 1300267
1005 1641 46305859
150 1636 111378
2112 2332 50969722
912 2065 717871
1633 2250 134808
230 1847 4885356
39 2749 103
899 1570 249599
1088 1568 696609
994 2937 112020
1698 2489 32838430
953 1685 40666340
1807 2738 45632190
398 609 3131983
968 1722 9820694
635 2239 5668194
1051 1867 1210
1143 1497 5771127
1192 1401 2787358
580 1136 13986275
1481 1650 525618
1558 1745 8226309
1446 1698 199913
2039 2686 109
593 2090 50
693 1878 21912423
1265 1605 507
1886 2389 1145461
1943 2976 3591332
1347 1364 3265541
1721 2835 682925
306 2780 3355067
89 1484 7828231
44 557 22378927
487 848 142823
1660 2266 256668
618 909 111
1607 1683 170286
1349 2660 421376
2067 2555 711
487 1446 905242
1135 2483 187351
1801 2612 1126
893 1676 382346
514 670 3068420
1825 2188 13626564
2009 2841 21500989
24 2579 610115
9 1019 185884
763 2706 112241
2137 2621 4409421
446 1960 235284
218 1464 14994918
922 1064 36468201
116 2649 1567737
235 2214 6124529
556 2260 46764821
1260 1481 9446148
1364 2878 118824
571 1490 184485
614 993 890549
2139 2612 6404610
1310 2784 32608582
1484 2915 4382424
1 2989 62
1076 1400 43766868
260 1045 82
377 915 85
319 1859 299291
1549 1811 613911
500 2427 33753016
323 1062 527025
322 1267 376290
2274 2460 1598928
436 2354 1413414
192 1102 18215136
2240 2584 3921077
461 1272 201
1061 2001 5527419
924 1662 2500724
99 312 4049419
2450 2772 314273
1558 1649 1041604
709 2384 1096
340 428 148745
910 2266 29674467
425 907 1092422
2177 2351 44704067
475 2685 182954
507 2729 103337
267 2657 9348460
190 2086 281416
2404 2543 709
1360 2006 43456441
901 2560 458185
588 1800 11346504
55 1216 585
561 1057 772412
1718 2770 5197777
73 205 108995
1611 2405 14742513
1342 2256 14003235
687 2735 47583473
1241 2702 8459884
840 1938 105
1733 2139 701733
715 2961 125806
922 2291 1702759
1855 2265 56
433 943 1457
254 1160 225702
1530 2509 48386747
275 471 3698226
450 1064 87
439 2003 2734857
417 909 785530
281 1956 120
1537 2597 4965858
37 1300 218072
130 2764 931373
888 2782 30898069
1052 1524 1080480
777 2417 24067500
742 2164 42682438
5 2985 50245178
1104 1746 108
152 1136 141318
1456 2376 1282612
1978 2877 3535213
1843 2630 190499
2055 2570 917
1455 1931 891
942 1959 62
61 908 589013
282 1769 497041
462 943 8106664
1440 1986 2682082
458 2240 39896367
641 1836 35469959
1566 1864 1412
113 1462 2301711
210 2756 144514
315 588 5466311
477 882 259156
7 1309 5139683
713 812 146650
1048 2707 1039
1028 1935 592786
1398 2342 30750236
728 2112 2960083
61 2141 43125433
1347 1845 12514872
966 1564 696318
373 491 470161
1950 1978 356163
207 926 64
796 2988 12605946
1305 1780 2569337
584 760 525455
1079 1638 13452259
961 996 1186736
781 2295 591
1054 2382 245107
1267 1274 4749075
1567 2632 752674
843 2216 50752020
175 2800 11517089
103 2241 386453
496 1362 697225
189 2784 1738454
953 959 1072035
714 2093 98
813 1262 4080591
1534 2961 127
485 1859 314263
1490 2180 31349839
748 1010 329552
2554 2792 143
1773 2311 14940442
981 2403 1568387
265 626 45862889
1717 2975 388
1770 2472 27647031
767 1804 607575
868 1417 106310
1442 2402 31727073
1253 1886 18438986
919 1539 83
1097 2939 776563
377 2390 191651
406 2507 2287364
1544 1819 42589790
1157 1939 576743
1540 1854 1575070
199 2412 1817722
473 1900 1730047
1178 1951 831165
273 2041 7071911
1958 2954 37901341
1820 2968 190373
579 1013 643019
660 2125 927
1267 2733 5380831
997 1417 2253537
1611 1847 447911
1454 1491 413
1850 2608 937183
1546 2121 3011359
1499 1765 8139761
2079 2739 369515
462 1434 43153642
341 1215 195534
523 2562 2711827
622 2304 106
112 532 27789565
717 2762 56
235 2727 10392285
702 1773 124255
378 2171 321839
75 1958 20615464
1622 1744 794
1256 1345 163393
1255 2796 993
1282 1717 24510779
229 1569 354624
266 415 49513834
1332 2685 161782
2590 2605 261230
1590 1977 12241228
2372 2913 24373686
1831 2321 276682
28 113 149
529 2628 380630
1579 1965 219408
53 2430 1379
441 2968 272465
395 1657 4479007
299 1740 744
2007 2298 67
631 2408 57
2221 2368 477070
5 1427 1224
537 2548 538590
525 1161 8743258
242 2863 157099
1130 1193 1141108
2433 2781 219878
735 1681 324691
1460 2107 5214862
301 1720 102549
1790 2818 12277493
945 1918 789289
364 1275 8647043
1037 2980 39557413
2452 2770 525
750 2577 594
1379 1564 3789236
1643 2480 20701602
2931 2984 349737
1484 2521 296727
262 2949 312858
698 1338 3052687
126 1716 725
1051 2897 14738224
1342 2207 40735400
1211 1462 6602212
260 2166 2978138
152 1099 384824
997 1613 964
1066 1537 15105928
920 2813 1404597
424 538 328663
233 2348 560540
1966 2169 554373
528 1934 2516171
2235 2631 5471269
669 911 164539
1294 1689 682561
310 2373 653734
788 1296 43511125
2911 2976 2174621
995 1620 114810
1539 2253 4933919
1239 2725 66
2150 2940 4817665
1831 2070 9990345
67 1483 2861170
202 2474 47480018
2543 2958 2089396
1180 1667 8254301
745 1201 40732006
2039 2074 17635042
701 2888 345011
1098 1249 138
1303 1794 297704
15 1298 4897639
14 752 26509386
1144 1306 160206
1170 2258 13391482
1180 2946 37763487
2752 2843 388579
1165 1707 140
317 1836 311757
348 1478 15960283
940 1300 1205629
455 1310 6777846
97 1004 672339
209 415 746137
51 2439 24186513
1362 1493 1255
245 460 14961630
604 777 132318
1866 2317 550961
2658 2876 529816
1106 2665 7818777
1508 2956 387
671 2980 141
1617 2808 103
98 209 122706
407 2781 305677
2278 2866 50
548 2390 1634465
1103 2833 2495980
147 2365 143
821 2969 460053
1235 2538 1439201
2635 2971 2281541
672 2039 615188
934 1766 311988
176 1976 3240436
1040 1467 120208
1629 2656 337294
1495 1773 3338968
369 1674 338944
318 900 41715945
2540 2727 1509871
877 2758 34478259
242 1530 5682282
1903 2532 1567906
1566 2724 2475874
322 2267 522
478 951 134904
1039 2551 73
1731 1791 20806012
100 1405 207254
744 1868 37668247
1277 1429 100
1544 2197 4078686
1430 1987 110
968 2447 2501305
643 2144 452135
767 816 5696498
107 2385 624
461 762 5797181
61 1578 5956969
706 1524 1258135
1771 2972 259377
853 2949 6048178
605 2774 354192
986 2284 14866633
852 1759 423700
970 1882 34073651
548 560 962690
4 1328 2720935
939 1544 2089524
546 2613 96
314 1366 351
144 2221 232
707 1575 687212
1075 2044 33832087
830 2246 1229
900 1937 605
1019 2135 41542193
1540 2523 38649234
300 2633 30024839
2281 2842 78
1338 2982 9073049
1537 2863 1541242
87 1864 2857503
503 1505 63
807 2763 58
750 2425 37322668
385 2036 577453
575 1347 126
1833 2364 127598
599 1811 1488
1769 2588 114
938 2739 506581
2070 2291 473807
2286 2336 147708
1226 2575 77
271 2698 772228
1047 2861 1133
1238 2203 4045698
878 1698 478880
439 1595 570349
30 1216 116
166 827 1438141
905 2367 32688348
557 1996 1377
780 2279 18708121
815 2553 55
46 1453 20613741
683 2753 313051
771 2191 105359
184 2377 61
172 2369 12736628
51 863 1473
484 1150 3282733
401 499 1162997
659 705 1337
1505 2652 4483682
639 2256 47829024
408 2345 14671502
2338 2584 578695
2308 2681 888848
1328 2088 70
1172 2262 62
374 2482 440064
847 1569 1173339
52 339 12434084
13 1514 40927754
790 1674 119
2261 2473 2773010
1452 1752 33856268
1127 2201 109
688 1786 666912
1188 1649 1756146
540 922 766367
1430 1879 8505796
120 1640 179184
408 2715 2971508
933 2897 595932
87 1265 79
2699 2949 129567
9 481 12312942
2186 2372 23856127
604 1729 10404371
365 2511 1537163
104 2698 13600346
1430 1702 411608
619 2660 1585625
587 2174 46799403
241 1947 2644572
655 2523 451071
2620 2752 517009
1333 2713 176109
613 786 1025
1867 2637 353750
1866 2365 12327177
1433 2464 175509
2441 2573 12786680
45 2943 40050063
889 1600 17736119
1389 2946 2815976
666 2266 31331329
522 2040 27585052
2499 2737 4095246
756 788 4607122
845 1366 1134903
894 2791 93
485 1854 706
2361 2460 365904
2252 2432 2482762
1615 2801 191734
413 2059 949
1284 1492 277
653 2877 14087510
553 1431 185272
1524 1912 1237
2456 2742 120667
178 1234 1159
245 2671 1568049
820 2188 860792
423 1856 171222
240 1269 46521253
2355 2622 406564
1071 2865 12143325
742 2570 140
1509 2301 43035543
645 891 99
505 2083 645393
316 2900 20073731
85 1742 2377293
1167 1336 159
2791 2933 508427
1735 1811 170431
89 1440 1277881
828 1671 1635632
720 2631 105
220 299 20956647
469 1277 14899163
1482 2668 1817610
1157 1400 212283
621 2831 1502645
100 2584 109498
854 2037 165305
604 2726 663479
743 2168 5612095
1701 2275 1199711
1383 1623 2613149
587 1651 46136625
20 1854 19931932
1194 2143 1046762
1766 2302 34598435
512 657 16055313
32 1686 107918
2146 2936 12575176
1462 2233 258270
2737 2830 670
233 1151 130180
1975 2475 8243354
261 2474 1070872
1593 2068 1627948
1549 1803 627
378 1255 40410671
105 2446 12854224
511 1633 188664
600 745 3262154
1907 2729 5423495
1231 2934 237595
5 1869 668185
2816 2893 3649276
1313 2177 57
555 1519 2550661
64 2387 4374770
1011 1490 510265
678 709 14276285
66 1827 9284949
837 1297 17688623
1722 1939 94
1646 2404 3198384
2170 2421 156
2201 2888 2447789
2226 2828 551763
4 2986 77
415 2856 682911
1162 1852 252
40 2485 1004
618 2805 1314658
1117 2788 7479327
2363 2860 149
191 611 118
228 1479 5626259
96 682 2826091
2051 2571 554
304 1599 678
2023 2276 5482948
7 2983 991569
994 1510 1438935
1662 2012 18770556
1392 2149 417650
2808 2860 7742612
339 2241 839736
2517 2661 124287
29 189 259086
870 1161 23651283
2247 2841 54
819 2855 3247281
803 1122 144122
668 1323 297803
377 2086 410390
1976 2224 1911394
1571 2142 792664
830 2763 9495677
627 2779 422553
491 1044 6137817
529 2904 176463
2479 2567 2541931
415 2013 32552425
255 2856 262941
485 495 115
1064 2853 78
813 2841 452209
53 2161 3221734
67 2260 15622284
680 1591 148
1327 1911 1329709
1783 2486 1870486
993 1857 179628
1550 2892 1178246
1521 1970 31560488
1738 2429 10256411
1663 1947 17497372
918 1848 429131
801 2512 55
1141 1176 54
1606 2393 306931
2038 2305 32426430
2572 2857 587215
918 2123 734652
625 1192 19740322
524 2242 152078
1818 2819 13699531
760 1151 89
905 1238 477604
1704 2062 18620064
1921 2445 264
1280 1457 2165858
1878 2243 1778434
1196 2334 578458
2046 2367 950582
780 2459 389757
1037 2641 3104694
973 2753 2757339
1171 1428 376471
294 1783 101
855 1929 1294
304 2383 5689338
1972 2075 1362
798 2279 26277425
119 2299 191305
82 1938 852
1566 2482 10010405
193 2670 4341827
467 1251 97
1649 2763 272303
581 2324 765
283 1003 185047
221 1564 953
1069 2137 8710636
280 369 167616
1507 2602 6562209
1937 2015 27194865
2463 2844 22108916
2057 2985 48396144
1127 1197 33095646
1388 2786 4111277
1534 1769 3156557
1087 1333 153913
945 1882 634
2442 2701 681509
2333 2934 8277598
1789 2906 2021159
1226 2531 74
1172 1282 600410
1429 2117 775923
1444 1964 6230864
2128 2519 204644
837 2215 112445
537 2318 266
988 2246 512213
1410 2926 197110
192 1705 677055
1094 1454 589310
1445 2321 1757738
1110 2125 7694559
29 2869 276
551 2532 119
194 1536 885
983 1004 4288629
1534 2509 2785286
1237 2016 203038
899 2170 1272
1821 2095 1098
1669 1823 123978
484 2542 9176071
457 987 425435
87 502 5358192
2021 2576 2938770
155 736 19406268
258 381 72
302 970 47315608
2650 2976 856
511 575 1376950
179 1857 123
299 2038 62
1227 2191 134
1321 2936 3037242
279 1019 16018695
1337 1512 64
2152 2987 8342118
1841 2556 17970276
35 349 883202
626 1868 925
2016 2243 42217451
505 2186 3832548
15 691 3324949
1402 1761 4370743
2870 2912 13808186
1218 2447 5092988
540 913 138456
950 2139 365654
2309 2837 485168
496 1793 1606993
1629 2114 180718
374 2108 124676
151 254 733692
703 2653 1393869
621 1668 104740
1597 2573 2201940
1296 1497 86
1755 1951 1502632
1170 2362 37846669
35 748 406617
428 1492 126430
443 2261 358507
663 1628 26666949
69 2641 3106062
1412 2102 140500
668 2736 504098
309 1620 453558
366 2514 545590
245 1807 576257
596 2115 410865
1981 2613 22952829
455 2026 31667769
1401 1971 1143631
1389 2055 27451921
1408 1450 1785160
729 2778 4046850
2487 2926 8055416
1584 2234 648521
1229 2853 349138
1721 2430 10012230
753 1163 20292586
1776 2563 53
435 2460 1425483
1133 1334 6272401
838 1730 51179866
1691 2401 218729
725 2021 567
740 2925 648390
1887 2199 5848710
1655 2666 108
1392 1745 322387
32 2489 733
34 223 3900644
1285 2863 37991187
235 599 2107400
801 898 10868092
401 2910 1364
1119 2209 372973
1318 2560 4042391
214 2843 8081760
2368 2653 410782
2166 2610 2996214
402 1761 6639606
741 1997 33593443
1278 2460 134745
1914 2493 17193182
1371 1600 3351672
1224 1351 138875
1408 2128 534
180 1294 4381471
1457 2248 74
2321 2928 124685
521 2778 25867553
1154 1504 37846853
2484 2704 765763
804 1391 9178677
1470 2515 5031273
1704 2189 51023677
150 1508 19783188
277 823 98
275 1122 3084278
597 2355 11007698
356 2040 1260158
826 1661 132761
1500 2366 138
1902 2714 7816927
1988 2940 615283
583 1933 35555128
1250 1256 2213265
1790 1825 555350
13 77 3067496
29 1235 110
763 849 187894
25 164 440
932 2065 101
446 1755 143647
1925 2103 42203625
1201 2902 24808094
59 315 773722
1306 2732 1379
302 651 6313052
838 968 2847442
463 2756 10684207
2326 2336 138
2367 2561 81
1568 2412 45588672
1346 2129 50815360
302 2934 1091342
614 1631 4316911
182 1526 395457
99 763 1294136
1981 2663 261
1679 2702 966
1509 2497 191
207 227 41502540
1235 2907 663933
6 1457 7275019
1243 2118 860009
1315 2559 785352
29 772 990
1531 1583 49047277
605 2971 853309
1933 2902 110
580 2058 3768664
1995 2533 107
184 1336 671
1644 1859 1171386
1566 1761 9539108
2502 2589 2330703
510 1731 2277121
610 1524 326933
73 136 1031
1665 2078 167108
461 1662 139
2325 2388 104952
574 1061 2903233
264 1209 2069578
380 2604 510219
1868 2961 5431273
1801 1878 32535465
1430 2185 18304563
640 2047 41536242
2167 2227 21857059
398 1893 827
603 2111 63
536 2424 1030
1279 2396 16480808
712 1879 1074640
768 848 733696
1319 2055 10914090
632 1229 15366284
291 1507 12486173
107 2670 39104676
221 321 978942
125 2276 2325016
2014 2835 25986826
424 2030 127
600 2183 25840970
2 1222 1741946
1392 2385 6256453
1746 1920 94
911 2935 6243278
858 1658 2272804
126 1663 1267250
1203 2900 11129649
8 2982 44679719
2687 2713 14111132
178 1422 727729
7 2633 1694363
774 1928 521484
331 623 24267775
1598 1912 125836
1702 2362 1050075
468 2540 263095
1479 2905 137120
1975 2695 222581
2154 2625 1323
156 2937 92
1035 2691 10629818
1717 2882 110
1758 2059 298990
832 2485 314617
1805 2213 9564214
121 1060 14015409
889 1974 1736531
608 2017 274111
678 2304 1434798
1137 2449 2551350
176 1939 1164459
1388 2376 739107
1702 2528 2575612
993 1106 5572931
1922 2144 10862963
487 551 1744652
1333 2109 32589953
1626 2723 1264800
562 2447 541945
68 541 184427
588 1458 5359180
666 1772 569205
39 737 37429387
990 2235 2327006
1535 2606 360139
432 902 10248530
51 473 389675
306 1835 1363
1534 2431 51
419 1206 1461577
89 716 5215881
576 1060 16368504
1114 2272 585974
1957 2184 1526958
1295 1746 754312
394 2777 146
603 2706 208225
629 749 198384
1073 1721 774
1628 1703 132
1145 2622 14668622
995 1890 862647
792 1465 163642
927 2915 2397792
1045 2395 2101420
1718 2224 58
1551 2190 12086153
1145 1221 26988274
81 1185 41069126
2126 2277 20928298
1084 2566 18621834
773 2848 172527
1847 1853 4402685
759 2453 1385690
156 2338 34925624
1071 2629 21461728
160 195 1507641
112 1235 350681
495 2828 9164146
889 1769 5204335
45 1351 737773
967 1645 9551461
1536 2367 631259
1057 2201 4031993
2407 2482 2308810
2029 2078 5143564
2045 2913 372372
320 2500 7557640
1483 1877 1481249
2245 2714 5298106
1351 2186 1219703
1044 2109 1324
1429 2278 2503561
540 1954 3147708
867 2253 4843312
1237 1657 1330953
903 1242 17337110
75 2013 2563047
443 2766 1025835
177 2518 95
2180 2679 348438
1148 2929 228956
145 1290 246966
416 2797 10040180
791 1514 2851488
305 2456 10473947
1195 2352 305709
1222 2368 133627
269 442 630379
236 1093 189058
88 1257 8538016
529 2668 110
2605 2652 5617537
2444 2683 66
2412 2764 104
2481 2928 2223038
1493 2188 124
1800 2856 7912098
1373 2019 911553
585 1063 2911648
63 343 4928545
1023 1381 143968
990 1313 186101
1298 2406 298566
1320 1972 43370137
1263 2339 2865255
2066 2419 14033966
1486 1561 948
1984 2031 369133
1809 2047 18361473
1310 2822 30647935
118 2108 40355755
496 1357 1231147
701 2903 77
2087 2302 1224
1832 2467 864
36 2864 23137332
1140 1898 41819365
1661 1771 2021270
898 1789 1320139
984 1572 43051104
2880 2979 2165007
2167 2265 365
662 1445 1297
1270 1423 389370
259 1021 128
332 2168 110209
410 2720 76
837 2101 82
2343 2711 540252
283 1020 36942386
408 2517 68
937 1713 21142224
381 2399 3773835
530 2816 695499
1261 1416 1573445
2475 2907 375582
1710 2238 95
1547 2627 1423
339 686 10386505
109 1071 1253
1148 1379 631708
2650 2808 457
646 2901 36903288
2661 2962 408692
526 651 323
247 2429 1317
268 670 15981375
655 2501 15107003
2144 2584 4279487
1320 1551 754
1230 2324 21135475
1401 2639 30937491
46 870 348016
1293 1635 10471540
747 1665 27102762
1275 2898 4809820
1039 2065 9469121
1000 2854 25263591
260 725 13332812
952 2206 6732459
996 2199 5445120
1064 1487 20397663
1462 2817 1064467
628 2466 4514560
1977 2281 26778516
1180 2122 514229
318 1587 227671
47 2106 147
2211 2214 24869440
1118 2868 4632370
2303 2381 21609217
1833 2787 763323
1311 1530 357
11 1891 26728067
869 1240 2473245
1250 2495 368366
638 1085 23963395
741 1909 9811230
1251 1423 954228
2328 2648 13009941
762 1544 180635
1783 1946 448554
2305 2586 108236
1857 2659 4735413
40 2766 874
2051 2936 5659027
485 549 2257813
778 2503 167157
665 2739 56
364 1974 450178
1323 2908 3102508
673 2794 1120475
1103 1939 807485
2026 2609 65
1175 1207 332654
1989 2588 21698328
1002 1811 4753247
2003 2363 390008
961 2526 2676625
853 2892 127940
150 1297 106285
994 1930 7284124
1011 2514 855
1657 2117 877669
1262 2010 21571735
1257 1762 1087238
649 2943 2044885
384 1063 874
813 2344 379027
249 1172 19662997
2539 2563 49805648
520 827 452620
231 904 73
1216 2083 1024
1437 1542 255659
1496 2898 39348037
85 1232 1840626
545 2732 194396
240 2940 20293595
67 2188 9053951
67 1281 28774235
2353 2367 694518
436 1378 11807004
310 2050 120
1349 2380 141
1501 2423 112582
1221 2803 256308
445 1008 111
1001 2590 12528273
894 1822 149
806 1837 12520152
1447 2820 275
1508 1548 129
1323 1330 3531935
1154 2610 1401
1000 2310 1378097
737 2901 343045
2693 2969 2389812
1340 1793 4009015
1861 2923 1189
37 2842 18374399
1802 2352 25027048
568 2833 464108
2394 2957 996
2027 2715 26696231
1785 1823 299120
428 543 105655
29 2060 258928
42 557 472
1446 2085 152301
2195 2929 2389354
499 1532 1376
820 842 1324
79 1069 581922
1588 2714 20267786
588 2350 260903
2209 2548 501259
358 1704 154180
1137 2738 100
2383 2960 512345
1166 2693 1174408
687 850 22549618
2140 2981 28134426
608 2842 682784
823 1515 31672717
246 1991 31039342
2256 2687 4759149
751 2684 1582481
1263 2515 130
1100 2024 1406510
1109 1963 10539319
1871 2116 148
666 2815 5895365
64 2625 49198213
732 2396 5544988
1027 2485 2256992
1312 1476 11234352
1192 2169 177029
1453 1884 9271405
2300 2369 2058085
154 2176 324859
10 1459 2170366
810 1101 10537097
311 1329 202367
431 1985 676469
1233 2309 1561819
52 1050 10442325
1 2337 90
1778 1783 650853
1460 2475 2080056
906 1049 4133405
943 2572 1078
226 1407 107
526 1665 41752735
174 2799 2554523
369 919 2568113
388 1461 967585
386 456 123216
1903 2119 69
600 1329 752863
2608 2628 37485294
325 1790 23792603
1583 1867 85
1049 2845 268076
778 2904 130396
570 1703 422060
1689 2429 649633
460 1609 133721
959 1183 1200
301 2705 141511
200 1735 9469985
488 1684 366
1631 2694 111
1724 1833 369
984 1481 463849
686 1439 125
450 1846 744749
2134 2717 804011
2592 2642 40032219
930 2391 83
2738 2862 2448124
1500 1535 29611841
1006 1187 2481895
1013 1596 476
1675 2365 42002627
14 2551 26182682
342 2948 118
257 792 20023849
1095 2590 811
280 2261 3435424
50 115 30431837
691 1904 185039
2232 2312 408
630 2605 952555
777 788 197822
314 430 1272848
2292 2950 6966586
182 1825 863534
1464 2373 200587
1119 2062 11157915
2466 2770 990
1404 1445 3645364
642 1812 8790046
94 2877 45712970
2829 2902 4839686
177 1761 6158257
1307 1854 365815
740 1738 360
1881 2610 14179335
822 1421 14762004
521 1547 150
1144 2840 2606458
1401 1997 2470680
622 1908 1885015
222 1223 186160
1940 2196 172151
656 2252 1042407
25 2628 2402500
287 2854 262614
1886 1922 27333087
2328 2596 12604680
16 1354 704990
1492 2980 354
36 1392 3699127
479 2633 21550872
522 2302 5986104
1629 2259 235528
2071 2102 142398
37 577 82
2255 2458 657
955 2615 2701290
1369 1926 21469377
1657 2106 116951
927 2784 861911
612 753 7935869
681 2092 9982133
1990 2003 607391
770 1750 25661067
1312 2441 288212
807 1537 488522
324 1985 7825119
2031 2745 692948
1135 2321 83
199 1058 24921095
515 1242 1847083
25 233 10119876
1453 1791 1397454
299 1489 148833
2120 2128 1713864
228 1856 34590385
1675 2214 46860387
698 780 113
1581 1942 380036
300 743 1335206
305 1136 1486633
586 1401 192974
1095 2300 4977279
267 269 81
686 2109 14041311
1285 2286 43385363
1 1079 618338
2325 2979 236484
17 1372 133
1339 2093 2501893
1118 1395 3077216
2371 2831 7944969
442 1518 929
698 2702 787957
1389 2264 1072662
1221 1743 201056
322 1689 502412
1065 2346 42922224
1317 2284 108474
221 2071 4845748
743 2943 5519716
105 2941 15506875
40 2431 30187546
966 2748 1443
1738 1855 170722
706 857 287264
593 1609 1449
2144 2788 128287
856 1371 122
1582 1904 8085692
261 904 471258
733 1268 18765311
338 1384 747
696 2135 120
1689 2748 2815503
533 2515 5336091
830 1538 3837047
1032 1494 22281383
1981 2557 3344905
2439 2970 29844265
1778 2214 42538493
1523 2216 289844
1211 1534 836
338 967 457053
2009 2979 400182
676 2099 264321
702 1543 23862568
368 500 352
454 1522 31417821
633 1341 325
1107 1678 33067275
360 1767 261714
910 2764 7774328
1522 2812 2744639
2 2988 398737
483 2975 120
734 2106 193247
827 1397 48498161
623 1259 1189
1439 2386 44100408
769 1115 1353232
790 2896 148
2489 2862 47643224
1807 2878 1397092
497 1763 137
1701 1996 15354232
490 1994 7915076
420 2444 81
1504 1972 270012
1556 2520 233499
2324 2372 349
1251 1784 411
305 1716 43950091
980 2083 91
1635 2742 821
75 2160 1722557
849 1432 176509
520 898 927
283 350 24698151
631 1685 168148
2543 2840 22069252
1371 1783 2544720
466 2632 434539
882 2374 301524
63 800 139048
1463 1716 24428478
116 1582 24615083
1393 2145 675878
702 1888 25595791
1148 1299 1103413
120 2246 17396694
1659 2152 22753311
1117 1698 6258808
177 469 187671
1165 1203 756955
1801 2915 17942766
1580 2659 6360285
265 465 276
342 1656 439033
463 1856 132654
76 2890 16250869
1231 1297 337617
610 1928 9719689
2352 2978 191885
803 1823 2872471
276 949 973596
10 2980 139413
332 503 111513
265 790 713677
477 2215 320874
1358 1675 530
455 2153 141
1956 2115 103717
1080 2274 112
