2955 3000
36292 142401 30036 101698 36219 122536 75244 138118 46438 107597 15215 164288 30983 194250 19031 152036 86220 165421 80796 185393 18082 140558 24827 124350 51934 106720 11335 177503 78835 107409 77272 125775 44168 156011 51457 198952 66084 160887 59053 177594 49844 149670 19121 105949 69759 133283 4979 193192 77432 181144 90795 115750 61042 149513 11861 147886 1911 109348 34668 112422 23338 184838 13034 160109 11065 156256 56330 118318 82003 142419 65907 100846 10084 132721 77536 134962 80907 119027 92003 172329 79117 101856 163 166116 75231 145831 17919 112141 70273 196756 83494 167798 38841 183610 42671 124884 15444 166122 96215 199507 13185 131906 58531 193118 662 128894 60551 121470 49754 149591 21613 152235 64767 187296 52925 143076 9459 170810 93848 122468 42257 146126 84125 198976 14643 154826 53319 174766 17365 170799 25228 144036 97033 131959 94569 172944 54863 124169 24115 99462 56234 110034 89451 141700 4408 117843 26594 129239 13392 172545 41690 181627 92772 176869 62157 139822 29728 164534 69539 162945 15084 157262 62957 197480 54285 124080 25169 103596 61087 140762 29152 180599 33202 105175 1544 172317 74206 143664 63223 152704 79091 115101 980 131693 49860 132116 3704 105189 91487 192434 3075 190633 89963 162574 54369 112886 76191 195787 75034 131261 79673 108842 21814 129627 73284 188987 78016 124781 37329 125843 60274 147998 61505 174019 1802 153211 2176 100436 78361 192391 82469 143433 63261 157198 51205 166616 83217 163715 74200 113720 26827 196922 77485 159093 69114 138211 75381 197995 30359 153887 92597 106612 23052 156920 7751 118402 38078 126011 76079 188412 34933 148832 31418 173880 56139 130132 24421 132750 60512 137188 2490 191992 13498 158838 78184 152771 94159 170761 4945 142934 50854 162309 50457 114901 77420 188881 72187 149231 61974 170023 87604 169682 95100 187170 35623 113428 76455 119427 7695 103084 46798 108443 96735 165351 88499 150072 48440 184751 22313 159172 8552 173438 66599 148949 28147 148715 46992 122825 56290 122295 28517 159107 91539 129166 67948 140399 82262 175047 43236 188835 90426 155911 92903 191474 19926 120330 67605 115897 23261 182304 52672 180320 30143 191950 31316 131620 81283 164266 36214 102653 54910 169450 23576 152937 89763 194630 96523 138184 88468 186180 67749 114674 74983 123732 63937 184951 35972 145930 89601 177467 20792 156520 85871 141550 60877 170184 49857 161401 44572 104464 31018 181147 72417 157626 87533 159379 48773 106468 32279 160242 39705 133494 39542 110434 46131 124442 42253 113582 51627 104347 21465 108088 57494 142663 31157 146502 77459 98807 29896 154073 79457 195313 93306 112821 31141 109201 60680 133213 52600 173660 54762 189620 57761 138352 95874 189752 62252 110680 51915 164134 40731 103054 81614 163408 26454 147137 61629 119496 51212 177638 92496 164466 5550 105061 96540 100068 52891 182732 572 181214 12367 109072 60992 156831 55101 185426 97817 130190 68563 102241 1767 109361 43207 130759 81837 188408 871 193086 74360 199118 87146 177099 94250 147674 55404 122376 22943 130585 58436 178155 23545 123322 27748 126058 59004 131607 30909 185257 77465 150536 66018 123975 86605 146741 93035 115460 42315 158517 66438 174075 43285 110657 4492 134935 86363 179585 87332 188584 52364 133118 76224 199774 97373 174346 45274 199272 70241 199744 81504 133091 42369 178324 30090 173091 53473 110630 11719 199530 49112 113571 47693 169189 49685 108765 38380 139661 98157 146940 6767 142497 2225 99729 78092 175406 5361 194327 3312 111430 46501 184367 56618 141943 39344 197189 45959 148849 51413 126114 34918 153481 76534 176267 32580 123417 11112 165581 87728 101559 79045 139482 45602 121110 83203 157507 3078 126016 13288 100354 31319 106676 25121 135239 79568 167055 2816 139408 88268 122751 674 134139 96460 151895 2937 154655 11910 175607 72950 198720 84284 147542 59636 162895 51266 112933 97053 179447 97173 123348 72868 114586 79163 176097 16749 168423 71948 177250 2470 187844 75459 118110 49867 119278 78642 145536 12428 119599 69174 99166 55745 180561 96657 164541 9545 160156 44213 176356 4154 121855 3338 199009 62 193723 48860 170039 89489 154444 35688 188484 38594 171634 96106 188615 88744 105253 41546 109097 27499 140428 51089 155600 24702 135098 78613 189676 25638 183545 51567 173422 29159 110560 7248 112544 73151 142670 87715 194744 63304 170368 22070 195812 4130 133317 30111 188260 34857 146745 20109 176965 58740 130982 8853 157987 78572 175166 55676 109857 59296 126286 70436 173303 1530 112177 9590 100435 18914 100452 76395 197317 62068 145252 1150 178338 58194 186159 85268 99847 83807 150930 74111 196962 34001 105238 53321 162112 23760 189678 38416 136890 75571 188400 64273 124258 59864 130431 39732 117552 42873 132762 31523 174801 19576 156919 4160 199342 95154 198649 23853 159654 74439 190203 31274 104894 38400 119829 32146 150888 65452 105766 14641 106189 95024 119690 25646 106775 53761 167691 75729 149117 90576 199964 91994 147126 95105 115018 43175 159731 17604 149786 74942 129488 56803 190951 80360 158781 58815 185289 202 142725 13115 139144 85194 126156 40974 133115 4807 179272 30807 198856 15162 180787 3540 125130 5282 156781 30406 118726 62376 172769 4707 110379 93173 175893 94780 186706 87478 108880 32517 192735 12921 102471 86408 110900 42685 112768 83735 135368 14389 192336 2754 198477 21366 168216 83654 114938 38874 161724 94212 100132 91854 180002 5402 107687 37279 100142 77883 183881 10635 137311 95109 190931 80541 145301 57948 176928 59678 190170 6039 172107 84110 175723 49714 172123 423 195115 36491 198191 51770 168015 23082 160566 9833 144388 78284 103622 97423 176011 94552 183979 21190 191836 74720 169773 28461 190608 30218 127223 36829 124653 19284 101422 73350 177224 1583 163467 81202 183259 62639 140172 40070 171071 8548 171876 67174 195192 31086 166444 5778 139111 12860 129211 91194 180121 92018 191575 62029 170891 3847 109924 3284 161927 86579 173520 51640 148914 1221 187269 75800 163766 58179 108176 53620 129784 76249 114013 39830 187440 17607 189244 45232 98686 61545 199017 28736 169505 96673 141193 58552 176267 40941 106779 92711 164275 64998 158757 90829 154600 54184 118927 85611 109557 5857 130913 54339 179477 92222 199414 3257 132299 92221 184111 65767 132932 92138 119248 44422 171168 88433 142980 40344 196362 52849 157007 88812 151400 43401 165484 58792 192004 17933 114239 79918 135219 3766 194079 90104 150148 112 134424 66556 139329 36294 172420 85536 193250 54310 100163 80147 181002 92343 104393 62433 136996 27598 107276 74810 140313 27018 132410 51654 180282 88556 140134 61152 101299 88614 171403 9395 154179 77424 166191 11994 183611 25306 159277 4898 113244 71145 142401 41891 186933 57205 198495 64754 165425 57211 166305 87554 144525 84913 198130 45451 172340 26133 182833 94393 165529 94699 153696 20551 178410 32560 146595 58764 163293 91776 168555 61574 169815 54743 169119 98658 107454 36526 140887 15480 111583 52132 110351 40931 145320 24738 189141 49303 104104 87044 110669 25130 112318 75141 113019 18953 152365 46062 101738 96189 197740 58047 114809 10774 148321 4604 179791 16730 190556 82755 162995 16617 149388 61594 106862 61558 135479 89279 108591 86468 173744 2723 178827 16002 124154 26999 143571 31375 182529 13025 127858 20990 167458 34873 112075 437 191576 87201 184254 81624 180904 20232 121655 13621 188694 94997 190778 11185 120426 5419 156960 11422 174541 25126 195958 53365 154742 73773 168298 52136 146183 66675 186749 94034 192302 9012 181840 36859 128452 10587 164156 41782 158998 7247 138939 26985 152480 2026 152670 20674 115622 63126 107452 9465 109875 33321 147493 83830 174512 94108 159264 79243 189009 86931 107551 31323 102701 66160 178289 27371 102687 46316 197551 89591 108800 95304 115967 63605 144544 11705 108481 383 186731 28543 122724 46646 191307 59450 119183 66941 188453 21519 192632 73101 178963 55640 121917 24167 193967 12156 150814 39682 151244 35224 163939 94024 109080 34368 193637 15542 111974 66369 152581 81559 189417 85762 116047 32482 175622 13810 110024 78670 122738 53042 99057 19993 193748 4812 181595 83992 140565 40649 189531 28242 132792 43176 178986 79831 123205 61789 182606 97462 143340 81529 130175 3508 197652 5298 137493 33208 122326 5165 174942 663 113572 44013 181198 17983 109248 43883 151149 48700 156349 88314 181457 6553 128074 63391 186089 10377 133118 76116 136974 26773 136727 74480 114476 94220 125606 98142 165753 46524 173385 84577 109552 64052 153502 48616 103131 76972 132953 53490 189992 35218 197438 11572 167033 10472 120751 34551 141805 13510 197786 58525 140070 86569 171684 38512 168023 68520 177291 17558 132288 20371 188251 92015 133570 20356 159923 45344 182137 34973 107320 48078 159458 32171 192580 25271 137632 75690 162612 38316 112247 75804 147780 59912 110598 97803 100800 64425 169011 10116 115169 82377 158206 78066 124374 87743 126743 7149 191968 46667 163849 33653 119272 59537 186529 87606 144221 54268 116068 46607 166231 57707 153679 14257 142216 52472 131070 59074 128143 59977 189064 23770 102094 3366 174735 79661 104006 55206 102309 86479 102593 76662 155610 95054 193324 95828 161398 14102 142621 44651 188074 69949 125385 81693 136884 81174 150103 62246 165593 13577 140811 70110 107685 2934 191811 63694 124583 70478 142669 81876 154766 90127 144689 82107 163885 98409 195916 19127 181071 23132 183121 28827 107679 3543 186927 46475 161949 1458 120186 30245 122434 35463 158088 77071 154509 58399 135145 56355 157855 65694 187044 87486 193302 9902 121553 46820 166360 64353 173985 42055 158983 28226 187217 63218 197162 60176 150182 75086 182694 95013 199190 15708 111739 2863 199143 34296 127707 9021 103175 41813 157580 14849 143618 87569 120390 3180 124591 44961 153318 45020 112581 88927 122190 921 148921 1498 146914 55906 134815 2583 175996 85493 104949 16361 153268 12090 108167 87927 134701 56415 152762 80606 141206 62037 164767 71169 151986 49047 181808 705 159197 96644 99129 71303 144403 7610 195940 19716 177612 38820 150209 94211 151756 14151 189950 3173 100034 32722 144648 75259 163207 504 184326 42216 152714 47447 147395 29943 152127 42349 141315 81694 115266 55852 146921 6078 138353 51392 180524 24869 124215 81703 167306 25154 185539 58687 194859 18825 120060 35069 173204 79906 100082 79210 129180 89514 180408 10335 165713 12721 169560 33980 174038 5926 100425 95280 106075 50366 191357 80813 142103 78111 103472 15299 132965 51207 115438 5009 144069 40311 160074 88296 129649 20254 183188 42179 120319 53969 148582 97212 142256 43179 121663 915 186288 71795 120529 80391 122102 85537 108173 66088 149454 60291 165261 85227 186329 74124 153083 53748 116747 12066 165431 28779 102873 42707 187846 24256 176114 51988 156281 50608 112697 40755 195452 98118 137524 40511 196869 26636 197733 56612 194323 31387 124993 25596 147076 2202 107556 56040 154701 12772 153338 60013 151807 41868 192106 56505 154395 40421 165468 88115 139898 94858 194730 73366 155712 61785 194300 13251 194320 88649 130967 62325 125519 72380 175373 12973 116050 63842 156755 87746 173077 20491 111357 66056 174040 62863 182317 19851 123452 92806 135340 35211 118457 71676 161725 40660 165802 53267 157434 16227 99019 5802 172549 79022 118292 40440 184772 35301 181466 16607 168215 42633 163451 22051 158444 43443 166404 34556 179451 39917 98666 82124 138556 22655 143627 28060 163920 21978 142917 30942 146251 39919 149620 95571 121948 13420 177637 56071 143232 31516 143742 24699 130402 61351 119435 11712 130202 3406 133739 3376 146546 68341 156525 21018 100626 1490 152435 49159 126892 79570 120718 44509 191771 72476 152218 55194 186555 79503 106827 28861 196206 36182 130834 25378 193838 14152 106351 10467 142678 84694 124357 45434 100549 73123 131124 53906 127128 31262 185496 97668 102725 55549 192253 72517 131604 42697 152192 41694 178641 10732 135214 70108 114018 18102 171129 96194 104622 55131 141600 81881 199536 64332 194030 35076 144857 13050 162757 78906 108735 68631 128961 3576 119120 57629 130796 92823 133771 28481 138861 36305 152122 63538 110500 32570 131544 15486 115545 29536 102585 70981 123497 14446 159581 93766 100785 64485 171234 57902 167190 94876 144980 5431 187653 33496 181677 36379 105536 4235 110439 38008 177186 6941 117041 72550 166779 19676 142838 25074 131903 75219 111286 43522 195963 91368 165538 1953 194409 79266 136951 5297 145579 27581 112701 47661 149632 89727 138636 62300 174748 59445 126151 30462 114488 83235 180986 48511 199704 49568 112441 51981 146487 6770 170875 93506 129803 79537 135813 13840 116036 89205 128583 64239 142782 56935 109702 17186 99921 39054 150338 94700 115289 48563 111984 82478 171116 16414 175066 71630 117502 38521 137822 18569 120914 32083 199331 28745 104793 25626 149356 3061 117258 16842 106349 28458 118820 33 123963 54289 133154 10958 131336 46838 147768 67724 146925 93699 130729 80847 148238 79316 178577 75842 138345 33359 198733 56002 113690 3524 106755 74748 157969 13206 185898 40234 155994 87567 116254 78657 173821 94764 165722 32526 138266 97854 151443 86012 126352 91134 195549 52949 155119 56259 126121 8083 165716 67262 133554 5533 167901 63376 127844 31816 172527 66231 111068 7150 178511 65154 144458 66372 127607 54361 115405 16457 193780 82001 178036 58094 166571 22830 198291 87145 197939 56772 164460 12569 163929 36287 154077 30393 108201 17804 161068 45933 147767 18315 151547 55256 137747 64453 118748 76731 174476 28362 178006 87622 159184 12582 139540 83360 112378 48922 110942 92269 176668 44476 100214 1776 194176 72634 102244 46412 112780 86899 173486 14470 131251 18201 104200 95265 132507 6367 143292 21952 111400 8981 188535 34701 122779 46870 124937 16175 119160 97041 198426 56394 146897 73247 158378 9371 182817 75523 182466 13814 117353 81514 129062 80673 103857 13194 147473 3907 128970 70823 184822 20880 108555 89038 118546 49218 119983 39815 157947 34042 117240 17523 115234 76375 126247 15674 136420 86351 156575 50112 134385 83422 181362 24565 136731 13680 147563 75826 172963 95113 101138 33992 181479 77505 175156 85233 140017 56413 171240 98309 192286 21334 136709 40451 142690 81365 199105 96894 100726 87181 187364 33937 107866 74044 150999 4969 176102 12330 174904 16362 145411 19030 111439 12641 146039 14358 119787 23516 193418 96710 131503 75357 171698 35763 114096 55513 129652 4230 190215 39588 140283 45940 105629 5865 105501 80321 146968 38521 197300 1119 163389 32038 181216 72715 184927 15203 173979 36172 153181 79015 191918 50785 141141 79509 162540 24663 161396 2539 132721 86550 177200 55735 150348 39129 165297 95429 199390 25363 118525 10383 153527 66823 134960 11962 152747 26264 164076 59233 111139 64818 184305 2896 198466 53316 131238 94989 179481 93023 167585 219 180998 49241 184394 3127 169801 63322 153829 61415 157780 63908 178127 61023 107647 71136 187841 34824 164249 60386 162442 62629 134658 12485 138360 61612 125499 25806 145878 67352 173699 45043 158945 30539 127011 28132 114055 48546 170314 30565 176404 62348 127555 32233 107065 71670 110169 92304 186595 30640 113173 93196 99029 70566 176756 479 178583 53747 196565 17122 133008 777 171021 4428 98861 43851 129238 62172 187878 27849 116802 40269 185373 48305 126882 21184 199712 78249 139684 31378 158238 47312 117615 35034 129389 79410 113404 70646 165598 10186 189977 64378 143809 45692 135734 77094 196301 47227 162711 64413 115193 7415 171758 35928 136445 76738 116403 61183 123843 19376 193613 54886 100809 33656 111854 1544 145840 7440 122873 95301 123126 19644 151090 15657 126687 4440 139425 66910 192761 95273 135524 94261 123996 61539 163485 32006 132085 36173 159318 65938 144720 10334 148880 59893 107850 46980 198440 34832 126059 12232 106882 65061 195743 36765 178833 84992 112801 62005 127674 22482 186350 73604 130454 53660 162032 60581 144221 36500 142348 13107 132149 31813 112411 77471 179947 15509 138042 20825 147816 50873 135035 51983 199531 41106 133166 14064 176360 30265 198788 1630 131605 39940 107420 34476 115206 60046 129097 6975 120016 71537 161797 15638 152544 71796 180896 92416 123071 3764 154814 36450 124213 68343 173346 87558 146473 82351 140764 47690 118880 89664 158387 98635 164757 93005 137615 54839 161389 66310 137378 74293 181865 38861 159497 45864 122452 79653 105965 57792 139717 1244 191394 77994 129108 25649 153238 60056 144951 73303 134155 65299 187823 18108 198135 70673 176172 96382 162584 67089 165524 16760 168064 95683 117086 37931 181553 72902 183889 22496 166090 34218 166368 86453 122301 41125 120317 68668 125255 60550 123479 92378 118291 72734 114274 94481 186569 5281 187981 79506 123822 14597 108101 19526 197562 85252 188823 75655 169399 14219 122259 46448 120071 10724 156977 3706 161588 95216 168557 23734 194733 69873 159642 27865 127419 94531 178535 95553 105106 78630 185707 22498 190419 14349 159937 36542 190108 55739 172143 58441 142681 15837 192007 40275 117773 83205 136992 1444 149972 68118 135653 70969 152012 28205 140116 55040 166030 88965 108520 29639 158726 23042 179094 67192 159823 58964 104688 21143 108051 8738 123705 93457 147935 32005 147118 31906 109485 89487 112002 78209 174869 66492 197883 70288 111101 11340 179600 45877 178340 17767 190975 65718 157906 42108 190843 17079 105662 73873 197378 31437 164883 21223 106822 90522 156522 18104 150387 90730 112312 72086 102175 94731 144350 59407 195037 81001 189463 66569 185641 62353 161226 43801 108537 4542 181966 16231 188609 37838 194430 76329 121382 63094 181278 7400 103158 78219 167080 54570 194392 67784 182141 42769 198249 42970 110014 10481 192311 51046 195967 6672 167040 55977 133164 9636 148036 80189 166147 62397 191270 24326 128540 2316 149176 13007 124069 78309 161327 78996 163609 21158 174909 73779 156906 16499 132816 20165 147567 19682 169311 64898 109471 47712 167077 94579 111108 17716 130694 72774 170071 73147 189368 70850 136741 35893 125290 60807 133460 41649 109859 63322 116752 95159 190698 60293 162588 85764 143578 37908 155975 25701 147277 11391 154669 34946 180653 45907 114960 75414 167576 83842 101209 59121 196820 82354 157666 50793 99734 73184 124781 72850 173326 40558 150708 12770 152493 36697 172752 76242 120726 63290 190436 7549 122208 4643 123319 72971 150231 42658 124521 67803 142851 53009 152866 54754 175648 18629 122395 97717 98807 38807 174969 13457 171296 68283 157884 17947 167584 19451 137028 3962 172489 3350 168970 69163 160068 6138 165858 46051 152619 32679 112116 84537 176097 80358 192724 45006 191169 52159 155942 5368 148498 30237 190912 29696 165905 69021 137902 32279 151165 46575 198211 43006 195217 11339 150066 2850 170024 13893 197426 68582 172328 81699 176262 22297 102470 35687 110295 10001 124795 65314 102898 97178 133225 46295 137046 24317 162328 7055 189165 10919 142055 14187 183653 2078 145717 32867 132097 40166 173957 23215 110402 62791 150490 82892 198125 48097 100228 34754 198146 86092 155911 73117 153072 94354 112354 27457 179909 5026 123066 78884 170133 25912 113001 87038 130243 36226 142488 60712 100032 80991 132491 41350 195443 64681 128398 59445 126176 54083 153867 71801 146238 24957 168775 79697 102667 5518 147136 85513 166085 779 110190 1172 199325 57690 119002 81374 100450 51653 171026 17313 167656 87164 151918 42323 162809 106485
197046 197047 197048 197049 197050 197051 197052 197053 197054 197055 197056 197057 197058 197059 197060 197061 197062 197063 197064 197065 197066 197067 197068 197069 197070 197071 197072 197073 197074 197075 197076 197077 197078 197079 197080 197081 197082 197083 197084 197085 197086 197087 197088 197089 197090 197091 197092 197093 197094 197095 197096 197097 197098 197099 197100 197101 197102 197103 197104 197105 197106 197107 197108 197109 197110 197111 197112 197113 197114 197115 197116 197117 197118 197119 197120 197121 197122 197123 197124 197125 197126 197127 197128 197129 197130 197131 197132 197133 197134 197135 197136 197137 197138 197139 197140 197141 197142 197143 197144 197145 197146 197147 197148 197149 197150 197151 197152 197153 197154 197155 197156 197157 197158 197159 197160 197161 197162 197163 197164 197165 197166 197167 197168 197169 197170 197171 197172 197173 197174 197175 197176 197177 197178 197179 197180 197181 197182 197183 197184 197185 197186 197187 197188 197189 197190 197191 197192 197193 197194 197195 197196 197197 197198 197199 197200 197201 197202 197203 197204 197205 197206 197207 197208 197209 197210 197211 197212 197213 197214 197215 197216 197217 197218 197219 197220 197221 197222 197223 197224 197225 197226 197227 197228 197229 197230 197231 197232 197233 197234 197235 197236 197237 197238 197239 197240 197241 197242 197243 197244 197245 197246 197247 197248 197249 197250 197251 197252 197253 197254 197255 197256 197257 197258 197259 197260 197261 197262 197263 197264 197265 197266 197267 197268 197269 197270 197271 197272 197273 197274 197275 197276 197277 197278 197279 197280 197281 197282 197283 197284 197285 197286 197287 197288 197289 197290 197291 197292 197293 197294 197295 197296 197297 197298 197299 197300 197301 197302 197303 197304 197305 197306 197307 197308 197309 197310 197311 197312 197313 197314 197315 197316 197317 197318 197319 197320 197321 197322 197323 197324 197325 197326 197327 197328 197329 197330 197331 197332 197333 197334 197335 197336 197337 197338 197339 197340 197341 197342 197343 197344 197345 197346 197347 197348 197349 197350 197351 197352 197353 197354 197355 197356 197357 197358 197359 197360 197361 197362 197363 197364 197365 197366 197367 197368 197369 197370 197371 197372 197373 197374 197375 197376 197377 197378 197379 197380 197381 197382 197383 197384 197385 197386 197387 197388 197389 197390 197391 197392 197393 197394 197395 197396 197397 197398 197399 197400 197401 197402 197403 197404 197405 197406 197407 197408 197409 197410 197411 197412 197413 197414 197415 197416 197417 197418 197419 197420 197421 197422 197423 197424 197425 197426 197427 197428 197429 197430 197431 197432 197433 197434 197435 197436 197437 197438 197439 197440 197441 197442 197443 197444 197445 197446 197447 197448 197449 197450 197451 197452 197453 197454 197455 197456 197457 197458 197459 197460 197461 197462 197463 197464 197465 197466 197467 197468 197469 197470 197471 197472 197473 197474 197475 197476 197477 197478 197479 197480 197481 197482 197483 197484 197485 197486 197487 197488 197489 197490 197491 197492 197493 197494 197495 197496 197497 197498 197499 197500 197501 197502 197503 197504 197505 197506 197507 197508 197509 197510 197511 197512 197513 197514 197515 197516 197517 197518 197519 197520 197521 197522 197523 197524 197525 197526 197527 197528 197529 197530 197531 197532 197533 197534 197535 197536 197537 197538 197539 197540 197541 197542 197543 197544 197545 197546 197547 197548 197549 197550 197551 197552 197553 197554 197555 197556 197557 197558 197559 197560 197561 197562 197563 197564 197565 197566 197567 197568 197569 197570 197571 197572 197573 197574 197575 197576 197577 197578 197579 197580 197581 197582 197583 197584 197585 197586 197587 197588 197589 197590 197591 197592 197593 197594 197595 197596 197597 197598 197599 197600 197601 197602 197603 197604 197605 197606 197607 197608 197609 197610 197611 197612 197613 197614 197615 197616 197617 197618 197619 197620 197621 197622 197623 197624 197625 197626 197627 197628 197629 197630 197631 197632 197633 197634 197635 197636 197637 197638 197639 197640 197641 197642 197643 197644 197645 197646 197647 197648 197649 197650 197651 197652 197653 197654 197655 197656 197657 197658 197659 197660 197661 197662 197663 197664 197665 197666 197667 197668 197669 197670 197671 197672 197673 197674 197675 197676 197677 197678 197679 197680 197681 197682 197683 197684 197685 197686 197687 197688 197689 197690 197691 197692 197693 197694 197695 197696 197697 197698 197699 197700 197701 197702 197703 197704 197705 197706 197707 197708 197709 197710 197711 197712 197713 197714 197715 197716 197717 197718 197719 197720 197721 197722 197723 197724 197725 197726 197727 197728 197729 197730 197731 197732 197733 197734 197735 197736 197737 197738 197739 197740 197741 197742 197743 197744 197745 197746 197747 197748 197749 197750 197751 197752 197753 197754 197755 197756 197757 197758 197759 197760 197761 197762 197763 197764 197765 197766 197767 197768 197769 197770 197771 197772 197773 197774 197775 197776 197777 197778 197779 197780 197781 197782 197783 197784 197785 197786 197787 197788 197789 197790 197791 197792 197793 197794 197795 197796 197797 197798 197799 197800 197801 197802 197803 197804 197805 197806 197807 197808 197809 197810 197811 197812 197813 197814 197815 197816 197817 197818 197819 197820 197821 197822 197823 197824 197825 197826 197827 197828 197829 197830 197831 197832 197833 197834 197835 197836 197837 197838 197839 197840 197841 197842 197843 197844 197845 197846 197847 197848 197849 197850 197851 197852 197853 197854 197855 197856 197857 197858 197859 197860 197861 197862 197863 197864 197865 197866 197867 197868 197869 197870 197871 197872 197873 197874 197875 197876 197877 197878 197879 197880 197881 197882 197883 197884 197885 197886 197887 197888 197889 197890 197891 197892 197893 197894 197895 197896 197897 197898 197899 197900 197901 197902 197903 197904 197905 197906 197907 197908 197909 197910 197911 197912 197913 197914 197915 197916 197917 197918 197919 197920 197921 197922 197923 197924 197925 197926 197927 197928 197929 197930 197931 197932 197933 197934 197935 197936 197937 197938 197939 197940 197941 197942 197943 197944 197945 197946 197947 197948 197949 197950 197951 197952 197953 197954 197955 197956 197957 197958 197959 197960 197961 197962 197963 197964 197965 197966 197967 197968 197969 197970 197971 197972 197973 197974 197975 197976 197977 197978 197979 197980 197981 197982 197983 197984 197985 197986 197987 197988 197989 197990 197991 197992 197993 197994 197995 197996 197997 197998 197999 198000 198001 198002 198003 198004 198005 198006 198007 198008 198009 198010 198011 198012 198013 198014 198015 198016 198017 198018 198019 198020 198021 198022 198023 198024 198025 198026 198027 198028 198029 198030 198031 198032 198033 198034 198035 198036 198037 198038 198039 198040 198041 198042 198043 198044 198045 198046 198047 198048 198049 198050 198051 198052 198053 198054 198055 198056 198057 198058 198059 198060 198061 198062 198063 198064 198065 198066 198067 198068 198069 198070 198071 198072 198073 198074 198075 198076 198077 198078 198079 198080 198081 198082 198083 198084 198085 198086 198087 198088 198089 198090 198091 198092 198093 198094 198095 198096 198097 198098 198099 198100 198101 198102 198103 198104 198105 198106 198107 198108 198109 198110 198111 198112 198113 198114 198115 198116 198117 198118 198119 198120 198121 198122 198123 198124 198125 198126 198127 198128 198129 198130 198131 198132 198133 198134 198135 198136 198137 198138 198139 198140 198141 198142 198143 198144 198145 198146 198147 198148 198149 198150 198151 198152 198153 198154 198155 198156 198157 198158 198159 198160 198161 198162 198163 198164 198165 198166 198167 198168 198169 198170 198171 198172 198173 198174 198175 198176 198177 198178 198179 198180 198181 198182 198183 198184 198185 198186 198187 198188 198189 198190 198191 198192 198193 198194 198195 198196 198197 198198 198199 198200 198201 198202 198203 198204 198205 198206 198207 198208 198209 198210 198211 198212 198213 198214 198215 198216 198217 198218 198219 198220 198221 198222 198223 198224 198225 198226 198227 198228 198229 198230 198231 198232 198233 198234 198235 198236 198237 198238 198239 198240 198241 198242 198243 198244 198245 198246 198247 198248 198249 198250 198251 198252 198253 198254 198255 198256 198257 198258 198259 198260 198261 198262 198263 198264 198265 198266 198267 198268 198269 198270 198271 198272 198273 198274 198275 198276 198277 198278 198279 198280 198281 198282 198283 198284 198285 198286 198287 198288 198289 198290 198291 198292 198293 198294 198295 198296 198297 198298 198299 198300 198301 198302 198303 198304 198305 198306 198307 198308 198309 198310 198311 198312 198313 198314 198315 198316 198317 198318 198319 198320 198321 198322 198323 198324 198325 198326 198327 198328 198329 198330 198331 198332 198333 198334 198335 198336 198337 198338 198339 198340 198341 198342 198343 198344 198345 198346 198347 198348 198349 198350 198351 198352 198353 198354 198355 198356 198357 198358 198359 198360 198361 198362 198363 198364 198365 198366 198367 198368 198369 198370 198371 198372 198373 198374 198375 198376 198377 198378 198379 198380 198381 198382 198383 198384 198385 198386 198387 198388 198389 198390 198391 198392 198393 198394 198395 198396 198397 198398 198399 198400 198401 198402 198403 198404 198405 198406 198407 198408 198409 198410 198411 198412 198413 198414 198415 198416 198417 198418 198419 198420 198421 198422 198423 198424 198425 198426 198427 198428 198429 198430 198431 198432 198433 198434 198435 198436 198437 198438 198439 198440 198441 198442 198443 198444 198445 198446 198447 198448 198449 198450 198451 198452 198453 198454 198455 198456 198457 198458 198459 198460 198461 198462 198463 198464 198465 198466 198467 198468 198469 198470 198471 198472 198473 198474 198475 198476 198477 198478 198479 198480 198481 198482 198483 198484 198485 198486 198487 198488 198489 198490 198491 198492 198493 198494 198495 198496 198497 198498 198499 198500 198501 198502 198503 198504 198505 198506 198507 198508 198509 198510 198511 198512 198513 198514 198515 198516 198517 198518 198519 198520 198521 198522 198523 198524 198525 198526 198527 198528 198529 198530 198531 198532 198533 198534 198535 198536 198537 198538 198539 198540 198541 198542 198543 198544 198545 198546 198547 198548 198549 198550 198551 198552 198553 198554 198555 198556 198557 198558 198559 198560 198561 198562 198563 198564 198565 198566 198567 198568 198569 198570 198571 198572 198573 198574 198575 198576 198577 198578 198579 198580 198581 198582 198583 198584 198585 198586 198587 198588 198589 198590 198591 198592 198593 198594 198595 198596 198597 198598 198599 198600 198601 198602 198603 198604 198605 198606 198607 198608 198609 198610 198611 198612 198613 198614 198615 198616 198617 198618 198619 198620 198621 198622 198623 198624 198625 198626 198627 198628 198629 198630 198631 198632 198633 198634 198635 198636 198637 198638 198639 198640 198641 198642 198643 198644 198645 198646 198647 198648 198649 198650 198651 198652 198653 198654 198655 198656 198657 198658 198659 198660 198661 198662 198663 198664 198665 198666 198667 198668 198669 198670 198671 198672 198673 198674 198675 198676 198677 198678 198679 198680 198681 198682 198683 198684 198685 198686 198687 198688 198689 198690 198691 198692 198693 198694 198695 198696 198697 198698 198699 198700 198701 198702 198703 198704 198705 198706 198707 198708 198709 198710 198711 198712 198713 198714 198715 198716 198717 198718 198719 198720 198721 198722 198723 198724 198725 198726 198727 198728 198729 198730 198731 198732 198733 198734 198735 198736 198737 198738 198739 198740 198741 198742 198743 198744 198745 198746 198747 198748 198749 198750 198751 198752 198753 198754 198755 198756 198757 198758 198759 198760 198761 198762 198763 198764 198765 198766 198767 198768 198769 198770 198771 198772 198773 198774 198775 198776 198777 198778 198779 198780 198781 198782 198783 198784 198785 198786 198787 198788 198789 198790 198791 198792 198793 198794 198795 198796 198797 198798 198799 198800 198801 198802 198803 198804 198805 198806 198807 198808 198809 198810 198811 198812 198813 198814 198815 198816 198817 198818 198819 198820 198821 198822 198823 198824 198825 198826 198827 198828 198829 198830 198831 198832 198833 198834 198835 198836 198837 198838 198839 198840 198841 198842 198843 198844 198845 198846 198847 198848 198849 198850 198851 198852 198853 198854 198855 198856 198857 198858 198859 198860 198861 198862 198863 198864 198865 198866 198867 198868 198869 198870 198871 198872 198873 198874 198875 198876 198877 198878 198879 198880 198881 198882 198883 198884 198885 198886 198887 198888 198889 198890 198891 198892 198893 198894 198895 198896 198897 198898 198899 198900 198901 198902 198903 198904 198905 198906 198907 198908 198909 198910 198911 198912 198913 198914 198915 198916 198917 198918 198919 198920 198921 198922 198923 198924 198925 198926 198927 198928 198929 198930 198931 198932 198933 198934 198935 198936 198937 198938 198939 198940 198941 198942 198943 198944 198945 198946 198947 198948 198949 198950 198951 198952 198953 198954 198955 198956 198957 198958 198959 198960 198961 198962 198963 198964 198965 198966 198967 198968 198969 198970 198971 198972 198973 198974 198975 198976 198977 198978 198979 198980 198981 198982 198983 198984 198985 198986 198987 198988 198989 198990 198991 198992 198993 198994 198995 198996 198997 198998 198999 199000 199001 199002 199003 199004 199005 199006 199007 199008 199009 199010 199011 199012 199013 199014 199015 199016 199017 199018 199019 199020 199021 199022 199023 199024 199025 199026 199027 199028 199029 199030 199031 199032 199033 199034 199035 199036 199037 199038 199039 199040 199041 199042 199043 199044 199045 199046 199047 199048 199049 199050 199051 199052 199053 199054 199055 199056 199057 199058 199059 199060 199061 199062 199063 199064 199065 199066 199067 199068 199069 199070 199071 199072 199073 199074 199075 199076 199077 199078 199079 199080 199081 199082 199083 199084 199085 199086 199087 199088 199089 199090 199091 199092 199093 199094 199095 199096 199097 199098 199099 199100 199101 199102 199103 199104 199105 199106 199107 199108 199109 199110 199111 199112 199113 199114 199115 199116 199117 199118 199119 199120 199121 199122 199123 199124 199125 199126 199127 199128 199129 199130 199131 199132 199133 199134 199135 199136 199137 199138 199139 199140 199141 199142 199143 199144 199145 199146 199147 199148 199149 199150 199151 199152 199153 199154 199155 199156 199157 199158 199159 199160 199161 199162 199163 199164 199165 199166 199167 199168 199169 199170 199171 199172 199173 199174 199175 199176 199177 199178 199179 199180 199181 199182 199183 199184 199185 199186 199187 199188 199189 199190 199191 199192 199193 199194 199195 199196 199197 199198 199199 199200 199201 199202 199203 199204 199205 199206 199207 199208 199209 199210 199211 199212 199213 199214 199215 199216 199217 199218 199219 199220 199221 199222 199223 199224 199225 199226 199227 199228 199229 199230 199231 199232 199233 199234 199235 199236 199237 199238 199239 199240 199241 199242 199243 199244 199245 199246 199247 199248 199249 199250 199251 199252 199253 199254 199255 199256 199257 199258 199259 199260 199261 199262 199263 199264 199265 199266 199267 199268 199269 199270 199271 199272 199273 199274 199275 199276 199277 199278 199279 199280 199281 199282 199283 199284 199285 199286 199287 199288 199289 199290 199291 199292 199293 199294 199295 199296 199297 199298 199299 199300 199301 199302 199303 199304 199305 199306 199307 199308 199309 199310 199311 199312 199313 199314 199315 199316 199317 199318 199319 199320 199321 199322 199323 199324 199325 199326 199327 199328 199329 199330 199331 199332 199333 199334 199335 199336 199337 199338 199339 199340 199341 199342 199343 199344 199345 199346 199347 199348 199349 199350 199351 199352 199353 199354 199355 199356 199357 199358 199359 199360 199361 199362 199363 199364 199365 199366 199367 199368 199369 199370 199371 199372 199373 199374 199375 199376 199377 199378 199379 199380 199381 199382 199383 199384 199385 199386 199387 199388 199389 199390 199391 199392 199393 199394 199395 199396 199397 199398 199399 199400 199401 199402 199403 199404 199405 199406 199407 199408 199409 199410 199411 199412 199413 199414 199415 199416 199417 199418 199419 199420 199421 199422 199423 199424 199425 199426 199427 199428 199429 199430 199431 199432 199433 199434 199435 199436 199437 199438 199439 199440 199441 199442 199443 199444 199445 199446 199447 199448 199449 199450 199451 199452 199453 199454 199455 199456 199457 199458 199459 199460 199461 199462 199463 199464 199465 199466 199467 199468 199469 199470 199471 199472 199473 199474 199475 199476 199477 199478 199479 199480 199481 199482 199483 199484 199485 199486 199487 199488 199489 199490 199491 199492 199493 199494 199495 199496 199497 199498 199499 199500 199501 199502 199503 199504 199505 199506 199507 199508 199509 199510 199511 199512 199513 199514 199515 199516 199517 199518 199519 199520 199521 199522 199523 199524 199525 199526 199527 199528 199529 199530 199531 199532 199533 199534 199535 199536 199537 199538 199539 199540 199541 199542 199543 199544 199545 199546 199547 199548 199549 199550 199551 199552 199553 199554 199555 199556 199557 199558 199559 199560 199561 199562 199563 199564 199565 199566 199567 199568 199569 199570 199571 199572 199573 199574 199575 199576 199577 199578 199579 199580 199581 199582 199583 199584 199585 199586 199587 199588 199589 199590 199591 199592 199593 199594 199595 199596 199597 199598 199599 199600 199601 199602 199603 199604 199605 199606 199607 199608 199609 199610 199611 199612 199613 199614 199615 199616 199617 199618 199619 199620 199621 199622 199623 199624 199625 199626 199627 199628 199629 199630 199631 199632 199633 199634 199635 199636 199637 199638 199639 199640 199641 199642 199643 199644 199645 199646 199647 199648 199649 199650 199651 199652 199653 199654 199655 199656 199657 199658 199659 199660 199661 199662 199663 199664 199665 199666 199667 199668 199669 199670 199671 199672 199673 199674 199675 199676 199677 199678 199679 199680 199681 199682 199683 199684 199685 199686 199687 199688 199689 199690 199691 199692 199693 199694 199695 199696 199697 199698 199699 199700 199701 199702 199703 199704 199705 199706 199707 199708 199709 199710 199711 199712 199713 199714 199715 199716 199717 199718 199719 199720 199721 199722 199723 199724 199725 199726 199727 199728 199729 199730 199731 199732 199733 199734 199735 199736 199737 199738 199739 199740 199741 199742 199743 199744 199745 199746 199747 199748 199749 199750 199751 199752 199753 199754 199755 199756 199757 199758 199759 199760 199761 199762 199763 199764 199765 199766 199767 199768 199769 199770 199771 199772 199773 199774 199775 199776 199777 199778 199779 199780 199781 199782 199783 199784 199785 199786 199787 199788 199789 199790 199791 199792 199793 199794 199795 199796 199797 199798 199799 199800 199801 199802 199803 199804 199805 199806 199807 199808 199809 199810 199811 199812 199813 199814 199815 199816 199817 199818 199819 199820 199821 199822 199823 199824 199825 199826 199827 199828 199829 199830 199831 199832 199833 199834 199835 199836 199837 199838 199839 199840 199841 199842 199843 199844 199845 199846 199847 199848 199849 199850 199851 199852 199853 199854 199855 199856 199857 199858 199859 199860 199861 199862 199863 199864 199865 199866 199867 199868 199869 199870 199871 199872 199873 199874 199875 199876 199877 199878 199879 199880 199881 199882 199883 199884 199885 199886 199887 199888 199889 199890 199891 199892 199893 199894 199895 199896 199897 199898 199899 199900 199901 199902 199903 199904 199905 199906 199907 199908 199909 199910 199911 199912 199913 199914 199915 199916 199917 199918 199919 199920 199921 199922 199923 199924 199925 199926 199927 199928 199929 199930 199931 199932 199933 199934 199935 199936 199937 199938 199939 199940 199941 199942 199943 199944 199945 199946 199947 199948 199949 199950 199951 199952 199953 199954 199955 199956 199957 199958 199959 199960 199961 199962 199963 199964 199965 199966 199967 199968 199969 199970 199971 199972 199973 199974 199975 199976 199977 199978 199979 199980 199981 199982 199983 199984 199985 199986 199987 199988 199989 199990 199991 199992 199993 199994 199995 199996 199997 199998 199999 200000
793 2110 178667
238 2592 5741710
369 2666 39329245
1175 2430 746360
401 2075 15637805
1569 1793 3135852
22 2954 2100235
876 1802 186818
1622 2228 347610
508 1977 1840166
1460 2142 11918582
14 2845 634642
644 2139 8012977
116 2318 155608
1019 2340 36079281
281 2080 614649
317 534 133884
1290 2262 1075486
12 2924 1127425
1593 2865 1392841
1280 1455 2370126
1371 2913 24943776
1055 1884 325669
141 2681 5092336
1353 2211 1108125
1301 1964 1214866
1459 1871 3228651
1085 2031 1794882
370 2771 21549522
1628 2071 27946544
2131 2353 24118132
629 2843 799287
306 1562 442763
214 1882 3102945
1597 1826 127068
1606 2457 4391571
328 1875 610183
11 2907 4317702
1183 1603 33269403
1487 2638 225435
733 1095 2749567
1470 1713 8129030
2668 2914 711024
364 2573 315257
13 2835 5951139
288 949 4730957
1551 2610 377146
517 2146 398208
76 106 319562
892 1974 24909368
2177 2677 8624153
1718 2803 457942
548 2483 263347
184 1275 523146
448 1845 11339387
737 1125 2033707
126 2642 2295098
1218 1988 186968
346 370 145232
20 2937 23208330
1955 2738 337482
460 1051 17711575
1242 2275 6303079
988 1611 183321
5 2911 191511
451 1174 867423
494 832 297610
685 1151 41359130
110 2366 740929
417 2651 12820473
703 2450 353356
1839 1950 109142
3 2935 27183574
499 2191 19169575
45 2929 924864
177 2495 115025
32 2928 592330
845 2429 35949630
234 1982 11297533
671 2584 29166391
475 480 25370292
1829 2833 2695405
679 1219 365513
177 2844 21421019
691 2485 288657
1189 1221 1416772
85 2349 158050
4 2921 46310304
66 2151 5802140
836 1391 227129
231 690 464792
2070 2570 222622
1161 2618 789575
251 638 714637
842 1932 5613204
723 2946 10057419
721 2080 18285373
2367 2900 1894421
503 949 159902
219 2517 134855
934 1210 168463
775 1492 33998677
641 2196 5117125
574 1683 7535946
24 2931 397533
1979 2578 172848
626 1412 17966209
770 2821 574673
153 952 21233886
393 2611 184528
884 1821 18351973
877 2338 2563482
1808 2704 283527
790 850 1417864
174 384 23517211
639 834 8837811
1687 2125 1463665
2688 2759 15940682
1661 2202 21759199
378 1489 369463
594 807 189193
261 2935 3182770
1866 2707 1756594
136 517 10431348
2332 2706 266600
1150 1225 399895
1166 2749 3516681
1549 2430 602926
249 1744 11137736
2121 2395 2051544
46 2922 21902376
94 341 14263074
1045 2577 1804824
257 2393 49963580
936 2920 266563
1892 2947 33236079
14 2910 534215
569 600 1602192
1695 2550 1568346
1070 2835 1159647
247 663 552747
1530 1828 135865
1997 2508 23699925
1049 1795 3731713
568 1522 1236176
536 2282 9765312
320 407 229341
790 2661 1895099
24 2909 30748647
1597 2221 13619242
2639 2888 15714492
300 725 2361962
630 1309 3807243
361 1194 10906971
808 2015 247676
18 71 3871564
6 2946 13993180
219 2956 9694721
809 1154 295593
322 1780 196192
140 477 246997
292 1271 4234505
855 2760 502497
855 2645 4940550
1186 1796 11124457
21 2923 10410469
2615 2657 4795779
1041 2699 1137563
243 2236 7769376
1554 1856 2211035
683 2247 1025156
139 1316 11282448
344 1415 46502487
20 1603 368878
1023 1574 250799
1126 2689 418377
22 1094 150021
944 2048 1410005
1384 2574 1033847
1282 2804 9005468
127 920 21675862
1280 1462 5945055
1632 2007 27088145
41 1890 1874955
577 854 1894494
36 2906 45553644
211 1636 5062785
468 2327 15420706
228 449 2129245
2712 2910 22939126
693 959 248166
136 1466 190243
749 1997 327270
499 1330 1232018
1546 1819 537009
576 933 5944209
2384 2791 8634969
688 813 1454416
342 2298 467680
206 2914 981628
2706 2864 2181909
1274 1761 193280
402 858 558109
2691 2712 4864771
2219 2666 4504138
1438 2361 2173438
219 1892 2538194
93 981 13258311
1110 1735 10997400
1814 2584 6018399
1972 2110 16062941
1074 1138 6081763
4 2928 1926216
1133 1302 554043
466 741 30864912
14 2921 767061
18 2917 7823376
2435 2456 4500048
663 2476 30683136
1045 1543 49257417
1377 2547 11755200
2104 2317 733666
2263 2501 528066
1380 2295 11659925
933 2392 2229946
771 2954 322496
370 2190 21829942
1599 2603 33314749
1498 1741 701550
243 1343 399194
483 552 10915131
34 2922 35459734
853 1535 336548
2076 2095 3498116
597 2790 849466
1260 2090 5335997
2179 2643 2087834
2236 2417 236882
351 355 255255
1948 2061 269681
1 2907 220771
1277 2473 4866065
436 2821 1855716
325 1872 5627759
634 1059 1251755
1878 1893 34861389
398 2194 16198380
30 2055 43186273
2403 2648 630836
641 1194 3790131
2410 2515 1154737
427 2844 513715
108 447 2452485
108 306 28918335
1413 1902 218499
777 1056 16423273
1004 2191 1330823
1299 1619 193910
1450 1499 20272323
1036 1339 305233
29 1760 37273197
2857 2954 12327878
978 2105 17336053
388 1198 1522028
498 1780 46196706
778 1746 865989
672 1426 17309912
243 2947 32836196
1746 2828 217924
1932 2690 27027123
1220 1733 168571
160 2558 2268726
1294 2088 5833302
49 1082 194660
412 2701 649616
498 967 172444
36 2289 6098035
2441 2924 18270105
53 2781 777576
361 1437 11051423
70 1865 691731
897 2788 491461
904 958 1854262
216 1490 6026417
614 2740 32584191
1784 2379 22200554
495 1071 18597575
872 1862 6956668
20 2954 20335741
1484 2252 4137280
1736 2179 2212353
384 413 171978
51 1755 342964
532 2931 646509
46 2936 49490327
1567 2163 888953
1796 1820 296331
23 2918 17127875
301 2360 488875
1553 2323 238480
58 531 2820727
1389 2005 26082224
452 1473 7055105
38 2933 2386962
1415 1585 2991312
776 1677 21366752
2202 2779 35773209
669 1734 8495801
193 2676 107202
778 813 20592902
1491 2549 5048743
31 2942 9904400
363 1548 33347185
1347 2908 47835497
2283 2773 221316
1128 1688 230251
433 1957 16974055
478 1466 21734632
531 1217 329591
44 2923 33056847
470 1367 194715
1162 1506 9248664
979 1992 176202
1754 2090 242650
750 2798 12840542
51 1241 2891608
1637 1640 1364984
486 2871 1104144
291 981 309875
345 2733 1951100
17 2927 1292141
2892 2954 40611041
1292 1307 423081
611 2644 142371
267 2654 46040897
291 810 22497261
697 2481 215240
50 1331 6914478
889 2727 105331
1581 1742 5458309
1164 2217 177955
2329 2489 49272786
1354 2805 11998385
7 2926 258083
237 2118 1400327
34 1349 695683
1428 1774 617547
391 1216 951095
2800 2827 170689
1527 1800 5045692
35 2378 12473247
19 2915 31843417
600 1618 241850
1798 2291 16862173
1194 2340 17901779
447 1869 7575583
512 2180 253510
1468 2189 2785678
330 2723 12674949
1735 2631 112611
645 1236 1942727
270 1967 4416169
1469 1886 201095
1126 2785 14355874
3 2921 6562196
16 2887 2370412
30 2946 484975
14 2952 204166
703 2758 11368538
1121 2374 342728
761 2485 1981433
961 2710 238395
836 1608 564232
131 2539 1314628
60 1161 439230
254 1702 313376
967 2487 13001765
772 2906 516066
572 694 23463694
1213 1456 226334
846 1494 43519006
341 2405 693324
35 2943 928921
855 1629 214095
2283 2578 580417
2142 2312 20832298
586 1555 13481028
2024 2188 1573094
302 2484 294127
1432 2855 106962
25 2916 40386000
1294 2870 796652
233 2280 476820
1277 2538 10352390
974 2236 544475
2028 2170 3109213
362 2549 42733592
1222 1916 8282281
35 2944 49619243
868 2697 14562808
302 2240 37856655
952 1359 319298
662 1979 15648010
1573 1581 2476935
1006 2086 19736343
39 2897 170095
166 1370 7307787
515 2061 23690213
1379 2351 213807
43 2926 1317503
2 2925 11785444
25 2933 383020
22 2936 458836
253 1458 1113419
1620 2783 18523184
25 2953 8139190
1418 2500 375386
2423 2766 2850434
1403 1874 3351107
1066 1241 3087297
706 2879 7966332
830 2101 12252179
1510 2209 1444326
682 2124 284178
645 1436 238909
323 990 21872838
11 2908 38505381
575 2673 896444
345 1951 1262954
1611 2274 26743893
282 2023 945228
1009 2063 1698024
1097 1153 34244820
16 2955 6226279
1579 1760 1582459
364 2470 679151
14 2947 6293479
905 1255 792339
387 477 25010660
412 842 5642108
141 1463 7387647
1675 2220 594220
1488 2509 47676429
1716 2888 3146852
304 1695 266625
548 1027 2138567
1476 1923 1472026
993 1865 1929122
1458 1657 38851875
2271 2574 5179353
379 2016 9719901
563 1051 656740
563 2322 167585
1871 2423 2090839
500 1318 701693
33 2954 1779971
1559 1759 570699
1605 2477 619146
13 2942 24921965
4 2956 102604
1923 2950 461874
950 1518 601297
332 1993 7307297
705 1877 372464
1698 2723 1735277
316 2023 190195
2203 2618 51013233
1696 2878 40629419
2003 2144 17150598
1590 1841 1473973
198 834 381725
641 2893 1681577
334 2842 21787509
2020 2561 4970552
560 2525 166698
379 2342 326223
1706 2839 34829845
2063 2610 13543813
1947 2343 241109
169 254 191547
677 1330 6151351
2483 2879 48731631
711 2453 17623466
1075 2895 230791
636 2031 264477
1858 2259 8722161
1784 2172 35626941
735 2119 25421809
69 2134 36362482
41 2909 296565
1550 2484 5685311
2305 2711 387822
291 625 4089871
151 2084 278655
1343 2593 3800652
1421 1861 40506773
1997 2626 19365237
232 2643 1299670
4 2927 197806
1469 1918 37909327
37 2915 3353944
680 1783 15350862
154 192 6248017
563 1771 41344688
17 1693 187928
2792 2924 20109910
877 2309 329794
1661 2136 131473
1991 2687 2278045
1165 2481 23378802
1549 2779 163642
274 2195 163539
7 2917 253058
66 1057 8330971
927 1809 1071097
515 2477 5883461
1067 2147 689184
318 547 48593234
286 1244 6021680
2099 2405 4580841
518 1029 49155624
911 2900 3527088
1026 1959 18357583
1021 2096 35840119
99 840 914361
1227 2166 45974063
455 798 3401599
215 1017 7929273
1746 2336 2328972
1466 1543 2866382
111 2830 10841096
37 1945 157722
281 1116 285951
274 1988 3523944
2726 2950 25366092
972 2135 123092
42 2954 9070050
1265 1685 30691389
694 1940 4561904
95 1015 1064865
76 2445 11748970
2136 2643 2296891
407 1632 718824
979 1738 127558
792 2905 4971930
369 2886 9452906
10 2949 606516
928 2408 12584634
686 1486 148719
654 967 315100
1427 1573 332425
781 1301 102217
1452 2845 336745
978 2620 111658
1189 1662 6647660
83 2377 141417
2707 2719 1083508
29 1418 41505562
1131 1162 25128399
291 1996 2195217
28 2937 4392824
2202 2264 49995339
1175 2346 287056
1 2943 199376
19 2934 1703648
7 1440 6777573
1947 2648 955413
1390 2132 27643352
783 1355 106273
1600 1879 1762746
996 1816 3907520
41 2918 155983
1643 2009 418860
174 2004 249289
1295 2346 270398
997 2181 1382818
153 2781 396547
424 1760 522384
1249 1688 19348361
1347 2886 526427
272 276 365043
156 2717 108781
1516 2717 18084588
580 2808 4904993
1110 2664 655183
904 1346 14479733
334 1619 413610
385 2791 41238163
520 1743 860259
1677 2214 408291
1505 2326 6090833
221 980 5256634
2162 2620 213229
537 614 1228855
1244 2407 225681
877 2063 19958730
30 1290 2674235
16 2908 1336382
12 1068 5318015
118 2723 430666
5 2946 227079
2443 2864 7892923
1028 1035 181665
15 1566 1025498
1376 2067 964317
77 1307 12008679
232 2229 3723035
1695 2625 12254622
297 2031 24365648
550 1037 269748
742 2937 151638
474 863 192677
61 650 388014
284 725 4098715
1559 1775 2359317
214 2064 1756352
21 2908 172474
1858 2680 732391
27 2925 347815
671 891 6590907
1546 2235 385812
13 2915 10071043
177 1962 140317
1131 1321 20401385
136 1020 1108953
653 1483 24470026
991 1092 9968584
1622 2309 200831
781 1495 45987987
861 1828 261184
796 1700 4476395
1017 1817 4699277
301 1424 9264267
948 2461 23416566
1114 1556 29165354
1 2910 311986
21 2312 4732059
141 2913 12440247
794 1884 15798319
7 821 2680807
152 2923 44594224
89 471 1370898
1547 2930 250645
229 2255 45423155
1795 1814 669913
32 2942 49562814
1399 2545 139080
1171 2508 161064
700 1342 6833614
269 2221 11139629
1518 1655 17730841
361 460 440217
2239 2864 21035261
335 377 1357308
685 1834 8181205
1453 1924 8119942
15 2953 316464
1009 1083 43818848
84 305 1437119
366 491 275032
1390 1959 189679
255 1709 3060604
289 1726 2978947
54 2574 3408388
288 2944 26447167
135 1848 178953
209 2390 102254
349 2172 357746
1343 2544 11751555
2116 2629 1223288
292 894 1358945
843 2191 336594
451 662 39761204
780 1559 14528538
3 2931 11189281
1457 1950 4436330
2754 2803 209249
2108 2192 4455867
747 1896 3164418
432 1251 1283632
1657 1770 2257409
282 1134 8511146
582 1925 126481
189 1913 10385323
1424 1609 10747331
403 637 1215130
1907 2851 828591
179 1296 415037
1281 2427 32502116
482 2357 18840324
1071 1820 403046
1292 2751 13051515
602 1900 29052668
1879 1883 8650532
280 2935 3902528
857 1563 545847
1375 1509 47954329
2173 2408 646092
338 759 321075
525 2541 11401025
145 1959 1684337
19 2946 328548
397 1126 173254
170 1881 4103524
2312 2397 1855509
2352 2517 13281424
152 2043 22870234
732 2498 30590398
1627 1882 11067880
2836 2907 10066859
2342 2636 741078
960 2108 776356
97 509 5259863
126 1301 5541405
1609 2570 11027290
483 2139 19834204
1730 1863 43897472
499 1203 1353953
1325 2627 3068662
30 2938 533364
490 1101 550676
2173 2480 232201
48 2920 5594906
81 812 773322
1733 2531 44770572
735 2754 17749702
822 1613 25357307
618 800 197788
38 2954 655596
37 2924 48093603
1762 1934 12203848
491 2193 45905413
1244 1494 20961129
130 996 943071
906 1517 243861
1682 2878 5103517
132 2692 2741523
333 1512 2289722
2257 2583 21021383
21 1451 1372559
17 2948 731255
45 2935 16952654
1735 2742 218479
614 1771 1704403
24 2929 24735289
144 621 735845
662 1301 360335
2186 2491 7550589
1519 2068 2253654
741 1118 148123
1357 1681 239076
1781 2865 50418592
2155 2226 5707995
302 2338 42103017
1242 2235 210674
1196 1324 2181534
984 1917 29511041
718 2720 4897769
2412 2490 5228871
1984 2804 1729797
613 1099 7610367
34 2916 614957
636 1084 151061
1170 1624 28796327
1898 2202 9950753
673 892 148505
2091 2653 3116862
1171 1830 3272754
2361 2946 50870672
44 2702 10608655
1324 1326 151394
1632 2038 219634
1331 1904 2339129
2442 2817 11102867
298 474 180411
2355 2791 26512507
1704 2376 2619207
546 905 29895049
22 2928 5732158
1875 2301 408320
557 851 915083
153 873 7388266
158 2850 6654467
98 333 293755
1616 2109 3561698
258 1866 249066
40 2941 38057696
962 1643 480335
8 193 22727964
1703 2467 12059301
110 673 835885
1042 1148 5198489
979 2320 146050
179 2116 8745798
101 1019 35106468
607 2546 27106142
130 275 1142579
2411 2649 1108055
1907 2707 2982680
30 2937 40778790
1505 2157 4265180
1572 2248 644614
76 1347 50595303
1043 2779 303207
182 2189 157700
101 1314 5293173
1629 2640 149112
1769 2625 507795
1990 2487 28561700
617 2061 1075889
23 2937 32472925
659 1264 4039793
2099 2898 192564
438 1023 20706640
1571 2816 808421
1587 2086 3631832
953 2427 841227
18 609 274742
1282 1296 13152426
2717 2892 2557371
2384 2537 17191651
431 2358 538521
246 2253 2951239
580 639 400354
1971 2884 386243
2764 2841 187943
1058 1878 7902461
1208 2585 102467
25 2908 8232912
1529 2211 963526
27 2933 149066
1046 1408 4798680
291 908 132847
37 1798 800065
862 1258 581236
42 2923 1066200
496 1790 34538098
48 2916 33442663
1692 2648 2539359
1347 1557 148412
196 1701 563825
981 1828 14714024
682 2323 4309865
229 2501 221007
2110 2889 4596675
1457 2471 12235755
824 2179 3833089
257 356 114455
2472 2862 524814
109 2523 173024
1478 2758 8518486
44 2948 16884986
2012 2488 2800958
2236 2892 929036
1341 2556 642098
1334 1759 10577080
948 1918 171531
1328 2828 23956750
92 1003 169052
924 1760 1465026
861 2191 24954590
32 1340 1740490
250 1354 40354595
750 2760 805006
1144 1617 1129617
270 1666 25044624
712 1860 295635
1766 2447 126821
994 2163 24304815
373 2378 7395448
1231 2231 2733192
344 1198 17096664
1013 2152 758333
10 2829 139021
288 545 277132
1436 2228 290147
666 2749 265947
2806 2902 130114
2768 2778 867154
2187 2618 498655
1187 2423 20074147
895 1295 308685
1399 1819 15576211
2235 2905 726599
213 543 32784118
433 2209 15688192
1372 2495 694642
940 1516 5281434
1245 2119 196166
26 2916 22048451
806 2355 1212715
530 1692 196588
1167 2340 18347886
29 2925 1441648
1972 2076 2899021
590 954 7159307
2213 2824 912544
1878 1957 169205
247 2615 493839
394 1127 1248105
373 801 1199369
1258 2015 371672
1897 2954 106128
1417 1621 773148
445 1775 6421421
370 2150 4550698
676 2022 101165
571 2455 453470
1560 1564 2615757
18 1759 13093877
1003 2894 25605320
583 2475 5524921
948 1818 1674340
181 2847 6770890
1651 2459 756624
2098 2162 254131
797 2070 7070272
1683 1916 13644159
286 2854 168968
1223 2061 182388
707 2563 589661
20 2956 4250103
150 630 43522136
1744 1992 1447315
1858 2474 13107270
93 1439 5656122
35 2938 18044984
1966 2164 50257446
14 2934 726964
1229 1319 2594008
2144 2856 4703965
11 2951 36524793
38 2482 116545
363 2377 743790
704 795 186114
470 550 3959239
326 2646 6011479
504 2720 8561447
1172 2935 103872
822 2167 1637999
567 1499 1532708
1229 2915 45693772
1780 2813 196489
295 1227 9529104
26 2907 2993485
2702 2767 2389200
969 1005 2309195
1828 2368 2749512
645 648 725173
481 1239 5417026
998 1147 22632210
518 2550 27793995
36 2949 451220
1605 2469 454261
271 764 162006
1338 2849 1462895
532 1873 446325
1515 2507 4261913
1776 2413 5809835
1868 2124 367432
1289 1746 336242
1549 2581 11857584
1504 2285 810939
1775 1852 880138
119 1979 687938
830 1300 17624435
180 420 8597120
421 2763 4851124
352 2238 24872385
254 2892 4776067
968 1206 38507634
33 1118 11307045
1386 1507 1395070
1098 2057 1728393
29 2912 1842092
1737 1952 35458465
2032 2136 5389965
707 2163 3210055
281 978 574700
583 762 183016
626 2147 22881532
435 1546 161886
729 2368 3966818
64 1800 2496132
33 2920 11921980
1147 2214 316145
2088 2648 533328
496 777 37716795
502 733 11252824
328 1494 119134
86 931 188445
808 1133 118125
1269 1798 26479887
21 2945 21576591
836 2469 37393759
40 2947 476432
1432 2020 236908
2044 2398 5969057
564 1082 1741101
1513 2426 4568276
206 504 213302
60 125 32923539
51 2219 394564
1389 2947 36625598
2697 2820 14994796
2063 2895 4936960
1372 1567 1309589
612 2825 35228742
2357 2430 4037807
23 2949 101581
917 2296 264754
2591 2913 24789489
909 1212 1387617
43 2541 3111700
1301 2198 472660
1004 1374 321290
37 2952 1344518
2050 2151 2316236
2135 2898 8959944
1644 2114 4448474
1325 1385 356012
10 2928 9902125
839 1497 4679070
1109 1270 511248
713 2785 1867104
1724 2098 13848184
2416 2886 345142
936 1170 1304272
425 1924 1374311
258 629 3198740
1500 1767 12539679
40 2939 38859632
123 534 10230422
271 1986 4597588
97 621 411729
240 2859 259168
211 769 18647188
708 1974 3841566
2481 2867 7862886
497 2746 37712020
7 1346 36182273
2618 2802 141130
267 1194 4828513
843 1371 32021305
781 2814 5692162
2162 2831 1547575
1847 2190 12627780
1690 2116 409617
11 1532 137290
647 796 5331570
647 2569 26505029
106 1493 16034566
1748 2664 20306839
190 1404 660821
401 2233 386771
2059 2074 248833
1850 2649 12248318
997 1926 18431855
512 2613 664175
29 2512 493407
128 386 122723
152 675 24056821
24 2945 1754029
467 2172 179423
2224 2885 2899934
1329 1539 24278296
1118 1404 249965
298 1002 5353799
1985 2121 655351
656 2161 1424189
315 2277 309448
2315 2951 495257
100 2954 537993
92 2494 933164
1367 2207 10008480
1281 1447 358099
9 2945 43604440
758 1094 43378989
558 2878 121530
1 102 1604555
340 1926 1674784
18 2939 24210204
841 1186 18448085
771 1707 13297824
318 1299 1086288
411 798 13400290
1618 2225 370455
1153 1636 5485855
1805 2848 2660273
312 1084 1355883
1913 2001 760489
1379 2008 9004944
453 455 5128340
27 2942 1014711
16 2906 11421432
1375 1979 281473
489 2570 116936
5 2920 833771
17 2948 18701939
623 871 332854
1415 1537 3241655
653 2728 43675162
121 2192 10261592
373 2303 4765800
752 1246 235283
2303 2821 44833880
1029 2527 33601559
1645 1995 1850045
8 2917 195638
16 1836 30710003
1622 2320 28034315
767 2051 4536851
309 1554 349037
749 1439 165613
262 2259 603118
192 2412 359546
598 1690 953642
725 2710 7740359
932 2908 1602202
556 2475 1756154
1779 2302 10908714
106 2044 2392806
455 800 381501
1901 2704 390283
224 2690 155090
763 1574 5768055
1406 1536 2935249
47 2955 5971407
2505 2917 170873
1767 2801 138450
2858 2920 359505
2433 2646 1595902
1925 2412 42624252
1364 1903 991201
42 2930 2714064
187 2343 8644333
1360 2188 1517222
1080 1893 132155
2219 2840 7247756
641 2663 2627040
2012 2883 10960139
1282 2673 881760
1723 1961 31181788
2158 2949 12467329
380 1861 14906904
246 993 723056
11 2950 112098
2202 2333 1742108
304 904 10779686
1595 1921 10621427
62 1205 183934
1714 2196 795163
1089 1353 247449
388 1749 1645237
1046 1554 300076
688 2614 11257268
802 2768 1364127
1556 2015 235442
47 1520 1009790
1467 2731 5039649
765 2253 2705913
66 530 50838304
1358 1515 2583074
503 2203 1028770
925 1735 155040
1232 1884 38805657
625 2711 5638822
2808 2952 4780367
526 2648 2427784
745 2397 9551534
2438 2908 923629
993 1870 17746718
246 2627 7726086
1258 2532 311291
987 1914 503473
1875 2147 3763660
508 1742 1124601
159 1162 19071127
446 2088 17829074
1510 1559 723880
62 2424 25386425
744 2915 2379295
21 2956 313539
272 1548 3491828
516 1308 5713086
1138 2752 25215608
780 2801 4047698
336 2811 594130
786 1219 15549956
1850 2700 282802
135 1387 326189
394 1492 134642
149 2265 16445794
166 415 256166
789 949 448881
572 2548 9653483
753 893 18830720
1528 1930 121589
1115 1367 195289
82 1180 162793
1633 1939 37650186
43 2943 12578856
2004 2554 1159745
213 1593 11172677
680 2290 233528
1945 2065 11900457
1918 2497 24388557
1820 2205 459968
47 2948 43017271
2462 2544 220266
543 1632 1476479
1265 1545 230637
1070 1109 39798020
7 2909 191830
1909 2081 5963781
1372 2284 103290
2280 2737 42401405
279 1529 115729
1480 2000 9145902
1381 1886 20587472
526 1069 255208
2506 2602 2289392
975 1557 1145258
1765 1967 4578759
1235 2254 713082
565 2500 7833280
646 1227 6517621
1202 1295 6039155
1925 2164 155156
1230 1326 5994080
220 2492 734432
34 2918 16856721
507 2544 241370
67 2811 187573
1765 2362 6307220
338 802 705572
147 2112 5657024
2006 2812 1501914
1105 1130 274015
435 441 1762874
955 1805 1103591
42 2920 2094756
788 1206 394921
1734 2288 49024971
13 78 1043557
884 2482 3660063
910 1111 745998
27 2952 47980120
44 2948 480801
742 1242 666085
2193 2723 1351777
344 1358 125010
2262 2280 2651717
994 2355 2222299
1178 1750 283563
25 2906 15310337
859 1304 1401849
2166 2413 18443713
2704 2710 118005
1302 1860 110224
1048 1361 40025879
241 2628 2833185
37 2918 6617065
427 639 3914022
37 2941 34308198
1754 2628 644760
1361 1507 31743710
1129 1569 5308396
1915 2879 2124511
1101 1138 5738380
147 2261 28914974
474 2259 3993341
1790 2709 3044662
1247 2911 6944515
1053 1210 23367208
2220 2316 40597832
33 1326 190795
21 551 18801487
2319 2469 2771221
1161 1405 302315
1201 1689 131104
87 1051 338370
5 2906 10252816
324 553 3739985
202 2422 143407
339 1868 49038062
1634 2270 2292767
1636 2027 281874
383 525 6341530
48 1044 5614348
6 671 14258595
731 909 8075777
15 1223 381610
717 1954 392108
851 1779 513231
1130 1779 288965
1131 1514 143535
142 1213 47643008
12 2942 1118476
470 656 5725081
227 1664 3647553
28 2932 29974445
1735 2108 9861390
1127 1284 252275
1999 2219 7138330
1256 2202 12200026
1225 2924 295024
1100 2107 9842938
1937 2698 684702
1282 1665 580793
1239 2707 1229100
2007 2324 16907635
113 2620 372289
2391 2598 11339044
172 2901 636500
872 1925 35426729
1239 2526 156321
1195 2489 356977
930 2499 9243344
1822 2603 2392120
34 2930 179719
1376 2792 9345329
945 2132 922071
47 2927 753106
1261 2655 1248691
1568 1577 105841
2524 2632 19755691
770 824 1200553
885 941 11798602
1357 1944 3049709
7 2945 2793301
2550 2725 134546
606 1088 308343
880 1278 780844
1905 2273 21478983
1985 2857 132207
2604 2861 1198085
236 974 159775
552 1060 6217753
472 924 7990377
29 2940 885434
5 2916 1789234
647 1279 8195358
22 2928 3800348
233 1368 10353426
771 1926 3923510
1763 1786 913044
1758 1766 136219
162 1362 242405
38 2934 9868088
2785 2875 12735092
1451 2590 3233231
293 2590 37531674
2360 2875 144469
1145 2039 251813
751 1431 475322
1233 1480 706946
35 2489 51075923
61 780 23870314
51 511 292508
2143 2342 24536197
42 1458 385292
1783 1981 573532
851 1172 432094
401 1094 15435501
112 932 22794723
41 2941 13449101
471 1594 24708944
1109 1487 49731157
2583 2843 49785699
155 2379 1492882
269 1987 539067
607 1973 12445535
47 2945 4136444
607 1920 26348812
46 2666 28920305
255 769 434867
1045 1471 176972
1161 1268 9617435
83 1491 809070
1253 2924 1489159
1375 2764 6356139
291 661 532134
881 2053 681824
436 1798 326817
4 698 324958
1232 2760 8095398
47 268 490070
2135 2466 746717
2864 2944 1343245
152 2533 21334284
1157 2109 6377570
1021 1883 1583833
524 1070 44554815
228 899 1933280
2 2915 2112809
121 2862 2298639
2277 2868 5381217
1488 2539 3193290
124 852 29772236
136 1880 1888076
4 1203 356145
455 939 47650670
2436 2522 9389578
22 2926 1395290
2107 2493 41062445
2293 2759 15738990
1373 2860 3653042
1339 2371 165615
924 2708 768402
350 2665 155510
1166 2119 4772766
2328 2461 774219
215 2731 28462355
963 1725 828074
1553 2239 335172
1303 1349 12289452
678 1616 2137117
1909 2636 11875961
47 2955 830135
517 1675 10483054
208 792 10729603
488 2552 773010
33 2918 275278
1396 1870 17685494
13 2526 2760426
168 2036 295315
124 2134 151654
459 563 26374932
1250 1481 2237448
275 785 274669
772 2026 3425080
872 958 11825417
25 2953 176932
415 1332 617815
366 2448 46318339
924 1491 2207414
317 1881 7615298
2719 2729 305129
1998 2314 15875015
214 768 122229
1942 2353 13345256
367 2473 35943743
946 2248 2392528
2156 2585 196830
702 2027 17375915
258 1036 214686
411 1844 179991
647 1885 190505
814 1780 1596194
2423 2773 4411279
1160 2307 14841860
1707 1753 242693
1246 1506 6241451
2560 2795 11974717
72 2733 106693
1333 2158 1894961
1477 2285 9218218
1883 2919 145289
2301 2400 200860
1312 1411 1951702
598 1417 143289
48 2913 375811
693 2261 12206943
946 2240 4164960
846 2268 10867760
26 2595 633885
1242 1875 806832
473 1015 11986803
2139 2208 5080769
698 2617 1886027
1 2941 19744721
1897 1917 812910
999 1404 5503984
894 1405 143731
22 2914 2135052
2586 2927 6364814
1312 1798 2035543
459 2220 9037957
1302 2775 25726677
507 1887 3045830
1060 2261 508365
202 1337 34438263
50 2929 144423
40 2938 5471039
910 2142 5303137
1150 1601 32546729
2281 2800 23820218
712 1814 131391
968 1289 793937
399 1190 37295687
183 2327 3932157
113 2947 1837826
30 2938 5718853
711 2077 39428820
698 977 260471
514 2803 19606805
2547 2695 630178
138 695 635627
1549 1877 129838
821 1492 247119
592 2530 253096
4 2923 44919209
1428 1837 1257193
893 1311 3518517
533 2573 10155196
1255 1991 1993840
386 889 29118498
1092 2107 138131
263 1102 166861
1665 2709 236959
34 2947 2662977
8 2948 186333
545 1134 387590
480 2079 1250913
442 507 225670
2225 2346 8539365
646 2690 257304
326 2493 6919711
371 1860 632894
1249 2444 659683
1105 1795 39468785
2009 2098 4170608
1088 2733 4841438
773 2663 5745059
1489 1925 448009
373 1773 33727767
414 2746 2452924
387 454 255941
726 2084 48956668
966 1956 803457
36 2910 2479771
180 717 589331
11 2951 5470694
40 2933 2231759
16 2933 45719488
512 1850 712575
3 1725 1038499
99 292 163223
1800 2342 343092
1357 1685 4775822
1548 2306 21233892
1128 2854 1087908
435 453 228479
622 884 23893679
1846 2806 3440047
1045 2080 15230566
239 414 195522
262 1780 976325
384 1692 144976
907 2838 673361
72 1439 654429
2042 2250 368991
26 2907 3170171
1377 1611 5326113
1616 2888 863732
980 2867 41449081
481 1794 142693
1954 2042 7160787
301 2080 2666772
36 2681 468953
401 2292 123815
12 2947 29759726
772 778 21933710
413 1777 479942
467 1920 385972
1527 2074 50250438
856 2370 725754
27 2944 142016
134 1287 1082388
126 1360 5943948
1811 2139 3433591
1017 1301 19537206
476 2400 12903921
830 1434 3841053
685 2407 10157475
764 2260 4545486
1613 2277 6311985
794 2289 7798605
93 1998 211312
192 2388 1436026
459 769 127095
1547 2257 13238213
2362 2368 962130
457 2303 14949297
221 2320 10627610
1212 2201 887650
644 703 11018941
769 1557 5514692
1942 2083 3116640
1008 2747 12677771
2190 2247 9490418
291 2250 3881216
1556 1956 1213226
1830 1831 5009504
148 975 43832372
2796 2924 20645815
1691 2887 34144137
168 839 5752387
1687 2046 23025159
106 2006 133037
8 2931 3279021
49 1073 1100591
386 1017 5536945
1460 1883 19055588
1721 2007 182373
1314 2073 353347
1169 2159 101036
640 1752 1676588
904 2658 1438757
668 2880 1021954
82 1622 551661
912 2555 8985089
418 1239 11036303
1157 2185 156956
1805 2499 138094
2611 2893 46407287
1327 2223 2721289
2552 2884 157839
11 2935 335733
1575 2801 150188
224 698 35365377
1519 2350 30272634
770 1699 32624822
931 1683 10721658
10 2147 3566112
42 577 5726926
1983 2548 152423
1413 2784 14814459
2915 2951 14144008
1588 2551 1512359
1647 2164 13070255
228 1697 1224671
966 982 741130
1188 1876 24405898
309 2799 722269
1097 2847 21303830
159 868 5468356
19 2919 537086
1 2927 3118218
204 973 488078
222 898 1671395
594 1260 2607165
1528 2666 391236
886 1661 525515
63 1747 869416
897 1649 39090552
373 1721 10587176
2807 2934 10540594
1367 1497 18681437
2838 2904 2090720
416 1048 709370
2032 2281 4294403
16 2916 28288690
21 2926 1938784
1820 2631 101580
531 2825 346045
1696 2339 2183339
14 2907 1466177
609 1417 189677
961 2727 284809
509 2433 2684244
1089 2064 36842548
1927 2336 2419393
2039 2704 1027676
1964 2068 205457
232 1520 203802
429 2480 606375
1168 2504 182282
1597 2614 387275
677 1718 9819250
1079 1404 45851723
2035 2654 18722317
1276 2459 38565691
632 2910 977664
220 1370 106789
1196 2149 311300
1217 1324 7453507
1862 2604 11900892
25 2614 138799
1026 2818 17464454
461 1975 1076189
643 2280 18146427
4 1707 344748
402 2530 143062
346 741 242120
1137 2118 179921
113 967 100966
273 1331 11344009
590 2542 27339593
80 2009 42804726
959 1128 3409828
1080 1558 39799689
1352 2061 9326376
756 1640 36451778
773 2862 13679121
1573 2275 4952788
1325 2292 116664
1482 2956 746080
354 1440 3722824
503 2343 9084295
1901 1942 174209
909 1987 275235
257 1216 140468
175 2856 302153
1043 2553 2046616
147 2158 1454059
130 2530 585969
554 1106 178143
853 2041 387634
35 2935 2240282
841 2825 5520914
752 1380 11687390
2748 2952 10598994
2652 2875 4438992
1110 1264 13942689
456 1608 43880305
2313 2594 4877210
346 918 40355066
1805 1836 18252573
1833 2877 1607927
2300 2396 1859869
1023 1132 7208042
726 1426 1583141
9 2955 195906
2681 2899 21622649
745 1756 1460515
270 758 146234
250 287 43718082
1830 2503 1146524
37 2932 11209124
315 2120 26631851
1127 1165 1052325
1089 1670 516519
2231 2447 35397146
878 1375 40324822
1774 2572 274639
905 2387 205452
38 2934 433480
137 2761 11336297
927 1641 232278
767 1122 20578023
1534 1903 10600129
1393 2923 34599206
977 1815 23693336
1534 2271 274426
619 1808 1163263
2663 2841 192940
1674 2839 4103815
563 1553 6050430
39 1652 2461381
194 700 4908583
543 559 29047771
1585 1616 5694160
7 2926 138732
2344 2559 166085
778 1037 296511
35 2913 113944
1162 1226 14064072
565 2251 14938206
2560 2581 196196
384 2581 11778400
26 2925 4467235
489 2012 6377620
18 2921 41346906
2411 2539 3247766
1115 2502 337015
2151 2493 3541228
1425 1617 25206172
2641 2694 1565384
74 2553 3704575
3 2930 181508
1486 1609 1306226
889 2421 11798566
1917 2014 2835777
1416 1763 25197215
133 2188 799794
2369 2846 429411
1041 2908 771124
286 2918 815646
741 2144 121560
1100 1476 10657577
86 120 141987
858 1878 11828393
402 455 19423565
814 2599 2308021
366 2166 2888275
1713 1786 1401598
344 1476 298885
1073 2353 16242139
970 2854 12852352
256 2441 121022
1961 2756 1642170
706 2696 188764
779 1096 378988
2084 2724 35052391
1275 2005 584464
41 2945 39911895
2684 2870 1568168
104 2047 227219
379 1311 550101
1149 1243 7258964
438 794 1752199
1822 2105 2993477
1062 2162 177849
971 1594 942831
624 759 581141
515 2850 4000276
1931 2815 906778
1328 1716 395385
1764 2874 281795
2395 2409 134807
1873 1898 130652
1358 2736 2269145
1725 2133 6017900
1034 1924 31517111
217 627 141335
387 2172 945328
104 1926 456202
1052 1105 763276
465 1203 2747830
4 2923 4304346
1449 2534 3162430
489 937 1130777
371 982 10989701
23 2946 25391586
1843 1947 7190455
1468 2211 3285918
17 657 906677
518 1468 6261342
697 1974 7399937
1697 2721 14165636
1258 2142 667293
1856 1933 163944
1698 2754 10165173
9 2950 123922
1828 2010 20932231
83 1125 1526327
1283 1731 4769856
544 1677 2346258
637 1641 14637671
1160 1228 2909106
202 463 16090570
998 2821 277287
623 1503 3483732
450 1987 2878132
258 2201 1514551
253 2252 310302
1268 2624 5796430
354 2422 44290137
952 1134 3908089
859 1519 6205738
1536 1802 2330498
1595 1755 43252748
876 1819 237409
571 1474 4358417
1509 2641 4230826
1147 2666 1342904
2281 2412 121204
1851 2674 158579
613 990 136291
376 2757 8017403
1193 1679 105898
14 2943 154477
419 998 188650
370 2223 25197445
1037 1986 129512
164 2003 1481038
155 2087 216189
422 657 303929
1791 2941 331185
2811 2944 1567473
55 2855 2091121
273 2369 49941990
1447 2013 184228
1911 2023 19340989
2061 2820 228978
740 934 194511
435 1767 10251913
359 2126 384075
25 2954 24615662
1200 1384 2868060
696 953 127703
1407 1574 283868
1560 2642 397884
2300 2866 192109
583 588 2193049
37 2910 231068
2119 2718 9257614
562 2684 123355
91 766 596980
1382 2472 42284944
737 2868 34938313
1663 2027 2742501
1366 2563 3190123
512 1181 614061
1213 2517 2591347
19 2947 17241954
924 2942 1599175
44 2936 7430052
1205 1915 5774942
1362 2921 302045
694 2706 20596606
2782 2873 40184771
1475 2933 5502355
302 1448 231170
433 1275 19233007
400 1788 203766
1556 1629 5368484
664 2551 273919
1990 2247 100219
1038 2883 24106320
2039 2745 23075707
1318 2027 9731383
198 2083 191770
33 1778 34971600
838 1498 7135216
18 1473 1658029
2215 2830 47276590
1690 2931 2944562
930 2495 145430
218 698 26609562
321 2613 21947219
1299 2094 2125171
193 2279 2663355
2096 2118 628774
39 2934 46430710
71 293 1169330
518 741 157952
340 2082 790448
906 1310 28966772
532 635 3996384
366 655 639906
1315 1967 507384
1048 1836 2435269
951 1998 1169111
2247 2805 6004090
1000 1349 20330206
7 2909 115035
853 981 8989886
6 69 307115
1007 2952 23214334
543 2524 163632
932 1172 10316101
437 2178 4009487
537 2526 609920
1988 2627 4248371
19 2935 2988044
44 2909 24261909
649 2186 5107019
47 2519 199881
364 2729 2081839
1297 1302 23279508
1 2100 608385
770 2639 262729
1239 1869 23195829
1802 2538 142434
1999 2551 1394599
302 467 1500072
37 2946 6188393
1461 1559 1100681
983 2637 325049
2375 2419 44207438
18 278 6040669
1039 1223 12245717
320 2795 6328759
631 1988 312965
2131 2782 117298
693 1430 22554020
2165 2484 2211001
1245 2272 267669
1857 2827 3536236
1890 2391 17095614
1307 1389 645076
2143 2744 49395271
277 2487 8117461
782 1343 10412042
1168 2273 1397117
212 1488 8544354
1646 2518 28114345
961 1317 26729299
2792 2824 2280931
1431 2644 4033342
174 1502 5832235
694 1684 3116625
455 1480 111395
1334 2084 151872
2044 2093 3491827
83 2576 18805350
626 2114 170773
1776 2369 10849504
1 2947 6747037
2064 2311 2433084
1399 2102 699248
1164 2659 2122274
2577 2670 342336
246 1841 680400
326 2227 10245372
105 394 2893951
2124 2303 2661350
906 1495 616012
1246 2828 27342099
433 2876 11042323
1736 2706 540758
200 2431 13359706
1660 1969 355539
1288 1738 6230024
2253 2946 4604250
2317 2526 690854
1940 2702 22515527
1443 1731 44075616
17 2925 304501
477 2945 915017
2696 2771 138101
1148 1656 1999723
1096 1564 852862
1942 2313 692865
158 2258 18371730
209 2687 1568793
28 506 1481530
1008 2017 2644666
1360 1755 5935631
242 1121 11370633
10 2906 246652
1092 2674 51182005
297 2867 4236585
525 822 432078
97 2830 291962
1651 2790 760905
1954 1958 47969210
1514 2951 428745
1785 2929 7381502
2256 2943 8844395
35 2934 1140977
1120 2374 1359403
523 2436 4176465
738 2000 748092
25 2869 12433326
789 815 4684668
363 2623 44468243
1476 2916 3489531
1382 1704 9404981
1593 2655 11319568
507 2801 748193
1406 1481 946265
1909 2434 828281
208 230 170709
349 1137 136547
1043 2796 489916
167 494 3903622
549 2857 20212317
1116 2902 400582
1452 2638 3158360
2404 2761 927581
2334 2878 144386
1814 1937 292028
853 1001 7801369
721 1689 33135579
349 2864 1299537
1054 2075 35498103
1352 1730 2603941
1850 2725 42787820
565 1517 216405
170 2814 39913605
1473 2018 310937
267 820 1117745
2153 2670 5559738
1437 2600 23280381
48 2934 5856545
1818 2606 3687789
2184 2544 454038
1087 1137 268396
2433 2849 27434262
1469 1506 1134741
962 2426 14331180
440 2279 5478849
49 2941 22130841
477 924 696476
1479 2671 2211698
1853 2788 11446125
191 1733 265962
878 2013 1641136
1559 2717 5275122
214 400 2218415
295 2749 254129
546 2744 11000216
47 2940 3035211
26 2952 45707486
302 883 170234
48 2933 12260885
699 2649 13123894
2618 2736 1195755
1921 2951 709941
1929 2764 25418042
972 2798 270998
893 1966 24179411
1677 2023 222928
881 2525 1232190
742 2870 16516674
1554 1977 1068713
1539 2129 11520311
22 2955 30137252
474 2564 50284007
702 1184 328354
425 2533 5183054
486 2476 23911967
1376 2433 1385875
2159 2604 47225371
898 2770 1660938
1849 2677 194401
1542 1828 180404
686 756 19254031
1188 2691 478969
542 1661 490845
568 2838 3763130
858 1717 3938312
33 1346 4523115
842 2627 17245314
868 979 46195252
2539 2566 2934955
5 280 3672978
21 2922 467013
1052 2501 2788563
1345 2029 234392
501 1090 11011616
1563 1826 44762828
1438 2491 17417148
335 2295 16615540
3 2922 23902248
2679 2899 1922641
314 783 622488
1299 2067 501021
413 1591 47778545
318 1345 297702
27 2644 255445
805 2571 5100049
1126 2722 16677678
928 2221 5718016
11 2557 11921957
1560 1800 255432
542 2912 5776792
38 2934 4158456
31 2917 2830126
425 1811 16769600
992 2682 152687
2450 2699 15995240
1049 2004 1786983
512 1900 699491
1484 2715 1371603
704 1968 12593192
373 1193 433831
787 1597 2156529
695 2926 20283590
84 486 1526615
50 2931 20213448
584 2434 3652819
472 2397 193264
399 2583 213265
615 2898 683308
229 271 209039
949 2496 37923472
113 1998 10502129
1954 2940 360524
237 1281 13842537
144 354 2736031
2276 2864 1414937
585 2064 254864
46 2926 2869359
541 2007 14533675
2623 2881 5071401
2793 2911 27973927
713 1997 236842
752 2897 513703
1032 1611 5477767
1141 2777 29202607
591 645 5105808
1346 1954 2736733
1 2860 417024
1173 2547 936926
580 1544 31056906
646 1364 1550276
135 1773 3604259
1672 2216 43229188
30 2952 431578
453 658 2516035
833 2345 155882
21 2916 931166
85 894 5358283
562 2498 4808199
63 1836 46045936
1858 2940 4248357
1764 2733 3229495
1616 2261 28999914
1946 2407 3389348
1692 2525 3013067
1240 2750 122953
314 2671 1793863
1718 1859 26140972
726 1110 343834
762 2906 318702
1861 2156 48319302
1964 2342 525881
391 1996 43252352
1975 2836 552309
1112 2821 1339105
1795 2580 17108807
44 2942 547718
934 1176 3643103
2173 2707 3012003
60 2580 220531
2071 2146 1019236
228 1234 5446443
1323 1917 333900
600 2511 1405798
719 2609 40565600
880 889 16862300
33 2136 5354097
35 910 19582781
1438 2647 615743
392 1080 23948078
1143 1759 154708
296 1604 30910923
198 1438 1425210
758 2716 585353
50 2951 3020957
50 2936 296390
273 1096 241335
1291 1447 302377
45 1980 105876
2340 2880 163584
121 366 1955873
1067 2229 1490031
807 2779 117319
655 1382 931625
162 2375 21809962
216 821 354569
1149 2351 170098
855 2549 1240169
83 1662 15665095
825 2531 2752713
383 2102 471480
1200 2913 4026189
466 2416 176088
91 888 20822285
702 1438 744375
751 2689 655137
279 1892 3097773
1744 2097 11919160
660 2396 1440977
1719 2918 1432379
2154 2505 583496
140 2627 21653066
1703 2121 2055393
21 2952 40306448
1723 2067 1207983
675 2710 5047460
2390 2647 2315553
1192 2442 24564115
582 2080 37363964
291 954 131945
201 1522 748599
1528 2001 322138
80 2774 627383
258 1363 4994281
1206 2864 16524335
37 2919 14260830
1814 2841 26993535
1766 2121 1543176
519 1848 51061535
649 1509 4563433
780 1514 4410936
618 1950 31014887
1071 1696 233893
1209 2143 2017321
41 2948 4766433
17 2940 22737150
76 1472 504617
732 2200 3112358
761 2303 8496709
240 1650 8898925
2479 2588 160914
1127 2731 292574
1380 2092 2506371
362 2936 4747846
1133 1663 46210552
1935 2701 301028
2158 2217 3242355
1572 2460 738110
140 1042 1695530
4 1987 25390732
971 1641 189826
1252 1928 14948131
77 1631 2559663
476 654 6398371
335 1462 12700125
31 2942 7486808
575 2308 5066797
2075 2444 5116347
1385 2875 20448136
438 1235 41578454
16 2118 328450
1366 1673 2910083
1435 2770 12515922
94 1257 187124
942 2284 1125010
692 2556 7791646
315 2146 399116
1310 2347 37016145
1424 2196 20726129
339 922 398356
1268 2598 40866044
770 2852 2705744
353 1860 384970
20 2947 282652
217 1691 32512612
1833 2170 44583637
19 2934 124890
22 2942 45733610
349 2302 7723741
183 492 7210956
277 1084 109866
824 1262 18318115
328 2786 237777
534 2551 6861585
35 2906 5074714
703 1908 9855820
339 574 22281787
1691 2357 538863
16 228 2707337
692 1645 703476
630 1254 799792
13 1287 147430
14 135 1503749
45 2908 2834568
34 2927 693289
386 2359 15759161
696 2560 295873
796 885 5810560
847 1077 170481
8 2911 5792285
1085 1240 9311895
1382 1526 25022777
2451 2764 2125307
393 2706 674781
857 969 101038
247 1605 839419
833 2059 16978682
41 2908 2316178
623 1148 13618767
1478 1819 145284
819 2156 1482275
1096 1891 12560099
2338 2544 39815004
1816 2733 334534
1096 2113 681264
335 1894 16359495
1110 2535 8780906
614 2443 2354738
570 1273 143602
1672 2136 6924586
912 1750 5271311
1135 2242 2701903
475 534 1600727
2460 2755 11726714
19 2955 9664280
271 1213 8214621
290 675 2186947
1143 2480 1633130
1636 1661 8832323
1373 1925 395925
1373 2345 1199497
39 2937 20935758
1661 1733 50485260
1803 2418 133031
1290 2460 32578205
546 2317 130457
409 2092 16948098
1305 2711 2830009
79 1341 5744048
116 1722 397341
42 2926 23898141
1355 2717 253370
192 897 330571
378 1819 6353512
123 1464 2322337
2844 2928 9357941
32 2949 644627
1057 2091 1155246
478 809 126866
2133 2451 5275184
12 2926 24905531
1193 1607 16887549
1196 2544 2439633
1450 2527 31380774
703 2413 3166595
2542 2847 50679730
787 1381 49563249
1875 2256 39455226
314 342 9385693
832 2654 1012046
174 2669 1103619
41 2913 767452
34 2951 1529731
963 1060 43603870
32 2948 140205
862 1966 230453
2600 2770 5117503
1246 2912 27988558
2166 2484 23304619
621 1729 31058728
959 1336 10578634
350 2039 1113233
72 595 582214
384 574 257379
615 1326 274167
45 2911 38391892
165 2751 388766
271 2634 4679311
251 584 315704
1730 2589 816466
1280 1923 10450474
18 1845 10936677
440 1585 189062
1418 1662 2758453
280 332 791803
2098 2558 3060439
72 2476 264698
2031 2892 825721
537 2814 4420766
2066 2526 638455
1353 2146 2613316
2136 2209 11559904
1554 1728 40462711
1576 2264 163146
1406 2939 656787
951 2169 1104329
942 2848 151951
2059 2361 163113
762 2662 2940046
83 2435 212921
1258 1527 3161631
1379 2341 11240645
2076 2828 188184
397 2755 4975468
724 828 9867322
2615 2865 10065110
881 1750 9630672
1403 1413 1573580
2002 2421 250830
251 1091 281473
661 1720 6220086
1522 2840 2322400
1673 2091 2965438
1646 1702 178679
1918 2627 16174848
2039 2439 7382574
956 1533 1510192
11 2925 7677042
54 1273 6490528
548 561 6107314
750 815 1453587
403 926 723841
35 2929 2013788
72 1378 2358211
443 2476 34901897
401 822 723942
468 1146 11460336
708 2074 146386
308 2393 1220167
487 1877 25818536
1022 1609 5531701
133 669 234855
578 1932 375449
1 2931 1051035
49 2920 11666294
571 1794 4378156
694 1498 1173162
492 870 4223488
992 2180 1914757
552 1454 577524
212 2784 1519005
392 1634 2941636
921 2639 2161234
29 2909 40124528
40 2918 105938
311 2268 4505186
2294 2454 155800
1357 1728 12232114
964 2403 16058144
256 1040 162181
2279 2347 762678
1342 2320 260087
46 2475 167932
675 2940 1013922
44 2907 40790716
398 1319 1142115
70 1480 1710182
16 2934 238472
8 2928 208555
876 1068 5448727
132 1339 14564239
816 1072 30184283
845 861 2790303
1741 2775 20450856
577 2719 638167
452 2094 690155
501 1147 1077911
1104 2681 253744
597 2154 347588
22 2921 184288
116 2903 8500833
747 1603 5053945
1032 1259 4235497
424 1413 103910
767 2671 16052662
676 2149 21740779
249 2564 37133897
1547 1688 21469530
1437 2331 574540
19 2567 10963790
609 2651 1344980
1349 1925 604919
35 2918 214146
1167 1698 38288302
1144 2654 11516860
31 2931 317602
429 2706 2783309
10 1063 2692739
111 1616 5188443
2154 2471 525166
310 1664 666391
1767 2760 26237934
154 2682 6215197
1331 2442 1579525
749 890 12864808
153 1606 1820635
1523 1763 334245
50 2925 18430439
1802 2537 188415
991 1456 215017
60 2076 17908669
1369 2399 486326
296 1863 1414838
120 849 25711282
226 2698 736558
76 2816 696866
2162 2397 142563
604 1167 1692602
44 2924 7023912
990 1275 140923
145 327 1823575
1 2916 1232988
1326 2247 3189942
9 2936 15601597
9 2943 10668940
819 2378 549471
644 2009 40765413
2496 2673 184274
1191 1637 39036092
1406 1670 10025623
19 2947 2305809
32 243 1715761
2 2953 36713937
598 687 3140631
23 2947 1064374
540 1092 562189
1532 2552 1775221
658 2783 1486624
2081 2297 30987735
637 2689 24883544
1070 1745 619186
1835 2127 183014
173 1394 543957
216 2172 448296
275 1785 2473531
470 1999 19241086
1 2937 2965368
2209 2662 18491567
2258 2920 543334
296 2344 2386708
652 1025 28825358
2259 2405 18695005
2117 2375 1735865
2102 2426 511974
1433 2312 115481
975 2337 2011992
141 2316 680905
1376 1716 949642
2291 2714 13095003
614 972 39049493
2284 2942 286751
822 1513 41050384
265 935 182386
2120 2895 1474795
485 1506 10946657
2334 2700 12473865
12 2925 2248613
1570 2907 746078
505 1500 286724
1214 2951 28361498
338 2561 2846465
2003 2660 153412
517 1117 11757324
46 2927 37468495
242 1422 4693714
49 2937 392149
1162 2087 1436769
948 1292 1680207
468 1669 10510579
841 1251 5920597
205 830 9804298
450 2944 1778553
1850 2674 2455541
369 664 3781693
2082 2139 1253148
624 1205 1596242
565 2474 987803
537 1960 928606
2650 2668 184746
578 2710 218286
74 2495 514415
954 1293 1982254
1070 1480 342420
1124 1813 1370383
271 1313 26783243
261 1893 24660802
306 848 6541527
22 2955 2280937
693 1384 650316
2702 2914 1536394
1010 1809 15272376
1074 2012 19245400
688 1583 7783340
2290 2505 3188457
2375 2929 124239
255 1959 179734
169 1243 7598147
1215 1713 289898
666 2548 496664
223 1428 22594234
1880 2345 5434757
148 1681 110119
772 2652 706441
432 1338 17046700
785 2869 2836118
577 2505 116765
934 1038 3688493
33 2927 3861716
16 2907 1264688
154 2246 11515255
47 350 45724338
70 914 1528008
379 1023 194976
1789 2704 4489047
1195 2303 653275
926 2296 44583186
790 2537 12510613
1438 1515 243086
1474 2569 115917
281 1485 332396
1694 2328 1738864
125 2251 16541998
27 2950 10927413
568 1297 374527
686 746 672061
33 2934 1888129
31 2931 5888223
2014 2314 367134
47 2918 605772
2469 2555 8641853
30 2938 2930164
512 2683 17334412
1889 2255 8613295
1217 1383 1372422
323 2669 5036443
360 920 17320983
1137 1734 335885
1013 2180 305602
30 2936 7328573
518 806 824366
311 2515 159438
518 1948 1019077
39 1108 1376043
350 874 1174945
1754 2419 306793
903 1284 183700
9 2945 18681299
493 2077 175795
746 2368 48857710
529 832 622371
1661 2108 24568075
244 934 141472
2489 2576 368224
498 2209 4526386
1129 1973 1932124
88 2203 211508
1417 2256 6134666
154 2923 377844
672 1640 1093066
2380 2591 3181048
519 1660 2454540
494 1299 438823
110 2802 1802971
1818 2015 1841584
47 390 246346
490 1476 12418089
607 2766 37201154
1786 2621 43223983
2010 2380 330295
1253 1759 2204814
551 1005 2078032
33 2916 353748
21 2935 215657
422 1158 26622805
993 2909 1141004
182 1126 2029002
2148 2935 1557881
59 328 2485698
32 2930 2221479
2633 2643 10567636
563 778 4523028
1252 1951 1249157
2 2926 44134381
395 1790 1036069
918 2702 181934
1354 2693 2123388
80 2071 451272
223 1700 3557181
1637 1954 9248747
1158 1372 48164494
2224 2380 2428135
855 1489 5362051
109 2951 19392563
1929 2105 5234882
558 1767 589349
317 2638 1107786
2180 2940 367468
870 2891 304170
67 2727 23784031
519 2468 11175298
1138 2668 7091118
1103 2117 1485816
930 1745 24968914
1081 1464 23978095
29 2927 154862
1443 2647 2556421
415 2299 22822584
70 1725 4091788
264 1334 470544
2866 2937 178934
1585 2308 5645261
19 851 272312
1688 2897 5544153
152 783 11781155
258 1990 130478
201 839 510918
510 2560 33317947
1909 2805 380096
430 839 132982
35 2913 9913650
185 1432 4493383
395 2597 443484
150 2701 117409
2064 2608 105303
517 2781 49591612
321 362 5479270
2374 2738 3948048
175 688 22145088
312 2872 1038999
1445 1688 120125
1780 2887 736580
4 2918 17511325
265 634 7523358
945 2804 1231685
17 2921 1052331
1328 2079 5581913
1946 2479 117756
22 1401 382840
1793 2881 37212420
265 1026 217679
975 2604 10236609
36 2915 36079747
780 1076 2974953
296 865 33124777
1429 2172 3138447
142 1488 2055624
1025 1091 541609
73 1316 11686385
27 616 10266863
202 2769 3779665
172 730 30465199
1093 2234 24196070
678 1830 728798
232 2748 2793352
1007 1874 1576613
2400 2470 754600
1315 2885 4664375
529 2545 768727
1381 1788 51173871
30 2922 5511000
1348 1901 853113
521 1873 1248322
1548 2053 1792717
224 518 37405297
608 1762 624694
833 1137 1622685
2555 2846 342403
1060 2075 14543330
356 2248 15915061
2051 2374 2149315
593 2520 332862
1367 2689 10869025
534 1229 35050202
374 780 25342044
1486 2346 191187
298 1449 162637
2304 2719 9011081
36 2912 122865
1120 1446 9240274
7 2573 198938
1705 1866 2471875
823 1522 16675181
15 1315 10403620
454 539 3236238
1566 2547 28493776
1823 2601 40906117
144 1427 209249
2059 2495 16166694
1621 1884 22101212
1639 2703 6142325
682 2642 36075476
1961 2429 5120689
1113 1478 154355
14 2950 19242504
1614 2494 14427662
1162 1594 2194353
2 2935 2939101
75 407 121883
2021 2263 195053
1804 2150 18202756
1577 2642 145162
622 1771 5693105
29 1298 10897202
436 1056 3092475
810 1546 1274231
893 2336 7943171
2238 2373 134203
1523 2859 2357028
815 2132 34866624
1959 2585 2701469
2020 2031 165078
224 1064 1555835
1148 1792 34415511
329 1623 138206
155 861 1162721
892 1989 30451766
923 1758 9362933
2269 2638 12273566
232 1973 166904
16 2051 532200
1473 2213 28840316
1857 2805 188724
396 2787 1250565
2564 2685 7233363
1638 2313 213789
17 2921 4363886
15 2927 1006087
1589 2765 4644649
904 1464 1399066
2764 2892 1537045
841 1982 253484
2024 2265 147671
76 791 476651
1767 2923 2470000
331 1462 2750149
23 2913 9669673
763 1741 48998745
699 1252 906968
831 1355 3198968
314 1842 353233
837 2857 10116464
1116 1903 360407
1034 2771 1376899
9 2953 197873
2065 2737 267929
18 2925 18192800
305 1792 2518710
2368 2828 5850912
2780 2939 25857673
1192 2621 2292566
381 2074 369220
676 2006 19049517
1313 2397 4184098
479 1173 42095324
1134 2301 1235101
2533 2664 44618341
942 1439 325122
1688 2841 2149544
477 2916 6812862
1016 1600 41482001
1102 1395 22982221
1311 1379 11257162
686 2948 4032601
230 1699 16371509
78 2387 150018
89 1693 42627672
620 1703 19950445
1879 2403 22115141
49 2917 337865
1970 2335 147229
568 2698 1365651
1476 2885 3116744
715 1067 33378972
822 2632 5553327
13 2910 229550
1008 1101 336744
1095 1779 7619937
366 1589 1456096
1047 2216 1528426
834 2633 242819
389 1887 6565339
65 1203 373420
1011 1924 5279204
1567 2119 4390365
94 2671 4550150
62 315 8451112
1558 2577 767549
2547 2560 2816144
1229 1492 362765
217 1721 45670893
210 1805 929479
805 1475 13445232
1435 1634 141249
1659 2286 1484415
12 1735 24353254
2214 2574 6027021
669 2680 2362498
264 1896 622280
1586 1734 34972966
1697 2371 143088
22 2778 600033
1778 2619 2379124
795 1038 143346
184 1859 182692
447 1003 2671968
66 2044 23495547
1863 2119 28557313
788 865 1533425
2065 2329 1694523
340 939 2558561
5 2922 246273
1372 2747 1064105
436 2728 1523528
42 2916 982266
811 841 8201504
1502 2741 4526667
2104 2379 433610
371 2556 4187886
2083 2702 4219006
8 1902 44385319
621 2237 687788
13 2935 181890
908 1683 14516251
685 2291 174218
262 843 856094
2112 2377 274101
2431 2735 426606
1051 2328 181259
1009 2756 51156243
207 448 3150702
558 1837 483079
1209 1832 2094565
2410 2707 665953
2424 2589 22100591
1797 2087 36209451
520 710 8687579
2235 2694 5471272
940 2230 355993
42 2643 1514278
654 1441 5421832
143 1230 40648531
1273 1981 2013186
2428 2878 752204
933 1773 276427
912 1876 2189926
1391 2800 719610
1078 1609 7072126
35 2287 13484355
800 2803 3460220
613 2832 2305270
1711 2635 971575
544 1736 7378743
138 970 740318
153 1726 6281431
78 850 5359738
1142 2582 283435
735 1300 144473
1960 2773 422010
1624 1912 4668113
2309 2437 509707
