2989 3000
23 22 21 20 19 18 18 16 14 14 11 10 10 6 4999 4999 4998 4998 4996 4995 4994 4992 4992 4990 4989 4988 4985 4983 4983 4976 4975 4973 4971 4970 4969 4967 4963 4963 4963 4961 4961 4959 4957 4957 4956 4956 4955 4955 4954 4953 4950 4949 4948 4946 4944 4944 4941 4941 4936 4934 4933 4933 4932 4932 4931 4930 4930 4928 4926 4925 4924 4923 4921 4918 4918 4917 4916 4916 4916 4911 4911 4910 4909 4908 4903 4902 4901 4900 4896 4895 4894 4893 4892 4889 4888 4887 4886 4886 4885 4880 4878 4876 4876 4875 4873 4873 4871 4868 4867 4866 4859 4858 4855 4850 4849 4847 4844 4843 4843 4842 4842 4842 4838 4834 4824 4823 4822 4820 4817 4815 4815 4811 4811 4810 4809 4808 4807 4799 4799 4798 4798 4798 4795 4795 4795 4793 4792 4787 4787 4787 4783 4782 4777 4775 4773 4767 4766 4765 4763 4763 4758 4757 4757 4752 4752 4752 4748 4748 4748 4748 4748 4745 4738 4735 4734 4734 4734 4732 4732 4731 4729 4728 4726 4725 4722 4722 4718 4718 4715 4715 4715 4714 4712 4709 4708 4708 4706 4705 4704 4702 4699 4697 4696 4689 4689 4686 4685 4685 4683 4683 4681 4679 4677 4675 4671 4670 4669 4669 4667 4667 4664 4661 4660 4660 4659 4658 4653 4652 4652 4647 4646 4646 4645 4644 4642 4642 4639 4639 4635 4633 4632 4629 4628 4627 4625 4625 4624 4624 4617 4617 4616 4616 4613 4612 4611 4607 4604 4603 4601 4600 4599 4596 4596 4596 4596 4594 4594 4593 4592 4590 4589 4588 4586 4585 4582 4579 4579 4579 4579 4578 4577 4576 4573 4567 4566 4565 4565 4564 4562 4561 4561 4559 4557 4553 4552 4551 4551 4551 4549 4547 4547 4547 4545 4544 4532 4531 4530 4530 4528 4526 4525 4523 4521 4512 4511 4511 4510 4510 4509 4509 4505 4504 4500 4499 4499 4496 4495 4494 4494 4487 4485 4484 4482 4482 4482 4481 4480 4480 4478 4477 4476 4475 4474 4473 4471 4471 4470 4470 4465 4464 4463 4463 4460 4460 4459 4457 4456 4454 4454 4453 4453 4451 4448 4448 4444 4443 4442 4442 4441 4441 4437 4433 4433 4430 4430 4427 4425 4425 4421 4421 4418 4417 4416 4416 4416 4415 4411 4411 4411 4408 4406 4396 4394 4390 4389 4388 4386 4385 4384 4384 4383 4381 4381 4379 4378 4378 4377 4375 4371 4370 4370 4366 4362 4361 4361 4359 4356 4355 4353 4352 4350 4348 4347 4346 4343 4342 4340 4338 4337 4336 4332 4325 4324 4324 4323 4322 4317 4316 4314 4311 4311 4309 4309 4307 4306 4304 4304 4302 4302 4299 4299 4294 4294 4292 4287 4286 4284 4280 4279 4278 4274 4274 4273 4266 4263 4261 4257 4249 4247 4246 4244 4242 4242 4241 4240 4235 4235 4232 4232 4229 4229 4228 4225 4225 4224 4222 4218 4214 4212 4212 4211 4211 4209 4206 4206 4204 4201 4201 4201 4200 4200 4200 4198 4195 4189 4188 4186 4185 4183 4182 4182 4182 4181 4179 4178 4177 4176 4176 4174 4173 4172 4172 4167 4163 4162 4160 4158 4158 4156 4155 4154 4152 4151 4148 4145 4143 4143 4137 4137 4132 4127 4124 4123 4122 4117 4115 4113 4109 4106 4105 4103 4102 4097 4096 4096 4094 4094 4093 4093 4092 4090 4088 4087 4085 4083 4082 4082 4082 4081 4074 4072 4067 4066 4066 4065 4063 4062 4061 4054 4054 4047 4044 4041 4041 4039 4037 4037 4034 4033 4031 4028 4028 4027 4027 4027 4025 4025 4024 4022 4022 4021 4018 4014 4012 4012 4011 4010 4007 4005 4004 4002 4002 3999 3999 3999 3998 3993 3991 3990 3989 3985 3983 3982 3975 3973 3970 3970 3969 3966 3965 3964 3960 3959 3958 3954 3948 3944 3939 3938 3937 3936 3935 3935 3925 3924 3924 3920 3919 3918 3918 3909 3908 3905 3904 3902 3900 3899 3898 3897 3896 3893 3890 3890 3889 3887 3885 3885 3885 3885 3882 3880 3879 3878 3878 3877 3876 3871 3866 3865 3865 3865 3860 3858 3856 3855 3854 3852 3851 3851 3851 3849 3849 3848 3848 3848 3847 3845 3844 3843 3842 3839 3839 3832 3829 3827 3827 3824 3822 3820 3816 3815 3810 3810 3808 3806 3805 3803 3802 3802 3801 3800 3798 3797 3797 3795 3795 3795 3795 3794 3792 3792 3792 3791 3784 3783 3781 3781 3780 3779 3777 3776 3774 3774 3774 3773 3767 3766 3764 3759 3757 3757 3755 3755 3754 3754 3754 3753 3746 3745 3739 3736 3735 3735 3733 3732 3732 3732 3732 3731 3731 3730 3729 3727 3726 3723 3722 3721 3720 3716 3707 3706 3705 3703 3703 3702 3700 3698 3697 3693 3692 3692 3691 3690 3689 3689 3688 3687 3684 3684 3679 3677 3676 3676 3676 3675 3675 3674 3674 3673 3672 3672 3671 3670 3669 3669 3669 3667 3665 3663 3656 3655 3655 3654 3653 3649 3647 3646 3644 3643 3643 3638 3636 3633 3633 3632 3632 3632 3630 3630 3624 3622 3615 3612 3607 3606 3605 3605 3602 3598 3598 3597 3597 3595 3594 3593 3592 3588 3588 3586 3585 3583 3583 3579 3579 3576 3575 3575 3571 3570 3567 3563 3562 3562 3562 3561 3558 3557 3556 3555 3549 3548 3548 3548 3548 3546 3544 3540 3538 3536 3535 3533 3528 3527 3526 3526 3523 3523 3522 3519 3519 3517 3516 3515 3514 3513 3511 3508 3506 3505 3502 3501 3500 3500 3498 3496 3496 3494 3493 3491 3491 3490 3485 3485 3484 3483 3482 3482 3481 3480 3480 3478 3476 3474 3471 3470 3470 3469 3465 3464 3462 3462 3462 3461 3459 3456 3455 3455 3454 3453 3451 3450 3447 3446 3445 3442 3441 3440 3439 3436 3434 3433 3432 3428 3427 3423 3421 3421 3421 3419 3419 3418 3416 3415 3415 3415 3414 3412 3407 3407 3404 3402 3400 3396 3394 3386 3386 3383 3383 3381 3380 3379 3379 3371 3371 3366 3365 3363 3362 3359 3358 3357 3356 3356 3348 3345 3344 3343 3342 3341 3334 3333 3332 3331 3329 3327 3327 3326 3326 3325 3323 3323 3322 3321 3321 3321 3320 3320 3319 3313 3311 3309 3305 3303 3303 3302 3297 3296 3292 3291 3288 3286 3285 3283 3276 3275 3273 3273 3272 3271 3271 3269 3269 3269 3268 3267 3267 3265 3260 3258 3256 3256 3256 3253 3250 3249 3248 3246 3240 3238 3237 3237 3235 3233 3232 3231 3226 3226 3225 3225 3219 3218 3218 3216 3215 3214 3212 3212 3211 3209 3205 3203 3203 3203 3200 3197 3196 3196 3194 3193 3190 3186 3184 3175 3173 3172 3171 3171 3170 3165 3163 3163 3163 3160 3159 3159 3158 3153 3152 3152 3150 3149 3148 3146 3144 3143 3142 3141 3141 3140 3139 3137 3136 3134 3134 3134 3130 3130 3129 3128 3128 3128 3127 3125 3124 3122 3119 3118 3117 3114 3108 3106 3104 3104 3103 3102 3102 3099 3097 3095 3092 3090 3090 3088 3087 3085 3082 3079 3079 3077 3076 3075 3075 3072 3070 3069 3068 3067 3065 3065 3064 3062 3059 3056 3051 3050 3049 3047 3045 3045 3044 3043 3042 3042 3038 3037 3036 3034 3034 3034 3032 3032 3030 3029 3028 3024 3020 3018 3017 3010 3006 3004 3004 3003 2995 2995 2995 2993 2992 2992 2991 2988 2988 2988 2987 2984 2984 2983 2981 2978 2978 2977 2977 2974 2974 2972 2970 2970 2967 2966 2966 2966 2963 2963 2961 2960 2959 2959 2958 2957 2954 2948 2946 2941 2940 2940 2939 2936 2936 2933 2930 2930 2929 2928 2926 2925 2921 2921 2921 2917 2917 2915 2914 2909 2908 2908 2907 2906 2905 2903 2903 2903 2902 2900 2900 2899 2899 2894 2893 2893 2893 2887 2887 2884 2884 2884 2882 2881 2880 2879 2879 2878 2877 2871 2869 2868 2868 2868 2867 2867 2866 2865 2863 2861 2861 2858 2858 2858 2857 2853 2847 2844 2844 2843 2841 2837 2836 2835 2834 2833 2832 2832 2830 2829 2829 2829 2826 2826 2825 2823 2823 2819 2814 2812 2811 2810 2805 2799 2797 2797 2796 2796 2790 2788 2787 2786 2785 2784 2783 2781 2779 2779 2777 2775 2772 2771 2771 2770 2769 2767 2767 2767 2765 2763 2762 2762 2760 2749 2749 2747 2740 2740 2738 2737 2737 2737 2736 2734 2726 2724 2723 2722 2721 2719 2718 2716 2716 2715 2715 2713 2713 2713 2712 2709 2708 2707 2704 2701 2701 2700 2699 2697 2697 2696 2694 2694 2689 2687 2685 2679 2678 2677 2675 2674 2673 2668 2666 2663 2663 2660 2659 2659 2656 2654 2648 2644 2642 2642 2642 2635 2634 2629 2628 2627 2627 2624 2623 2621 2620 2620 2619 2612 2612 2612 2612 2610 2606 2605 2604 2604 2604 2603 2602 2599 2598 2594 2590 2586 2584 2579 2579 2577 2576 2575 2574 2567 2567 2564 2559 2558 2557 2557 2557 2556 2552 2550 2550 2549 2547 2547 2547 2546 2546 2546 2544 2543 2543 2541 2537 2536 2535 2531 2529 2528 2527 2525 2525 2525 2522 2522 2521 2515 2511 2509 2509 2507 2507 2506 2506 2506 2501 2499 2499 2499 2497 2496 2495 2494 2490 2489 2487 2485 2484 2483 2482 2481 2479 2477 2474 2471 2470 2464 2463 2463 2463 2463 2462 2459 2456 2454 2453 2449 2447 2447 2446 2443 2440 2440 2439 2439 2438 2437 2429 2427 2425 2423 2421 2419 2419 2415 2414 2414 2413 2413 2412 2410 2409 2407 2403 2402 2399 2399 2398 2395 2394 2393 2392 2392 2392 2386 2385 2384 2384 2383 2383 2382 2381 2379 2379 2379 2378 2375 2373 2370 2367 2364 2361 2356 2356 2356 2355 2354 2349 2349 2347 2346 2346 2345 2342 2341 2341 2340 2337 2336 2332 2331 2327 2326 2324 2324 2321 2316 2316 2316 2312 2310 2307 2306 2305 2303 2293 2291 2291 2291 2289 2288 2286 2285 2282 2280 2276 2276 2275 2270 2270 2270 2269 2269 2267 2266 2265 2258 2258 2258 2254 2254 2253 2252 2251 2248 2242 2241 2239 2239 2236 2235 2234 2232 2229 2229 2229 2225 2221 2221 2214 2213 2213 2208 2207 2206 2203 2202 2198 2198 2197 2188 2187 2184 2183 2182 2177 2175 2175 2172 2170 2170 2170 2170 2168 2167 2167 2162 2158 2157 2154 2152 2151 2151 2150 2142 2140 2140 2138 2137 2135 2132 2131 2129 2127 2125 2124 2124 2123 2123 2122 2121 2120 2118 2116 2115 2112 2109 2108 2107 2107 2107 2104 2097 2097 2096 2095 2094 2094 2092 2091 2090 2089 2089 2088 2086 2083 2079 2078 2069 2063 2063 2062 2062 2060 2059 2057 2056 2055 2053 2051 2048 2047 2047 2045 2044 2041 2040 2039 2038 2036 2036 2035 2035 2033 2032 2030 2030 2029 2027 2027 2027 2023 2020 2018 2018 2017 2017 2016 2014 2009 1995 1993 1992 1991 1990 1989 1989 1987 1987 1986 1984 1983 1979 1979 1977 1976 1975 1974 1971 1970 1969 1968 1963 1962 1959 1959 1958 1955 1954 1952 1949 1947 1939 1938 1935 1934 1932 1930 1929 1929 1929 1927 1927 1926 1925 1924 1924 1924 1923 1922 1918 1915 1914 1911 1905 1903 1903 1896 1896 1896 1896 1895 1895 1892 1886 1884 1883 1883 1880 1880 1878 1877 1875 1875 1874 1873 1873 1872 1868 1867 1866 1866 1863 1860 1859 1859 1859 1855 1855 1854 1852 1850 1849 1847 1847 1845 1844 1842 1842 1842 1841 1839 1839 1837 1836 1834 1833 1830 1825 1822 1821 1820 1819 1819 1818 1818 1816 1814 1813 1813 1812 1809 1805 1801 1800 1799 1799 1798 1794 1792 1792 1788 1787 1787 1786 1779 1779 1779 1775 1775 1771 1769 1768 1767 1764 1758 1754 1753 1753 1752 1751 1749 1748 1747 1747 1746 1744 1737 1734 1734 1731 1730 1727 1725 1724 1723 1722 1721 1716 1716 1713 1708 1706 1705 1704 1702 1698 1694 1692 1688 1686 1684 1684 1682 1680 1679 1678 1675 1675 1674 1670 1670 1670 1663 1663 1656 1655 1655 1654 1654 1653 1653 1652 1646 1646 1646 1645 1645 1643 1643 1642 1635 1635 1634 1633 1628 1628 1627 1626 1622 1619 1618 1617 1617 1616 1616 1614 1613 1610 1606 1606 1605 1603 1602 1601 1599 1598 1593 1592 1587 1585 1582 1581 1581 1580 1576 1574 1573 1570 1569 1567 1567 1567 1565 1564 1560 1559 1559 1557 1555 1553 1551 1551 1551 1551 1549 1546 1544 1541 1541 1539 1537 1537 1536 1536 1535 1534 1532 1530 1530 1526 1525 1525 1524 1522 1522 1522 1516 1515 1513 1511 1511 1507 1505 1504 1503 1502 1502 1500 1500 1500 1500 1499 1496 1493 1491 1488 1487 1487 1486 1483 1481 1480 1476 1475 1475 1474 1473 1472 1472 1471 1471 1469 1469 1469 1461 1460 1460 1457 1457 1456 1452 1452 1451 1444 1444 1443 1443 1441 1439 1436 1435 1433 1431 1430 1429 1426 1420 1419 1418 1409 1408 1407 1406 1405 1405 1405 1404 1399 1397 1396 1396 1395 1394 1388 1388 1385 1381 1380 1379 1379 1373 1371 1371 1370 1370 1369 1368 1366 1366 1362 1359 1358 1355 1353 1352 1352 1351 1349 1349 1349 1348 1346 1346 1345 1343 1342 1341 1339 1338 1334 1329 1328 1326 1326 1326 1325 1324 1324 1322 1322 1320 1320 1318 1317 1317 1317 1315 1314 1314 1312 1306 1303 1303 1302 1301 1297 1296 1294 1293 1288 1283 1281 1275 1274 1271 1271 1269 1260 1257 1253 1251 1250 1247 1247 1241 1241 1239 1238 1236 1236 1232 1230 1225 1223 1221 1220 1214 1211 1209 1206 1205 1205 1200 1200 1199 1199 1199 1196 1190 1189 1188 1187 1183 1182 1180 1178 1177 1176 1174 1173 1173 1172 1171 1168 1168 1165 1165 1164 1163 1160 1159 1154 1154 1153 1151 1151 1147 1144 1143 1143 1133 1131 1129 1129 1129 1129 1127 1126 1123 1122 1121 1120 1117 1114 1112 1112 1111 1110 1108 1108 1108 1107 1105 1097 1091 1090 1090 1088 1087 1082 1078 1075 1074 1072 1069 1066 1066 1062 1061 1059 1059 1051 1051 1050 1047 1047 1041 1038 1038 1037 1036 1036 1032 1030 1028 1027 1027 1027 1026 1026 1025 1024 1022 1019 1015 1015 1011 1007 1005 1001 1001 1000 995 994 994 994 994 992 990 990 989 988 986 985 984 983 982 981 980 980 976 973 966 963 962 962 959 957 956 956 955 954 952 951 951 950 950 950 944 944 944 942 938 937 937 937 934 933 932 931 931 926 925 925 922 921 920 916 911 905 903 902 902 896 894 893 890 886 884 884 883 883 882 878 877 877 877 877 876 873 872 871 871 868 865 862 861 860 860 860 859 859 856 855 851 851 849 849 848 848 842 842 840 839 839 838 837 836 836 833 831 830 830 828 828 826 826 825 823 820 819 816 816 815 815 813 813 813 812 811 809 806 806 806 806 805 800 799 799 798 798 795 794 794 793 793 792 791 789 785 784 778 778 775 771 769 767 767 765 763 757 757 755 752 751 747 747 747 744 743 743 740 739 738 737 736 729 727 725 725 723 722 720 720 717 713 713 711 709 709 707 706 703 703 701 698 697 695 693 692 690 690 689 688 688 687 686 679 678 678 678 677 677 676 672 672 671 665 665 664 663 663 663 662 657 657 654 651 651 651 648 647 646 641 640 634 628 623 622 619 615 615 611 610 609 606 605 605 605 602 601 601 600 599 598 597 594 592 591 590 589 589 588 587 579 578 576 574 573 571 570 568 565 565 564 563 559 558 556 553 547 546 540 538 536 535 535 535 534 533 533 531 530 530 529 528 528 524 523 521 521 518 517 515 515 514 513 511 511 507 506 506 503 500 499 496 496 495 495 490 490 487 481 470 470 467 462 461 459 458 458 456 454 454 453 453 451 450 449 444 444 442 440 439 438 437 434 434 433 433 431 431 430 428 428 427 426 425 422 420 420 416 411 411 409 408 406 404 403 403 403 397 394 393 391 390 386 385 384 382 378 377 375 374 373 371 369 363 362 362 362 362 361 360 358 357 355 352 350 350 349 348 345 345 343 341 340 338 337 337 336 334 333 333 331 330 330 329 327 324 318 318 317 312 312 309 306 305 305 304 302 301 300 299 298 298 298 297 296 296 296 293 289 289 288 288 287 284 284 284 282 282 281 274 268 266 266 264 264 264 259 258 257 255 255 254 251 249 242 241 241 241 240 239 235 234 231 230 230 230 228 228 227 227 223 222 222 221 220 217 217 217 216 216 208 207 207 206 206 205 203 200 200 199 199 198 194 194 194 191 190 185 184 184 183 180 178 176 175 174 174 171 169 166 166 165 164 163 163 162 161 154 154 153 149 149 148 147 146 145 145 143 141 141 134 131 131 129 128 126 125 125 122 117 117 116 116 116 115 112 110 109 108 107 105 105 105 104 102 101 101 99 97 97 97 95 93 91 89 86 80 79 78 76 72 71 69 68 60 60 59 58 56 55 55 54 51 48 48 48 46 44 43 43 42 40 40 32 29 28 27 27 24 23
197045 197046 197047 197048 197049 197050 197051 197052 197053 197054 197055 197056 197057 197058 197059 197060 197061 197062 197063 197064 197065 197066 197067 197068 197069 197070 197071 197072 197073 197074 197075 197076 197077 197078 197079 197080 197081 197082 197083 197084 197085 197086 197087 197088 197089 197090 197091 197092 197093 197094 197095 197096 197097 197098 197099 197100 197101 197102 197103 197104 197105 197106 197107 197108 197109 197110 197111 197112 197113 197114 197115 197116 197117 197118 197119 197120 197121 197122 197123 197124 197125 197126 197127 197128 197129 197130 197131 197132 197133 197134 197135 197136 197137 197138 197139 197140 197141 197142 197143 197144 197145 197146 197147 197148 197149 197150 197151 197152 197153 197154 197155 197156 197157 197158 197159 197160 197161 197162 197163 197164 197165 197166 197167 197168 197169 197170 197171 197172 197173 197174 197175 197176 197177 197178 197179 197180 197181 197182 197183 197184 197185 197186 197187 197188 197189 197190 197191 197192 197193 197194 197195 197196 197197 197198 197199 197200 197201 197202 197203 197204 197205 197206 197207 197208 197209 197210 197211 197212 197213 197214 197215 197216 197217 197218 197219 197220 197221 197222 197223 197224 197225 197226 197227 197228 197229 197230 197231 197232 197233 197234 197235 197236 197237 197238 197239 197240 197241 197242 197243 197244 197245 197246 197247 197248 197249 197250 197251 197252 197253 197254 197255 197256 197257 197258 197259 197260 197261 197262 197263 197264 197265 197266 197267 197268 197269 197270 197271 197272 197273 197274 197275 197276 197277 197278 197279 197280 197281 197282 197283 197284 197285 197286 197287 197288 197289 197290 197291 197292 197293 197294 197295 197296 197297 197298 197299 197300 197301 197302 197303 197304 197305 197306 197307 197308 197309 197310 197311 197312 197313 197314 197315 197316 197317 197318 197319 197320 197321 197322 197323 197324 197325 197326 197327 197328 197329 197330 197331 197332 197333 197334 197335 197336 197337 197338 197339 197340 197341 197342 197343 197344 197345 197346 197347 197348 197349 197350 197351 197352 197353 197354 197355 197356 197357 197358 197359 197360 197361 197362 197363 197364 197365 197366 197367 197368 197369 197370 197371 197372 197373 197374 197375 197376 197377 197378 197379 197380 197381 197382 197383 197384 197385 197386 197387 197388 197389 197390 197391 197392 197393 197394 197395 197396 197397 197398 197399 197400 197401 197402 197403 197404 197405 197406 197407 197408 197409 197410 197411 197412 197413 197414 197415 197416 197417 197418 197419 197420 197421 197422 197423 197424 197425 197426 197427 197428 197429 197430 197431 197432 197433 197434 197435 197436 197437 197438 197439 197440 197441 197442 197443 197444 197445 197446 197447 197448 197449 197450 197451 197452 197453 197454 197455 197456 197457 197458 197459 197460 197461 197462 197463 197464 197465 197466 197467 197468 197469 197470 197471 197472 197473 197474 197475 197476 197477 197478 197479 197480 197481 197482 197483 197484 197485 197486 197487 197488 197489 197490 197491 197492 197493 197494 197495 197496 197497 197498 197499 197500 197501 197502 197503 197504 197505 197506 197507 197508 197509 197510 197511 197512 197513 197514 197515 197516 197517 197518 197519 197520 197521 197522 197523 197524 197525 197526 197527 197528 197529 197530 197531 197532 197533 197534 197535 197536 197537 197538 197539 197540 197541 197542 197543 197544 197545 197546 197547 197548 197549 197550 197551 197552 197553 197554 197555 197556 197557 197558 197559 197560 197561 197562 197563 197564 197565 197566 197567 197568 197569 197570 197571 197572 197573 197574 197575 197576 197577 197578 197579 197580 197581 197582 197583 197584 197585 197586 197587 197588 197589 197590 197591 197592 197593 197594 197595 197596 197597 197598 197599 197600 197601 197602 197603 197604 197605 197606 197607 197608 197609 197610 197611 197612 197613 197614 197615 197616 197617 197618 197619 197620 197621 197622 197623 197624 197625 197626 197627 197628 197629 197630 197631 197632 197633 197634 197635 197636 197637 197638 197639 197640 197641 197642 197643 197644 197645 197646 197647 197648 197649 197650 197651 197652 197653 197654 197655 197656 197657 197658 197659 197660 197661 197662 197663 197664 197665 197666 197667 197668 197669 197670 197671 197672 197673 197674 197675 197676 197677 197678 197679 197680 197681 197682 197683 197684 197685 197686 197687 197688 197689 197690 197691 197692 197693 197694 197695 197696 197697 197698 197699 197700 197701 197702 197703 197704 197705 197706 197707 197708 197709 197710 197711 197712 197713 197714 197715 197716 197717 197718 197719 197720 197721 197722 197723 197724 197725 197726 197727 197728 197729 197730 197731 197732 197733 197734 197735 197736 197737 197738 197739 197740 197741 197742 197743 197744 197745 197746 197747 197748 197749 197750 197751 197752 197753 197754 197755 197756 197757 197758 197759 197760 197761 197762 197763 197764 197765 197766 197767 197768 197769 197770 197771 197772 197773 197774 197775 197776 197777 197778 197779 197780 197781 197782 197783 197784 197785 197786 197787 197788 197789 197790 197791 197792 197793 197794 197795 197796 197797 197798 197799 197800 197801 197802 197803 197804 197805 197806 197807 197808 197809 197810 197811 197812 197813 197814 197815 197816 197817 197818 197819 197820 197821 197822 197823 197824 197825 197826 197827 197828 197829 197830 197831 197832 197833 197834 197835 197836 197837 197838 197839 197840 197841 197842 197843 197844 197845 197846 197847 197848 197849 197850 197851 197852 197853 197854 197855 197856 197857 197858 197859 197860 197861 197862 197863 197864 197865 197866 197867 197868 197869 197870 197871 197872 197873 197874 197875 197876 197877 197878 197879 197880 197881 197882 197883 197884 197885 197886 197887 197888 197889 197890 197891 197892 197893 197894 197895 197896 197897 197898 197899 197900 197901 197902 197903 197904 197905 197906 197907 197908 197909 197910 197911 197912 197913 197914 197915 197916 197917 197918 197919 197920 197921 197922 197923 197924 197925 197926 197927 197928 197929 197930 197931 197932 197933 197934 197935 197936 197937 197938 197939 197940 197941 197942 197943 197944 197945 197946 197947 197948 197949 197950 197951 197952 197953 197954 197955 197956 197957 197958 197959 197960 197961 197962 197963 197964 197965 197966 197967 197968 197969 197970 197971 197972 197973 197974 197975 197976 197977 197978 197979 197980 197981 197982 197983 197984 197985 197986 197987 197988 197989 197990 197991 197992 197993 197994 197995 197996 197997 197998 197999 198000 198001 198002 198003 198004 198005 198006 198007 198008 198009 198010 198011 198012 198013 198014 198015 198016 198017 198018 198019 198020 198021 198022 198023 198024 198025 198026 198027 198028 198029 198030 198031 198032 198033 198034 198035 198036 198037 198038 198039 198040 198041 198042 198043 198044 198045 198046 198047 198048 198049 198050 198051 198052 198053 198054 198055 198056 198057 198058 198059 198060 198061 198062 198063 198064 198065 198066 198067 198068 198069 198070 198071 198072 198073 198074 198075 198076 198077 198078 198079 198080 198081 198082 198083 198084 198085 198086 198087 198088 198089 198090 198091 198092 198093 198094 198095 198096 198097 198098 198099 198100 198101 198102 198103 198104 198105 198106 198107 198108 198109 198110 198111 198112 198113 198114 198115 198116 198117 198118 198119 198120 198121 198122 198123 198124 198125 198126 198127 198128 198129 198130 198131 198132 198133 198134 198135 198136 198137 198138 198139 198140 198141 198142 198143 198144 198145 198146 198147 198148 198149 198150 198151 198152 198153 198154 198155 198156 198157 198158 198159 198160 198161 198162 198163 198164 198165 198166 198167 198168 198169 198170 198171 198172 198173 198174 198175 198176 198177 198178 198179 198180 198181 198182 198183 198184 198185 198186 198187 198188 198189 198190 198191 198192 198193 198194 198195 198196 198197 198198 198199 198200 198201 198202 198203 198204 198205 198206 198207 198208 198209 198210 198211 198212 198213 198214 198215 198216 198217 198218 198219 198220 198221 198222 198223 198224 198225 198226 198227 198228 198229 198230 198231 198232 198233 198234 198235 198236 198237 198238 198239 198240 198241 198242 198243 198244 198245 198246 198247 198248 198249 198250 198251 198252 198253 198254 198255 198256 198257 198258 198259 198260 198261 198262 198263 198264 198265 198266 198267 198268 198269 198270 198271 198272 198273 198274 198275 198276 198277 198278 198279 198280 198281 198282 198283 198284 198285 198286 198287 198288 198289 198290 198291 198292 198293 198294 198295 198296 198297 198298 198299 198300 198301 198302 198303 198304 198305 198306 198307 198308 198309 198310 198311 198312 198313 198314 198315 198316 198317 198318 198319 198320 198321 198322 198323 198324 198325 198326 198327 198328 198329 198330 198331 198332 198333 198334 198335 198336 198337 198338 198339 198340 198341 198342 198343 198344 198345 198346 198347 198348 198349 198350 198351 198352 198353 198354 198355 198356 198357 198358 198359 198360 198361 198362 198363 198364 198365 198366 198367 198368 198369 198370 198371 198372 198373 198374 198375 198376 198377 198378 198379 198380 198381 198382 198383 198384 198385 198386 198387 198388 198389 198390 198391 198392 198393 198394 198395 198396 198397 198398 198399 198400 198401 198402 198403 198404 198405 198406 198407 198408 198409 198410 198411 198412 198413 198414 198415 198416 198417 198418 198419 198420 198421 198422 198423 198424 198425 198426 198427 198428 198429 198430 198431 198432 198433 198434 198435 198436 198437 198438 198439 198440 198441 198442 198443 198444 198445 198446 198447 198448 198449 198450 198451 198452 198453 198454 198455 198456 198457 198458 198459 198460 198461 198462 198463 198464 198465 198466 198467 198468 198469 198470 198471 198472 198473 198474 198475 198476 198477 198478 198479 198480 198481 198482 198483 198484 198485 198486 198487 198488 198489 198490 198491 198492 198493 198494 198495 198496 198497 198498 198499 198500 198501 198502 198503 198504 198505 198506 198507 198508 198509 198510 198511 198512 198513 198514 198515 198516 198517 198518 198519 198520 198521 198522 198523 198524 198525 198526 198527 198528 198529 198530 198531 198532 198533 198534 198535 198536 198537 198538 198539 198540 198541 198542 198543 198544 198545 198546 198547 198548 198549 198550 198551 198552 198553 198554 198555 198556 198557 198558 198559 198560 198561 198562 198563 198564 198565 198566 198567 198568 198569 198570 198571 198572 198573 198574 198575 198576 198577 198578 198579 198580 198581 198582 198583 198584 198585 198586 198587 198588 198589 198590 198591 198592 198593 198594 198595 198596 198597 198598 198599 198600 198601 198602 198603 198604 198605 198606 198607 198608 198609 198610 198611 198612 198613 198614 198615 198616 198617 198618 198619 198620 198621 198622 198623 198624 198625 198626 198627 198628 198629 198630 198631 198632 198633 198634 198635 198636 198637 198638 198639 198640 198641 198642 198643 198644 198645 198646 198647 198648 198649 198650 198651 198652 198653 198654 198655 198656 198657 198658 198659 198660 198661 198662 198663 198664 198665 198666 198667 198668 198669 198670 198671 198672 198673 198674 198675 198676 198677 198678 198679 198680 198681 198682 198683 198684 198685 198686 198687 198688 198689 198690 198691 198692 198693 198694 198695 198696 198697 198698 198699 198700 198701 198702 198703 198704 198705 198706 198707 198708 198709 198710 198711 198712 198713 198714 198715 198716 198717 198718 198719 198720 198721 198722 198723 198724 198725 198726 198727 198728 198729 198730 198731 198732 198733 198734 198735 198736 198737 198738 198739 198740 198741 198742 198743 198744 198745 198746 198747 198748 198749 198750 198751 198752 198753 198754 198755 198756 198757 198758 198759 198760 198761 198762 198763 198764 198765 198766 198767 198768 198769 198770 198771 198772 198773 198774 198775 198776 198777 198778 198779 198780 198781 198782 198783 198784 198785 198786 198787 198788 198789 198790 198791 198792 198793 198794 198795 198796 198797 198798 198799 198800 198801 198802 198803 198804 198805 198806 198807 198808 198809 198810 198811 198812 198813 198814 198815 198816 198817 198818 198819 198820 198821 198822 198823 198824 198825 198826 198827 198828 198829 198830 198831 198832 198833 198834 198835 198836 198837 198838 198839 198840 198841 198842 198843 198844 198845 198846 198847 198848 198849 198850 198851 198852 198853 198854 198855 198856 198857 198858 198859 198860 198861 198862 198863 198864 198865 198866 198867 198868 198869 198870 198871 198872 198873 198874 198875 198876 198877 198878 198879 198880 198881 198882 198883 198884 198885 198886 198887 198888 198889 198890 198891 198892 198893 198894 198895 198896 198897 198898 198899 198900 198901 198902 198903 198904 198905 198906 198907 198908 198909 198910 198911 198912 198913 198914 198915 198916 198917 198918 198919 198920 198921 198922 198923 198924 198925 198926 198927 198928 198929 198930 198931 198932 198933 198934 198935 198936 198937 198938 198939 198940 198941 198942 198943 198944 198945 198946 198947 198948 198949 198950 198951 198952 198953 198954 198955 198956 198957 198958 198959 198960 198961 198962 198963 198964 198965 198966 198967 198968 198969 198970 198971 198972 198973 198974 198975 198976 198977 198978 198979 198980 198981 198982 198983 198984 198985 198986 198987 198988 198989 198990 198991 198992 198993 198994 198995 198996 198997 198998 198999 199000 199001 199002 199003 199004 199005 199006 199007 199008 199009 199010 199011 199012 199013 199014 199015 199016 199017 199018 199019 199020 199021 199022 199023 199024 199025 199026 199027 199028 199029 199030 199031 199032 199033 199034 199035 199036 199037 199038 199039 199040 199041 199042 199043 199044 199045 199046 199047 199048 199049 199050 199051 199052 199053 199054 199055 199056 199057 199058 199059 199060 199061 199062 199063 199064 199065 199066 199067 199068 199069 199070 199071 199072 199073 199074 199075 199076 199077 199078 199079 199080 199081 199082 199083 199084 199085 199086 199087 199088 199089 199090 199091 199092 199093 199094 199095 199096 199097 199098 199099 199100 199101 199102 199103 199104 199105 199106 199107 199108 199109 199110 199111 199112 199113 199114 199115 199116 199117 199118 199119 199120 199121 199122 199123 199124 199125 199126 199127 199128 199129 199130 199131 199132 199133 199134 199135 199136 199137 199138 199139 199140 199141 199142 199143 199144 199145 199146 199147 199148 199149 199150 199151 199152 199153 199154 199155 199156 199157 199158 199159 199160 199161 199162 199163 199164 199165 199166 199167 199168 199169 199170 199171 199172 199173 199174 199175 199176 199177 199178 199179 199180 199181 199182 199183 199184 199185 199186 199187 199188 199189 199190 199191 199192 199193 199194 199195 199196 199197 199198 199199 199200 199201 199202 199203 199204 199205 199206 199207 199208 199209 199210 199211 199212 199213 199214 199215 199216 199217 199218 199219 199220 199221 199222 199223 199224 199225 199226 199227 199228 199229 199230 199231 199232 199233 199234 199235 199236 199237 199238 199239 199240 199241 199242 199243 199244 199245 199246 199247 199248 199249 199250 199251 199252 199253 199254 199255 199256 199257 199258 199259 199260 199261 199262 199263 199264 199265 199266 199267 199268 199269 199270 199271 199272 199273 199274 199275 199276 199277 199278 199279 199280 199281 199282 199283 199284 199285 199286 199287 199288 199289 199290 199291 199292 199293 199294 199295 199296 199297 199298 199299 199300 199301 199302 199303 199304 199305 199306 199307 199308 199309 199310 199311 199312 199313 199314 199315 199316 199317 199318 199319 199320 199321 199322 199323 199324 199325 199326 199327 199328 199329 199330 199331 199332 199333 199334 199335 199336 199337 199338 199339 199340 199341 199342 199343 199344 199345 199346 199347 199348 199349 199350 199351 199352 199353 199354 199355 199356 199357 199358 199359 199360 199361 199362 199363 199364 199365 199366 199367 199368 199369 199370 199371 199372 199373 199374 199375 199376 199377 199378 199379 199380 199381 199382 199383 199384 199385 199386 199387 199388 199389 199390 199391 199392 199393 199394 199395 199396 199397 199398 199399 199400 199401 199402 199403 199404 199405 199406 199407 199408 199409 199410 199411 199412 199413 199414 199415 199416 199417 199418 199419 199420 199421 199422 199423 199424 199425 199426 199427 199428 199429 199430 199431 199432 199433 199434 199435 199436 199437 199438 199439 199440 199441 199442 199443 199444 199445 199446 199447 199448 199449 199450 199451 199452 199453 199454 199455 199456 199457 199458 199459 199460 199461 199462 199463 199464 199465 199466 199467 199468 199469 199470 199471 199472 199473 199474 199475 199476 199477 199478 199479 199480 199481 199482 199483 199484 199485 199486 199487 199488 199489 199490 199491 199492 199493 199494 199495 199496 199497 199498 199499 199500 199501 199502 199503 199504 199505 199506 199507 199508 199509 199510 199511 199512 199513 199514 199515 199516 199517 199518 199519 199520 199521 199522 199523 199524 199525 199526 199527 199528 199529 199530 199531 199532 199533 199534 199535 199536 199537 199538 199539 199540 199541 199542 199543 199544 199545 199546 199547 199548 199549 199550 199551 199552 199553 199554 199555 199556 199557 199558 199559 199560 199561 199562 199563 199564 199565 199566 199567 199568 199569 199570 199571 199572 199573 199574 199575 199576 199577 199578 199579 199580 199581 199582 199583 199584 199585 199586 199587 199588 199589 199590 199591 199592 199593 199594 199595 199596 199597 199598 199599 199600 199601 199602 199603 199604 199605 199606 199607 199608 199609 199610 199611 199612 199613 199614 199615 199616 199617 199618 199619 199620 199621 199622 199623 199624 199625 199626 199627 199628 199629 199630 199631 199632 199633 199634 199635 199636 199637 199638 199639 199640 199641 199642 199643 199644 199645 199646 199647 199648 199649 199650 199651 199652 199653 199654 199655 199656 199657 199658 199659 199660 199661 199662 199663 199664 199665 199666 199667 199668 199669 199670 199671 199672 199673 199674 199675 199676 199677 199678 199679 199680 199681 199682 199683 199684 199685 199686 199687 199688 199689 199690 199691 199692 199693 199694 199695 199696 199697 199698 199699 199700 199701 199702 199703 199704 199705 199706 199707 199708 199709 199710 199711 199712 199713 199714 199715 199716 199717 199718 199719 199720 199721 199722 199723 199724 199725 199726 199727 199728 199729 199730 199731 199732 199733 199734 199735 199736 199737 199738 199739 199740 199741 199742 199743 199744 199745 199746 199747 199748 199749 199750 199751 199752 199753 199754 199755 199756 199757 199758 199759 199760 199761 199762 199763 199764 199765 199766 199767 199768 199769 199770 199771 199772 199773 199774 199775 199776 199777 199778 199779 199780 199781 199782 199783 199784 199785 199786 199787 199788 199789 199790 199791 199792 199793 199794 199795 199796 199797 199798 199799 199800 199801 199802 199803 199804 199805 199806 199807 199808 199809 199810 199811 199812 199813 199814 199815 199816 199817 199818 199819 199820 199821 199822 199823 199824 199825 199826 199827 199828 199829 199830 199831 199832 199833 199834 199835 199836 199837 199838 199839 199840 199841 199842 199843 199844 199845 199846 199847 199848 199849 199850 199851 199852 199853 199854 199855 199856 199857 199858 199859 199860 199861 199862 199863 199864 199865 199866 199867 199868 199869 199870 199871 199872 199873 199874 199875 199876 199877 199878 199879 199880 199881 199882 199883 199884 199885 199886 199887 199888 199889 199890 199891 199892 199893 199894 199895 199896 199897 199898 199899 199900 199901 199902 199903 199904 199905 199906 199907 199908 199909 199910 199911 199912 199913 199914 199915 199916 199917 199918 199919 199920 199921 199922 199923 199924 199925 199926 199927 199928 199929 199930 199931 199932 199933 199934 199935 199936 199937 199938 199939 199940 199941 199942 199943 199944 199945 199946 199947 199948 199949 199950 199951 199952 199953 199954 199955 199956 199957 199958 199959 199960 199961 199962 199963 199964 199965 199966 199967 199968 199969 199970 199971 199972 199973 199974 199975 199976 199977 199978 199979 199980 199981 199982 199983 199984 199985 199986 199987 199988 199989 199990 199991 199992 199993 199994 199995 199996 199997 199998 199999 200000 197012 197013 197014 197015 197016 197017 197018 197019 197020 197021 197022 197023 197024 197025 197026 197027 197028 197029 197030 197031 197032 197033 197034 197035 197036 197037 197038 197039 197040 197041 197042 197043 197044
765 2438 7146631
289 1685 3627
511 2838 8842
1301 1768 1164142
1671 1892 178839
397 1535 2169242
41 2959 2011806
48 1963 19587
1144 1577 7211886
2026 2476 322792
1828 2310 7615
546 2540 2518803
2221 2700 19360
535 1686 212384
1707 1709 4155143
2149 2583 335034
3 2983 1587466
40 2163 2141312
17 2987 1920262
289 1501 298565
831 2832 758744
1032 2515 1996623
1981 2026 2395661
2444 2591 30320
4 2985 3691594
486 2415 350499
1509 2613 3364410
2346 2680 8801320
150 1272 24496
1425 2310 37449
648 2495 13044
1603 2447 1231380
232 2567 780298
321 455 74234
2546 2555 191364
2664 2677 970115
1194 2273 4373
289 1966 954647
467 2601 816095
332 2430 160090
49 2978 4127523
67 1525 773551
357 1376 241795
1450 2524 19951
35 2980 7487846
50 2982 31615
1908 2452 27095
1108 1620 2547302
521 674 419131
293 398 5533
854 1396 65631
12 2951 9121939
1090 2697 3193178
1963 2025 436654
1196 2090 668950
870 2748 157333
1446 1822 2454555
1155 1800 41932
2233 2744 5126
988 2965 30358
880 2359 19479
2158 2432 10511
1519 2731 6825
799 1649 2265984
708 2065 4438
1711 1859 8856861
170 749 268375
363 688 6542398
362 2287 7769372
574 1240 3784389
201 2920 122958
1363 2099 3343
6 2985 287802
2036 2401 1507127
1290 2670 214380
546 1881 29107
46 2942 174584
393 1065 99595
43 2957 739259
28 2974 356083
319 923 98257
227 283 3066530
2139 2741 149771
902 2806 839854
17 2976 5507678
1402 1573 4690
603 2231 18024
200 1134 229779
52 1892 105671
2298 2366 2746
22 2984 4914784
1985 2044 53153
481 1041 3643
463 646 175573
293 1703 315392
2207 2546 23040
1504 2006 1047429
302 626 113200
1746 1753 7682605
683 1158 64297
49 2988 4882545
903 1804 9934020
50 2428 79483
5 2971 4929
105 2897 8495535
670 1045 4558
256 1611 308684
114 2724 1079116
2153 2936 8476
313 2375 3134438
139 1232 2913
2200 2732 4801091
931 1203 42031
528 1112 8523506
972 1959 15312
556 2367 4187144
2022 2557 7496730
222 923 134174
2453 2618 12703
1034 1592 9385626
1353 2512 9314
820 2552 256266
546 741 39027
264 1455 408216
20 2954 2881
54 242 330817
12 2949 7865437
551 1789 1908718
890 2688 34081
429 1167 4652
268 1417 21846
88 2584 2802008
488 1951 12597
2116 2297 4010315
2535 2596 2317911
25 2987 10250
375 1757 1254945
325 2565 130770
297 1184 132496
14 2107 583940
2364 2531 1161701
783 2824 5289
509 1977 3556
1100 1993 2709
401 836 85927
1359 2801 196608
1583 2382 109356
24 2969 88340
1001 1050 999593
32 2945 36286
283 1662 52198
401 669 918972
408 2710 8966094
1817 1871 965497
679 774 191197
761 1198 5969
192 1590 1557482
22 2980 3869
25 2940 428650
1143 1854 3774
2414 2977 150422
487 1826 10145088
566 1619 39468
48 2988 102412
585 1557 1091026
2585 2828 2684998
22 1008 67333
1910 2368 5991
1478 2330 157497
1244 2102 1207362
503 938 10968
410 2297 550637
416 2803 68071
655 728 10138678
1661 2936 26279
1133 2732 2512983
1286 1413 1078750
40 2956 3496
27 2970 9329
143 1098 62235
40 2949 174599
856 2717 561416
137 2105 59358
372 2426 1217230
429 2470 3409653
1159 1991 9288
1617 2799 114686
69 1510 658434
4 2956 1063920
661 1721 1062661
908 2374 162801
1572 2213 4070466
827 2806 15274
3 2981 231157
339 1101 203541
571 913 3548
395 431 1022222
1979 2668 19518
2081 2126 6813
1810 2764 3876638
619 2080 9068
1878 2065 156863
1265 1512 4825680
1206 1933 946315
343 1925 85283
220 2730 26929
316 1912 601125
899 2561 4524
1373 1945 4728355
2222 2734 205067
673 2707 1172820
963 2171 1501843
557 2293 831652
1150 1444 1475532
2170 2620 8514
1470 2090 325829
2 2280 312693
977 2880 2926
1783 2978 275995
1555 1955 2046976
160 1376 476501
2725 2832 54790
872 1472 673026
756 1183 25730
275 1933 4253514
63 2828 641035
4 2963 6502
246 2730 66926
658 2160 162630
1290 2620 7284274
470 1192 719730
57 2948 1120630
1501 2920 18215
14 2957 9417289
2007 2404 187714
1338 1805 37980
1567 2492 57362
2256 2704 3321180
1474 2635 7954
147 1644 3694318
1244 2486 4916381
171 2825 13726
142 1115 902153
1834 2969 156483
1980 2357 44563
23 2954 9788
1750 1769 4214173
251 1591 387332
496 1141 12947
1160 1704 176462
950 2365 2524
641 2477 52974
100 2254 28448
294 2090 6479
1660 1798 3084
740 1434 82919
13 2956 227692
1032 1455 9275
73 2473 40100
578 1534 2522
1948 2358 3927
1460 1763 10047594
703 2012 7021
1522 2713 921544
931 1733 128814
1163 2372 87970
843 1601 7897
798 1920 6772
42 2983 322656
893 1017 178691
1111 2986 35843
1735 2897 10425
50 2951 2306563
1258 2291 38092
927 1063 4430956
553 1485 133331
376 718 2693
1348 1581 12988
1606 1976 2883
1684 2131 159825
1833 1871 4557230
158 1424 3096430
1375 2351 27892
861 2766 125656
2692 2878 456741
1329 1902 75411
330 1347 158343
1794 2663 1333228
985 2707 4258194
857 1805 888191
2403 2725 4042
1125 1311 41181
220 429 299659
312 1634 16715
1315 2053 1173010
327 2210 104467
460 1505 320684
78 663 13441
897 2748 3705742
359 2976 2353400
1628 1926 2825605
2249 2875 11539
345 1643 1673593
790 1291 159210
732 1002 3075
1569 2023 25759
512 2983 14856
1445 2797 5776487
420 2789 7994
45 2949 9943970
9 1662 46124
1067 2887 4347157
447 2703 527880
50 2983 132473
2026 2233 25958
29 2976 48989
1152 2800 66721
2398 2411 3328
374 1042 17676
1963 2797 11380
1304 2011 46061
1784 2020 1785174
215 2672 18655
562 1985 310008
69 451 1720081
2135 2485 7043
971 2302 12872
520 795 2689656
796 1029 142250
591 1717 6684192
388 948 17529
567 994 8248800
1003 2894 4387033
2283 2427 32868
422 2932 3216
312 1527 230079
265 577 2212220
458 1226 16886
363 1014 503565
456 2605 776258
656 2698 22014
1336 1447 89349
1397 2616 6839
715 2977 213058
43 2977 8014142
1204 1552 3089
709 1201 49949
2317 2834 9317
2356 2911 39937
2762 2834 23681
1062 1431 615700
2096 2530 3237
676 1707 3016840
1179 2350 5282
615 1107 18643
966 1984 132428
553 2866 10661
686 2375 1937203
1752 2892 293847
757 1202 5239836
965 2512 100518
652 1316 59536
635 2417 4633611
1853 2005 370396
2368 2486 122771
1147 2977 6609492
296 1418 208924
82 1895 35943
496 2510 1202270
2542 2784 551491
1721 2803 9925
1983 2568 3852211
664 1523 103934
1237 2745 41020
2 2975 88662
33 2961 712265
1523 1603 537412
873 2541 12373
1448 2325 65372
26 2968 527045
2015 2781 7649
428 1122 12366
220 535 4774
730 2469 8233
132 823 7910
1684 2476 123296
1733 2376 150000
1899 1932 8884
149 215 318925
963 2829 57098
1417 2107 13836
30 2940 5422213
1056 2091 10680
259 1541 94487
1997 2651 134424
2758 2797 4652
1008 1676 2367507
1345 1842 241897
1970 2315 7239
1229 2596 4772701
47 2950 517511
83 624 8413
34 1849 1852502
45 2964 34409
2193 2656 566881
1809 2800 7427374
21 2943 3161582
24 86 7920
1283 2389 31520
17 2981 4208617
183 1938 48925
2699 2881 1257789
560 1798 5520126
264 2013 211310
2441 2629 1572597
1236 2405 128586
486 1065 2602
6 2961 53927
218 539 5019207
851 2860 667609
25 2958 68825
165 1211 16226
383 2627 270546
1362 2549 977026
2103 2546 3728488
48 2986 77004
1894 2520 25500
700 2534 117143
43 2965 29466
1302 1579 687189
2340 2965 103730
649 2084 72485
15 2985 123487
1034 2623 464661
236 1180 104711
341 861 17921
1435 1854 2999
522 850 89838
78 2740 5365521
1527 2203 65303
31 2970 5270
321 1937 6392668
43 2952 5634221
363 1878 1501286
301 700 8483
144 1730 9366
416 1435 2759
1461 1571 60069
2 2977 3838668
1398 1402 3391494
1278 2509 1104087
633 1187 6103485
230 819 11864
743 972 4974
501 605 578242
1294 1817 718219
1228 2531 7603
34 2990 10219
604 1355 11098
921 1511 123817
1010 1858 4874675
1703 2426 50023
18 2966 48222
208 1047 3708
677 2896 50672
49 2972 8916985
43 2954 360674
1556 2284 2783805
2027 2821 64327
353 582 9221665
2304 2609 12567
145 2937 7924
1735 1820 5004127
860 2240 1450969
854 1675 589567
39 2941 834193
2644 2789 6167557
418 678 236187
604 1438 3866
1077 2509 9328698
19 2961 2902
80 1451 277248
118 1461 2406273
1381 2152 52896
723 1942 434607
999 2819 8753113
25 2977 247995
197 1112 8786796
1060 1239 2682853
77 348 6866714
2464 2783 562861
872 2362 1119228
2571 2979 525446
1552 2949 41426
41 2489 61937
118 260 17663
426 2772 5639
1691 2004 314121
1645 1829 302622
2240 2917 3312
1530 2504 4452765
2269 2726 223442
1054 1374 30675
1872 2218 1909230
504 1088 5773
796 2442 3996188
1314 1936 2738
795 1257 16193
18 2986 7897408
678 1045 8654
2128 2823 4100222
626 1825 198598
829 1634 6095
313 2464 3708933
499 682 550034
28 2960 7906048
524 2939 857798
1912 2608 9160
291 2629 7588
2137 2416 49760
343 2627 2079313
1526 2405 9407997
1893 2916 4368718
2403 2938 135784
1779 2681 628878
44 1674 2817
2238 2438 638146
1090 1124 132025
356 2431 241039
37 849 16886
307 727 9964825
21 1599 965450
479 2621 14430
527 1218 5485989
178 1516 9539
152 1835 20946
881 2512 389462
1591 1802 2869627
955 1169 8680
845 1501 9613660
187 1227 767921
52 1545 114338
1592 2912 8394137
343 2485 2654
12 2954 144668
974 2958 3007
1836 2288 9689
363 2692 4184
4 2969 12788
25 2960 260049
186 943 38812
151 559 1122572
210 2864 6321949
781 2521 1914047
2149 2264 630478
2119 2275 370161
212 453 280273
45 2970 4125
572 2516 28394
495 1113 1231472
1522 2905 185017
320 823 3067
1262 1564 3294459
57 2483 9889
1410 2092 3915285
453 2595 4831504
1199 1871 258774
513 945 241307
1492 1884 410792
411 1863 249416
1427 2284 139089
573 2272 3977271
2047 2238 17468
1313 2776 2321656
1788 2378 2772
60 2841 750344
117 1559 3778
1834 2989 950680
2394 2915 4693
764 1880 20235
743 1846 210584
2244 2360 3580
430 2669 108734
1949 2530 1196099
1249 2887 8813
1132 1265 7739
137 338 15216
6 2287 674596
550 1124 44980
5 2946 6690665
1163 1635 1695698
713 2315 267319
700 1594 11113
681 2838 14612
1080 1528 11629
1017 1116 4597
49 1354 27423
1341 2359 7981570
309 1708 5276
1285 2628 190717
1811 2670 4048
788 1624 4557153
1550 2129 6100
350 542 543118
1112 1932 39949
1115 2304 44068
1024 2282 21163
873 1301 222219
2071 2268 4409
178 2125 11980
1911 2126 9433977
1131 2212 35106
12 2942 41663
12 2958 6018217
973 2923 4015
2617 2695 4824809
1462 2868 8628693
245 2395 11859
623 1170 3579621
1254 2228 934457
592 1130 769936
2811 2945 3979
1665 2854 7479830
2183 2871 260070
982 2743 37853
1170 2125 189631
244 1853 47184
1107 1169 299506
2039 2803 174667
1044 2383 102846
189 2012 4743
1214 2839 26547
1424 2226 46153
463 2944 1388889
1206 2078 45610
125 2835 16079
1597 2863 6629
1371 2845 9245918
923 2552 159992
317 2581 3107117
2165 2322 39950
1039 2012 507846
305 521 296245
463 2692 129819
161 2039 5936
1805 2743 37237
703 1116 2619440
525 2300 10396
150 2103 1500546
1543 2898 28899
2449 2698 15613
1332 2258 69312
1193 1994 184148
21 2989 3851
230 2415 1724302
2515 2810 1734617
1655 2378 2181861
276 2144 1261640
2169 2220 2118305
764 2418 949870
548 553 4243
579 2921 89855
1031 2709 20210
1541 1908 717981
2187 2204 14588
2537 2805 1263469
510 1760 16858
6 2942 55851
319 1643 4136
1374 1675 1100951
1467 2684 124965
415 2572 56582
242 2575 2036696
178 2065 239282
1291 2759 3494454
183 2469 1914979
1162 1472 4859822
48 2942 8028
2265 2938 7247
190 1272 151233
764 1098 5094492
1312 1619 9982
1495 2839 401011
590 1849 63987
31 2956 386710
27 2968 4359
209 713 34732
1159 1921 2267225
2205 2777 138507
165 187 318632
631 1670 824097
1320 1438 2657
463 1611 4093
894 2553 8280092
16 2980 15451
1852 2755 3581395
388 2495 39881
2265 2793 298215
49 2981 1081379
1317 1747 78517
1563 2171 630173
651 2732 4327987
419 688 116311
1192 2943 9917236
922 2882 86272
617 2435 31978
648 2090 5394
1135 1203 11444
1561 2971 13323
1067 2577 3935650
2219 2774 3836896
786 2287 3928
308 1163 88595
1404 2030 170781
1438 1855 7920797
540 2277 2310608
391 878 7767
1771 1849 5400
1092 2136 157649
10 2984 40329
2527 2718 57802
2690 2947 8759
722 2667 172592
959 1675 1028974
670 2804 1445331
113 1546 65576
1229 2983 201507
33 2963 25987
47 2990 912048
1028 2374 4938282
23 788 702767
612 772 6384
1192 1530 14605
33 1735 41658
854 2428 7207
2592 2897 4771
897 1682 1475787
1930 2823 7395
2156 2764 1939671
1055 1337 56261
9 2953 7714
883 2527 16072
1808 2485 57324
1016 2390 14099
1438 2392 385544
30 2988 33523
809 1942 482065
2098 2793 8135
1142 1505 87120
762 2240 218928
1813 2200 8672
419 2553 7679
1136 2009 22388
1179 2099 247115
856 2492 59236
1450 2077 5241
1289 1727 5578
1042 2068 263213
1954 2756 25516
46 1467 4905
36 2908 4846
1294 2026 530804
2134 2881 146560
2401 2454 3946483
1077 1103 6271
123 2383 113938
858 1423 148066
49 2987 4017
1011 2920 9372137
2223 2701 3553716
942 1639 11704
30 2953 216164
1749 2488 106867
709 1894 17688
14 2947 102836
1593 2353 3161
576 700 254161
1020 1682 4807627
2122 2431 8643
757 2841 2586250
835 1993 1592199
40 2979 27746
1076 1605 3341
1110 1127 201312
1072 1607 42567
927 1325 73242
920 1961 3464616
1650 1940 7381918
741 1216 4336
846 1115 1576378
2670 2694 6378
653 1336 6878
124 2483 68252
1601 1942 3705988
826 2792 34052
344 1466 759003
1 5 4313095
1572 2347 9880201
11 2564 3192
1837 2813 31056
9 280 408217
1321 1351 25430
1223 2027 18121
1359 1927 6604
37 2969 3603
1701 2094 5639964
2291 2693 1039338
1108 1793 1081691
47 2940 388890
178 352 17306
180 1836 2334660
40 2968 3394
49 2972 5998913
899 2365 1157722
811 1560 14452
352 731 220952
594 1601 3948
645 2376 113812
1206 1289 1838961
1123 1721 157835
485 1884 3616179
904 2635 7236
1429 1684 70912
2577 2804 2794
281 2462 115254
1195 1522 144103
1058 2392 2647
153 2296 9205775
723 2247 795139
1301 2551 10143547
113 2932 9933626
1220 1289 520783
588 1617 209690
627 2558 281448
290 1196 117927
1057 1937 2687837
36 2960 219364
339 366 13530
313 2485 4743
1259 2867 3563804
44 2968 92667
1960 2494 1447436
518 2927 9478
2433 2976 3628
959 2127 382082
1648 2978 9586770
285 383 4917777
2119 2161 4426
26 190 1376725
1346 2272 5451
302 370 571065
747 1191 16076
1345 2262 689633
339 2251 4385
35 2960 43671
1553 2473 20028
41 2948 9477846
5 2982 7415321
1067 1733 30491
1802 2094 7139724
1801 2216 118857
999 2387 44148
1062 1931 15151
1514 2858 6682
120 466 4388512
738 2049 8318
1311 2102 442602
1918 2013 22217
220 1278 18177
2263 2453 262001
237 1148 371767
1695 2938 135686
616 2189 770650
754 1186 1210019
922 2303 477971
136 927 4402
49 2305 7537
712 715 737967
793 2066 799067
409 603 24191
310 2328 28907
1399 2938 19072
1057 2682 124179
350 855 1514583
2422 2930 1074185
1056 1670 7519
315 722 79950
523 1376 11387
1375 1848 4266607
1058 1869 4265
2013 2527 4071530
702 2428 583765
480 846 7546028
471 816 8745820
1192 1476 19121
1613 1664 3710
1219 1273 773311
20 2949 109372
1347 2031 533153
2436 2542 2804955
364 2421 156533
1370 2368 32995
5 2965 4798911
2134 2766 454574
1325 1751 18938
269 2881 561526
2591 2735 79073
208 2599 4869537
76 902 133140
1429 1514 9863
2063 2653 10190742
1279 2923 313685
1120 1943 4604140
117 193 1262414
128 2596 1763674
895 1342 40323
1486 2581 531226
768 1271 1306024
2023 2202 578065
886 2778 3444231
46 1967 947335
440 2462 3206088
488 2039 5588
156 1294 1224068
687 1447 101453
2089 2510 2122073
496 2061 4497
604 1833 922604
31 2990 27604
194 1919 55579
862 953 3492
1111 1689 33877
1105 2483 29906
288 2239 35462
24 2962 16341
47 2989 114437
50 2943 4949
610 2550 56647
1880 2552 6109
1760 2904 377922
1230 2323 2299328
688 695 230418
29 2942 136903
1164 2922 10052269
345 2076 82249
1183 2267 3393835
1098 2937 6961
2248 2310 76996
9 2948 1242885
508 825 303948
146 2752 4645307
1719 2964 11984
926 1740 2345205
1105 2189 610102
793 1658 174540
393 1697 7157
44 2984 23237
1055 2424 32480
1633 2947 7220
156 2678 3026
1179 2283 130326
911 2155 27558
43 2964 107983
776 1103 5029
1373 2802 57726
1099 1907 3245
966 2788 4599
515 868 1392683
60 400 358743
136 2316 6551300
1078 1224 21924
2136 2369 1541300
1969 2604 249249
184 1939 3072123
22 2944 4476
34 2941 33151
469 1112 16960
48 2986 3175
1822 2924 12011
1350 2536 428927
810 1489 44150
1360 1457 106975
70 635 33380
623 1269 4617923
615 2824 2227845
2712 2928 1236866
796 2036 6480
802 1634 704131
1176 1529 65814
2167 2975 49583
988 1167 7211
380 2729 8523387
2224 2766 233212
27 2982 3389
2465 2766 150212
629 1959 935169
1593 1904 80144
449 2182 10142
393 1552 3351
1696 2520 4083
2000 2230 264902
544 1487 1149269
800 2944 126844
633 2936 713939
1022 1745 3581
129 705 6325470
2001 2207 11443
241 677 2262302
1521 1890 963159
1344 2058 154908
952 1231 7755
141 2650 310185
851 929 29170
37 2964 4428
763 2141 9313295
1809 2093 9759
1976 2355 7159555
133 1676 52144
880 2709 18081
1031 1413 2409400
2263 2276 7127342
837 943 60372
113 2906 3318483
369 2017 68266
84 2625 4890
1229 2531 1150383
2328 2927 17574
1278 1616 2531482
408 2297 35037
117 1240 5044769
1387 2612 2107224
1585 2163 14259
15 2985 300283
436 1209 22193
29 2989 25503
40 2959 317793
814 1667 2731
327 2047 22679
213 2591 5417
2105 2885 6361
2488 2650 342692
1999 2797 70548
789 1171 30710
92 2963 126770
478 2184 34798
1551 2661 106620
1764 2831 12710
509 2606 9560748
1257 2705 23859
1877 2426 18178
637 1523 50480
2217 2472 8046
1300 2159 9263446
1342 2442 9587
1829 1863 17671
2313 2982 6999386
1022 1520 452139
1116 2693 29220
98 463 103287
781 2086 13953
1339 2068 9876248
471 1441 29324
1044 1398 43074
1403 2105 2637014
36 2029 1517636
1405 2267 208840
198 2669 4704
1443 2085 4552787
11 2968 347061
669 2319 16983
2094 2703 26549
28 2968 211733
2351 2948 272745
36 2952 29381
585 2927 2942
491 1712 3440
57 2193 7052336
294 1144 3418
1312 2496 4835158
98 2088 2546
1414 2697 161006
551 690 727971
1784 2729 16144
1063 2175 3339
631 682 2140184
105 2173 437431
1091 2808 6390
529 1932 39855
522 896 913775
218 2047 4748
92 1567 407580
2879 2921 39580
1347 1650 27221
111 2624 34626
486 2064 10160303
1051 1107 3792788
320 2728 8046610
19 2953 247648
1250 1782 5319
619 2714 62020
153 2751 2967791
503 2512 2358901
533 2380 6131119
780 2445 3334
47 2988 10217359
35 2949 1363649
1216 2517 250009
627 1852 129685
883 1032 33502
2562 2979 3038023
41 1588 15595
2616 2871 2458031
364 2082 5946830
2001 2054 761792
1079 2890 99892
2308 2400 113813
420 1019 7580
468 1077 341120
100 2909 398298
315 2651 4452908
1192 2139 17607
817 875 406776
401 2044 3191
36 2976 153648
106 2935 7262
1050 1225 54125
977 2406 12198
2526 2539 8527686
678 1738 54775
1828 2348 4630599
1664 2785 359615
1619 2855 5873
1221 1449 114532
170 2398 2703
1111 2341 377254
1472 2032 8050571
34 2965 7000828
207 1398 638150
2179 2848 274289
393 1512 573955
746 1724 9217247
42 934 72826
775 2969 2671
1165 1970 6843
1025 1209 4916808
1170 1986 937709
74 1116 4361803
961 2719 9931
104 2538 194987
1214 2213 9683
703 2579 42098
854 2487 1208682
824 852 53820
548 1948 6355389
1510 1602 5953
1834 2401 60654
1238 1482 129548
9 2965 261462
488 2278 1155071
383 1680 49490
1591 1949 6560773
441 1301 6277
1134 1649 96271
1366 1584 3768940
399 1372 120203
321 2945 425712
1228 2521 3478
411 2585 6703
774 1625 13630
1985 2569 5685851
85 1011 1111136
170 301 268689
764 2557 639934
918 1468 2912733
815 2500 33350
567 992 19187
120 304 654541
118 1726 541944
1129 2396 10149824
555 977 34162
676 751 689747
178 427 6936491
2213 2402 138871
446 2724 315009
339 1081 575722
260 686 1267411
709 1375 32016
707 727 1975598
147 1484 4857049
486 2053 69603
179 1266 65093
853 1906 32980
1472 1822 6267
972 2044 2616635
290 1267 25214
1364 1693 3036
79 209 590309
1588 2495 76362
1574 1585 230516
592 1397 212818
738 2792 177991
78 2159 5454029
5 2948 33586
151 857 4912245
1164 1446 21047
217 1857 112153
802 1430 1057304
748 1017 540109
1691 1797 2626
76 271 7848
319 2793 11157
1194 2233 1775294
169 775 638894
1247 2463 1622592
13 2942 2976653
535 2652 16008
429 2043 47882
131 149 57916
516 2468 24932
493 2717 9226
159 2530 792159
56 683 5030808
17 2984 226480
1788 2090 6173
674 2859 47418
560 1606 6765440
1001 1669 443308
7 1461 33517
1378 2860 127384
39 2964 9248216
50 1744 103840
710 778 91671
1743 2575 49561
2297 2380 782113
43 2972 4250
119 469 3634
1573 2566 86158
968 1151 5831987
780 2488 3473
2404 2701 17035
2194 2761 7444
924 2811 67079
47 2943 570247
644 2349 2490030
2185 2192 61925
7 2966 1988666
1262 1283 17244
419 1338 4492055
54 199 2644
386 2428 223908
92 2055 4430207
294 1199 454316
77 2743 3194
1151 2488 6253362
1353 2673 517705
25 2978 31682
246 2155 2109365
2519 2687 37858
964 1350 488666
268 2282 3919360
786 1951 535634
100 481 13879
195 1309 820019
410 1856 25824
1141 1652 68229
1281 2972 25624
70 1402 57966
794 1070 10217144
2080 2795 7418
522 1743 9024609
2618 2723 6053151
2345 2811 1342694
496 1695 114087
910 2168 60887
929 2369 70853
934 1539 54467
19 2943 17543
1089 1495 3363318
33 2972 1817044
38 2942 3560
82 1210 34895
20 2962 79495
48 2976 23205
119 165 4161009
231 2000 7707648
439 2357 133981
961 2661 5265894
611 1654 8061
1107 1499 41638
653 2803 21359
260 2974 6359119
743 1238 4996
290 1855 1083432
1035 1275 523413
113 287 31364
2374 2747 12066
1478 2970 422870
177 1557 22971
172 2183 16536
540 1805 1533275
1152 1842 135900
614 2347 110931
844 2574 1347421
2838 2864 364257
533 2039 978455
1540 2663 3131188
7 2968 574818
2442 2822 4816214
1513 2891 99133
166 2786 817673
1405 1706 6238732
382 652 526124
246 1926 3923391
1427 2542 2590531
364 1108 17546
352 793 4852
1500 2394 12593
565 2103 71148
2095 2906 120517
614 2558 127300
27 2986 1595785
415 1235 1361720
2100 2893 4052209
1007 2064 5596
703 2389 1006529
2529 2767 43589
382 2726 34283
1110 2728 631715
985 2202 4208
804 2928 4428103
1540 2809 587834
50 2958 162235
1510 2633 588490
2096 2281 1192911
2321 2906 3719284
37 2961 624035
675 1470 103400
15 2988 11672
1576 2375 18736
1974 2225 3819111
241 2600 19919
4 2963 1991382
1482 2897 10502
15 2981 279547
1020 2698 348258
40 2971 33990
1323 1661 19090
745 1880 36221
152 1742 4054
1223 2400 5146387
860 2888 2215696
2187 2374 252775
1074 1828 787442
417 1784 323767
53 2400 1171537
410 2483 29090
1380 2974 650386
589 1846 2460847
832 2410 32743
9 1902 162433
2079 2411 87246
601 2458 13756
1186 2153 243414
1403 2367 14598
1477 2615 3212319
392 1268 20923
571 1289 2157927
2770 2918 7337
181 1358 9798904
2331 2803 437407
1143 2542 13911
1526 1711 2962994
52 2083 537535
705 2281 3056
1762 1912 1061555
16 2942 1837240
400 2974 4909290
1014 2389 48227
2512 2568 240957
589 1764 9013
894 2251 2094417
461 1406 7376
65 218 8699
838 910 77656
17 2960 2855306
1038 2370 286179
13 2955 3914
77 2862 5814
2628 2646 7607895
1067 2599 3462187
474 1647 1795536
137 1215 142680
2187 2261 6042284
1189 2329 104966
195 1656 4203716
1727 2305 48149
1967 2225 4109771
1017 1897 69423
1781 2622 332611
1338 1587 3252
1055 2431 4225
124 447 148698
10 2967 193608
2119 2256 3439410
112 2106 2422601
36 2941 14408
484 1183 8649
44 2958 8587
253 783 60166
44 2965 2835
50 2986 1187449
1383 1515 133400
1768 2125 143150
2795 2958 338875
1436 2918 166232
947 1009 4514
28 2973 3871
52 1900 47037
176 462 374569
1824 2620 26444
1314 2220 2126501
1907 1930 5725
1376 2923 603266
524 2630 5096724
722 787 1456447
426 854 2770
194 2693 4498827
319 2987 14729
2210 2460 72824
2535 2621 4147
2192 2835 6374784
1463 1552 5287970
1746 2735 2949
279 1146 3547
144 2987 19096
1435 2188 8404792
417 2546 151727
2554 2643 412401
2254 2374 4626732
277 1144 15595
1948 2618 16164
742 978 186895
361 2163 19003
661 2741 3052017
288 1414 1580399
1496 2841 4344065
96 2778 558738
713 1016 6782784
481 2166 566067
2463 2672 849967
2129 2634 3962317
541 979 9562857
1584 2714 836477
1182 1446 6861203
2401 2495 6678981
149 2987 7348088
1530 1801 3812288
1872 2604 66450
630 1576 7799363
439 1061 374366
1968 2661 33642
347 2315 5545
177 2649 1086440
2685 2716 140252
455 1756 4897
19 2946 4946
849 2131 67987
153 2679 6482326
1497 2107 245701
2013 2603 1397483
936 1611 4105322
28 2941 61932
1255 2345 5389208
2123 2477 517467
556 601 9678287
1962 1983 2087883
957 1824 1108639
46 1560 28225
1796 2895 53822
314 2674 3842
535 955 11858
1993 2811 7505
503 807 221145
42 2957 7829
998 2072 6698
1395 2657 182773
13 2948 8003982
252 2943 99938
431 1044 102668
88 2714 315792
1172 2788 62571
2285 2747 65140
5 2974 6896
1003 1939 3965
942 1848 101296
912 1868 1309417
1425 1432 101394
623 1048 5172712
772 1968 521270
14 2978 1284536
1499 2699 1080884
1383 1894 62702
69 681 60737
599 2134 155541
456 897 361464
412 2143 21678
827 1366 40634
1115 2699 1617122
1011 2416 8482671
525 2954 276275
285 939 822169
1397 1474 147731
1528 1958 156086
965 2199 761478
534 1417 33716
552 2453 2534759
9 2950 4984631
366 2941 2404848
2588 2837 3640
517 2425 4146
2056 2415 173623
481 981 4892714
954 2497 530340
1591 1958 10906
2548 2665 5382
2087 2392 14853
2141 2901 3366
89 1016 269319
108 435 6418
43 2955 18246
21 2955 765110
94 1517 4471186
30 2968 1724443
1079 2135 17482
773 1502 9951
10 2977 14770
294 2385 18151
2226 2978 27047
858 925 34054
535 1308 1649087
968 1553 287742
588 2374 137561
200 2134 4691
1143 2383 74218
363 436 109050
164 1541 7578
1881 2541 572636
224 2835 6104
749 1088 680602
1117 2337 242101
1771 2843 5119817
13 1127 89649
760 1522 771848
87 2050 8318142
1440 1609 126835
822 2025 893509
521 1321 8699
830 1300 2637408
262 2157 286963
729 1690 232857
902 1762 643591
964 1271 173824
1107 1264 554431
2101 2225 4280944
197 1479 715241
1046 2150 320524
747 1105 5318442
639 2409 7257
1057 2939 4930209
614 2623 48724
1361 2779 568875
1708 1999 224666
2365 2381 5857
323 1092 145576
780 2702 265956
821 1819 219332
10 1482 106103
526 1302 33529
2632 2924 5547
2393 2881 14411
147 262 10178242
550 2235 1386933
709 2898 4038389
997 1302 4617
2004 2687 1911961
657 2657 1569967
36 2969 307425
893 1576 1147304
362 486 3515383
40 2980 3023264
49 2947 17505
916 2368 279896
46 977 565616
1908 2610 7913167
2541 2568 6373416
1141 2938 1223665
195 256 36693
992 1233 23394
180 1174 1260717
147 1744 287403
1071 2590 52655
77 699 1190277
2132 2821 2966548
211 2411 9926453
1174 2268 7504
32 2975 6922458
37 156 197922
1135 1732 28001
2364 2454 5090494
1270 1337 4082
438 579 333472
560 861 6889605
1510 1735 2918
1404 1686 258551
1835 2895 6241
27 1073 191220
949 2470 15267
236 281 2815
1854 1963 31668
806 1007 3155
447 1242 107629
40 2427 24894
23 2988 1650107
1792 2858 25445
1755 2607 77372
22 466 31723
24 1415 3491
38 2984 49823
1365 2480 25712
1677 2827 9149056
34 2967 164723
159 2246 36196
943 2796 3988
640 2585 1437116
1281 1568 4373341
527 2916 51795
513 2859 8044932
578 1277 916909
404 1075 3223
1127 2005 3809
1941 2444 4185
6 2988 10207497
1349 1746 5788
999 2831 4625
1050 2483 7833
1884 2666 30857
290 1146 424751
659 871 15357
1909 2324 874727
13 2963 44037
1737 2986 603455
351 1133 150576
1604 2702 290158
19 2961 119757
1342 1606 202494
187 1770 57014
709 1486 9774958
428 941 415156
7 2968 63867
1061 1352 88659
3 2954 991519
820 2566 6200
433 700 2691
909 1103 5347358
2730 2776 8825
22 2975 4542
401 2550 1300682
681 1172 68346
721 2755 1243679
2273 2863 4607
1633 2498 102738
31 2957 111298
680 1991 2005364
1928 2103 15024
348 1832 1701613
31 2964 17709
197 1945 4661
633 2823 287806
43 1208 611902
272 567 148629
1514 1817 16919
600 1911 42869
33 2955 81160
581 1007 77933
2652 2832 1209869
157 1737 17502
66 673 44971
640 2186 18678
2185 2790 318910
792 1237 180825
5 2970 360704
2126 2938 756524
28 2960 9575
122 1253 19078
2754 2910 2068966
221 1496 9619907
1421 2448 2539294
585 740 23146
580 641 4076649
1210 1343 4836
137 2962 94151
757 1767 114723
834 2670 7823
175 551 1251036
880 1144 109058
749 1187 18747
115 2619 3036
333 1852 1734835
1284 2153 2501
525 586 3641
23 2983 8823
1025 1701 9395757
96 2115 2202899
76 1874 96718
69 539 360136
403 1062 2105551
169 1342 938522
713 848 35399
888 2027 470749
1581 2462 3064
2366 2531 287963
2752 2961 1467318
94 1214 35041
805 1997 554102
1811 1813 1951549
1087 2073 8879251
2224 2570 89254
2267 2761 2940536
214 971 477551
1638 1762 118739
300 1875 78154
854 2043 25836
1986 2249 57240
21 2983 3958
1608 1983 3739892
561 1082 233663
2191 2337 8427
2094 2937 62561
2666 2974 38773
778 2590 9552
194 1293 634777
194 698 4073
600 2342 1924346
1080 1490 73406
2054 2062 3570478
958 2717 3380739
2326 2983 55542
163 1486 3964211
1927 2145 48351
330 2695 1219425
1282 2521 3393535
522 1059 269841
37 2968 171449
691 2902 159825
2017 2483 444584
2740 2903 44452
1529 2520 4888358
16 2960 300669
830 1392 69673
255 2572 9037
1080 1447 2857581
591 1606 606303
1074 1421 8650047
6 2942 3245794
90 1471 266539
1096 1235 288489
58 1495 13707
1812 2113 4044
977 1362 12064
1193 2033 117636
72 1755 2531159
1020 2645 8966999
1083 2203 25465
44 2943 9601759
1697 2262 737533
1314 2449 40896
302 2649 599045
1992 2803 37524
92 2562 256711
648 1567 313595
870 1605 7389
1566 2665 19376
1181 1911 228904
1314 1961 207930
967 1371 1138474
451 1009 3111514
1958 2468 561071
1550 2777 52809
1792 2568 320619
269 675 197756
552 2193 16902
37 2978 139222
876 1805 70094
1943 2699 128796
2368 2568 1768947
2101 2853 143636
7 2977 248188
490 2319 8954658
17 2969 49424
717 1223 360163
1228 1776 48825
1264 2293 47864
1179 1612 7894
1312 2149 7311597
1019 2387 168805
94 206 39575
2318 2810 151853
356 1685 7267
1655 2043 36980
1182 2701 214538
46 2964 17645
1681 2004 7620
470 2429 2636035
1039 2547 23741
892 1765 3396
2949 2952 9457
763 928 1075505
1811 2391 27309
11 498 1014330
1073 2987 765189
665 1533 19259
323 1301 9232
485 2531 3698467
1962 2519 365784
271 1610 6504595
168 865 6571
750 816 34267
912 2527 15412
946 2544 20740
1274 2274 6181512
893 2528 241127
420 2851 3476
1 2392 7151
1066 2300 596821
913 1332 333099
563 2826 115764
185 669 2209971
66 2269 2298655
181 681 263412
902 1411 6545
1855 2617 3718451
1625 2431 36233
697 1290 4561954
2366 2826 547592
686 1065 14350
135 506 915823
950 2763 365405
2393 2875 4577
1489 2919 4193
99 2484 148863
11 876 2274082
2 2981 3942
2585 2916 59891
466 2142 3157973
1445 2539 3399671
29 2949 9127506
1536 2199 277945
158 1480 7214636
1069 2531 2612017
959 1913 89715
2481 2647 4192
1026 2189 87135
644 1040 371993
1757 2168 4140890
609 1880 737218
353 1221 2537067
72 2171 145246
128 1581 326308
2070 2718 2711566
1593 2866 1171813
1776 2536 67002
14 2945 3568
194 1359 74944
10 2940 494145
557 1837 30059
29 2976 2992
207 2109 409110
1660 2943 55961
896 2146 3287505
1760 2745 452014
974 2058 1422694
1002 2902 8695
1476 2718 1065067
1074 2642 2119093
1035 2938 4931
558 2171 4017264
599 675 13728
1186 1276 4349417
925 2278 335900
1755 1848 146413
1063 2383 22054
450 1422 2307342
1029 1196 6628
1007 1631 6656
12 2960 41995
1660 2884 738652
1045 2462 7899
408 2806 118988
681 2763 517138
1476 1671 7289
142 1645 30637
1162 1378 3123
1029 2947 463875
35 2972 1061027
362 897 10057248
512 850 136232
2077 2560 20527
1218 2237 21579
1158 2435 8910188
702 827 64004
13 2987 61420
2177 2382 60318
194 1845 196935
601 937 5027058
788 1406 4284
12 2782 13002
2 2959 189249
41 2963 5414
4 2989 534835
85 1772 492818
1472 1663 1163314
1122 1171 51013
160 2762 1424171
717 1915 15304
965 996 13976
1504 2171 570983
1523 1570 656832
385 2253 4885841
602 634 31093
488 2621 33007
487 1819 1967588
441 1244 146590
768 2317 1880086
37 1962 8252
2518 2930 871697
517 1485 118386
417 728 7918
1652 2069 4376697
1846 2208 87357
566 2276 18254
908 1103 1928201
177 2841 66573
8 2957 3042
336 1448 10042
1915 2415 4901359
941 1633 1132202
347 1416 48068
951 1876 4162
14 2984 1183156
1502 2899 232580
110 2600 3536
700 1564 8093
39 1799 25346
1929 2201 59226
1704 2886 9277
250 1819 2107316
84 171 108940
222 2706 599046
719 832 6324131
406 1249 2331239
1029 1614 57908
1082 1189 32139
677 1105 1720596
933 2700 6998495
1703 2035 3136
13 2987 136350
1200 2137 725887
196 424 109264
441 1943 17708
65 2688 709336
599 2947 75238
1251 2523 1125572
2682 2981 1007084
438 2654 999535
675 1301 5040902
1756 2664 301108
2073 2388 69392
2805 2902 4853
701 2897 25242
1932 2706 6697
26 2983 136155
1361 1426 9345822
1759 2893 247567
1189 1786 2067460
2241 2815 233132
1316 2784 56095
1020 2591 45950
35 1954 8184943
1851 2696 2922291
1247 1342 1570883
1474 1666 9027418
1797 2288 8425
900 2013 292874
891 2909 26940
1739 2756 2152471
2692 2737 1500335
304 1796 32529
175 707 5649
1142 1525 34911
1448 2872 43476
794 2243 39754
2515 2800 306797
282 1926 414220
22 2982 33396
1747 2836 602559
49 2981 9032182
710 1063 57694
463 2670 8007
259 637 2750
2010 2714 11060
635 2286 4909
19 2985 5032
1262 2534 4524429
839 2981 9367
616 1929 1685910
475 1555 259011
5 2959 119653
509 2224 30388
539 1898 228428
1096 2749 159131
20 93 67269
2124 2499 25670
837 945 17456
1586 2194 7925
1452 2117 1146923
1972 2300 12790
1174 2821 6189
926 2063 1718858
1437 2690 26627
360 1207 10138046
1336 1886 3008
462 2549 8369582
237 742 5967033
540 2713 5292
275 2304 5826580
588 2423 3319364
48 2959 63886
2203 2477 38645
366 1452 571293
1475 2491 13687
1420 1543 16669
1174 1282 77900
2776 2778 6848
118 2566 9890
237 427 61179
914 1374 240983
995 1681 7992
1613 2658 31545
81 527 1705350
49 2980 8902
649 2289 14735
265 2194 98132
1798 2903 114721
1040 1281 120172
982 2163 53212
59 562 4562459
131 1180 213417
889 1377 291231
23 2961 935910
307 2915 15801
281 683 4672
354 494 2708
922 2030 430046
1231 1631 1158796
280 2420 651399
1268 2007 243805
185 2671 710615
2156 2238 6336469
724 2244 4185
1259 2027 267132
1768 2973 83897
574 964 780510
248 714 8117
240 922 4541255
2082 2113 7992
978 1252 1856837
56 1491 293891
143 150 1182412
553 2396 970419
577 738 36681
1940 2121 4440043
1203 1276 153657
940 1694 7334050
109 968 3594
712 1776 25856
44 360 115106
340 579 16755
230 552 58200
6 2958 16338
14 2978 1589569
536 1914 2536353
1026 1399 73797
836 1847 4287445
522 2124 2108784
58 2225 9884011
842 2555 110776
2693 2829 4158001
1063 1953 10938
1129 2380 164691
1841 2322 29079
927 2557 18040
898 1315 10002
558 1441 49920
372 395 82449
693 986 27856
1350 2922 20296
46 2969 6600297
2547 2769 11763
502 1751 43261
401 1994 2137481
639 2449 244974
1597 2396 550040
1337 2705 70293
133 2286 7374
1120 2900 10039
597 2050 337098
980 2689 4258
181 1619 15122
2247 2933 2703852
22 2982 17781
385 2473 983859
1320 2080 661165
1380 2116 5246
654 1647 16649
2028 2892 598909
721 741 216114
1089 2275 83678
97 587 158832
809 1264 153016
1309 2095 2654
1890 2125 6072154
751 2742 11964
222 2442 3607
320 1832 1051441
2033 2592 736033
1288 2268 1739990
32 2223 26751
2369 2422 1362309
359 2264 36934
157 379 160585
222 1049 16712
281 1977 23839
1207 1789 255998
56 1880 803869
1873 2108 155247
2187 2239 8737428
1391 1741 488450
1691 2029 4125743
62 2257 529329
904 2470 49935
3 2428 38150
26 2941 56437
643 1586 1192225
2047 2296 681589
613 2973 740214
528 2961 6457430
1400 2616 14879
88 2766 5085716
388 1106 62453
1916 2278 16921
286 2787 17719
632 1961 5621
27 2968 219657
2088 2441 1986551
1397 2392 1998236
2603 2914 285496
1685 2192 2523134
272 2577 1478184
420 1023 884285
350 571 1167386
1461 2036 64033
24 551 78739
695 2300 8370
1789 2785 24886
1372 1658 44353
589 2897 2384897
2234 2414 6664377
502 1303 16737
599 848 865252
1047 1281 45487
213 1467 5366
1644 2087 269288
751 1509 355855
467 1467 53093
477 2167 63481
1699 1870 3506836
1687 1859 32971
669 2671 11959
1480 1797 3760574
1242 2923 2506
4 2962 18485
1646 2071 7344
2085 2879 4072768
584 2159 1398687
2473 2807 24678
675 2259 539172
412 2605 534991
251 2279 12110
1343 1681 15278
426 1367 632517
1537 1975 163498
581 2730 458621
1089 1479 567873
1206 2759 124628
27 183 283119
1364 1708 102526
662 1931 7765234
645 2854 5304
9 1639 17781
2475 2971 9322
1525 2420 425420
870 1474 169660
1013 1216 3144631
926 2104 1361709
49 694 4370617
933 1995 4169
201 825 18668
1670 2377 514649
1532 2546 71277
969 1138 1722888
901 1247 279308
573 1339 7096
1163 1820 28573
2031 2711 6565
1356 2113 35855
2807 2814 3181
1980 2670 3284215
777 1277 739274
804 1403 102996
1476 2771 35039
1533 2323 1287702
1405 2291 254338
717 975 10057748
1198 1826 213927
1840 2948 5363
2455 2661 3437594
256 2108 4046580
156 205 39429
1321 1466 4986841
1878 2435 87822
888 1977 28524
23 2962 8292349
417 2740 6933846
1239 1346 9717493
45 2351 155254
178 1219 35856
2275 2495 49197
323 1563 3351
450 2671 1985764
1164 2098 210149
24 2986 36839
1264 2861 91725
1795 2127 12902
1156 1466 32129
439 1213 567720
101 2080 2352193
2735 2796 8006
1070 2442 30293
1048 2301 33621
2316 2775 1375380
350 1330 38628
25 1022 32913
1437 2389 7368302
1004 1198 665038
519 1571 14831
714 2436 227718
457 789 293004
1531 2557 10370
42 821 17618
276 863 4902693
1775 2362 252387
10 2986 73611
501 2701 4482932
873 1454 2667
395 1303 16376
1924 2853 4624221
1357 2067 42106
2694 2721 1698563
1881 2380 3711415
794 2182 13207
2083 2423 27148
550 1367 40250
1212 1805 4279
767 1803 677598
776 2342 74102
1482 2423 4144
182 439 326886
1812 1835 7157
993 2820 62660
1117 1862 9137
674 2097 476959
488 961 329537
1818 2068 2012115
739 2284 3548549
36 2986 2518935
54 813 6702615
1195 2813 536176
1121 1473 6323832
1015 1353 49818
966 1825 2742
2308 2556 224471
25 2960 29807
510 991 420472
685 1948 13710
33 2976 106369
1859 2654 1436343
1950 2676 6233170
196 2769 2640533
1104 2134 107178
1612 2121 131244
1975 2384 14662
2003 2463 453311
2052 2864 421706
1468 2449 42239
1432 2763 7550409
428 2454 1861473
1129 2542 82846
101 2592 1821315
1451 2162 17923
695 1671 16888
1623 2858 26897
11 1922 227125
467 808 228252
2166 2741 63462
838 1494 417375
1315 2950 84769
855 1758 9619647
1910 2119 1166509
1305 1334 6004
625 2374 7608
69 961 273850
351 2789 5103
705 2698 70700
818 1798 7533591
41 2972 7894384
795 2766 4698596
827 2916 1067180
19 2978 9132218
1072 1976 11728
49 2007 886853
1454 1589 1795972
19 2962 130994
1649 2816 356146
629 2466 2083041
805 990 30741
176 2287 451567
1005 2222 177241
1439 2970 8092403
1528 2842 511616
1149 1289 2824328
804 1126 1364959
39 2956 2083362
1119 2253 19895
352 872 1420194
820 2310 2996
673 1858 69627
618 909 3525
176 1473 12465
49 2941 444543
687 1164 2254941
481 1182 6105286
1090 2766 2371554
640 1503 51527
1071 1901 1031880
414 1670 32217
45 2944 579705
433 2905 57073
993 2068 18200
1599 2053 2467943
1930 2464 6251217
1020 2358 8645076
2061 2113 5064785
2274 2653 148626
307 1652 14799
141 1973 14630
499 1496 29875
355 1091 21283
373 778 3584
185 1023 121269
998 2174 54724
1871 1955 427216
501 1210 16216
328 2664 3215285
733 2519 141029
661 957 5641181
1447 2215 3032
372 1688 907849
50 2975 631976
917 1339 8634708
714 1538 87888
19 1210 1201777
36 2971 154991
1949 2284 1387997
831 2533 361734
1566 2709 21256
2041 2729 3689
445 1454 1626538
192 2819 12247
317 2077 231681
1021 2194 425686
2494 2809 127882
1006 2271 10027821
178 737 34064
1316 2550 6021674
1746 2872 19258
2511 2655 31851
667 2885 509343
415 1672 1489389
788 2257 457848
228 342 1185038
666 2762 3117844
673 1321 9781
1036 1566 2080021
2720 2765 9897216
434 2100 3061
5 2952 317683
424 2800 5352505
1924 2545 18361
594 1005 16786
1455 1595 197093
1344 1930 35112
1605 2949 294799
843 851 4340
181 2165 2947
896 2793 8370536
2063 2279 1997255
824 1522 10141936
1168 2734 2135932
1878 2898 3112
67 1710 142097
91 284 3570
189 2017 5567
25 2940 63977
201 1596 86731
928 1318 5396828
1124 1398 1754147
482 1866 7092199
976 1106 633334
976 2830 974534
337 2373 2331477
1211 1933 1101384
920 1011 3520510
230 1248 414619
2241 2461 3373
480 2242 3781189
1858 2260 1668304
841 1617 543059
901 2787 2931866
1 2967 9009308
21 2989 11900
43 859 206651
2633 2925 5030
203 923 1157473
132 471 62245
86 2281 9809
1858 2943 9518609
998 1389 2628627
610 2308 6354255
1008 2184 47672
2014 2576 65999
998 2782 14295
557 1683 113574
1579 2736 376406
751 1905 4605474
536 2237 2772005
201 203 422067
426 856 3052
165 2881 201138
2252 2729 114286
398 870 606341
1018 1668 73643
723 2519 628374
1059 1754 3609753
8 2948 131621
296 976 7018
510 1410 7955771
2326 2393 1273391
2448 2957 758265
1118 2502 2880937
685 2136 21784
1155 1963 1365710
729 2065 8158700
785 1104 13263
1049 1234 926923
1781 1895 81916
1212 2268 31347
90 2059 151001
23 2975 9200244
567 2678 2190142
2037 2635 2257169
1504 2358 9444756
256 2869 831504
33 2942 6262
20 2973 364382
23 2962 16022
1594 2817 36471
486 2914 380790
2456 2638 3239
464 878 52311
115 1754 51591
947 1710 2036180
71 864 60526
217 750 3158751
1513 2712 765162
743 2613 2468432
1868 2421 684106
612 823 19880
61 1103 571063
685 886 75048
2354 2658 91721
439 1975 4969
1331 2360 5324
64 789 434338
933 2448 13571
268 2949 32590
24 2975 9504674
17 2940 47204
545 2514 7352
1004 1225 142474
570 1009 4721382
48 2957 152822
7 1066 5784
1348 2187 715899
1617 2045 4992504
189 901 9619579
1044 2935 33406
1660 2546 977734
1123 2465 2841380
1388 2229 5049680
765 2212 105242
58 310 1067689
376 1896 7086
1887 2092 57572
2048 2764 595611
71 1311 254178
203 1813 185885
2079 2623 3343148
3 2960 17409
282 2909 10109
46 2941 45209
1713 2560 149137
67 1580 2481749
22 595 4751
393 510 9466
29 2983 105336
1671 2787 604272
1951 1960 53853
71 1325 30067
44 2241 1513534
1878 2884 69572
1403 1478 648662
611 1724 1976964
387 2946 2180091
340 1427 54705
539 1912 955383
29 2941 39823
290 1996 37115
1896 2117 2632
324 2866 53916
154 2437 344581
1159 2482 234446
491 870 5728
33 2971 8510
971 2616 28924
1398 2432 3783593
1922 2772 8574169
2164 2737 1042275
1132 1520 8372
78 2589 39701
159 1249 6895
2106 2582 5895917
1819 1855 554754
1054 1655 130645
802 1043 305627
1396 2447 159109
31 2954 6844763
1058 1508 3497
351 2711 1003919
888 2938 96777
408 2787 18640
161 1676 384004
187 1337 367570
591 2600 17877
8 2984 4092
137 2216 1841857
1368 1581 2172634
520 1438 2203240
833 1179 8147429
5 1153 2276973
22 1615 158548
2643 2669 490999
569 2580 9370
412 1320 7043192
1275 2050 7284337
15 470 18417
1355 1822 2533363
64 322 827006
1292 2603 3720
1250 2222 5876811
2381 2972 7950
1760 2769 3297
125 2776 4027
2382 2696 130092
92 1278 741388
89 489 15450
255 2738 5846
1521 2782 6512
24 2941 24062
1182 1252 6977
1818 1984 929468
1028 2458 1389113
670 813 5766
883 2694 9572
649 2866 482126
1163 2779 718544
2058 2894 1796663
895 2039 70252
699 1110 2442662
2015 2064 4868496
1382 2493 110405
545 799 67140
75 724 1962909
1348 2089 32132
2278 2837 809507
1498 1711 26585
1483 1966 191489
408 2611 3380713
993 2134 771213
14 2982 149753
40 2980 631222
1431 2116 2828
2416 2549 947579
60 1687 3191
160 1394 839302
1422 1569 17090
246 1452 3446354
951 1117 3480427
73 933 1302707
1953 1989 200576
1185 1627 402993
352 1572 18937
228 1760 2549
1149 2793 32093
2001 2908 494065
36 2969 46873
1493 2170 1153208
5 2949 5092377
1368 1533 2947214
243 1540 1239322
1423 2174 4937
788 2021 4112
74 2261 2662
2376 2598 14161
293 1251 1482808
349 1899 46103
568 1221 4573941
684 770 340567
576 1562 2926979
1202 1228 959056
302 732 15151
243 1094 6000
36 2984 3596
1982 2832 16121
549 2527 464182
1403 2726 143392
145 316 10572
39 2953 312034
1449 2877 636304
1006 2648 5450
551 2692 1074500
977 1697 15577
10 2950 106121
1895 2665 9996
250 578 242911
404 793 13138
667 1470 521343
1444 1917 3997
135 1085 9288
2337 2781 109308
715 2050 13518
383 1228 1438817
1403 2892 3228706
10 2960 6361
372 647 5059416
296 1125 3488773
314 2648 417498
990 1414 1028021
1080 2116 3422602
1497 2074 3815
1336 2555 2522660
1597 1897 12758
700 2613 4402
33 2977 2389987
1261 2679 7847
218 682 1615189
27 2966 3924
475 1858 2495519
427 466 108365
1957 2252 3103990
1428 2083 154113
1323 2556 69605
1336 1898 325379
40 725 10102605
1430 2831 22113
191 2675 264863
40 2281 129231
475 2807 6022218
179 2562 7879
2580 2960 4983
1195 2918 53408
1433 1753 37351
1880 2454 437764
80 186 947478
2177 2772 4146
47 1476 760167
370 2768 1680882
412 457 42316
3 620 8580254
109 2579 881566
1020 2687 278791
1303 1717 152540
749 1074 9471
683 819 9793
478 2602 55498
663 1165 1711189
2293 2793 7430120
40 2984 1710006
917 1758 127096
24 2983 2310866
2210 2684 67764
1009 1068 8517750
829 892 306047
2282 2428 8133
132 2834 2376940
2776 2928 579110
1248 2736 3125357
339 2780 8973
1029 2296 4399
2217 2557 18842
271 2913 258915
1796 2732 56852
266 1630 10329
2725 2970 765336
1176 2664 2625379
2685 2840 505881
729 1655 1065314
518 2143 770367
332 1330 8749
379 1810 205634
2639 2646 79684
645 2346 147316
1520 2036 13926
35 2944 12554
901 2977 9566
254 774 5921
288 2069 2213170
405 1652 1192230
980 1280 4595
2470 2545 2365184
31 2950 95192
820 2893 95851
1779 2307 15670
1494 2623 3674
552 1485 3856
885 1729 4910
789 1400 66338
2798 2968 148502
739 2735 74390
1365 1826 371023
727 1328 33971
380 2189 4519
1118 1724 484050
41 2962 18677
1523 2330 1047528
358 2320 79601
844 1587 398722
1158 2916 73896
26 2978 20464
2146 2266 19364
28 2270 1478540
1572 2574 158508
1374 2396 17434
11 2984 9389543
69 2203 7351
27 2987 849097
2096 2269 14798
84 992 50530
1274 1607 46672
1052 2436 2986130
47 2975 4819520
2373 2512 106245
827 1211 27243
42 2965 3535462
387 971 3127507
484 2872 5262
2036 2313 8381654
928 1169 78926
1995 2381 117920
427 1538 108531
418 2956 15621
1081 2551 50848
282 1483 4977
1103 2096 4867010
275 437 5364558
1119 2051 41065
693 2367 1908569
770 2486 230513
1591 2624 5303
861 1961 37527
157 254 76966
2441 2702 1623179
1828 2707 9791
97 555 14764
2019 2108 615461
529 2000 10310
1354 2613 59955
731 930 7074
261 1692 34153
315 417 69015
399 2660 205238
564 660 1755226
1009 1113 496516
470 2015 4262430
2090 2852 12561
1034 2753 25184
40 2986 435162
1161 1396 4346439
697 1055 229582
943 1003 310540
2220 2471 724901
458 1315 503762
1492 2324 440781
585 2208 47965
977 2946 7775141
447 1922 22883
1500 2210 650641
1080 2138 118150
729 847 2232820
875 977 4240216
1776 2211 6356
2736 2946 3716
621 1521 2857108
745 1204 2850947
356 2553 6117
2090 2704 159302
42 2969 258371
809 1501 171926
1334 1607 1152579
2466 2741 20326
288 931 2643
400 2557 379176
437 2109 7437
1606 1611 177341
1494 2737 1678231
751 1799 4770137
1190 2438 5261
412 584 1144994
1290 1489 5045
543 974 3099
794 1734 17499
1919 2224 3999
815 2779 900697
136 2491 13668
204 1377 5489943
1044 2951 62694
1344 2259 19843
47 1096 445298
220 1704 33304
2 2955 404502
139 2302 7307
773 2281 16514
1459 2753 165990
1110 2141 3160
1116 2467 5433974
678 1364 7138
2644 2847 122622
1056 1649 111118
186 2003 1305377
41 2950 2373530
859 1556 5275686
523 2488 5386
2671 2787 1200712
655 2090 3033
1802 2514 8686
2277 2576 877975
619 1267 507647
276 329 39914
52 212 4668
1538 1687 3737
452 1285 39138
1332 1554 223449
1963 2117 564228
7 2984 3169461
1081 2197 4202
1813 1825 121052
1601 1915 1890395
1378 2846 5306676
521 2881 9345798
196 2322 33414
1297 2843 3391561
377 1499 273122
1271 2725 1119934
2133 2601 13381
600 2634 26526
390 522 5434
480 1161 34899
671 1532 217492
11 2960 16443
1832 2494 487128
603 2294 21288
930 1095 3509
1577 1937 13815
1203 1255 1187033
201 2143 1317867
1230 1976 16290
1644 2415 149405
109 638 135367
761 1322 14193
1987 1995 3964556
1192 1325 12031
1697 2912 2275400
1331 1652 113658
1212 2091 159135
34 2946 466638
33 313 17097
442 1511 3951300
549 2720 411592
1215 1889 2534
388 803 498024
593 1296 1123497
1174 1553 10178653
17 2970 2034227
1374 2482 2926
1178 2517 33793
47 2233 6407
2452 2627 9093485
1753 2563 3933007
702 2395 792149
405 2726 2086213
324 1943 1730068
1082 2541 27137
2080 2860 78416
569 2070 12442
2736 2822 873787
2092 2103 127448
1596 2097 6134986
294 2574 161899
1149 1785 295686
1325 2442 541521
2240 2782 106008
996 1615 141273
30 2963 126187
618 2214 6774318
424 2121 13924
1360 1747 9928648
955 2496 8649838
706 2523 36337
1913 2701 1338030
256 1824 9824
1495 2434 8795
1874 2542 770848
1857 2538 61611
144 1188 167618
1180 2666 68015
1243 2018 221771
1646 2207 280213
822 2026 65662
702 984 188767
295 1230 1499603
432 448 1545562
1504 2401 4840718
597 2043 3455811
250 2864 921363
1220 2464 9907887
112 480 23146
1400 1779 227994
999 2725 5182836
354 544 137058
2130 2464 142144
106 2007 84313
43 2954 46678
249 1538 1394153
713 1829 567372
1112 1945 572149
2710 2856 1279854
382 539 183787
96 727 16307
2325 2868 8118
90 1454 148697
1218 2740 3139
942 2571 9689
420 1752 1249186
39 2981 7169
517 2313 1287886
35 2945 191811
170 799 71360
1065 2373 16390
2028 2917 30597
372 1478 498774
1547 2299 25614
