285677254516
288109687104
288687782288
290630018781
286531863652
290539410637
288198297314
291827650142
287338534404
290045409287
284305860602
285754488319
288995878400
286241791751
287542474710
290827031649
285580929230
287444895577
287708240012
288112565607
289475449182
287250707421
291321798185
287651826209
285371850478
288621674280
290854911865
287156019645
288408112987
287600229364
289659592976
286435502177
288220477801
289089161453
290537359201
288113982299
286055288029
287531451574
284697226746
285171355906
287549966275
290630855082
289071504553
292005131684
289199111811
285096595409
287808126912
291233046954
289677527685
284496179538
289283915847
291514832003
285680820019
289006875746
288181010818
287328592953
286249569642
287129211921
286461818694
290349287384
287531515834
288211591910
287597946928
287822982667
287540173479
291246221151
290843429618
285178502284
287708395882
289750680516
290144213927
288717678949
288895682611
289769665669
290839320859
284792192424
287315840998
286454725874
289750830550
288100652055
285580937678
285678431939
289168971496
288994624256
286264027684
288778612266
287540253447
287031822454
289294053651
286446342820
288683819666
288975748111
291032131825
287420399588
290657182214
288399377518
286459851747
287612890265
286923132679
288508415122
286658535346
286459836160
284695043657
291131043307
285563436357
285676414993
288510276634
287310506783
288813590693
286666855228
288407878756
288495395594
288427034101
286631649367
289654075591
287908157550
287641596465
288031685683
284597711543
288277573473
289652377456
289297007722
287727239385
292005255500
287112942810
289210651724
287036001024
288702624899
287224895191
287989512632
286353359386
285000556663
287132576935
288498661217
290142191837
288972104142
287731896563
284984054300
288510279510
286437392868
285660384600
289367928511
285584787034
289945101638
288233109116
287245155686
288975805831
287216974793
288296684907
288386788678
291530132202
292021849031
288896903106
286961850068
291827541214
287053925608
286837417691
289782286831
289785769597
285660877537
288180842923
289955799509
290944748642
291425232085
289275313800
290047922879
289757294568
290246567574
285660263426
288492901659
287701852689
290152565488
287133727333
291145046860
289479989349
290254767905
287795592946
289393746729
288182983320
289457975631
288408906885
288880164442
290735678684
285763813917
288614572770
286058858919
288123019531
287693822135
284302465986
289104667593
288573249232
289480005277
287324838424
288486582888
291234877848
288395281562
289386297344
290158229341
284694789039
288784635990
287035890030
286438632969
286161080913
286065227675
288714905979
284895125306
286919647010
285575648543
288902518024
290460417310
288621658451
289062246278
287542555802
292016022332
286072267433
287131617226
288683901746
285966445779
287985499673
286146041307
288130620277
287989405157
286456892405
291516203345
290445992697
289684195020
285777042556
288871218067
286727946161
288209057142
285587157079
290174693625
288183111832
285470795141
291419642443
289587585703
288301601328
285873807932
291147604414
286650671055
292005965651
287539186485
286243164642
288002593609
289496121013
287512624456
292794294560
292700175667
285096734306
292213924618
284990528928
289591059964
291220743656
288670955960
288108092898
289849438471
287794401846
289308142287
287235576224
290545837818
286434436794
286930324048
290753087326
287735189054
287020255024
285851606753
286941550434
291137969617
287053853035
292022024437
287033731604
290056887727
284784656544
292699252561
287923493491
287710840022
289198910956
291527791189
285089439536
286535704106
289670863211
289108878787
288311225047
292794436109
286837675176
285285810255
289785919050
285663025645
288893336018
288884364191
285670621655
284793810983
287731347102
288190521879
289100269478
290057012771
292006110103
290147354036
291231315185
290251666762
291036972948
285575558476
286168429302
285382296985
288517011803
286531383459
284114308278
287718511270
287411273889
289060763480
286837312537
292895468224
289974243000
285949491948
287708262892
290434001148
288877158304
287895020347
290463405710
288786680586
284509866903
289188714082
288233455936
287750489305
289948066606
287500428278
287345450707
285079584969
291128693779
287345332905
289078242328
290151636072
287054900405
288435532475
290755640302
286821304337
287848115737
284694070348
289395812665
288794764400
291819269892
286461779018
285952816365
285563361800
288894553878
290246518070
288239443534
288979409577
285660423126
291222321145
288141615505
288199671970
287899617835
286642834668
289073641234
286166257277
288297392538
287313808864
287500366874
287341328976
287820544989
286859747371
285287378186
289589429084
286157504841
291812780349
291723055204
286561089938
285854985377
286650656865
286461907965
285970874509
290170851800
291050212361
287413696569
288318104429
285278814666
289465326710
286061032163
285374919219
288487703749
288795635487
291615250988
289065001268
288702704099
288479977033
286065210719
285390308315
289365611867
290832946406
289761280847
292209353979
285866894160
288016801140
290942328995
285756650075
290338929916
288321787011
284206153931
286938050372
288879182770
287597805457
286243243882
289068329752
287794347468
285291860724
291321846596
286748444566
286541085971
288722209459
288778527247
287403868345
289367945875
287514627505
288534389806
285097762757
290058453308
287908024374
289090935164
286848567989
289865144580
289082924613
288103510320
288086695140
289682925866
285294187015
286343315322
286663480109
289587856199
287614207462
286166886385
291628592886
290358686164
288605020513
291334610244
289272069458
287816239999
288194218161
288474223076
289961583004
289657918021
285465420703
286727665075
290077339365
288394343766
287903951013
286051781941
288029804432
288021481176
289676887482
288713151458
287805375476
285658153527
288002707145
287229241875
288395357723
284900761891
285082375424
284886451444
288875135747
291431052531
284500484650
285489445523
288492819693
290755771375
289359739170
287616854521
288494218652
287248569427
291143343257
288311293975
288118880458
284893681452
285660893036
291237895502
289659817726
289554622418
291143316887
285563446213
289094668092
285186585322
289965017263
287131915489
288115981678
290144116442
286542804262
285081408535
288421892507
286648136242
288614523844
290646103607
288181022298
290537351906
290174590320
288299398038
288696854743
289676894732
287794469103
290256789534
288192079653
289170008773
285283284147
290547039886
289961753005
290162717532
285482764614
287019521302
286072090808
289197233797
291523841780
287619003164
287805243824
288297016326
288029794401
289856488691
284306973932
290178501855
289186436262
289357143011
288626174430
289163481392
288323269249
284500473654
288688966120
289206683652
289560527547
291514832003
289462090837
287926552133
291341877869
286161110448
289587855217
287444533134
286740092428
285684978848
291334623447
291812758269
289072266991
290357715472
287020698581
289070465677
286258924067
289849529947
288390155584
286763543667
286655894725
283920805072
289280773687
290849853020
286371353772
290047852698
290755581445
288319740626
290241693154
291339634280
287039495626
288280392017
290561810825
287221199437
285384134568
288100537335
284999295183
286265996836
287211806686
285178901899
286164985209
286941439518
285484795398
289676855582
290254670353
289399898246
288424917108
287947131415
290337414906
288864164454
289459236582
290841216236
287805621539
286340688629
287618481635
291025475040
284796280583
285673009510
285867945581
285290890954
291523809462
289492534239
291338531285
287248841587
285679190921
284893801938
287919889558
285463194066
287325726874
286943896159
288022456761
288039492283
288492655761
286748478646
286923161119
290738008028
285777037496
289012340830
286642853115
287034782880
288897077588
287624460284
284990711188
285189858353
289652290301
287736978019
288824094566
288766541707
286857052124
289476065998
289962666717
289476154326
288022502617
291241984160
287708187102
290650106766
288992998661
289103083070
288717225943
287051116380
290834700918
286454672028
287848274578
290434203243
291527676607
287241939825
284988832588
287119788195
285195812387
286448968623
289562494476
286745799615
286068639087
288788349250
283821534500
286374337078
289088570298
289501831665
289684274770
290043824392
288985174416
288965426302
288572464712
286266877582
287697921837
287611024118
288292878308
286735011509
286433973229
285869818436
288308222529
287407126369
289068113152
287727352355
291712965277
289953322089
288223243654
287633907347
290357523148
291714086068
290457412698
287812460867
287042481411
289473616913
286824828328
285181408771
287747808941
289853835597
290336079337
285773690133
286961933966
289784323983
284887747861
290853344210
290361834120
286752238405
288184318652
289974306932
289273136726
291319441322
287029669667
289957509229
288971661035
286558590235
289376678832
290433990942
292215916457
287029194415
287253435128
284794693519
291134473876
289484160298
289107861625
287937607879
289062101878
287326756710
288214712602
288812537821
289304145852
287410882563
285972286166
286752386085
287022208503
286757966433
286253325191
286454660692
289494270322
290336097107
287598071468
290239502479
290558201537
288435746588
285949548428
288211718190
292209408591
290144042237
287235621824
292203564022
288591906817
290663948275
287054837793
288895632141
288591964377
286275199022
290338160581
286145703496
287712088040
287403172800
289587804502
286161113276
288004314889
287928618416
287306494253
285463004502
288815030823
287816400271
289460873339
285369576601
290154973461
289849609807
289501895377
289750812557
286725930546
291321955154
288515538611
289970262106
288474487604
286954538529
285181596964
288766858339
292405460392
288626216161
288768596909
288314741567
288626006067
288089101173
287322918741
285974057369
286825728924
286358777019
287435828571
288231249077
288086656422
286249527192
287248643512
285759672613
284984071124
284017198496
291730961399
289947335268
289376900485
286269634900
284688114754
289368606590
286545976335
286435326469
289060835680
289591970748
289065384744
284888658454
289068220008
288293411376
287245132886
288199692740
285562545392
286536954607
288865408041
288399364585
291419607211
287515534590
288289099923
286364351750
284977138485
285760749289
288289502811
286845837081
286660259881
288880170210
287621488837
286559375884
286558564711
289978501865
285093665359
289358965325
288604232892
290851836657
288393614455
287616828799
287888015230
291612832540
290657195354
291320117840
289308122043
287940807658
287154726871
287222583065
285754101923
287528622718
283918354297
285866847597
286656232651
289659740876
290744868799
288722271379
289565667418
291717416896
286176007605
288604205551
288599493906
289368712221
287129719982
286640327025
286931427205
288908277419
290630631567
290933135426
289190253626
286246014298
286755541211
289171420769
286934234244
289750766125
288873319797
286642738176
286541175305
288205640800
287427600561
288717748069
289172981291
286172817381
288523775717
287326815176
289468914732
284596506163
291149042857
287545299353
285870073421
287710686152
284792143424
290848011374
288892138054
286374328582
287735140434
290364620100
288720315245
289967412372
289659142233
286940197630
288683822546
286439313065
290852053033
288677579080
287816267920
286534413890
287791356112
290339027535
285093506820
288875351566
286269746685
290052534132
287444809957
287706196959
283819470666
288492160471
288977065762
285852241539
288508313024
285870014159
287897236463
284407314614
290663043400
288505423690
287054860561
292892132959
291918262996
289769815809
290540824328
286825706188
288283263156
288603165158
284018195989
287420729327
285678520706
290466102106
290261653608
288892130844
288609151561
284597702084
291038780047
288019351316
289785217285
288714947739
289556412125
290843477864
287427061001
285575847071
287408162977
290640772203
285474222641
288772076311
289768576822
290837848753
292103937826
291717563996
289767947235
285481191637
286726093846
289387750464
287925235175
288531602015
289489222268
292021952211
286630428161
286441124334
291135594459
284893785126
287736860759
287504984357
288476692731
288717799909
287535114680
286243551254
291319439855
289294267659
286172972921
285677335012
290142041972
291819331716
287600197926
289479842131
289848547218
286648310779
288095758443
285865351301
287023442961
287442103312
287641646480
288911565679
284697123121
288890801271
287541383196
289769662003
287747883301
285679254326
289670166207
290662985000
285483085874
289685472880
284997440389
289368674599
287837902219
290349011594
287548129734
287407708935
288784549530
285188323171
289484151610
286937246007
289860610917
289750769027
289097982812
292794410156
285778408608
288408088558
289462356666
290046774202
285683379555
286539994223
287926681013
286145678044
287446299021
289357216808
288306344791
287700591658
291516162638
286461676994
292207154045
289305949196
284885980142
289662164566
287500422566
284496152995
290071978295
290850945721
289670927011
291730898146
287317647761
288621659890
286561179272
285660344222
286145748203
287235520649
285375351546
291629570555
287915464004
290731543877
285181626448
288290721733
289068169468
288588247312
289267800701
289945111809
290751274266
288010569973
286361890526
286558716595
290045271157
289874111635
286249404087
291531791569
292311448126
284890973554
288519316296
289114588553
291027629219
286923106403
290047800354
284211640014
291613833730
287500490470
292302751712
289268020493
284887789748
288510196106
291242914109
291910453641
287525419824
291233192088
287538108115
288203530821
288590785440
286251639650
288669646410
289016063771
288334596166
287698171436
286537102079
289184935481
288192316575
291613863130
287425529024
284211642802
288627722868
291710561430
286922967047
292117319240
285970969113
290938045166
288083420045
288677370280
288775070372
290558325175
288915058193
287505052901
286764895965
289175370162
286934460342
285674017671
288815023618
290161366736
288297412325
286934390834
286455146556
288528650219
289867553474
290275098198
292104827650
288013268684
284801828382
291027278757
287033179301
286364667290
292599687612
292501388146
290058351528
287905755274
291808260893
289203447919
289582826451
290744721238
286951813806
288398114854
288606084417
289784482142
289781612313
287710690442
284411039036
290438177851
285085369982
289673650804
286570727524
286251563240
284979415526
287522634440
287814467557
288483669733
290059695724
285756655715
289110168730
285476706229
290140518916
285568369380
291338572361
288106948188
287411395184
286931057959
286348412488
288198343234
287221351912
288279756950
285271592122
286348459216
285470775443
286269790550
291438895683
286354467092
288788127336
291338538620
284784603344
287926790535
291924254216
290752920772
289165394026
287912909142
288309156765
284503337496
284979300562
289294154871
285952059652
285081308922
286256989897
292212171823
286839646956
289475691378
290642379016
287442925507
289970240311
287538313747
284306068515
286923516182
288379478456
290154884706
286741079855
288294355701
287837684707
289562826935
290054882662
286074640450
284306167560
289169988543
288505766457
290349107756
289110317462
288508313024
286348444406
288717801349
285083921417
289159813863
287341337532
290338294982
288026852718
286727934801
292114297257
289359439513
286449110323
286934278326
288591460643
289559728192
288485097552
287944327143
285091610338
286839686744
288100693641
289006780508
288010323041
289654023391
287237328645
286060985534
288910914153
290855009819
290730140933
291527783844
287829119505
284880262305
284208210732
288503001729
287315829590
285181459372
288132035532
291224766252
289554322864
287320960009
290358623513
287648835441
286856881604
287612331485
288086027421
287112294605
290640032111
284011793101
285949105419
292016829753
290650349126
292306176636
289197183222
289110194722
287248324526
290543280755
287154796647
289955648397
287323436773
288786636359
290241827106
288483480556
288014573132
289299831318
285575901983
287651640439
286531155960
288710306633
284503457638
291125278437
288296612529
287696795196
289094634880
289867334782
288505600564
286921694041
289657983271
288475269919
290061178421
285270858691
290551449251
285579870831
289559739784
286053349991
289576090144
288519278908
285659486306
286245634397
285757703270
285365656076
288122861791
289556317940
288139927190
292504877211
286730851658
287920404059
288726522886
286267010592
287612844537
287031589442
290832969798
286727774341
286845680771
291138164462
290834712614
291036904140
289382340849
288279870394
288794712524
288086923904
291333404988
286753456129
283821558130
287708178522
287894874283
286074740773
287696836666
287157235171
285877973578
291438895683
291907318854
288194221031
290368451055
287903857933
287054806487
286152262650
290043076481
288329983963
287905223565
287627869299
285277774300
287728152900
290942080285
287427641944
291711566578
287622123630
287403021538
291143369627
284793889383
284014416075
288216266526
284408121082
289268153677
288591490862
290362666069
285772616639
290349052390
286150542295
288283392172
287812206912
292304741988
290727831095
289357678723
289485279214
288777936201
284110595096
285660266244
287545310777
284992596163
288670943000
290058325356
288394409871
288387709125
288572515077
284893727685
291147517979
288780527623
284886022172
289088524455
287826986909
285656847072
290755606282
289393698978
284891615231
288183222965
290251896810
289209377817
291137985732
287508288993
292991299626
285366484139
286275257037
285563423685
290456578825
289065040256
284791450915
285274617714
288492163347
285677460413
285466349114
286336477075
290449342688
287524549915
290045314777
286642821204
287217070057
291048094024
287142745955
287528662702
288289453987
284593593007
291332270153
291031134735
289391330282
292005162638
288687934685
288791391103
291131015472
287790808957
287988246219
289163646122
286075149730
284016125830
285678410804
288571977468
288100557411
288619879776
292410048230
283626630103
288493283328
291726476283
286434185731
290043702256
288713250818
290459457858
286354445852
292992185673
289366126225
286666797049
287815665781
289595393763
285385935142
288424919982
289970257747
290850841919
284689864888
285074591985
287042512717
288494036026
285087726590
288207184225
285271711547
288812268354
288986719391
288914010227
286835087194
285678374170
291240055928
285098008282
289460654691
288816530027
288699877780
291320279210
285074219756
287791340371
285188384947
291906066303
287890524969
287327468530
290637016953
284801751382
286856904340
285366471485
288688117565
289172828121
290561783104
289966359965
285757104676
286837146433
289558338180
288474633588
285584719450
288311477783
285966483903
288205808695
289471637319
286636027465
287112779050
289556244041
290072135327
285285699260
285188837559
288895854209
286074720991
286435405821
292015870510
289787976534
284689689843
290061284563
289681424883
288280396125
285871323703
288329966731
288190477394
289190250736
291123054666
290465929501
287209580832
290853102980
285171421894
286454881744
289558201974
289287678037
286348464880
291245157796
285573102546
287333208549
292311353598
288103610700
288041198006
292018147636
290162810652
284407317406
287117521376
286340614997
285181363843
286161007385
288531702675
290563728032
288086643516
285874662168
290839393959
289098005916
286840561705
290740376517
290355760004
288911136221
288534112272
287425677432
289284868206
287059792488
287117996738
292892327232
290646081707
287621327957
290349304868
291328714854
292114480157
285085203025
290639413169
289589553698
286629342070
285974208453
286558553367
289769828181
284496030712
288437377722
288965320963
287148433996
287152449206
290746686011
288114265556
288702121717
288623821033
291612116557
290930827637
284312140168
292599777751
287112319097
286058960655
291147450589
288483391400
289264688658
286248442667
286531479883
287745410293
287115091653
288884362749
287888797635
287056316252
284592517224
287227083854
287128161606
286854790704
287411459399
287698262956
286631815390
287808012675
287805570023
284496076813
286854566186
288323474597
286336897281
287818405956
286628646630
288877316924
287899440267
288877260686
287136105514
290077374261
288391962133
288203957747
289114551009
290147100866
289554276496
286727899301
290839317935
285774711808
285852063753
285173935955
286561123970
289084111699
289185875311
284706024490
284880298731
288083164092
291717641959
289176081915
291726424798
286542710674
291338365514
288571966243
288991035932
290076004732
289553517734
291332410985
285290857234
285962625080
286545884165
285464911674
287913091006
286643304625
286461715253
290264004206
287056354673
290452741137
286470586669
290043762894
288141631279
288182105108
289964610264
285470906294
287154722599
291023917030
289972938071
289950225500
289110308798
288699952866
288302155761
285587276759
287888251386
286167902509
291924279257
285865304738
290252142106
288588853794
289570821033
287732946015
286834071099
283722111414
290825496685
289089141237
287034328776
288095266046
286651947380
291519939562
290352489668
288580094476
286048156242
292410130998
289359701548
288290947185
285481345000
289262308029
288991100506
285871093710
288914008785
290543441245
291612992770
289946033507
285971243507
291224012760
288024161739
285274633169
286846388517
289291319002
288485156510
289188841242
288336249929
283725490139
290934793721
289111994270
288235966407
286541050521
291516155293
289671935402
287736434011
287823115750
288717611269
288314537655
290434160961
286648202935
285184421102
289769442756
289171357189
284985031829
289273102022
289103172598
289846719380
288293286444
290270525742
288137175614
285277767275
287512468804
286634792782
289372150172
289265476527
286264645944
292893560580
287909766815
284597541314
288588250190
287127140770
289475742058
286149442245
290825411889
290946860578
289490534519
285470924585
289860789513
286727887941
290737134746
284689762761
286757865613
288504656119
285379266576
289168922366
290140350442
285377857298
289398307652
288386243570
286725404623
290826834279
284979435154
287209669182
288239582729
286371229164
288085954287
287326900736
287723754093
291321912611
288486293200
289175513217
287913988110
290372600202
292206017732
288095718291
288797374297
288410422853
292400631265
288875128056
287248546627
288085905531
290460690542
286923013973
286656175891
289856382695
288505819663
288486707994
288280422173
291124833039
287501336841
289166622576
290368019329
290268623535
291322025570
284017984405
288297113974
288604130723
290073072023
287987995444
288886133882
285078383929
288299623490
287905757949
285091285495
288780432517
288816456536
289784564849
288418322787
286923158275
284983620857
291625011561
286560992096
287827005512
287719142555
291721793301
287122353477
288474217324
286642723293
288377198822
290048038810
287742823186
289945100185
286663492880
285366270600
286943903269
289360204458
287235564824
292407692537
289863543821
288086619138
289554845564
285961720778
287525259888
290043885460
290561834169
286445614076
287408324228
288913832861
284596279687
290047912312
289573433997
288588212776
285759697993
290155512922
289468836540
289787927200
290158943977
289874269903
285575811871
290258863296
288041312646
287790657271
288504680565
287408352768
285382861864
288885979588
289272054998
288185682703
289110168730
291722872800
289574076816
285874509780
289967354252
289950405672
286954451787
290533199820
286362829487
291910328436
287716289713
291124964889
287505155717
288611587526
290446549682
287227036299
285587379543
289656321344
286239411011
287712208160
285949352519
288214612152
286845899605
291516237973
287328572989
287888836299
286937142201
287228150755
289087081163
287926721109
287888711715
290460509164
285289431545
288766952004
286146547371
288870987807
288101765868
288289426703
290460501874
289945248391
288799141142
287126653542
289203443584
286170891206
283914247844
287616024454
285769431242
292603468431
290640839297
288902559842
287651677593
286154865749
288687864125
288580991663
285560631314
288702002197
286348638398
284798964529
288880108204
291319876194
285271618817
289670834211
286918901659
291514871666
292311586964
285268975819
289286256142
287042464335
286935354307
288000833094
288778034189
289093827739
290630134121
286371333948
289064209515
291533205275
286946271399
290163917863
288097633133
287714347968
288311393059
289579943897
288892119308
284011865485
289597578058
292006064409
290655906652
283722271149
285382318075
284398603193
285575656991
288894981710
288474032547
290072058265
286741234635
287317495179
288091659532
285365743248
290466049057
291325339403
289868684225
289652241156
288085960023
291821757861
289484022738
288986741036
290832920090
290549383196
285971331051
287848172977
287403972516
286831319900
286070299683
286728024261
289392906403
290435537533
287909762519
287446201985
287815797433
288571815836
286725575023
291229901209
284399854253
286049320633
291431012895
289886648607
283822930741
287993992568
288915123083
283725373463
284495922490
290547121590
290470252460
288785658614
285854240068
284016113302
286441130002
289597625875
290829518009
288289514299
288306435259
285188532367
287598101477
290346514508
286668687430
289194756528
288004056055
290546020193
284994009178
288573502496
287443052510
291527917523
286567259663
289879365150
289074735595
286759630461
288140044778
290338998395
287029497484
290368070324
289678933136
289271893046
284302562241
287541296088
288330935704
289358809049
290830800059
290170797965
287912217754
289754538860
288599414761
290950984665
290633987014
288490645834
290269752503
289378226246
287542398722
285382815466
286730817578
288338927080
288283286132
287239156593
291336805404
292206921984
289946114029
285856700769
289756340586
285087816382
286552598745
284979397300
291720760775
292010726473
287323660655
289678876586
287641440704
288871217085
285277643635
284598081533
292306210607
286251670780
287423314845
288437574591
287810468662
290642555676
288199473247
288180420370
286931596423
287605055387
286458509564
288295238274
287032344523
290145653467
288185704228
285683495093
289784486495
288977926656
291051404154
287410779819
289284600696
284880410811
287739105237
289280662345
287230659269
289455057600
287596859807
287818365888
288981665806
290142017237
288085309847
286048031898
291619045496
288328597931
289188761767
288279810433
287042373263
290470202888
288671085560
288377560028
285078156643
284983726007
285585592041
290355659471
289094707080
284899006589
286261393454
289360847850
291325241114
287698517481
289965130597
287522344187
291533170019
285177282942
289455524820
288010318742
289368177395
289302047147
290534921056
288864126962
289206753012
288677641804
289756658950
292400653435
289091014584
289074908875
288492197859
288534237378
285465481204
289070481561
291220512028
284211631650
285278832931
286631090843
286365792628
291342156599
288004279603
285756765695
288897018354
289750590554
291827567710
289456847976
289364090498
287798309415
288905242701
284903250761
289392657519
288783674531
291044590170
288424942974
284903124671
290456406781
285754331753
284977096425
287807956623
287318476363
289471421567
289785056224
288087101720
288214688207
288205794345
288812328876
290156225521
290147253641
288296755271
289659684247
289159972813
287716451303
286646987417
288874641801
288963099854
289296974464
290640065691
287051335739
288867707405
288336298753
287508418941
288794460114
287719083925
286168229928
291911442900
286058946525
287913075254
288304858246
288029824494
292991455446
285873680942
292410119174
289064137315
291425265849
288301585532
287239093893
286822096037
289875215688
290362832167
287739072347
286435408655
289281188792
290270522830
286745742815
284804547890
288181823027
290753075638
285462978795
287218613174
290740315155
284977281489
288881328709
288801666593
289203494159
288198976620
287512503076
291328619499
289856658575
286545820355
289982291990
285476830045
288590929340
290433988026
291322016768
287798336604
289471517135
287419699935
287031910680
285763915437
288002546649
286935226932
287794189590
286752310825
287424700983
290748909385
286831363951
288010331639
290657230394
288619799192
289185963456
287248626412
285678340354
288376509445
291132494222
288280433461
286531719016
287423324834
287839081829
284500423362
285388829912
290630007101
285966601099
289563028346
288680924535
285181143415
290662862360
289573325062
285974046073
287432336307
291227591272
284507184550
291245172456
289501912753
287513671393
289379717108
290080008619
290537242481
290826924923
290050658871
283817008660
284408104330
292008022902
287811914349
286634687776
286356268289
284977710115
287157361907
289084204115
291030858333
288321853067
287895112855
290154873066
287152305382
289183106112
287221256437
288279732448
289403245067
286642012516
289265425917
288894712498
284113759383
289181923477
289170359761
288092816097
287117407456
291126793176
288031828983
285463053747
287545455005
287321005641
287310456873
288512799752
288506004214
288692364726
286740280654
287424768052
288418213575
290727714995
285856784018
287440051769
288875185736
287031749881
284899177511
290241177023
287051277396
284995134659
291527750057
289587847972
288864141382
291425042713
284596485193
287148449660
285660517529
289882974652
287597846898
288290974469
283821616510
288026836955
286927530935
290555228180
290043827300
289885032308
288584135342
286821545907
287535070048
289366189893
291226298974
287710319199
286434379860
289848503658
286461893795
284897905969
290140728436
288204310971
288815218153
289463723307
288797777654
286835252030
290270454398
289295668621
285474222641
285683572588
290533412834
288799821263
289657771571
292504934892
288993225212
287423226337
288302160069
288696746743
289852963359
290252370698
292697731070
288377215824
288290856717
287901940504
287112345869
284411094876
287826974030
289210907489
287943271102
286936540555
290239824540
285388817258
287219926966
285382988404
287635392527
288684650980
284208133405
292402659500
289398426306
287936491700
286737949622
288280442077
287696865266
285660389310
286927528091
292404463065
289654121991
291722862503
288405704068
286825638227
284798855329
285277775705
284692180560
290448117685
289079333487
285974051721
287933227998
287500471906
288505991272
286349987242
290357687789
289945871378
291131227897
289574268084
289110399770
287432470445
292407748701
288966467583
287144734346
290930824711
285078382526
287315868092
287042367571
288528176668
288477152121
292008177672
287985981874
288786584039
287747841831
287413572420
292402427454
288223329754
289860751761
286843833905
288183246722
288474804710
289982309426
290467652635
287037842904
285656752669
287910279649
287021996793
288308314433
284608770699
287330561124
289587924302
290830789825
287714520891
287630835834
289972850891
289678772186
288580892372
287209695968
284209842117
287694256573
287031660592
286951802430
288085249619
284977711517
289955768996
287406056906
287635545430
284990573792
289490761855
289283788599
284900717059
287930546353
288524951219
287341248226
285488027316
289944666082
289693994750
284891568998
289974248812
291132330142
286064745193
286055241400
289691356655
290449349978
285079562521
287403197059
290643643034
288705070117
285375362794
287695601678
287306646524
288974980325
288128474211
288799714629
288875195830
287795634445
284209777993
286075190707
287152365190
286142933892
286648252600
289571198759
289651558479
287947008263
290058997458
290062424111
289210788999
288512960808
286362693551
289169953863
292794236039
289749994597
287992529070
286655690389
287798429619
289001193230
287986006235
286755343831
289206651862
286730655698
288017210709
288085853907
285772791479
288295025746
288680682727
286663465919
284794060183
286537015855
289775499556
288985382208
284697279908
287449266006
291319505870
291827505886
286261244879
288583861351
291220602920
288029669730
287438738216
285961750430
286461718087
286434205569
287910215209
289376952577
286655031958
292212340087
286559499250
287611435627
290367528654
286268120567
286552785921
286927313369
290952625039
290845460963
285575649951
285093473148
290044097428
284311978348
290558495878
288583553305
290837004233
285081352415
289767124162
288279656340
287989720455
289103214474
286268017272
289302024011
288523742643
287325477544
289018116192
289376768546
288280358789
290076224286
287225710920
287042501333
287306555260
285678360080
289671973083
290340914801
290946761094
287531672914
289179851362
289363073357
290337301260
288487725319
284881968583
288004288201
286862031052
291417816460
287846447572
289269514854
285674182524
289670728361
285081442207
286159607057
290042811591
289104757121
286940049742
286166203545
286161171250
289694029550
291240063258
285659453899
288085954287
289468701876
290636638806
286064632153
289374494100
291821778469
290268606063
288105693251
285769613307
286049343241
287023445807
286740493520
292506338503
288297258990
289071445349
287917622652
291233088002
286934480420
288574170755
290346453314
288474267654
284997521705
290551306269
285773835363
289883085835
287035917067
289193535579
289404657439
286075209076
290833790950
287538290899
290735709365
287326782378
291710713397
290147327846
284303358520
291241909394
285000388423
288902608870
287406171066
286543415459
289562427822
285562517232
288101864814
290144190647
287229530070
288010852751
285177215550
286459816322
286435525031
291917084096
287521137318
288911493579
287309309362
288293463072
283921013722
288578815055
284796160183
289464821978
287411496501
286663230365
286446344237
287841385050
286961864288
287905823821
290361886572
287121287083
286548621916
285096231685
287830276668
287444784271
291221829608
288407870134
284788733588
290950319159
284016063190
291514430255
285082362797
287701868419
285854906361
285660517046
290077253579
289579041797
290754867443
288026565720
286846350150
286061073140
289576171288
291023996086
286635984895
285571814826
288010918669
285091337406
288016736655
291621349305
291823900374
286059028479
290730323558
290465935894
287644127534
288229239352
286336579027
290275258358
288496917689
284499701686
289466310982
284988828382
292010735317
288715029819
285462991458
287325406244
292301263329
292301182094
287694325213
290155649692
291027152853
289282254984
285489306230
285463904410
289398432094
288494089232
288815151867
290080734476
283920999812
287504298540
287221292062
290731770332
286058981850
289756459568
285658294427
290046820730
288336234133
288421896818
284983780685
287250881271
289574062326
287618890273
286050056137
287115120133
288301806676
289668043533
290937947145
289088586182
286835830504
287987592903
284308407010
289574323146
286961790344
285951960812
285580659031
286924560844
287837706172
287413599533
288864033232
287632490116
289965078289
289193372294
290345698542
289489206340
288985288413
291222519055
287930609361
286634638111
287229748095
286448685288
291026050333
284899253165
287641632190
286044215539
286161258918
285870029680
288212917427
285660322604
289398406048
288377296558
287522671568
288669754977
288991051444
288687652688
286828465224
289291314664
283819637466
285388659786
284694776448
289084346593
289554704508
289065069136
292203564022
289084299419
289192263635
287333164343
289676851232
288119956135
286535820382
289567983424
290934849315
287308458903
286067470816
286859504380
289768193416
286863408065
286047915132
284997527313
289369637953
290448189127
290456449063
289258607048
287791669514
288782425669
287015358979
290949799948
286850078094
289484069074
288585528586
288531686857
288310267925
287328699903
288630377517
286434480721
288534142470
284404291755
288801783314
288877213100
288476474155
285274619119
286459898508
287992530503
287028651380
290443188016
289008918049
288573334133
287234546786
290062202693
289197300267
288233044541
287994057053
292006123369
287510533835
287701831239
288082875953
288010196937
288816701506
290748874321
289296948436
287516868570
285578010312
289372150172
288981632617
286356241385
284398707893
288321993795
286941618690
289266812947
291613858734
290533222796
285582992488
288408133105
284599681388
289082679133
284608991583
285177413514
290043724066
290076933414
289258755986
292009086805
287712153820
292009095649
288021624476
284983637681
291131062352
288583737597
289957336322
289194893803
284507127273
286353178138
288305093750
290639881731
289201191205
290147201261
286935403260
288725389485
286561087102
286046912143
284302569216
287601642067
288476571939
288797320980
284979456184
286730686938
287053973990
287129546254
287155811741
286347168643
289064239839
286241887971
286837697912
287639157385
289289073906
288890809923
290360125204
288975615355
289967466133
286074783163
286347305995
284302399026
288323422901
292601654086
286931193049
288014826773
286542765976
290147108141
287903983949
286666974424
286263990894
284592279837
284791415915
288512898974
288029663998
286634872246
291141065480
287797406466
288004238046
289979443252
286251575975
290630722087
288377092484
286239538361
287328567285
290854834379
290164988958
289962743726
287406105531
289578963551
291920650628
292016918193
286628675010
287224979266
287987654522
288687999485
289260082463
290759057540
290261566248
286340291139
288500242279
287113011162
287909801183
288677584840
290551336908
287708678324
286567444003
287944478935
288001019384
286539988551
288003327795
287934537791
286074728056
289364790081
290446051017
291427295250
285466741342
288376482142
287638604075
292206979548
290066248006
291339660686
287604137765
287346102594
288005793977
287947016855
285560580626
284798937929
288390001825
288893826096
291613870480
288720441965
286537021527
287122171205
287138281487
285866860296
286343432017
289455749260
286055214553
288010901473
286648234153
285283140837
288205679545
288214576277
287899438835
285181175707
288481178426
287531564386
290539419391
284888718697
290566300056
285679241645
287129600194
286630252746
285754405129
290337975542
291433449822
286839445174
284596327219
285873616036
286353186634
287790625789
291726120018
288866184079
288491152646
286362598679
291808293277
285778431168
292400690385
286343399449
285679429042
289964973673
287416677530
285584847578
289209575782
289852080428
285277611320
288775143863
288130690543
289457076108
288705108997
290372632256
283527884202
288008275860
290825490837
287320838799
288377066618
286936615921
290150001833
285862715121
291319892331
289182945717
286448751887
287636759898
286075226032
292405553506
289749165873
287723867063
288486344968
290934437352
288474068497
288294968306
289282441518
287029184454
284689769586
288297271914
287420712203
288991349333
288864216366
290940057603
286531031176
290636932273
288688055645
290832966874
287327469956
287923583707
291514558058
289848358059
290854952801
290663775995
288500252345
288010818359
288408373316
287808122257
290738288540
