6000 6000
1 1 2 4 4 4 6 6 7 4 1 3 10 10 5 5 9 14 16 14 9 2 5 6 15 13 16 9 16 10 9 26 11 10 2 28 8 22 20 1 35 16 9 1 33 9 43 17 31 15 29 3 30 36 18 45 2 31 56 33 29 53 51 55 2 17 36 28 36 23 60 33 43 21 11 34 5 14 54 21 20 33 39 34 78 83 29 67 9 32 78 31 8 93 26 83 61 79 39 67 24 65 22 97 43 54 88 89 12 47 8 99 93 8 15 31 108 115 105 23 35 121 26 14 31 10 81 106 98 13 92 14 130 80 1 50 135 125 15 66 13 60 23 60 61 98 102 33 56 138 93 43 108 146 144 29 27 59 107 108 120 137 7 145 138 73 1 28 27 46 12 77 77 20 44 140 81 68 52 98 106 86 152 179 23 15 184 179 174 90 137 27 11 170 194 20 90 103 93 147 120 143 106 145 159 2 116 36 130 26 96 26 121 96 159 18 89 187 61 38 73 72 101 155 85 196 169 153 131 210 217 74 94 74 135 222 147 72 233 70 149 34 207 241 17 67 83 159 66 99 72 127 175 211 253 162 186 52 14 200 6 51 145 29 204 196 38 157 178 71 102 164 202 29 150 21 172 217 43 161 87 25 69 226 97 151 167 254 248 100 260 75 282 154 241 29 40 54 57 121 19 71 25 153 127 296 135 8 288 243 210 127 157 55 162 111 154 12 138 102 296 257 317 54 299 159 289 66 288 282 196 319 128 229 3 123 151 231 209 154 214 65 294 242 309 250 201 112 312 49 45 248 255 24 278 281 233 224 41 161 126 340 71 10 75 139 202 228 302 263 239 353 233 264 236 317 165 113 119 149 18 253 3 68 374 191 349 203 237 24 271 386 170 389 78 7 348 251 240 74 281 381 113 273 270 349 308 254 188 115 113 245 237 223 73 112 98 222 51 302 120 96 349 319 247 305 126 6 114 150 3 43 246 265 148 164 45 304 388 27 54 428 115 389 338 340 98 20 425 295 337 261 233 440 260 190 123 279 358 331 224 449 176 320 244 259 465 169 29 240 31 223 387 210 388 463 384 319 91 206 288 25 146 282 459 214 445 212 485 315 46 15 418 433 93 183 100 85 414 311 197 205 428 359 399 266 456 231 453 349 147 380 126 503 302 404 27 33 13 79 131 507 56 468 10 50 289 20 230 376 466 431 27 274 232 65 369 1 218 233 474 64 502 306 372 332 389 124 38 251 197 308 365 457 99 547 423 267 119 179 143 259 483 529 126 439 170 176 113 546 434 473 183 152 27 365 19 445 193 391 152 577 318 551 153 509 179 255 335 414 217 547 313 57 587 409 106 579 6 559 29 11 51 329 380 181 63 167 230 399 341 358 263 403 185 546 561 107 452 159 85 184 126 387 588 60 346 258 266 267 132 370 509 188 2 577 271 412 238 363 534 501 570 35 439 255 325 577 512 161 567 345 381 241 521 616 281 107 143 343 595 254 491 497 599 171 248 21 270 57 324 475 356 374 437 326 334 93 596 483 397 580 116 298 24 327 276 446 249 520 690 179 560 41 402 467 292 683 542 563 101 250 253 11 77 512 418 206 552 557 483 435 516 73 507 609 364 401 496 113 523 370 57 59 391 679 300 549 191 279 273 553 42 685 206 700 184 191 371 706 686 150 421 595 103 296 312 484 573 646 308 555 472 28 380 673 243 348 747 158 192 270 720 418 454 381 271 263 103 148 465 487 440 600 523 641 162 203 318 505 205 349 171 280 702 293 785 419 255 620 294 384 562 723 574 348 797 728 348 21 568 86 515 302 465 376 412 558 186 69 191 506 2 642 533 56 398 278 499 356 337 11 288 432 693 377 541 73 341 402 35 784 92 301 695 829 576 544 805 691 731 809 289 472 788 45 208 187 675 396 362 265 724 48 157 832 193 289 597 851 536 421 479 111 839 642 77 331 561 333 508 299 251 593 191 279 222 526 397 752 347 302 433 850 253 569 108 255 663 589 747 116 529 512 116 272 704 184 43 475 462 351 196 396 487 595 158 292 808 764 799 786 748 125 786 469 125 313 171 443 615 809 8 67 924 157 404 735 909 515 156 436 595 191 164 330 110 869 197 699 73 188 324 71 264 828 926 259 34 269 576 17 279 715 840 266 493 337 660 102 247 187 656 643 725 641 546 22 853 315 734 234 842 668 715 952 206 29 42 333 66 743 442 158 362 639 607 180 46 41 350 495 781 448 661 983 636 908 290 971 130 184 436 284 297 86 466 387 351 572 143 552 92 694 850 956 638 163 388 373 283 224 861 407 879 350 818 316 352 397 1022 56 394 868 711 759 521 622 273 633 739 603 186 378 53 1029 125 222 57 321 229 612 553 75 71 116 1018 713 393 660 162 380 1060 231 1064 985 928 715 797 941 276 785 251 243 1 640 844 796 659 982 252 848 939 470 763 1071 848 532 292 392 443 518 891 376 750 150 446 941 360 1011 280 1038 566 375 564 305 68 1056 907 39 382 734 539 392 968 808 438 529 1046 183 695 467 455 1060 932 366 96 1086 889 603 1071 29 724 622 257 398 42 411 745 258 751 821 728 223 453 484 467 607 657 311 341 577 692 71 45 1062 138 911 105 630 183 641 978 890 709 759 1046 401 103 1134 236 336 500 327 432 435 246 1069 642 411 404 991 454 587 664 343 35 935 267 232 347 869 961 258 493 833 490 241 645 591 85 235 635 942 831 299 933 10 943 408 271 782 1093 997 634 661 441 466 419 871 892 159 770 91 981 156 615 503 428 2 878 745 539 1004 579 1208 565 1183 767 1179 1006 674 906 897 628 879 553 1143 122 131 1230 531 989 234 649 1090 917 30 618 1095 49 456 937 639 204 298 1137 820 589 1182 357 508 1201 137 1049 964 276 1143 763 598 836 729 655 613 224 1182 740 308 443 2 656 584 584 626 1278 196 272 654 781 1116 1240 1033 663 485 802 707 727 877 764 357 1002 850 629 1259 487 189 598 241 619 301 595 933 538 1049 918 364 562 852 1064 1298 902 1039 273 460 615 1196 390 63 759 1152 656 896 494 104 166 1013 199 803 796 582 1120 1208 61 398 390 149 702 265 408 322 48 572 144 1044 779 737 546 942 232 307 649 246 352 1286 468 118 1217 772 576 136 8 949 262 1223 29 261 484 430 431 632 826 756 441 1267 72 126 502 928 141 26 662 916 780 565 1009 1071 737 1377 613 1177 796 412 1203 1240 746 1128 1409 348 536 15 654 1029 1337 907 916 126 1304 1277 1415 32 747 427 768 967 83 718 421 1287 500 1261 237 182 1388 300 937 442 1293 575 1211 1098 1324 221 667 1182 948 792 1067 105 1074 1371 1210 889 701 33 1057 1254 1055 1061 122 102 544 1146 338 1435 702 1151 1183 310 348 1212 775 463 1259 417 1458 895 1157 567 1154 1236 139 982 956 565 873 1078 1178 356 318 1285 861 205 946 855 317 27 527 1058 511 304 829 939 1284 973 306 604 293 1319 871 1431 1118 1513 1000 446 1104 946 1318 1136 38 963 1047 453 582 1475 1106 924 1240 900 351 1057 407 133 834 1367 969 746 1399 1126 484 915 1174 234 196 230 1438 1104 893 578 814 1082 1522 420 109 518 233 553 455 1190 1390 1073 889 992 411 169 592 561 906 1405 38 703 1574 408 476 1426 1241 935 646 1467 122 1297 660 331 920 379 540 357 1451 180 1185 743 835 648 565 1172 1597 574 237 122 1387 733 360 631 549 78 524 217 100 1403 98 764 250 1413 1247 1487 452 383 780 846 616 1577 1171 889 1265 1004 806 1337 1142 915 132 252 405 661 734 1170 201 1491 638 942 1130 1136 572 405 1605 877 664 27 391 1510 241 922 1519 861 1512 184 1280 332 1182 529 998 48 1491 836 866 1149 1379 1486 1557 808 425 583 298 1285 1569 641 683 197 826 1366 179 402 542 1625 103 704 1183 1018 1197 123 588 1578 139 291 1317 796 191 1525 844 1211 1270 1685 1711 253 1307 1221 728 891 1225 434 1509 1469 1532 1454 1623 1688 123 1462 1375 1275 287 630 96 873 732 372 669 245 1544 750 1503 55 1295 63 598 1107 1525 1699 755 911 89 20 134 1733 82 853 1225 653 128 940 725 1275 1029 1422 843 232 337 825 1295 533 1213 728 839 361 1599 110 1336 1213 163 1715 946 600 1300 21 60 577 1290 1606 1102 1749 234 999 751 611 227 1310 341 1474 1170 28 645 1227 1576 949 1007 1147 914 1334 1657 100 1512 1567 1351 1449 1158 1441 953 1784 597 1609 248 1652 923 1674 1713 884 1120 1020 321 1579 1681 1348 677 512 1520 934 1677 1816 1657 370 1379 371 199 930 1326 455 666 973 1581 858 114 884 72 635 1001 673 729 1684 815 49 511 1353 1526 385 1069 1052 1315 479 1610 1726 1714 712 529 715 1258 1637 894 1833 1618 1633 1870 608 1545 1167 685 496 465 1799 1115 1326 378 651 338 1869 952 200 921 1010 707 1611 1710 482 1627 938 327 734 328 1552 512 1565 699 1245 1446 1688 611 1441 635 868 1914 809 1820 1451 341 1603 182 676 95 1754 909 1417 925 794 963 1808 1466 77 538 1269 1114 569 1428 326 289 883 900 463 253 1169 1021 1123 659 1609 1081 1237 987 1428 372 357 542 979 1899 21 1250 39 829 1560 1107 984 16 929 1439 683 1305 1252 880 1752 1491 1536 1187 411 1141 691 1237 1953 1782 560 1448 458 1070 1017 549 118 20 1470 1009 221 449 313 1627 1247 1706 46 1762 748 1063 1092 241 435 1153 1429 370 1367 869 1566 964 955 1655 554 790 2002 448 556 1869 1737 974 1575 785 991 656 704 508 986 1086 1683 1113 1338 1520 919 287 1943 1103 314 1726 2030 613 1522 1398 653 1602 1220 1372 1764 218 495 1894 2054 1090 313 1128 1714 861 1265 42 1428 1768 404 394 1489 66 691 1957 222 2024 1372 982 1616 1298 1248 329 1946 1988 838 1903 1747 1414 1811 1773 632 799 1930 371 455 966 538 1158 282 521 717 1402 368 2011 1333 845 1074 165 330 1430 177 164 699 1436 1630 1284 59 138 1422 1998 1143 1725 1275 1762 1492 813 393 1918 608 1942 318 1540 733 670 1729 143 1625 100 1430 1865 19 1058 1663 931 1995 1661 555 1777 645 343 724 1560 1587 1186 2014 1251 1157 895 1347 469 455 36 2077 2007 1634 1149 2142 487 668 83 1251 875 1169 1871 317 2084 65 1415 305 1119 281 377 1544 1668 1373 106 2091 2049 1144 2030 1964 1285 569 1327 403 621 432 1986 1301 812 1413 1276 654 1953 1875 911 553 1203 918 1232 458 1631 1368 1731 134 1129 2021 2183 773 230 29 739 2125 1129 1647 871 1012 1702 969 221 281 1476 2155 1351 1957 1143 1516 1973 35 716 172 545 1805 1027 1838 2027 129 1704 157 450 511 2160 1356 373 1078 176 812 368 1062 2190 1008 1416 379 782 1884 1399 2210 1580 1001 1932 11 29 1688 214 1601 1671 1908 1959 315 619 422 1736 384 2078 866 875 1765 29 2060 1582 1072 2160 1087 251 2068 331 350 649 772 1367 1834 1666 2141 1315 1160 2084 1874 2209 405 994 1868 1305 535 1466 787 438 1664 560 574 1735 1732 1075 1211 1658 1312 634 304 1890 1040 100 330 2313 1792 2224 1009 2200 1292 787 295 681 895 24 501 42 1509 2035 1839 1603 272 1100 1247 284 1599 1433 2010 534 1653 283 307 349 1663 2057 920 165 2334 91 1471 218 1300 844 1884 1218 479 2014 1831 2280 1241 1165 1353 1980 16 1435 1689 1053 2071 1256 1043 1546 1061 1795 808 1670 2010 1685 454 424 773 744 556 1644 1225 1015 733 770 1958 1248 1213 2103 1359 874 342 1725 789 108 555 50 462 171 506 1105 1763 1809 97 581 2292 964 2100 286 187 1587 609 148 87 2072 1049 434 658 553 1526 84 1648 1130 1297 723 1104 1736 2239 895 811 560 1587 2354 823 1316 2322 897 2371 1403 1817 931 1975 546 379 1564 201 40 1350 81 19 1907 651 1226 1955 568 788 1806 1191 114 2312 30 1090 2414 994 928 1636 495 1769 1602 1218 1881 1141 1806 845 1821 2095 1393 176 1069 2128 953 776 2056 513 1819 2130 1332 2460 249 1893 2295 503 1733 1965 336 2140 1917 985 2484 1954 2405 416 1689 816 1570 1678 1762 2074 1539 1100 1700 1180 1510 327 828 965 1700 1889 2110 822 2125 1194 765 62 1051 207 1926 174 2213 1472 1638 849 540 1081 84 557 1632 1193 2488 18 1091 399 769 1709 136 944 808 2085 2286 587 870 921 1641 1575 1332 2376 1805 1618 2130 126 442 2262 1984 1922 1776 2501 1705 534 1832 1211 672 1516 472 1725 2501 763 1019 213 1502 2405 997 1243 1168 2518 2361 327 1467 1771 1268 392 378 1757 876 1086 1668 32 2420 405 1339 2271 1160 677 2411 2496 1674 592 1225 224 1915 1325 455 1948 1629 2521 428 1288 832 1853 434 449 1371 1343 2582 790 607 784 2394 2022 1234 675 985 1837 1881 1217 1799 2119 2594 1857 1401 881 1000 2204 2202 408 678 1442 2586 2638 2149 317 2042 2201 1837 1433 1162 1103 1479 2533 1337 1123 1197 757 876 2125 82 1257 452 189 23 1583 1574 2028 507 1641 847 1835 1505 1759 1589 1312 1605 1106 2682 963 283 1192 722 777 1673 2235 2148 209 19 819 415 2582 1103 1596 423 312 1175 1966 1815 720 674 1159 2256 891 1412 210 1083 2667 929 646 556 520 2111 1366 1427 2474 2061 2181 357 1589 1090 2481 2405 2625 2719 896 2040 248 317 246 2116 884 245 2598 2355 151 348 1867 2489 846 473 818 169 1860 1753 649 1051 980 1972 2757 2597 1693 1625 1700 540 730 2306 662 790 2018 1199 1405 1740 1175 2229 2316 1580 391 2059 151 556 2 2440 1081 2456 1755 297 2295 328 1522 819 1921 1721 2256 1277 1160 332 1705 1339 1920 2536 491 483 2274 1209 260 1987 542 1704 819 2185 2418 1806 2469 2791 668 353 379 2276 1546 72 1612 213 2101 1545 1856 1473 2785 719 13 2604 925 959 2836 1074 2196 2376 1174 1733 546 475 1960 307 938 2677 732 619 45 2154 2547 1670 2167 1137 428 2848 1557 895 174 1566 234 1886 2664 1530 1569 2359 2411 725 1645 189 2591 2737 60 105 2254 1951 1604 1925 2543 559 986 452 1595 56 2346 2763 1756 2100 1702 2001 1118 2668 2271 882 2781 1521 1427 1125 950 460 2029 1410 1513 209 1530 1615 1969 2 1503 1991 546 2881 795 2704 207 305 1248 1547 2580 2497 1849 1571 372 2629 1485 2085 2727 1588 59 1594 577 2258 757 1206 1753 1983 2242 257 763 1266 2799 1240 135 1567 864 1630 2707 588 2888 496 2692 328 486 2125 1124 651 1299 15 2726 1963 1822 167 1496 1724 872 1468 875 12 2091 1572 52 1971 878 1202 2923 1203 2423 1010 466 607 166 2053 2697 1261 2157 2656 125 1420 2390 862 1138 1920 1146 2645 701 2484 2212 2037 221 1571 2240 2547 1139 1286 2807 2094 2464 2907 350 1043 2441 337 2053 3020 1870 2280 1048 2733 2903 477 2053 705 266 2512 1173 860 2995 1333 1382 2605 446 1403 1210 243 2141 2413 860 2492 1183 894 1937 3025 2634 1484 1245 138 1592 2319 2607 1229 1217 178 72 1239 746 1194 263 1183 1977 150 2746 2920 1172 3043 1516 1810 1549 2859 946 2362 3032 1596 146 151 1829 2927 595 725 356 86 167 745 2680 2646 354 3069 1930 2689 2387 2000 452 597 1259 1402 2246 825 70 2675 404 956 1162 814 3081 57 30 2622 581 984 1752 597 140 607 210 210 2054 1755 2262 2178 925 2152 740 2803 375 1815 1970 2984 249 2787 1896 2501 1463 1373 678 466 853 789 331 507 2275 1382 2152 1801 1604 2962 2121 1441 2406 2643 222 366 3121 490 100 2144 2034 1061 2441 1986 2867 1379 2250 2322 2499 979 3094 2246 2546 3121 681 899 326 2623 1339 1325 2851 2888 3080 195 772 2115 1844 1392 2042 3124 2581 530 357 2994 594 415 1835 1951 1383 1737 1241 407 1412 1740 2694 368 1092 2667 836 1723 496 1006 879 2388 2449 284 1617 2731 1054 229 464 1481 2585 1232 2076 2171 1028 1640 2300 2934 1635 256 2055 3122 1495 368 1203 2572 2148 2119 319 2077 2630 3079 476 1658 1649 1294 1686 2287 3207 968 1225 2102 2257 1492 1314 588 2954 1127 1063 530 2543 2537 1140 995 1845 1713 853 3177 1579 1194 1106 1697 1278 1927 746 2938 894 162 983 1067 3226 909 3133 250 1602 2297 2350 1069 1158 1445 2807 3129 1431 2410 706 438 2695 3196 505 116 2880 730 2759 1001 820 635 534 2074 1816 2878 2030 1136 1353 2769 2821 1286 1878 651 1502 889 2101 1805 2061 2083 274 2587 2147 1594 2964 2635 1695 2843 1030 474 1473 1138 3027 495 3006 1598 1232 3328 2402 2239 1132 269 2708 623 760 1839 2395 259 176 915 2004 684 294 575 2494 1457 3093 1100 3149 2571 1408 427 1063 2017 2937 2688 2023 128 2005 2938 913 297 2336 2916 1507 2541 694 2056 1610 3175 2486 2499 1049 957 798 1302 1413 586 1945 2392 3246 157 770 2112 204 884 1821 2905 3177 1465 116 747 3026 344 1504 1099 1889 1576 1186 3194 449 1422 2209 2760 2003 1638 636 2571 2781 453 313 1935 2098 2089 1635 1110 1461 787 486 460 2459 1689 2639 872 867 144 2798 2059 3287 693 1717 332 1564 2452 2356 364 1820 905 1438 3213 1276 1824 511 2906 1825 1376 1466 803 888 867 3440 3149 3 2072 3085 1896 2572 2559 1330 1976 731 1094 1947 377 2830 2998 1094 2233 2556 122 33 2277 2800 2792 2293 1914 1517 2290 46 2387 1935 2606 3248 3117 293 2307 2808 3415 1377 2701 1117 1392 2223 2029 1370 246 931 3508 2227 1833 3438 2549 3319 2755 2755 1010 2522 417 1008 714 574 3295 481 3496 2508 429 263 1071 3338 1904 2165 1087 3111 550 518 614 1059 2520 1501 622 2658 3229 1291 43 1864 514 3492 2608 2394 441 1759 1226 1182 2321 3354 1824 922 2170 424 2828 3165 1391 641 598 677 582 382 1034 2240 1371 2057 941 965 2952 1633 1067 2330 2529 3156 1646 2137 3490 2905 282 2513 1153 1949 3320 136 3319 838 1401 563 2470 3438 776 3446 2922 1788 2679 1736 1852 3175 42 2773 879 3552 72 1136 1768 780 557 2402 357 2179 847 1416 661 1585 759 745 841 2220 3618 21 1802 3176 3113 467 3424 415 827 89 171 230 2569 3003 2427 2701 575 2036 1039 158 2562 2291 615 665 3502 2387 283 3013 2242 1198 3631 1580 1531 3443 1064 972 1347 551 1590 2085 1064 2867 3284 2344 1885 856 18 1659 3328 2203 22 3342 1644 282 1448 1656 349 1828 1279 1208 1034 1449 3541 2999 1526 859 3645 3330 1488 1479 2224 508 2527 1744 3482 827 920 2775 2697 3697 2228 2662 3590 2082 1505 657 3185 1053 3341 1351 3231 3311 3693 1894 1873 751 1292 360 519 1679 422 2167 1233 47 1154 12 1144 232 3695 3120 1533 1029 3270 3042 2059 696 3523 2154 224 970 1466 1292 2548 2446 2187 1890 1694 1712 1436 2489 1061 3152 2178 302 1890 898 3321 1863 2255 1461 543 2787 3105 474 1882 2717 3608 881 2098 384 2972 189 3401 2483 3276 3561 2032 2076 2071 479 1866 1344 1310 3712 3632 47 504 3643 3587 2391 514 3493 3802 864 3723 1390 146 3584 1618 971 3346 1925 359 2796 2072 3262 2739 1422 2801 2256 2486 1670 3272 3675 2807 3629 1699 1141 2790 213 677 1158 2879 156 3570 3591 657 925 2084 96 444 1147 399 328 3054 1724 2695 3708 1397 3718 3070 75 3214 1124 2274 636 866 1988 271 629 2164 3664 700 2608 1943 1179 906 3315 3428 446 2306 2490 1692 2954 2423 3048 3086 115 393 3767 120 1982 2401 2854 1347 426 1136 1023 1128 2591 1809 577 582 131 2187 2696 262 3410 3433 889 981 1878 3821 3074 3438 142 1193 274 53 1053 2365 121 1152 3516 1279 3729 2057 123 3083 2992 3747 1420 3023 3232 2104 1785 2539 2481 2327 2508 3763 1699 2207 1894 2809 542 3778 3336 3118 1944 518 887 2564 2361 3657 2152 3267 436 371 2258 222 1319 2095 2556 3773 2906 2492 1465 1674 813 538 1136 3200 1018 105 2004 84 7 3679 3348 2913 817 28 2148 3268 1290 3773 686 2669 737 2323 2296 807 3576 3388 2072 3832 2559 3852 100 256 301 2576 2263 3603 3415 187 1017 3341 943 1823 954 1505 1912 2059 1042 1877 622 217 1906 1410 3917 3875 2374 2429 2072 1062 1626 1266 3715 2325 3808 3912 2002 29 889 3447 3407 3554 2242 3339 718 2900 2139 1805 1567 1761 1362 935 897 1125 1913 2531 212 568 3782 2255 2711 2716 3132 1613 245 1516 2543 3353 1169 1832 280 787 3130 159 2629 3762 3332 3455 1965 1500 3247 2829 3043 3709 3196 1209 1502 350 2998 1325 3672 1228 2300 3693 3000 1207 1927 2998 3825 4031 1761 1426 301 1719 2256 2715 2759 665 3721 1295 3361 3728 2392 1775 3070 3885 2418 175 2343 1449 1274 1328 3625 2691 151 3671 2223 2485 447 1075 3371 2735 3888 3664 1548 2388 3511 1113 3219 457 2610 4039 1547 2539 2368 3536 1121 3823 2614 2197 1434 2526 3355 1806 62 1029 2692 2637 1512 746 1569 2658 1444 496 1315 3958 3756 2658 3883 8 668 1995 1959 789 3229 370 16 1742 2825 3879 794 1536 3370 2010 4037 2550 1058 227 2289 3188 570 3855 9 1918 1801 4094 2865 4002 2572 1460 3476 442 2379 2820 470 2323 1518 3149 2963 4116 3358 3869 1220 2144 370 460 3603 2451 2239 1822 3460 1323 3677 1040 2370 815 2418 918 836 238 95 4216 3451 883 1767 1589 1876 157 2999 2634 3386 72 764 1209 3035 3637 3072 3471 809 660 2442 3109 633 755 945 705 3055 3372 986 1712 3507 2580 727 4113 1769 117 3998 408 1397 3129 2229 2438 3587 2885 3080 2885 3808 3442 3028 19 1354 2451 3746 1604 3477 2207 3523 3499 2761 1315 2779 3479 2916 3129 389 4277 4146 390 1048 3323 353 1703 4171 1279 2803 2242 998 913 2058 2527 2024 2783 3734 3636 4160 1103 1554 1333 1798 4091 174 2573 1642 1998 4282 514 71 3037 1658 91 2849 780 2031 3268 88 121 3581 3908 663 1868 2127 3953 3988 4300 1133 1900 3542 170 2737 868 2289 2286 3071 465 3097 517 2391 808 3159 1295 3950 1386 1486 5 2529 2914 3376 696 3246 1144 2123 2891 1687 1375 722 3681 4023 1896 1383 3630 1895 1650 1184 3291 2633 2392 3838 3836 2919 2012 1271 4330 2791 1358 1135 1084 1200 464 2268 373 2397 1529 546 1028 2160 2750 180 3940 2717 3666 3561 318 2642 2558 809 3540 933 3269 2800 2461 3327 4333 2748 1976 1498 869 8 1439 333 2842 2897 1053 2085 356 1421 4121 3940 803 3564 2238 2322 2757 3266 593 1573 1875 2335 3730 647 776 357 3187 4215 4408 3586 1711 2338 2030 3320 2257 2105 911 382 1089 87 2294 736 129 4140 258 4104 1943 1890 3679 3878 2797 1869 3629 2264 490 743 535 405 567 479 2537 2688 2359 2357 1003 4133 4203 1107 3942 4041 1148 1094 583 3385 2162 2764 1719 1698 24 4050 137 1182 3099 653 1390 4258 4296 4135 513 2894 4461 4484 4041 3498 1001 944 2083 1474 819 6 1277 4486 2257 2538 2505 393 3431 1809 80 198 376 2917 1623 3570 800 2342 2226 1348 4006 2588 992 854 2587 1230 741 2222 3099 3577 1083 914 3863 671 86 1019 746 2258 2387 3481 1268 3007 1637 2695 2742 2107 3450 757 4522 4166 865 436 3343 1051 1399 3193 139 16 4502 3547 284 2507 1326 1678 3938 3667 338 4498 839 847 3765 2363 1354 2905 2023 2245 1086 1458 1403 4307 4502 4098 2584 2300 2040 2870 1948 522 2601 3907 3034 3993 1426 1348 3864 44 581 2242 3611 609 3404 238 2981 1288 4328 2348 443 3332 2555 2796 3538 1990 2853 4091 105 142 3857 5 3633 156 3124 3457 3717 2893 2935 2479 1110 1112 1995 1555 3734 2965 1425 2739 92 993 3981 1830 4371 1907 367 4430 737 12 4465 2197 2662 3969 2172 962 2010 3739 3368 1495 1622 4429 3410 1861 881 3796 2085 117 914 4666 4625 3427 512 406 2073 475 507 4502 1448 4466 1292 1004 1595 3009 174 3537 1471 1831 524 1850 549 3816 1945 765 1051 3123 265 3806 4565 279 2300 2237 2574 1496 2659 1410 2792 2708 3096 4398 707 956 1691 3383 3720 1492 2819 1091 1034 1673 1822 3605 2565 2501 680 3453 3721 3157 2917 1466 2462 752 497 4638 2293 2031 1296 958 1807 1360 4704 1637 571 2433 2435 784 2229 2377 2007 2712 4732 484 1800 4545 3570 392 639 2973 732 722 2557 4269 4240 650 4040 58 217 1218 3391 3947 2922 2458 1706 2032 1150 3645 3218 1577 4213 1031 3534 476 3437 806 4353 775 4187 608 2008 3737 1150 4339 3777 4279 1390 2890 1108 3463 4447 363 4597 493 3163 3878 2622 1472 1783 212 1039 3049 1418 1421 4000 2304 4320 1329 2316 3331 2805 4229 4413 1925 1620 3283 3494 2384 557 969 3442 2631 4527 796 3984 2720 561 4273 2603 3649 1604 1483 341 4203 1858 64 2337 1992 2331 4733 1313 3263 697 1898 1536 4680 4161 3723 4662 3979 1872 4225 4241 4049 2236 3979 4437 2202 3606 4454 4220 4045 1922 4114 1598 4061 4651 4377 35 805 2927 2072 4876 566 1539 3904 95 2337 4569 2111 2906 3803 4153 2823 4141 646 2073 3057 1798 1370 2427 3912 1905 4885 4145 4529 4791 867 1217 1970 3955 183 1219 2121 781 1139 592 1611 698 4285 1694 4343 1113 2506 2255 3034 1577 1585 1140 264 1856 2312 235 4764 4915 4236 3630 3598 3034 3880 1538 4705 933 4604 2927 2467 1966 3259 1658 2381 247 3005 4248 1131 765 3371 1397 2232 4552 493 2761 1406 393 4585 436 2749 3108 4028 883 1203 4674 1973 1552 3348 4484 3144 4080 4004 3486 4159 3943 4622 3226 3441 1505 3478 2454 3428 4081 2979 345 2565 3166 1971 4636 4893 4651 2856 2716 3130 156 1381 2026 1963 122 3132 1484 3037 4948 3280 327 2699 4270 1619 223 3068 2084 1649 3365 482 4315 3289 2834 3009 1032 1647 4959 649 1701 3821 2353 2729 291 3831 1308 3745 3684 1270 1011 2715 4266 1801 4690 640 3578 908 3972 4192 4709 3026 4270 4345 1316 4494 82 2334 698 1903 1761 3183 2056 3341 3924 4144 4831 4981 362 2920 4051 4276 2198 881 1140 4871 657 738 3152 990 4566 1037 4285 3470 774 1434 1751 646 4668 675 1152 2931 2443 3243 360 2436 3058 297 1182 235 812 1833 1298 2405 2004 3413 2093 2196 3298 3230 328 1856 1860 3565 3528 3533 1843 4318 3926 3625 2054 3798 2053 3228 5057 1457 1239 1151 362 213 1980 1848 4454 96 4825 3819 4720 4900 2248 2264 5079 3700 438 4820 1563 496 4381 4678 2569 2576 2057 2342 2285 157 569 2259 2145 2215 2103 1492 3835 335 4759 203 4022 1781 2035 4640 2340 4703 1440 317 2513 3417 2699 2139 4945 566 1817 641 4412 1508 5022 1934 1594 2278 161 2734 1010 1734 1954 241 4956 4327 2523 2026 2691 4630 4845 2575 2660 4043 2894 2066 2014 271 541 584 2344 4340 2013 2332 1330 2249 3554 5126 233 1224 335 3481 3751 2884 4688 590 1752 3539 3781 5012 763 1928 2741 1467 3479 1434 1606 1691 1528 2776 2551 1454 3032 4516 260 4307 2822 325 485 100 4245 2772 1400 205 1992 454 2549 3499 2213 4756 131 3535 2335 2160 534 3171 2141 1867 4073 1702 583 1409 5056 2451 4977 4596 4304 1416 2643 1892 303 1688 4894 1115 1382 1750 463 1337 1734 3901 4464 1672 4059 2769 4311 1121 4739 77 4320 959 3020 1945 2234 4912 3517 201 5206 309 2935 524 3538 1613 2952 3101 2643 2442 1031 2901 4689 1030 1593 4577 792 1818 5178 4816 605 2782 3798 4274 2375 2920 826 1152 217 371 2253 1542 791 3775 2480 1636 4148 4566 1903 2744 945 3349 2198 1931 3184 1316 3265 4471 3568 3115 2042 5236 4919 2697 769 3755 2393 4387 5165 4616 2398 679 2885 4801 4508 1443 549 2873 1966 4669 1882 4739 1766 1566 2787 2610 4750 4897 822 1609 2059 4134 2820 1762 649 1673 458 786 4334 4457 4359 3198 5194 4541 3565 1893 4406 720 2545 2659 2259 2217 4588 5391 5045 4608 269 1713 1223 912 4746 355 1826 5138 3164 5316 2357 4841 3132 1670 3622 4133 3080 1805 1140 2340 687 810 4588 5224 5121 236 2842 2119 402 4793 811 1155 2449 4797 1023 205 3611 154 5365 2724 3928 4092 4952 3880 494 4515 2133 3799 5374 4682 1987 5274 2571 168 300 4034 4027 2282 2553 4930 882 2365 4206 1273 460 3299 4875 1942 1470 180 1959 2102 546 1070 4417 3122 2022 634 3391 270 2531 1101 3581 2902 1473 926 3207 2574 943 1303 5140 4965 1731 2484 1342 3164 1830 2853 4568 5479 638 675 1941 3652 5493 2594 925 3515 558 779 2820 4003 2105 2800 2984 4089 4464 873 2421 2277 4430 2039 1920 3989 2366 1501 4294 808 2893 1934 1444 3404 1784 4317 2307 4063 3223 4565 204 3584 1238 905 1534 3407 560 66 2724 3194 986 801 1560 2494 1965 817 4797 3335 3260 1658 3201 3174 1248 2575 5403 3481 4304 4515 3433 3864 4198 4803 3725 561 1686 3361 4350 4430 5369 934 3725 5185 1372 2332 3538 3623 2579 3089 1772 5516 4118 735 4531 834 1129 885 2009 4372 1817 4267 3925 2252 4801 503 2751 5422 1337 1217 1834 3187 964 5531 3360 462 5524 3870 924 2583 690 2965 1989 4873 1093 4803 1224 4366 1443 4471 3271 61 2779 883 2905 5115 1124 1402 3472 881 787 2557 3129 5113 3283 3846 2462 1662 161 717 3682 159 4336 341 4969 4047 244 1659 591 4418 1780 2711 3857 4016 648 1459 4892 5086 3671 5520 76 3206 1423 1744 166 4628 4083 881 238 338 3000 5532 4645 3892 3608 3243 3455 4963 3498 2825 2450 4865 640 243 3663 3880 3095 4533 2008 4763 1111 2904 754 388 5281 152 4435 2096 1659 2544 82 3851 859 2557 3743 4118 1772 5253 1287 2039 3210 2206 3961 578 149 3170 5053 2884 247 4508 5033 1256 5449 2576 1107 3943 12 3863 1599 686 2824 3848 4604 2702 108 649 4563 515 2249 2532 2984 4584 4582 2244 2879 3414 5366 4627 2890 4356 3591 2176 664 997 5103 4001 1495 2604 4582 3579 5759 2919 1823 2951 4026 5378 4832 3256 4676 3702 3055 4765 5348 1051 1000 5677 4341 1899 395 1730 5379 5298 904 4216 5255 125 5572 2331 2968 2126 3690 2870 3151 3790 4001 1213 4270 1770 5110 5762 487 5069 4177 4085 4797 727 4752 1860 2728 5060 4673 2202 2265 521 5220 2564 1241 4794 1363 1377 2671 2719 3180 1993 5101 3547 270 4741 1561 1442 1029 2837 4193 1973 4188 2728 3618 670 5368 545 1019 4034 1922 2387 4810 5097 1800 5700 3505 2489 4286 1743 2975 428 2769 401 5650 95 3986 4508 3587 5333 3860 3969 2604 512 1164 1504 1284 113 3658 3999 2539 4360 3207 3074 168 768 3891 2020 3876 1804 1465 2837 4506 1792 5049 2187 4105 4484 5747 1011 4596 1643 2407 5274 1238 4779 2789 4082 5273 5864 5168 914 4025 1199 245 2659 5420 4979 2441 2424 5346 580 644 1914 5207 2983 4481 3152 5225 710 3738 979 2694 4857 3208 3004 872 2416 2205 4516 4640 4607 782 5945 3016 5710 1146 3200 667 4221 4930 2633 46 5587 5496 4252 964 704 2405 5733 2484 3156 4012 3994 2875 855 1342 5590 4437 891 2866 2055 3642 1300 2036 5254 5526 3779 1180 151 2951 3073 4085 2795 552 100 5713 2731 2391 5306 5198 
199 631
268 2176
2179 5094
1101 4616
5465 241
3440 3612
1416 1248
3911 1486
2903 2065
4754 3609
3537 2827
2145 758
2337 2675
5251 1360
3455 1965
1061 1729
5014 4450
2996 1925
2907 5812
5546 4030
2951 451
831 2160
935 1510
5095 3797
1589 4758
3501 3087
4122 2878
5966 2177
3150 5002
354 1376
4928 2708
5972 2054
961 2575
5321 5437
5942 2946
5310 2423
3111 1469
5198 5040
1295 4226
1237 5989
858 3475
2251 1620
3966 2854
1553 4596
2469 1273
4442 5665
4957 5996
4205 2544
4109 1046
1748 863
4895 4071
1561 307
1367 42
2797 3227
671 2035
88 5872
5478 1041
4101 5084
5058 4543
2326 660
1969 5580
2211 5167
5480 4827
4329 4423
5884 5287
4683 5585
1188 4578
329 981
3385 406
646 1696
391 515
5842 3509
2039 3926
2748 5380
5101 696
2720 3335
5395 5275
2050 67
3667 28
3235 2314
2757 4602
1099 4795
638 3778
4500 482
4935 5535
3657 5919
5634 4072
1312 3838
1107 234
3985 1410
1142 3264
2410 2009
1621 5724
4958 1007
3953 1482
1529 5822
709 4899
5947 556
2875 3843
2236 3651
2969 1583
855 2876
2398 4604
502 2558
4810 1674
2405 767
2883 3233
3902 1617
1852 1513
3596 3991
5104 2830
1477 1728
3900 3572
3400 57
4703 1227
4865 5573
1850 4405
4460 2043
3699 1854
5730 2469
3290 5167
1151 2432
1229 3297
1042 1735
2831 5209
1833 3063
675 1596
2977 1581
5440 5033
2566 2486
1136 1829
1046 4923
4803 4819
4139 3488
2065 3009
4134 3610
3820 1542
5632 5110
3897 5008
1834 4693
1843 2737
2409 2063
913 1768
401 996
3675 3278
376 3061
5330 2145
4359 4021
3239 3990
4959 1323
1886 1310
2452 138
5919 1476
3078 430
604 1059
504 5356
4123 1416
4044 617
5864 2765
5836 5075
2324 346
2860 3183
3058 4879
3952 5671
4006 5367
2943 3463
959 4346
610 4279
3343 4190
5616 4804
1940 5693
3378 3145
1787 2300
2 2763
661 643
5516 5646
2203 2107
4196 2487
1408 2158
1536 4307
5186 4722
4690 4739
622 5555
4860 5682
4222 4953
4718 99
2675 4
5932 2146
3865 4982
4843 2837
89 3597
884 4621
2833 5008
2611 5727
1284 4465
3422 2390
2694 1524
107 465
3348 1230
4019 1243
5397 4706
5871 71
5870 4525
1013 2311
4442 4276
5082 3651
1862 5948
606 3709
2769 2420
2502 1326
5248 3001
5677 3064
1746 881
4619 5856
4224 163
5042 4670
5102 2236
1695 3502
5619 5313
2049 5196
325 2159
4398 1023
2577 169
4292 2792
3550 4184
796 892
4208 747
4088 150
4360 876
503 4381
918 4085
5900 5189
1759 964
239 5486
3528 2368
3807 4257
4935 104
1750 3670
5581 1188
26 243
2517 2546
187 4303
5008 3083
4858 1694
1801 1440
2339 3192
5661 5075
1235 5929
3057 28
2018 546
2115 4607
1306 1040
1611 3062
3062 525
2994 701
396 4369
1220 946
3870 2654
734 5196
4384 3524
2878 3815
1392 4774
1168 4824
2337 569
4223 5796
508 5132
4463 4610
4128 107
1463 4378
422 451
5107 4894
3818 5525
1600 4011
5391 2479
1087 3170
1524 635
1645 3283
1472 524
4982 5636
4871 5238
4236 1566
232 2097
5656 2344
67 3903
3847 3561
5285 4294
3324 4478
2030 5046
1361 2924
619 3537
2891 5408
3911 168
3401 3578
3523 1644
1784 2231
5263 2348
489 231
1645 2953
2045 1969
126 5315
2166 4399
3678 1634
3992 2828
5884 118
4694 2268
5675 1355
4890 1235
4223 3900
2160 2829
45 2698
3234 297
1077 1059
39 5579
1212 5227
2681 2156
3625 474
3905 4871
4447 825
1401 4761
3796 4210
5514 1339
519 3352
4193 5063
5590 2980
4913 4732
2832 4053
3707 260
5938 4465
5144 4402
1122 3897
3584 847
3000 19
2160 2242
2872 4270
232 810
4130 4802
3826 140
4253 1979
3095 3747
3648 4673
1467 4534
1454 2302
5816 3893
2083 5563
3845 5932
5174 1616
649 2767
2604 1892
3763 3565
2883 5401
4377 2378
2554 2530
3816 5192
1040 753
4094 4121
2811 5243
2065 346
1400 5294
3188 1056
2611 4775
2379 927
3765 3175
3611 120
5671 5428
5042 2841
3290 893
5785 1221
3099 1441
1521 4465
2460 5584
53 5968
2301 3317
472 287
1266 1318
508 2648
131 728
3658 5173
4049 50
2256 1494
1063 5131
2276 2739
4853 2991
4086 5010
981 1258
4132 5165
5757 2257
1335 4407
361 1382
3149 4407
3428 5769
1260 1871
5196 4376
1466 3980
389 5609
57 2791
713 593
5960 3674
2810 2377
3364 3176
1208 5158
2296 5315
5182 4613
5328 2404
2039 811
433 4048
4923 2179
5396 2560
2050 5929
1074 4208
667 410
5455 4125
646 2071
436 3430
5294 125
1408 2267
4638 5203
2567 2557
5629 3622
4884 3442
1452 42
876 2166
3602 2052
2850 5826
4350 1964
2283 5438
5163 5287
5587 4419
3053 4633
2528 5901
469 580
221 5080
593 3432
4851 2519
3302 555
9 865
5581 5776
1635 469
290 3616
2858 597
3196 174
757 1183
5146 4821
4759 5545
976 5487
4200 2859
989 2921
5869 781
1522 914
2882 2278
1936 4390
5311 2356
2135 3197
3494 1057
1713 2721
3046 2539
5991 4362
29 4065
2956 340
3768 4356
2756 4855
1921 2733
861 3044
250 4697
22 2515
2261 5377
1674 2224
735 2625
1497 719
5520 5559
2988 5671
3072 5622
4839 4465
123 5334
4486 5277
2211 3018
4162 3552
4295 5637
3766 4814
34 4781
2174 2742
4617 2048
1199 805
137 3145
1126 2653
3671 5498
5602 1045
3176 5231
2588 1838
5436 1418
2665 5892
1803 4180
1177 3670
3488 409
111 2359
1779 5371
5855 4974
4862 3056
1709 2941
3194 698
2383 5401
5609 1063
1032 1016
3777 2356
599 4814
1654 2491
5229 5460
4065 4875
786 4256
1216 1041
2879 2911
5306 1719
621 1232
4682 5953
1228 1227
395 20
774 5368
2566 2060
5569 4218
1776 1520
2110 1332
5461 3460
1549 104
5056 5506
4718 318
4047 5751
4144 2318
4174 1042
3892 174
5838 5671
1776 2123
2294 3683
1077 1954
757 1483
2184 5306
4031 2813
2597 4241
4700 3972
5340 4550
2307 2061
769 1986
214 4180
246 1510
156 2133
3756 4388
5421 5579
5315 3049
2757 4223
4509 2982
2270 4013
5216 4032
3392 265
2071 3755
643 5892
5625 4473
840 817
3245 4980
5704 5094
5841 5187
5976 5246
5475 3266
1355 420
5499 3491
4871 2598
2346 4911
2310 1087
4722 1358
5464 1346
2529 5102
1090 3662
709 5789
10 3091
5578 3240
1032 4265
4852 3910
5851 2110
4853 4434
2962 5317
3082 1735
3499 561
2061 4397
5254 1335
4656 175
1027 5686
1977 4103
1462 2094
1514 4138
3629 101
2125 880
1178 4625
4033 3132
4730 4023
2385 1123
3793 3457
249 5829
13 741
5225 5352
3786 3011
701 808
3122 959
4941 3429
5897 3866
5397 1748
1523 3623
2367 156
2498 3270
1102 5204
198 231
716 1844
2267 341
1588 3049
4054 3320
4609 1515
5545 3737
1783 4160
2807 3783
2897 1049
4079 2147
3381 1596
4493 930
2690 3873
3581 3427
3835 104
717 2236
1213 1852
5603 5459
34 687
3241 5282
3753 1484
1881 4923
1010 5387
5349 1002
3960 3703
200 5724
1740 4729
4407 5588
1315 2403
5720 958
1315 384
5266 3133
533 3056
1604 982
5791 5955
309 4565
3773 956
618 5022
5723 4931
3070 3052
1907 497
3047 2210
1662 4843
855 1408
2707 4254
1771 564
736 650
5159 3878
3750 5880
2332 4845
4617 1594
4919 3794
114 3978
1537 1630
4744 636
5565 4248
590 2618
3304 5761
4918 5647
536 4080
2733 2398
1906 320
2268 5210
4987 4574
895 1446
347 871
5226 3926
1684 3050
5030 5868
762 3213
5039 3579
5107 2406
4861 1130
1901 2095
3149 4814
1063 5894
4999 267
491 3561
5578 3264
3948 3891
5884 5654
3706 1814
1071 483
984 4010
247 1294
3082 2821
4843 3323
4551 2219
2899 2171
3672 1084
4513 5029
4266 3631
5109 2909
5702 5702
728 248
5044 4797
14 3870
4107 1304
2532 4951
1143 3710
4021 2514
723 5196
45 3434
2432 2466
237 4910
307 1159
3397 301
3676 3975
2468 5627
1686 827
5063 5497
261 445
1218 4326
3009 2199
2442 3866
612 4780
5808 3504
1393 1693
334 3979
366 1749
2976 4635
2495 4519
590 3530
3094 2674
983 2087
5127 4214
5347 2140
810 3991
5555 2104
4131 1783
1499 1008
3971 4935
3410 1618
4433 5298
3966 3752
1657 147
978 4957
1173 3449
5290 5400
1530 1207
5890 4314
3476 5590
4579 1978
811 2907
823 2714
1798 2593
4691 4115
702 3568
4952 5356
5152 800
5033 398
2680 1579
713 4888
2913 3049
1441 3127
4607 5632
3209 3268
4531 167
4866 5450
4288 5453
2224 3401
4367 2560
3695 2787
1595 2361
58 1674
2906 4455
313 975
2393 3311
3775 1221
4103 1324
1433 1248
1116 1756
5265 2537
1554 4883
3251 5570
2900 2437
5906 4879
1301 5648
3414 1485
1246 4568
1599 4182
1618 1826
4932 3843
640 4814
2877 4358
5769 1588
2544 4202
677 546
655 2984
1418 5295
2318 3701
3481 1777
3400 5099
788 4892
5202 950
4260 1505
3486 222
2153 1844
3198 1034
3247 1257
4369 2722
962 5366
2325 3844
3642 3777
1205 1943
5339 5445
863 2987
4391 2037
4795 5421
4252 5711
5681 407
2277 3440
5594 3227
2779 565
5797 4029
3119 4415
1385 3131
4791 5383
2454 1014
2492 3484
3318 1923
5259 4832
5320 2029
5139 2657
2845 2620
5756 3736
3396 5729
3440 3273
984 183
2300 422
3039 5843
4867 3115
3379 5140
2496 594
1029 700
5549 1766
5728 5989
5298 2265
3004 406
4426 4229
3916 1414
5880 376
1498 394
555 4028
3668 2916
2505 636
2226 5824
974 2094
1751 4524
1544 2572
1740 5540
3433 2955
4808 171
5291 3136
1299 4063
2079 2103
5414 1440
47 3667
4606 4728
2283 1278
4834 151
3539 4949
1839 2068
2336 1441
104 516
5540 4966
2813 2662
137 327
5992 5658
4091 4813
5841 2528
2670 5528
1932 332
3156 5096
2168 1439
1597 1301
1683 3658
1174 1234
3171 963
3739 1116
1621 412
2134 1136
2372 3716
2468 3454
1619 1298
592 1465
241 2480
3057 4650
4565 450
90 2842
1847 5025
3527 4236
3749 2615
4421 1931
4956 1407
159 5647
2186 568
528 4210
3172 1752
2019 5184
5445 599
2696 1582
2964 5608
2717 2811
3138 5639
5888 4037
5842 1950
1346 3678
5903 4548
1027 3266
4321 3964
51 210
1429 3020
3544 3686
545 2295
4893 1371
2423 339
2712 5920
1312 4928
5480 4796
3863 4314
876 1360
1660 1549
4472 4162
3691 5557
5732 5121
5515 1059
1032 679
3847 5436
2967 4794
2464 1728
2246 4045
114 1817
5125 3238
1759 3302
257 2710
3847 5793
2173 1653
5451 5865
4821 497
3230 4838
3166 1484
2431 2132
5082 5706
5968 1005
3517 3513
2621 2074
5040 1129
1957 1857
4492 5229
2817 5102
5092 3495
4289 3360
191 5184
2812 172
1623 126
4415 5284
2998 1945
574 4641
5179 1700
5837 2964
5284 3427
4943 3222
719 1308
35 1730
1454 2070
965 4781
4064 326
4265 4979
2747 220
741 2693
2810 899
5255 5309
2540 2709
3672 3952
3115 545
5950 4250
4719 523
1442 3640
286 1704
5451 2309
664 1549
2643 971
2085 2157
3174 988
141 4547
4973 3099
1868 10
4173 1521
841 5812
84 5619
1383 1955
4714 4576
2263 3942
5665 5417
5970 598
5996 677
5390 5840
1631 5843
3577 117
945 3531
46 752
5648 566
3438 2414
4015 1882
1661 3295
4548 3843
759 3309
2862 5271
4273 95
4456 1539
5171 5858
3059 3027
2559 5242
1672 5744
3862 5036
3608 385
3354 1350
4564 2434
3559 5089
1031 5016
3274 4132
2595 4313
1203 3464
4287 1286
5553 5027
5706 5464
54 2004
3183 5827
5228 1929
3050 1761
2900 697
5190 491
4893 5048
4281 2786
614 1897
5998 4448
1387 5830
4702 2310
5851 5858
310 4403
3840 310
3492 519
3324 3316
4442 3381
5928 3183
3879 1335
2948 4515
2548 3379
3004 5570
905 873
2013 2487
1919 5283
1106 647
5220 1686
1832 2111
4135 1706
4808 2687
225 2639
3753 4825
3586 2375
3966 2343
1344 2561
2065 1000
3384 3767
652 3765
2912 3762
2485 3517
2055 287
1918 2864
5416 5064
3123 2763
4501 1309
3726 695
4240 2163
4008 4883
3003 2551
4363 247
639 3938
4811 1986
16 5448
5745 2160
3179 2614
4518 5001
1585 5252
3802 1010
1328 1538
2255 864
637 1516
854 2642
1434 3998
1846 5120
573 3443
4227 5720
1776 5745
4739 4056
1623 5921
1044 1238
1981 1784
4145 4097
2202 2408
2941 5176
3015 1627
5464 4470
4529 497
3570 5838
3801 5031
1236 4924
3407 4866
3159 5874
4195 733
3846 5675
5641 259
317 2415
1616 5197
228 3769
313 3702
4779 5479
4660 3671
4228 5016
5026 811
5557 4254
4116 5569
3620 3770
1168 2017
139 5148
5313 5106
3068 3321
1582 4348
2290 5971
323 1921
467 1947
2681 5129
177 3433
5290 3410
3064 1272
3116 2070
3334 1528
1786 1317
798 1636
4721 5363
318 5600
1773 767
1296 210
5431 3574
4876 2285
2677 1938
1620 4464
1550 5331
1055 2835
814 139
4034 293
1799 5256
5238 5172
4659 4475
3550 5910
5286 595
1935 3407
5261 528
1033 1632
2537 413
3578 90
5747 1705
4692 354
1631 3334
3295 3556
5462 5667
1426 212
4650 261
2676 599
1492 2598
3017 355
797 543
4423 3682
4965 2382
2145 738
721 1869
2794 3310
2494 3761
1800 5790
3885 3872
724 2538
5054 417
1103 5004
1769 2841
134 2671
5775 4494
5930 5220
4298 4647
1133 955
4154 2004
320 4511
734 4693
1528 2337
5272 5124
1722 3699
5579 1862
5101 2379
1768 5650
4286 505
56 831
4777 1536
3992 1618
4571 3646
4526 87
1975 5141
4564 3322
3377 5290
2212 4534
100 4013
4733 3924
5154 4792
521 5896
20 4192
3466 3845
733 1385
1646 4686
2324 5481
5592 2418
5462 2829
2913 1839
5305 2495
1464 3229
4451 1660
5131 921
3145 3771
1045 4097
372 3605
2713 5563
492 2554
946 3136
1474 5943
5239 3901
913 2688
5329 4144
5239 2706
1876 1470
2172 2996
2491 2094
2447 1441
1832 1110
732 871
1876 5011
3355 846
1907 5315
4859 52
5672 3734
4167 884
5872 1801
5821 954
4216 4195
4983 4840
2422 5679
4839 3137
825 3894
3177 5572
2693 2272
2913 957
2028 3011
4668 1344
2793 5667
3075 2989
4224 3956
542 893
5682 3848
4816 745
1376 5009
2607 1164
3795 1701
4721 3560
1338 4492
2788 4657
2653 1979
1447 711
680 1337
936 983
479 672
3851 4569
4181 431
3492 312
2755 1482
1640 6
5417 2410
1063 3490
4735 5379
2269 855
2426 3637
1847 2541
5538 3500
1629 4310
1224 1808
2289 1582
5559 5603
1682 2568
5865 4516
2593 2724
58 176
5514 4638
1779 3203
3140 3560
4776 2842
3160 5040
2042 547
4622 513
3799 1250
3182 5545
4815 3938
581 5095
5122 4451
1167 943
5337 564
2345 5534
4820 4924
5818 1295
1701 790
5448 4791
3664 3007
748 534
3793 38
5466 4814
785 271
3370 1781
4043 98
1505 1865
247 2918
804 2552
2607 5266
53 2472
3239 3361
340 2098
5441 4308
2830 4373
5643 4547
1026 4112
2910 2968
2238 5642
3267 5043
3341 2181
2828 5657
5553 299
4164 5844
3260 708
1881 4880
4932 5375
4840 3432
788 5180
3672 430
5102 3709
1726 4791
3123 5551
3369 83
5806 5147
5186 1372
1379 2950
5787 248
2969 5344
79 904
5623 1364
5266 4409
1652 518
4227 5402
971 3171
524 3782
1683 4231
802 5946
5704 3477
804 3347
5481 2185
2262 767
4409 3905
2868 2256
65 5101
787 3751
5368 5315
4414 3570
1352 360
2028 4512
4184 4605
1248 3924
3529 1916
3846 2222
3803 2203
5096 5925
1557 2767
5951 4363
3021 1815
2879 2209
5055 4449
2732 4612
2791 1768
2563 5905
2483 5170
4750 2916
4598 1871
5162 1764
168 1066
2532 1218
2127 730
5580 5934
1918 5751
4722 94
3803 4883
5131 4520
3822 3530
2412 2946
503 5948
2213 4953
572 626
4490 478
3936 4120
5843 4881
207 559
2699 3629
4170 3172
4616 2786
4044 4045
2431 5411
1059 4761
5804 2083
2490 3477
2017 5859
5964 2403
5485 3851
3735 2142
546 4351
498 5158
3395 3572
322 590
3760 5458
5009 1454
1332 2973
948 4591
3284 2558
1491 2154
3518 2800
2380 288
3707 5028
5519 3682
1640 1218
532 4051
4057 4288
3406 723
2471 3129
5254 1357
4421 4627
3543 3719
4631 3787
660 5584
3881 989
5742 4440
2281 1857
4627 4239
3616 1314
4634 5427
5421 2954
4201 4360
4860 2208
942 2703
4874 3015
3474 234
3286 1771
2657 3511
2386 5899
5852 409
503 1444
5051 121
1500 488
4168 2637
3785 898
5050 4242
5096 5735
2060 1923
2344 5422
2684 3296
2044 1845
803 2400
1986 2810
1523 1697
2105 806
5946 5620
2725 1906
1128 3490
4803 1733
5606 1557
2476 308
3681 3059
3806 1123
5364 5701
4727 798
227 1512
2541 1097
2726 2228
2938 2247
3975 981
1778 2593
4908 5054
3765 1507
4133 2468
4531 4306
3043 5999
4557 2756
629 5451
1234 2026
2583 2600
1427 3859
201 2734
1126 3221
2660 410
4425 4063
5623 3579
3015 4700
942 5027
654 2288
4228 922
4163 4255
5804 1172
640 1780
1850 2544
5187 5271
2961 1281
2456 2836
3581 5123
3121 1709
3859 3559
3689 810
5684 2621
5306 1100
4104 4637
5852 3052
5711 5845
513 3572
3763 3691
4586 562
3692 3761
1412 187
2833 1821
3623 4403
5273 2553
3509 3189
5714 5046
1701 5794
1224 5023
5537 1650
4138 704
5148 3040
3801 5660
5318 4646
5823 2639
1488 5812
4117 4209
2073 4115
135 5411
2384 134
1783 4869
4160 2067
5754 3217
5672 1826
4602 4575
70 982
1386 607
5464 5544
2492 2635
27 5804
235 3924
4842 4339
1242 3147
5669 2161
4927 1939
3125 4384
2682 2056
2015 1774
5469 3712
877 3034
3496 5797
4969 3183
277 194
2126 4914
2031 4862
100 2585
3824 1497
5767 5496
4324 1210
3428 2975
340 5741
5702 5405
1044 318
5142 3667
1883 4860
1693 2657
494 5395
2851 550
5148 2420
3706 1505
5662 3136
882 401
4729 2117
2096 5106
5527 1840
972 5171
4396 2536
2127 1605
4036 1452
4605 4469
5109 4073
4170 4962
4403 112
4252 3339
3203 5041
826 5702
5774 4016
1162 3288
4494 5959
2266 2553
1373 5291
3645 2947
5719 4620
3820 1192
646 2434
3685 265
702 1888
5855 5555
5092 2539
1783 3914
4484 69
2986 4820
1927 835
3839 4964
116 806
5243 134
3513 1692
4445 3699
4299 4032
210 292
1810 5085
767 2558
3381 3504
4295 3792
413 1404
843 2502
1092 2780
5148 4707
3648 4802
207 528
2345 4540
1954 1187
742 228
4275 3688
3794 2054
2824 935
5403 2118
3432 739
5095 1327
1411 1544
2231 4657
5191 4365
637 5659
2950 2721
2610 2980
5117 1435
4949 5617
5102 2992
939 94
1916 3584
104 356
4901 2282
5857 5227
3156 2280
5666 5248
594 3579
3122 5802
3903 3875
4771 3313
5282 5522
4206 2308
2410 1766
965 5188
3205 1388
169 1468
3907 1458
2845 4602
2030 1668
4221 2260
294 5197
3162 258
309 3162
3443 5926
4102 3036
3852 200
5045 859
3198 1546
4439 538
1312 759
5323 1941
4533 3943
1445 1998
4629 355
4720 2105
5407 1229
2827 1970
4202 2453
3776 2326
5035 5694
1210 3888
1728 265
5305 290
3259 5933
2999 1710
82 3905
1129 5732
506 2291
4375 810
146 4585
598 2298
1997 4442
5554 3390
5843 4487
2530 2741
3545 3054
2628 2413
4393 863
1276 1325
199 1201
2893 4970
5084 4299
209 1511
1758 4094
4254 1334
601 239
4013 5787
4569 5990
3299 1587
4999 1716
3746 5941
2327 957
4723 1749
5027 5888
4664 1223
2512 2025
3675 5214
5366 3688
1314 1930
5995 25
864 2500
4537 1058
4016 3610
1996 1045
839 3369
748 4858
4261 2883
2643 2072
3416 5807
408 1977
3287 4447
2944 5947
4285 4326
5622 3179
1416 2092
3334 4316
2827 2676
4563 3758
2107 5049
735 4487
2695 5840
5259 1011
2245 4329
1129 3927
2040 4005
3358 1868
1973 5816
342 1016
4639 4602
4736 3608
2141 2203
2751 2162
3246 4746
1171 2742
420 4081
4806 5570
1512 4563
5038 4549
2462 3290
1262 3439
4964 5435
3857 1799
1607 1244
5491 2258
5156 151
59 3498
2004 3876
5900 2658
1260 256
2431 5897
1503 523
3228 539
839 2267
3989 1866
4518 1334
4589 4550
2298 5043
5970 2112
180 3199
3335 2051
420 2897
2985 2618
5199 163
3858 3512
2392 910
4587 4661
1404 2714
4639 1829
1330 1752
1696 3502
2751 5102
2907 3510
1520 3557
4049 5953
2001 5916
1343 2227
9 1730
2728 181
2148 858
3099 5858
124 2684
3557 5041
1840 116
1324 1218
4588 3111
745 96
158 5094
1879 53
784 2900
2913 1690
458 539
2236 3471
2924 5519
3506 4242
5450 1206
2386 2377
1945 5917
1957 4701
19 907
631 5513
113 4099
4702 5174
5891 902
4493 1498
2296 2918
2108 2964
3580 5543
5325 3157
211 3436
632 5200
4705 2261
4599 5962
5562 5767
42 5214
1907 2791
5563 2718
5690 3018
4664 3471
359 5048
2576 3287
1966 4930
4117 2205
5053 2799
3562 3331
1571 1828
3101 1791
4801 4555
587 1264
1544 2520
5853 827
1429 2345
3486 4896
4438 5299
2276 4311
5232 4586
3368 139
2401 4564
2183 4380
2717 3306
4935 3549
1003 1900
1333 2786
5212 1467
122 2587
2283 5672
1898 2116
3289 5102
776 4189
1545 2339
5206 3945
5895 1005
2812 4735
290 5086
2272 5093
4092 1997
5408 2128
5424 4347
1216 4034
2777 5040
3422 301
437 1953
5541 1587
2192 5446
537 2626
3734 1000
4763 5935
3855 1839
4062 3666
4096 4712
5753 3909
942 3111
5093 2204
2584 739
5829 4938
1045 5592
259 1666
5955 279
3251 456
5685 618
37 4845
5542 5788
4224 3307
297 2148
529 3319
4470 4743
1533 3147
5638 842
1568 5168
2544 2546
746 4977
1880 5613
70 4890
3726 2260
4676 1657
3318 495
5674 4825
3271 5674
4663 329
1210 4747
4714 3371
4246 4301
2752 572
2966 105
5485 4872
5814 257
1621 2864
3438 1856
494 1146
1214 3390
2724 4930
3933 5111
2284 3119
4105 3016
678 1334
2858 2888
4164 4239
1405 727
5848 3011
635 3666
1124 646
1273 2664
3663 740
771 4443
697 766
146 88
5344 5486
4944 5868
3477 5795
2859 4997
3504 3924
4105 1466
5396 4903
4458 1696
5397 2173
1608 5709
102 1191
5165 5414
4072 1872
539 3942
1140 5266
432 69
5823 1488
4221 2929
52 4330
5952 2871
3354 5930
4806 5934
2431 4538
3862 4596
226 2332
1571 5289
2216 5774
5331 1447
5820 1104
479 256
51 5480
5083 1598
3472 1435
194 4826
1681 5314
5534 5014
2613 2572
5014 98
3323 534
3948 3701
2491 5303
5498 3318
4036 1697
1008 2670
5861 1575
5200 4499
4679 2176
393 4402
4757 2337
1053 4825
144 2674
3357 2320
1918 4267
3781 5118
1842 229
519 4886
4019 3846
3789 774
4946 4828
4279 2159
2744 3957
2793 1300
3269 4701
2072 1234
268 2098
477 3554
5265 4776
451 5692
150 2874
360 1227
4809 3222
722 2512
4828 96
1348 5756
5544 3210
339 3107
4881 3049
5410 1964
3360 5233
4446 4572
3369 1602
5933 296
3426 4939
4353 4174
2669 2628
1725 621
712 4720
1187 5017
5855 5208
3364 499
5630 404
2236 4647
1432 3412
2902 5526
1079 5595
5024 1014
102 3661
4840 127
5022 4871
4558 5988
275 2156
5325 2532
4271 5779
2906 2065
4899 1227
1311 4822
3623 4749
906 4200
2316 2393
5717 1707
2169 2640
3933 283
3418 4173
3886 4024
1815 4613
1951 5724
5188 1153
48 3543
4014 2395
1005 2531
3189 831
1722 3633
224 4205
637 1477
4929 1419
1776 4774
1463 1558
5906 4311
4634 4438
4325 249
4039 3031
2208 1328
2500 1987
225 5566
1324 2584
5402 354
216 696
5532 2640
5590 3410
3389 3181
3841 1071
3016 547
519 4755
1941 1142
1357 5729
341 5220
5177 2621
3641 1073
3807 324
4407 3550
682 2099
4019 4661
2088 1276
2595 5954
356 4083
2857 4840
1869 5099
4658 3379
1266 5949
2559 1484
3808 5647
368 1330
4442 1244
2459 831
4490 2885
742 5535
2013 5048
566 5767
2367 4778
2788 1024
1346 5180
5518 2549
506 4464
1898 1128
2121 3414
1518 2024
2090 5888
5079 3104
4314 1758
3889 5280
415 5902
354 3365
2168 2022
3582 5194
2010 1581
5925 3848
1199 5496
480 1161
1059 5036
661 3777
2978 5095
1645 4068
4450 3719
5958 2427
4072 4728
2620 5791
4942 894
204 4606
3613 2034
2887 5
1678 3717
4715 131
2510 1169
809 4556
5464 1540
1116 2899
3150 3096
2126 848
2606 693
3692 5562
3552 4652
3064 4510
3896 5582
73 3429
3908 5735
3109 2003
4032 1327
2387 4642
288 5332
39 469
2480 5217
1669 136
466 4606
5831 835
2469 4135
4188 3107
2284 1619
3998 1011
5318 3630
1642 5964
1436 376
5136 1643
323 321
924 1377
5762 1809
2801 4116
1214 5165
1841 4230
3863 2862
4235 235
5396 1526
3389 5853
5293 5888
5160 4137
2908 57
3538 5899
4257 2689
2268 5080
3404 4059
1388 3054
2193 5270
5958 624
2960 3687
1579 3294
4349 577
4037 394
724 5868
4932 2059
669 355
4077 5875
949 4043
4994 4128
2539 131
4584 129
2352 585
5345 5566
5339 5875
672 3441
690 4129
412 3693
4706 3845
820 1846
2613 4378
5396 2703
2429 1897
4593 881
1688 3198
1724 4862
3209 4906
5465 4359
4307 1135
2834 5689
2252 5785
576 2928
15 906
3011 3246
2225 4778
4591 831
734 5772
1199 608
725 3618
1819 651
1684 5918
5908 824
1010 3667
5484 2642
4490 1117
2295 4367
4720 3438
1603 964
2600 1460
3991 966
302 288
3781 3302
3705 2053
4841 4067
4091 457
2768 3906
5043 4942
1862 4110
3803 5490
3315 2242
5158 1079
1902 3823
2474 3587
4416 1842
2322 320
2027 1675
4224 662
4984 32
5113 2987
5574 2693
1769 2873
1854 4597
873 4962
4021 3119
683 437
5565 5458
5486 3726
1909 1020
1481 4213
2415 1025
2245 4199
5500 993
5307 1946
97 948
1577 3548
3112 1136
3531 5332
3999 4737
470 658
4922 5294
4078 1743
546 583
1704 2202
5800 1548
3525 1636
3793 394
4392 3467
4535 1645
5745 5145
3363 4876
3878 801
123 250
5361 462
2370 5682
220 5340
824 2285
4581 3027
4310 4021
1802 3521
2981 1152
3140 5831
59 5110
3567 457
1728 4715
5097 5674
5789 5196
3154 2068
5515 222
484 5732
414 653
4151 1515
2239 228
3636 5239
4328 3108
870 2640
3696 4743
5108 4689
1223 5003
955 1898
3066 2611
4022 5155
889 5202
3703 147
348 2811
5605 390
4971 4197
5131 5207
4098 3912
4909 2755
2134 2165
4723 5660
5495 2179
5142 4277
2511 4832
3042 2713
3713 1168
866 789
3905 1706
5235 2834
3180 4476
1501 4803
4070 4057
2218 5447
4316 4156
5212 1719
724 5468
2922 2449
3440 5191
4014 1329
2215 1141
2997 5561
177 2432
632 1384
1604 4851
337 853
5534 999
5579 419
293 8
3371 1043
4684 5010
2322 3030
762 5402
5047 3431
5351 610
3635 2455
497 4509
3030 2392
5818 3251
1087 4942
1523 526
2330 5970
4036 5709
728 4087
5270 5125
3115 2306
847 3681
5102 3588
2662 537
2936 3004
3010 1842
36 1215
5787 645
2285 5905
4004 3266
8 2219
3102 754
3380 3586
990 707
702 2396
1790 4342
4772 3932
3107 619
4638 2589
1035 209
4880 418
4542 2172
3771 312
4411 1650
5399 1593
1261 2463
2323 2820
5656 5959
4929 3092
5052 4990
167 4912
3716 2860
5099 1378
4259 4960
1656 5870
1909 4504
5968 3101
4996 3098
5456 2632
2860 1293
5414 2345
1045 2951
3313 3266
5249 5597
585 746
3745 3566
4902 5988
274 1250
1657 3659
2753 3529
2389 5971
5159 4659
5514 3551
632 1519
4552 892
211 5354
2457 3914
4704 793
2010 3776
4271 822
1962 4619
5883 788
4482 1231
5725 747
3279 220
4534 4090
4587 1526
4647 1047
1845 5746
5571 3599
205 2061
2657 4711
1499 5375
577 4192
656 4382
1403 1760
4063 4724
2523 1001
805 2747
253 4630
4823 5783
1291 4906
3742 4194
1517 4386
1323 2982
2448 648
3412 2963
3469 2273
2639 4458
494 2866
60 4936
196 1960
5310 2446
55 3789
522 3754
5159 50
3705 1747
611 2069
3009 3687
2605 5746
2901 5954
3882 4179
3360 4165
907 1830
1164 796
685 3529
3540 5836
4732 4447
1289 2405
600 5440
2238 5016
859 3677
2939 3128
4026 1457
3779 5917
4018 551
5977 5387
3329 1548
2452 5379
3177 2282
1785 4209
3567 449
5148 4200
759 3527
4838 412
5479 3122
254 3389
67 4291
3937 3985
5958 3817
1937 143
1949 2322
1918 5837
4170 5902
353 5107
5458 5216
5740 3330
4878 1224
5847 5951
3400 4318
3308 1868
914 1717
4195 2633
1913 2896
3405 4200
4663 947
2202 5842
3833 5779
3235 5066
4837 5350
547 3267
5080 3089
522 4950
5667 2725
1946 4123
775 4748
5824 286
316 1515
4963 4927
529 5364
5554 3419
5173 2467
1230 284
2392 2263
4663 634
1646 2772
5 1566
188 5941
1228 3648
2925 5418
9 384
3742 3891
3578 2198
2740 3126
2375 3873
3604 840
3772 3114
5157 1811
4068 2743
820 1589
711 5707
2486 2868
2630 4246
4651 4550
2448 2041
3884 5765
3811 781
4784 218
5205 15
4776 3162
5794 4990
5100 2897
4958 174
5317 3697
3439 4973
4290 3957
3194 2274
544 2398
3254 601
3524 5360
5649 4667
2681 4087
3054 4385
5565 564
2651 1346
5097 5645
2685 4632
248 858
343 5762
2800 4357
596 5947
3374 1012
585 2511
4760 3572
527 5467
229 837
5241 297
5580 255
1070 885
4419 5411
14 525
4972 5112
1912 1205
5670 1539
2680 255
9 3131
4255 2063
3122 646
4424 47
1675 2412
2625 4860
3988 4585
5418 1183
750 5197
4055 2766
4810 849
268 2482
14 5127
2151 5859
2213 1827
5578 761
2598 3252
4549 1773
909 556
5577 4676
1922 2754
3841 3415
4390 2852
1054 5405
4148 5021
815 5295
77 2907
5994 3760
3888 4792
5757 57
4808 3755
5374 2947
1662 4104
2740 1737
1969 1593
823 2692
4834 4190
4186 4618
4879 4959
480 713
5205 5257
183 4930
3259 4704
246 5540
3374 3670
2747 5903
1991 2683
2201 5363
1360 2605
1421 604
4304 3139
3116 1312
1254 1309
3473 3208
2934 4954
4610 2528
3380 662
5338 5837
1926 2415
405 2933
2684 3640
4019 1974
4843 2797
723 2461
4009 3354
1933 2657
2904 766
1278 5430
5114 2518
964 5678
1722 5411
3238 5682
1077 266
2576 5549
5523 2220
1548 1156
346 3098
803 1430
3151 149
3571 4661
4733 2007
2121 3995
1462 3828
2695 2200
3102 3039
1126 5315
2813 1611
3024 5861
4077 3675
512 3162
1899 698
1330 1417
1017 4329
1324 4159
4083 3293
2922 1382
1959 5083
2208 410
3759 2041
3769 354
2579 5312
1445 406
5305 4306
1934 2355
1256 3755
2348 3752
2874 1140
1104 3650
3571 803
884 3745
381 4501
2250 3776
5334 4435
3046 5882
3934 5660
1450 1534
3616 5765
4894 4024
721 139
3749 5185
801 1147
5012 688
5287 289
4346 3087
3269 5385
3116 3080
1584 138
5247 4842
257 863
380 4996
4771 4810
3166 3433
709 4524
3833 1251
2361 1912
3604 1061
4772 4075
896 5216
59 3124
2551 922
5683 3419
126 4478
2989 5962
1721 4228
2963 3614
4975 1754
2738 5681
2272 3843
5599 4620
2399 4638
269 4918
230 3701
3687 5718
741 1677
4816 5383
3178 5469
5778 5025
5388 4301
2209 3821
5230 5349
1137 757
3457 1623
2023 2610
4896 2667
4370 765
1690 5470
4668 1987
178 5904
2139 4066
5677 4268
1767 5066
3212 5024
4010 577
3034 5414
1555 1175
5124 304
537 4427
3673 5303
1900 1261
1665 418
249 3251
1075 4192
5903 2031
4097 4193
905 5384
827 5165
432 4109
4977 3059
1848 4337
2495 3492
2515 3783
1355 5111
2532 2816
3735 3642
1893 1612
1111 898
5319 3654
964 341
4759 4826
5022 2019
1754 1314
1475 400
4040 1476
3312 5190
3603 4992
2074 1439
2835 3739
1184 1177
3302 3435
5826 5888
1619 2285
1995 3046
412 5243
698 2744
2227 3866
1729 3288
4056 2061
3649 140
1555 5864
434 5890
2113 257
3861 5112
1100 4634
637 3922
2612 2237
5939 2495
2 3938
5593 4251
4334 2221
510 5758
2328 848
4758 5385
1148 1001
5989 1784
4785 2888
4187 4945
3242 5782
5941 3767
3372 3025
607 2514
418 666
1930 2845
2486 2237
2851 4632
3023 4151
2984 4157
1137 2066
1330 5942
1792 4485
2618 5165
1068 4613
2599 3796
5718 1826
3064 1102
1840 3078
5526 5079
2487 3445
3597 614
1374 5622
2177 4914
4691 5693
4100 217
4754 179
1594 2254
1599 4037
2966 3526
4780 5680
4742 1233
2544 5995
4130 5872
13 1672
2598 2424
1736 337
2302 3078
550 1772
1870 4803
1883 3851
4017 3447
1422 752
5907 1450
4667 4264
1429 1269
3526 5409
222 3579
2820 367
2812 508
5392 5909
5968 4859
4251 5431
185 954
1605 2607
5660 2267
3283 544
4931 1147
1565 5178
609 3265
2556 4983
1517 4136
5668 569
1446 120
1947 4286
1108 425
4930 4303
3730 4044
1802 2604
4587 3417
2622 4257
2614 5772
2844 5628
4903 4456
4487 1383
353 2345
3737 3150
5338 5786
3456 5054
1312 778
325 3673
2130 3458
4298 550
3021 1142
3111 4261
40 2061
506 3085
5727 2801
5016 1613
3911 5246
904 4458
3566 2730
846 168
3955 4206
2254 1038
1134 1447
4639 3439
5264 2896
1387 5602
569 1955
241 3998
2840 4531
5361 735
2539 611
980 710
3702 877
5970 692
1539 3256
1911 617
4577 5394
5582 4289
4068 3992
2424 1766
2481 3916
1115 592
4406 1194
5596 5199
1412 5093
90 2953
5921 5251
3772 5209
5257 4119
2177 1659
3031 3115
1804 343
1827 2607
1983 3009
2413 3524
1641 987
4331 5451
3109 768
5277 5728
230 2807
2845 7
1191 5813
900 4739
3905 4480
2765 4006
2548 1276
4537 5464
1189 2938
4347 5295
3793 1238
2390 5245
691 3255
4737 3134
3460 5299
669 600
408 3413
841 3740
2589 2947
3007 4095
588 291
4482 2673
5992 22
3552 1848
5233 537
294 5403
4472 3266
2725 2984
2887 3709
2300 1584
3407 5526
4812 2017
695 4299
5849 5559
2937 5864
684 2508
3055 3325
2310 1413
5246 4580
3715 333
1802 3207
3161 816
5274 2613
5822 77
4617 1754
299 3409
4271 4897
1116 4363
94 2730
5749 1841
5104 5317
2686 2994
5425 1315
1203 5986
3765 4398
1984 5861
3407 223
4583 2875
3037 5110
5312 60
1155 2768
4368 3577
5222 4389
2986 4946
5757 3938
5073 4590
1308 3156
1390 2083
4841 5826
2277 326
1170 3832
5807 5410
2021 1186
5201 3466
453 5052
2243 2012
2940 3188
5088 1575
4160 1214
5408 5460
3791 1727
900 3496
2376 5736
2469 2379
5915 1693
547 2336
3771 343
156 5831
3943 3414
4069 3356
5293 3289
2313 4270
1496 578
4738 1406
3963 4821
5417 1180
1825 4254
4639 3905
4654 2527
2958 2106
3885 5044
1873 1240
1524 3973
3259 5293
4376 2587
1694 3604
1488 851
1185 531
5674 4350
1010 5485
1558 5168
3842 3281
3493 1756
4834 966
4800 3198
4483 2329
342 2590
3478 5152
2687 5793
564 2417
2207 3626
2143 2112
1066 4696
391 3824
2846 1379
3498 3672
3321 5473
804 292
2260 2507
4143 2298
5900 1665
2936 5915
4760 4212
4408 1443
4212 3600
3146 84
4883 5710
44 2060
4923 5489
2449 1701
675 1228
983 2582
4831 2757
1436 2660
4427 418
83 1223
4245 3991
4707 711
1717 3953
5599 1455
3811 4046
322 3886
5217 52
3340 3009
1939 5983
2912 2530
558 1768
4962 700
4276 4189
1969 5110
79 3533
4068 2365
4162 4276
3805 249
44 1838
5290 1533
1760 713
2266 5988
5628 176
2344 4965
4253 190
3194 2271
5714 2538
4156 5719
2058 3423
1999 913
3334 4645
3473 800
4109 3340
5550 2210
3313 3572
2555 3219
1426 681
1012 5812
3141 1298
5960 1863
472 732
134 3874
418 2015
2475 4579
1244 3521
4308 1188
1954 4936
5201 5474
3881 5004
692 1485
1161 1511
4352 2525
3066 2231
5451 3897
1718 708
2995 4146
45 1533
2 4337
5028 611
4911 5700
715 4344
1726 1027
4304 1878
4141 1156
1486 2267
709 2491
278 4887
584 5909
83 3834
3611 2891
397 4085
4302 3672
3034 1493
2122 3349
3764 5717
612 2856
1846 641
3961 2229
4669 39
3331 566
2002 252
2327 5942
2267 1472
2453 739
3476 2719
4361 4681
2455 758
4392 5334
5480 3988
947 3806
556 5747
2567 3624
1607 5171
5188 1216
1285 19
4411 3884
1731 4612
555 1493
5379 3744
4298 5561
3733 4972
1778 979
1434 4147
2379 5502
3320 5356
3160 5279
2611 2269
4383 3678
2428 5344
682 3816
5578 250
5672 2901
1633 5088
916 314
5412 2507
1988 2324
5938 1143
1315 2905
1057 992
2231 2266
940 4636
764 1594
2677 5466
5425 3769
1230 3852
5397 3269
5847 131
5714 1980
4433 3325
4559 1568
1268 1786
5739 29
2120 2873
5519 2112
4397 2266
9 4475
3866 1238
861 5813
2149 1024
3621 2601
444 3872
708 3909
310 3889
3338 2355
3035 5554
4641 404
3703 4005
4176 2009
3436 3963
5783 49
5312 5720
2531 4606
585 56
4880 521
2437 3452
5545 1884
2065 5628
4991 1508
5482 4447
1047 5466
5633 1540
794 3751
4496 5643
2280 3288
1379 1788
4315 4845
4548 3292
499 2099
1833 5235
3994 1727
3080 4042
2709 773
5322 942
386 2485
1472 4568
4204 1489
5290 5547
586 500
2763 4489
3488 4627
4562 2495
1368 5994
5006 4445
750 4165
5834 3865
1181 3095
3635 772
2850 1432
1091 5942
255 315
2071 3553
3138 2887
101 3574
15 661
5806 4514
4770 865
4001 5829
4330 5493
4328 4641
3076 2418
5616 2577
4343 3229
607 2166
1048 2536
2451 736
2902 2632
844 5835
5176 1195
1499 2429
4739 1618
4979 4756
3291 2494
4183 540
821 4726
2437 5871
1384 4763
123 3798
3819 1566
4429 5916
1756 5152
2752 5587
5088 1142
1835 583
2806 8
2713 3870
1468 121
1078 4808
4205 4537
1426 4337
1888 1935
2851 5361
1729 4228
2301 752
5253 4469
1765 2613
1240 5994
5401 2190
3586 1450
2918 4001
3332 1098
3602 398
955 5285
3217 2523
5186 4552
1936 3586
488 5305
5790 1308
1803 2213
2686 148
4454 4927
525 4235
866 1511
4946 5679
3948 1299
2437 3011
965 3740
1774 946
974 4462
513 195
3356 1674
213 5170
1628 5586
905 3467
5500 2059
2017 4522
5034 4512
5065 2747
2487 4778
5221 2181
3033 2347
3841 2559
5188 1402
2661 3841
5461 4383
4425 2404
3311 4001
5173 2725
4143 3567
1770 3739
1960 1946
1791 5970
1075 160
4843 1123
5033 4504
273 688
4697 1799
2163 88
3427 4738
805 3656
948 5373
1650 4759
5428 2386
547 3953
1829 1326
4157 1564
791 688
4104 3687
1899 5633
190 5323
4307 976
1294 120
5414 5437
2794 450
593 283
3381 4549
961 5964
3930 73
344 3068
4768 979
4040 744
2030 2945
4076 2248
3510 4408
4209 1328
3586 4783
5457 4821
3076 736
5839 2139
4547 3232
4519 2160
4191 2565
959 1332
1936 3324
3592 448
865 7
660 4708
292 3931
76 4045
4885 2048
3276 2055
3752 1468
4804 5248
2096 2827
302 1498
3326 1781
4836 1918
3468 211
4861 5481
2963 603
1695 663
1102 671
3120 5473
3734 3622
117 787
2306 5186
3594 5305
2892 859
2895 4633
3532 4754
3975 1390
3788 4608
1364 4025
5393 2329
5670 4313
5597 1871
4363 5581
2553 3421
1346 5827
934 3488
4606 126
5409 4469
241 613
1786 4793
2189 2773
2409 5367
701 2566
2854 3833
5063 4455
4306 2957
114 3451
3429 4533
4851 5399
3399 2870
2651 2507
688 2892
3792 732
2081 2002
5626 440
5000 2177
5999 36
1152 437
1068 2218
5977 2469
4044 126
4055 610
1019 2031
4163 2638
4085 1080
714 1871
4880 369
2269 3766
932 5175
2794 183
1238 3402
1657 4812
2229 5022
214 437
5385 2593
404 567
5781 3363
694 644
5791 5310
5886 2610
37 5039
4686 1564
5359 4227
1596 563
2793 5636
2179 4212
4701 1778
688 409
5901 2553
54 5993
579 2796
1112 3551
4074 2153
321 10
5295 773
2879 4174
5539 5645
1862 2845
4881 421
1986 4616
725 1430
780 2460
4018 2460
879 4267
1905 1287
5372 19
3051 196
5861 4704
365 1168
4113 2003
768 4378
5553 641
3013 485
3696 1850
22 71
4530 1027
1550 1226
1395 2315
3087 3967
1795 5557
5296 4063
3402 1294
2113 4705
1473 5518
3901 2733
4066 3267
2482 1051
1899 3457
5301 2850
5877 4596
1275 2037
234 2658
5921 3197
3366 11
5219 7
5574 5187
2108 2890
1003 3491
2589 5387
4531 5578
5920 2354
1417 5607
5940 712
932 401
2963 4253
2808 4212
4476 5091
5974 611
1978 4290
2011 2093
4958 3199
1023 297
5068 547
149 3901
429 3692
793 739
36 2649
5511 2302
4320 5527
2499 5147
1567 4654
1045 1875
1882 3125
3921 3702
886 4339
3230 3361
4191 1132
174 5460
5977 2294
4392 3198
3874 5700
5416 1133
487 938
2875 1468
5884 2784
171 3642
3872 1865
3397 4291
5441 5729
724 1323
749 4124
2749 3
1733 2964
1948 289
466 2553
5037 2673
5 5169
4488 2660
89 2581
2165 2173
5004 5394
4815 5341
4055 4727
3609 960
5816 3150
5553 3802
3246 4034
2248 3530
2365 2816
3924 350
485 3812
2971 1570
100 703
1551 2745
1873 3585
5671 1858
3919 1013
975 5563
941 4856
3814 46
2640 1168
1467 3764
5609 194
3566 5041
471 1905
5586 4638
449 806
5420 3268
4818 5886
2665 1518
5691 3901
2228 1065
5603 460
2746 2684
987 2075
3905 5494
4756 5
4105 1261
901 4898
3793 2604
303 1345
215 1143
3374 1194
2741 571
1657 2869
1235 5718
2280 2881
37 3345
2732 719
5593 4526
4704 4556
493 5804
3395 5789
4308 4801
3542 3108
3361 5256
616 1384
1037 2896
2790 4532
2305 2780
5390 5955
5664 5122
1715 1847
201 4331
5968 735
2323 1275
342 4886
4291 2550
4412 3030
4649 2648
4815 4183
2212 5280
4074 2327
5766 4854
51 5954
4370 1717
4824 3017
270 4783
880 5303
2984 3870
5255 5924
4745 4904
4734 3154
5249 1997
4287 4279
1635 4002
2127 2094
3760 2349
2215 3088
2154 1509
1060 3086
5834 4248
1038 366
377 4645
436 508
4545 5474
5672 5888
5850 4701
2297 70
4140 414
1812 2230
3250 5744
3743 2366
5118 2165
5996 1821
4590 429
4979 5928
1527 5384
2126 3224
438 1613
3251 5575
957 1377
4385 3556
3111 2188
1160 1498
1279 4154
2120 5806
5772 2850
2788 2417
1859 687
3430 792
1303 1792
1897 3036
4216 144
4776 253
2783 1033
11 2828
4321 5381
4802 345
4302 5074
594 4575
3333 2417
3177 5446
5108 3870
4300 4316
4206 438
4785 1304
3857 4707
2917 5471
4303 3796
3381 4513
543 5280
1429 1040
79 2385
5428 4538
3379 4799
4506 2345
2134 5963
5184 253
407 1811
3100 4175
960 3638
2744 1535
3900 427
3023 4971
948 1888
3551 4537
5676 613
3138 4418
4474 3815
2889 5568
59 2321
13 125
5803 4397
2402 4844
5283 4066
5621 540
266 3659
3399 2254
3045 1658
3261 2554
5669 3915
2044 4782
517 216
900 2004
1222 4805
4276 5435
5151 1902
1341 254
1824 3055
1521 5560
2529 2915
3453 671
3058 409
2169 4674
737 1397
3039 5989
3091 4282
4356 5561
5706 3520
4754 4879
334 4149
2810 494
3293 4262
4051 5222
5397 316
4273 3423
5818 408
3415 3262
3791 467
5644 1753
1780 3383
2451 4628
1371 517
2299 3819
4370 1909
512 310
5738 339
4721 2827
2113 1756
1796 4375
4527 5959
944 957
5611 233
3606 457
2394 2046
4951 27
4228 917
4911 94
2079 1247
5650 702
3586 2967
2100 3940
2929 4042
3207 3477
3187 4893
60 5142
3868 2098
131 5286
5287 1500
2422 1905
982 1140
34 5149
2570 3882
575 4527
2758 4132
997 5276
1978 123
2507 3454
1170 5324
1412 1203
4260 4612
3752 4259
3925 2716
4985 2254
1339 444
5914 1416
4073 3051
4375 1068
2896 5492
1201 2043
4321 1800
3866 2111
1728 4115
4966 3065
653 1631
5729 78
5562 3724
2923 4391
5020 4711
1714 52
1924 3069
2915 5833
2686 1605
3356 2551
1967 2513
5860 789
5836 4470
1943 2250
1404 3262
687 3175
5934 156
1946 4545
5853 216
21 5524
5432 3397
5180 780
3310 5896
809 2858
2103 4653
1744 321
5821 5356
2754 5773
734 846
5683 3605
4898 5116
1824 4811
4912 3229
1682 4258
1120 2347
4137 4127
3814 3626
2472 2473
4609 4555
1289 1777
5396 4791
2944 1426
5684 122
2624 1494
2781 3471
2144 3352
5863 3022
4710 2357
856 5625
5498 703
173 1407
4005 1064
3323 1093
5083 5710
2092 4187
5482 3966
3362 1126
234 5416
4015 645
5842 552
4739 2047
511 5729
4733 3702
5523 727
994 5297
5124 4007
261 2839
5786 1284
760 2169
4160 124
1459 913
3687 3417
4433 1528
3414 1453
2256 2875
2264 1516
547 4923
469 1183
3795 1624
4528 5663
4696 2669
3557 2788
1094 1430
2200 3288
140 2066
2467 5356
1401 1695
2498 5675
3307 4448
5773 3007
3209 3180
4099 4255
5403 2290
2778 1572
1570 450
3089 2595
4268 5980
751 22
3925 5564
1477 4072
5650 1952
558 5028
813 1384
1831 4431
499 5443
5588 1953
104 3299
3112 3305
1674 2720
5851 2509
3524 2629
4175 4352
2564 4640
2817 268
167 5393
4958 2795
3244 5176
5588 4896
4244 4023
5563 3992
36 4321
960 382
5629 3794
2474 4133
873 3779
1757 3879
2429 4013
2020 4125
4722 5742
4603 366
728 5884
3476 1139
517 3957
5025 4839
4457 373
4213 3489
221 2928
5660 3564
14 3097
1960 4432
2228 5465
1616 1854
4786 5073
2608 3223
2615 3125
2206 2300
999 5540
4675 4942
2104 298
2772 4803
1477 1143
5938 4479
5998 3081
2270 1190
3445 1824
4164 432
2031 548
1191 3159
3295 3300
1179 1753
823 1701
2827 20
2935 3575
4775 3853
3340 2560
1043 3662
4024 464
1666 1721
1931 3561
2118 5335
3288 456
3266 1844
5556 4300
5344 562
5837 4218
2560 2185
3629 3746
5429 1312
5189 5169
3673 4614
4724 5915
2665 3922
5459 5283
5101 4236
2909 2557
2743 772
1912 3605
2100 5700
1716 4697
1157 417
4615 5022
4295 5561
3810 2461
2179 4931
5433 5125
3337 2577
2731 599
4576 2820
3847 5114
4048 64
4837 2143
3862 5820
416 992
5436 3669
4692 581
5968 588
2315 1538
4434 5010
4015 3238
3036 2350
4586 2479
1918 1024
4975 1219
1950 1347
3502 5631
4033 2505
1918 5155
2986 19
5232 2567
3153 4217
4329 2218
2104 2671
1434 3685
3474 3230
833 980
3957 5100
5689 4958
5190 3678
5460 2486
2356 3906
1858 4721
2874 1820
3492 3143
5827 3237
337 4854
1715 2962
4686 4881
4930 3054
4100 715
1329 4700
5074 2708
2652 1544
3104 2659
2282 1313
3018 143
1019 5912
1076 854
5260 5871
5809 3362
2057 1178
2580 2705
705 1063
2890 2163
2437 5930
2421 5401
2781 2384
281 5345
987 5022
2646 3775
4761 4432
5292 5948
1094 5155
1096 3742
769 2480
2220 810
2896 871
3518 3290
5999 3495
2149 4671
596 350
553 133
1187 5873
5997 965
2553 394
3282 330
1683 4269
5869 4131
510 3346
55 2291
1073 762
1240 5458
5660 2293
5796 2331
5415 747
2824 5508
5155 2880
3524 647
5263 5385
3506 2440
5693 1476
5092 409
4872 214
2458 4599
3427 4954
1943 1151
4993 1818
5654 4567
1330 2793
4227 2663
642 1190
182 49
3773 1056
4785 2728
5474 1994
2175 2686
1321 4094
5798 1497
5710 4216
5262 742
4970 2402
2376 3064
4454 4225
885 172
779 3350
237 732
2955 3052
5038 3914
1580 570
3186 445
2417 4402
3789 5693
28 1148
5502 5473
5259 937
4001 4625
1515 279
5251 3304
4220 290
3552 4260
3598 2072
2223 519
1859 5898
1721 4278
2128 4060
4547 4665
4950 2678
1214 3278
2916 5772
792 1679
221 4
2490 4026
3148 3030
3083 1285
5681 4002
2695 2640
781 1320
697 3375
2204 1374
3842 2270
322 3226
3393 3056
5420 1271
3616 4182
5928 936
1254 1200
1697 2122
4043 3223
5792 3515
4209 2527
1132 3259
4071 731
4175 296
5957 3377
3234 293
4919 4652
348 4734
2858 4543
4437 2406
2316 1649
3818 5177
2996 2515
1848 4585
2701 186
5042 3527
5391 1970
5610 3588
3137 1554
1583 2515
2972 3230
5752 840
3843 2598
659 137
1851 4677
26 2829
4071 4302
3595 186
2488 2546
517 4402
4837 3640
94 5831
481 5896
5809 5521
4462 5950
5520 1179
1288 2237
5119 4127
4043 1628
4305 5360
2194 2977
5809 393
2086 3742
1442 1254
3877 3221
1740 1448
3185 4846
1419 3940
4793 1487
5412 5122
3229 2169
2067 2822
4373 3951
5674 3957
1181 1788
5698 108
1631 2902
5108 1398
3062 1642
752 600
156 5841
4682 5621
4974 129
3771 658
1288 2780
3546 578
2184 3145
2544 90
4820 587
5408 2639
2912 3881
1210 3814
3471 4253
1089 5737
238 2666
163 1703
458 3638
1831 2805
2200 3515
3523 3416
2723 1326
5406 2464
3759 4474
2705 2510
2427 4355
912 3048
1306 3633
3831 4920
666 647
4420 2294
5810 2415
1124 979
1438 1176
1483 2010
2564 294
504 28
5249 1024
4953 730
59 4703
3452 1358
4013 3641
1211 3728
1565 4293
4615 2033
5071 5183
2669 3618
2313 5630
3377 3434
479 4854
2242 3909
5895 1885
303 60
1751 2422
5633 404
5244 3370
829 2536
5776 3126
3504 3311
359 3272
4033 4190
4730 5497
4593 4884
1696 1418
2089 3205
2088 2740
5314 2417
3366 2892
1306 2211
5934 4561
5215 402
306 601
765 1152
5798 3265
5088 2233
3594 741
1710 5265
1222 1731
3322 5444
4137 2272
5562 3631
3184 2487
2777 2026
3766 4225
332 2329
5622 4454
710 1689
3126 4593
139 5019
4190 5581
5775 3347
1063 4465
1390 4480
2817 4301
24 769
4225 5218
4724 3496
4022 5350
3178 4557
5933 234
447 4748
808 5095
464 3452
4506 3560
4985 1394
920 408
1002 5112
1782 1222
1957 2869
2299 533
2030 2214
2606 988
1979 4259
492 3025
1421 4515
2862 5146
1652 3960
392 3286
3255 2761
3741 4255
27 2835
764 5367
4670 672
3702 4160
3998 1558
2848 273
5381 1693
1066 1569
4050 1879
5034 3259
4849 3846
3164 4248
3179 554
4750 5091
3963 2061
1946 5877
5227 3319
2316 4712
1254 3143
1934 746
3809 4243
3780 4712
4045 3079
4966 5868
437 2458
3963 5460
3534 312
1345 3992
5728 2086
1518 4895
5380 4357
2219 4429
3723 610
3808 5458
1763 3094
4446 5607
4491 4734
2260 1811
3401 4170
1184 2994
3759 4854
5326 5409
1761 1816
4680 3985
200 1684
3710 4923
1650 5052
647 2499
5812 4548
5123 5556
5995 866
5752 2470
2347 5364
2839 1475
1017 3547
3053 3417
1992 2762
4989 1155
4780 5055
3679 670
6 2852
520 5425
512 4965
2457 2757
2819 785
1503 228
3717 5102
4557 4894
4209 1394
86 3996
3584 429
3459 4091
552 5066
4915 161
2995 3852
1876 968
4009 1192
1763 1221
3068 3565
5217 5342
5770 4961
1845 2786
2760 3054
5429 5942
2133 5702
5903 3858
1564 574
4242 2346
202 2190
5012 822
3081 1965
1882 1205
700 2823
5978 3876
5280 3837
4091 924
1864 2605
4736 2236
5557 2600
609 5845
1859 327
1987 1308
2537 4276
2569 556
1113 2966
3265 1896
3538 2365
2180 4929
5105 4556
221 3875
2920 2656
267 1586
5536 5377
4839 498
1202 694
5480 1224
242 4746
1614 5847
701 5908
2077 1195
5358 5069
2768 1548
5063 3994
3407 1743
693 1425
2621 5512
288 1201
4512 739
2382 2161
141 2294
648 489
3295 2149
1726 198
5084 3421
3628 3713
3277 2421
2930 4610
5400 1764
4035 842
5234 1254
2235 5848
3737 3613
3784 565
2096 1082
2623 803
1603 2090
1092 5579
157 3878
797 4906
5640 1317
3446 3795
4624 2976
578 5637
1030 714
2087 5515
1472 5996
563 4960
5705 2008
2319 5082
90 5534
10 2291
1154 444
3781 201
358 5564
5355 1975
1789 1978
2843 463
2024 238
1393 4675
3993 4442
2515 5499
3407 4547
1366 4001
334 1274
3845 1547
1069 3888
3838 841
1229 70
4886 4707
422 68
4283 1928
3784 3929
2089 5676
3803 5986
3116 4435
4437 2290
3919 5871
3684 3655
3028 5215
2753 4218
1595 4047
4325 5992
610 2889
4519 4440
3385 934
4223 200
3152 3171
3711 2755
4592 1694
992 3983
4214 1032
4351 2630
4641 5607
1651 5004
5309 3865
3789 3023
14 2329
2423 1044
1964 2303
2566 4676
3161 1041
3555 4809
3010 2122
3043 3089
230 3197
1472 3121
362 135
3485 5089
1284 4739
5368 5023
1826 5484
3398 4816
1286 539
5978 1964
2656 4364
4817 4073
5584 2604
4411 5986
32 2879
5337 5875
4406 2314
5189 4159
3265 818
4433 4478
2630 2001
4882 5325
3531 4249
743 3643
539 2946
817 1317
4434 11
1681 4604
5669 1678
2187 485
4920 4429
1711 285
370 5591
2977 354
3016 1951
920 2021
1520 1692
2747 3203
3016 2867
3516 4398
113 5748
5679 1525
493 2208
4019 3830
4419 3556
1644 692
1469 754
3710 3629
231 1288
2814 371
280 1897
929 4767
1919 5230
2174 3338
81 2540
2686 2745
5589 2372
2669 4166
4339 2245
3885 2100
2661 3689
1979 1162
5487 1281
3898 4627
1054 3608
2327 1668
3894 2294
3726 4694
715 2242
150 3226
1714 3099
2676 5939
3148 2429
3021 4212
1935 3754
5150 2263
688 2894
2179 1836
237 419
1144 806
3278 275
409 1331
2795 1521
951 952
184 5599
378 2902
4094 4027
4440 4232
4784 441
2685 3825
3637 3276
4326 4073
3594 3077
4942 5467
4220 3551
1524 5558
722 4445
4158 445
3301 3154
1209 4981
2317 3112
1259 5069
584 4279
3978 3807
2200 1819
4957 5863
36 4945
3748 378
5220 3384
3745 5238
4705 2982
4991 4759
5813 2022
596 3672
3344 3273
2111 2640
5624 3027
982 2916
598 4936
268 3647
1848 2992
2960 2266
4060 2042
5248 1027
99 2070
3163 2752
5125 2450
1150 4988
1189 1685
4750 3624
2261 2155
922 5474
4716 656
4646 757
4337 5440
243 148
2114 3073
596 2991
3762 4363
558 4792
5347 1924
2010 2033
4309 4757
2742 5695
3641 902
1284 2858
447 5961
1979 4176
5313 5453
3941 3798
3722 4623
2349 514
169 4200
3996 4678
1546 3370
4907 5154
5019 5167
2683 2325
2695 1534
4825 2464
3340 2563
5123 5724
954 5969
1102 4549
411 821
181 165
5472 559
3768 5439
5158 3918
5723 5991
1351 3032
3464 1571
3240 3686
2070 3566
1268 3599
3593 264
53 5137
191 5932
1471 5020
1020 3481
5327 2989
4288 646
3190 5834
3267 3181
1592 239
4484 5559
3802 3128
5669 2893
5754 1720
5391 4205
4175 2209
2839 4872
3384 3593
2097 5065
5907 3683
384 278
5610 3301
4205 3820
3597 1026
1161 4734
5059 5540
401 3648
1387 2781
5656 5968
4733 5290
767 4251
2892 4015
4893 1806
2353 2444
2808 3644
2245 4554
4648 3669
4722 2177
555 1064
4689 5361
2888 1431
3210 5037
2762 676
316 5422
4534 2345
38 2173
4795 4544
2561 5639
5096 585
296 377
4477 1027
5273 890
2299 3592
3334 4827
3178 5393
938 5520
2587 205
385 3190
3481 1471
4793 5696
4621 477
2051 4949
3930 334
668 2268
738 1982
157 1760
4974 1801
5365 1511
1924 5884
2534 3005
268 4992
2742 5259
1491 438
4731 4761
1080 5866
1177 3906
3560 3583
5651 1255
4911 1950
4441 4786
3062 3358
4173 5131
3663 2326
339 230
2860 686
114 3510
1675 5540
2347 32
3540 2587
1972 4192
4859 1027
5888 2087
1614 1094
4408 5829
715 2493
5266 4148
3156 1909
3454 5708
2638 1997
5069 2664
3821 2681
978 2191
4878 189
5763 5728
4226 4471
918 680
4217 4846
2100 5438
5676 354
4654 408
3596 5272
5896 3441
254 4791
1787 1886
4687 5081
3538 2064
4756 4882
3076 4526
1227 824
3948 5502
837 1100
1419 3964
3353 5267
3930 3644
4478 4959
5912 2193
3629 2981
2551 5483
5281 4179
2829 3489
611 1708
3959 5998
1160 3236
245 561
2235 2628
1011 569
4378 4553
3047 203
3223 2706
1437 1568
4835 3436
2185 5800
607 2528
5338 772
310 1163
3969 1419
5116 2957
3461 3528
5314 4461
2933 5031
4670 4409
863 3823
2236 339
2650 223
896 2586
4229 4002
388 2751
2905 5952
2259 5290
3739 3539
804 5710
4933 2763
5139 1008
1702 1305
4021 1543
1546 5798
4061 952
3298 3604
5351 1398
4057 1088
3614 1801
3792 4005
2474 5245
5955 1495
4280 2219
3008 4938
1599 5620
4639 4439
1497 340
5232 4298
2371 3854
5013 2323
1920 3986
1033 374
2867 623
1616 2575
3028 5986
1609 2662
3917 1142
258 5065
2120 1942
2026 1236
5463 3036
3546 1151
979 13
1701 2805
1101 4982
5582 4616
5465 2538
962 336
3037 2644
102 5627
1326 2377
1033 2892
2763 125
5208 154
3894 5502
3594 775
3733 1573
3850 1980
4978 5374
4192 5411
1265 914
1609 4725
1911 275
3599 1952
3920 2542
3352 5297
1934 1113
3386 2141
1116 192
4196 266
1508 5722
1532 5343
3304 5741
5095 5896
4982 5717
4565 618
2408 2704
1772 1407
736 965
2189 3646
2992 1930
4958 5963
2202 1217
5033 5850
1005 1199
1245 2727
5931 3212
660 2432
3238 1727
1877 4701
2717 4035
1368 3444
3129 327
3870 1547
5574 3394
1249 448
170 357
2862 5342
4085 5636
5422 3656
1485 1767
1127 2081
4697 2969
145 4911
3718 5512
4095 2197
3912 3296
3777 5185
2111 710
5938 1380
3502 1264
2241 757
4744 667
5362 1990
3283 1426
4965 2336
455 778
2420 3291
1576 1644
277 4025
2661 5788
2320 5682
2917 3838
1105 1285
320 813
3129 2517
4493 5115
4098 1100
1129 4203
549 387
3784 2723
5908 1822
936 2131
569 3306
2008 2998
5322 938
4084 4449
5879 1503
1958 370
1179 5884
1440 5577
5538 1356
4841 3364
3621 3081
119 5750
2159 1002
1859 512
3972 931
5061 4212
2114 5047
3235 1669
774 3417
4830 2580
5500 3245
3209 5041
470 3210
4506 5436
5847 4500
2830 503
2215 505
31 4574
241 4570
2989 5208
4316 231
436 5523
2721 844
4453 4404
1301 2710
5299 3855
2333 5070
2656 2448
3968 2982
963 822
2467 3318
3463 3477
4604 1182
5104 2440
125 5342
4682 3738
840 29
906 3594
4683 4532
4399 234
4395 2882
2480 5770
4876 2549
2558 1396
3932 3655
569 2652
161 5053
2263 5931
5591 4789
1303 3673
4801 403
3642 5450
4179 4327
1753 613
2461 4677
565 1372
4688 551
3627 2962
3897 5083
2229 5907
5742 28
5506 1190
4137 1624
4179 5406
5327 5658
3596 3407
4783 2660
1394 468
1182 314
4009 1814
5301 1764
1390 1444
3168 3434
794 1064
1052 5775
5950 2134
976 1140
2358 539
2786 3347
1895 5478
1801 4394
2112 5932
4218 5886
3041 1657
1668 4171
1562 5446
5605 4645
4966 67
3937 1790
2344 5096
4031 3543
3805 2593
5963 1353
5160 3252
4228 294
4360 4481
2509 4037
2182 1447
1382 5265
3260 3939
103 1236
3785 5179
3082 577
880 5397
2928 1590
2818 3778
1533 1960
4325 4751
5651 4926
2832 3475
2844 1478
3068 4129
3295 1521
4899 2937
559 5687
2125 1494
3900 4053
4891 5664
3300 1417
5357 4958
3072 3762
2581 1308
470 2490
4229 94
4950 1162
2197 2586
1348 1801
3669 3750
1918 3540
1474 5013
1500 3145
5183 5709
4769 1996
3529 1251
861 5426
1879 2977
4632 4213
236 4562
1566 2013
268 5350
1696 4254
2256 1603
3708 5325
5923 3950
2090 510
5901 4438
3511 1480
4483 5898
2204 5594
1318 4769
3950 2176
4699 1945
5699 1314
430 4692
4939 5836
5562 2730
5655 2032
3230 3794
3097 456
5294 4791
4166 5876
52 1325
2185 2327
4503 1703
1535 2360
4219 5218
1334 5795
5334 4506
5459 3638
719 2173
2719 4498
2401 4581
2908 4393
1045 384
2482 2188
4327 4472
3917 744
5657 4305
3886 3628
3621 946
3004 2336
5652 651
1306 2540
1913 1173
2304 1261
4211 5108
4791 5229
1838 3140
5986 801
5013 799
4996 2735
3956 272
2022 1541
1734 4391
2195 621
2308 4226
3005 1297
3810 2090
5134 2576
4113 2748
5004 3594
62 2498
2905 5210
1246 1833
5445 3934
270 884
514 170
5598 3109
5288 3539
1381 1444
2619 3486
124 4158
4644 5070
5310 2717
1061 2576
4940 1270
4975 1518
3849 5462
660 715
1282 2535
4300 694
1680 3282
4112 3028
2764 1937
5591 1460
2957 3535
1979 2378
1223 5475
474 3083
4745 3710
5753 1270
2754 657
2503 2465
1644 2990
4722 5120
2000 3891
2035 3771
4762 756
912 365
2467 4117
3102 2351
3461 5602
2399 4041
3811 2978
1472 203
5328 4051
2659 4577
5151 1039
4906 3744
3874 1967
1223 1722
5139 3705
822 2595
3470 130
5606 1954
5678 5087
980 2374
770 4304
4036 1137
3310 4607
1173 3232
5652 5292
375 561
4613 4908
5860 5645
627 1928
496 3416
2331 2968
888 112
4777 3683
5420 4501
4895 2923
1291 3064
641 3453
661 3940
3241 2327
2148 1417
2558 2129
5773 5012
4294 5057
4317 2623
1397 3970
130 34
3984 3445
1762 3341
4995 3919
3918 1927
4153 1022
2492 1533
5740 316
1415 2465
475 2649
1549 1995
791 4298
286 2839
1572 4479
3964 3802
1590 3059
5504 4119
3737 1116
1848 5388
1821 2990
4187 5352
2410 5196
2943 2698
2736 4656
4626 5150
47 2032
144 4453
4198 2364
4708 1577
469 2733
248 2772
2003 3733
2160 3902
5414 923
2520 2349
3399 190
4970 4343
329 1025
376 4283
4289 2567
5188 4787
2808 3848
3138 5193
959 798
674 4597
2857 139
1676 3978
4963 1076
271 1899
365 2508
856 4609
3433 3188
4213 1366
2598 165
632 3992
1653 5901
1755 449
4031 5603
5864 4889
3643 116
3483 5926
1137 1890
2267 533
5283 2580
5060 947
3114 3126
5460 5185
5208 1277
1810 5320
1285 1851
5089 3159
3755 418
3632 3653
5291 925
4623 468
3895 5768
2097 3413
2652 3329
1073 1896
2379 5891
772 4436
5873 3704
1712 3111
1877 4442
2632 1700
3265 1599
5421 2224
4137 2654
1521 5659
3003 2026
2225 3189
3618 1176
2731 3442
4503 704
4302 934
4121 5684
3675 1328
2307 1088
5151 3509
3126 4749
2620 3364
3271 1895
3683 4097
3623 742
1822 5068
1184 3258
2712 5069
1028 4667
1534 4315
5061 4512
4228 2337
1697 4873
2367 3179
684 3223
5679 3160
722 1692
1808 5180
1863 3593
3462 455
3910 2916
4724 1093
4028 4967
3088 3813
2429 574
2247 628
3229 816
2910 4593
3669 98
1576 4557
3946 5424
1396 1670
5868 1561
1701 2696
1253 2162
46 3832
1080 3326
1498 425
1297 189
2733 1783
4094 3855
2622 1712
196 5663
5947 4254
1651 1888
594 2905
2291 4476
860 2567
1932 1856
196 5922
5412 116
3989 2100
349 5657
948 1030
296 4017
1356 3862
2881 4718
441 2435
4874 4207
5507 3063
1811 513
5099 3262
5913 3318
1928 5834
360 594
3773 2841
4466 3358
3082 5094
255 4069
2893 5772
5845 1841
5444 2416
3037 586
1159 3302
2814 2047
5326 5761
3027 2137
5984 1832
1096 3683
2771 204
1929 1573
1900 4940
5963 5498
4322 2709
5044 1446
3700 5096
2182 1916
3692 2758
5734 5543
2209 3104
4191 280
5275 1153
2861 2806
5256 373
1229 2371
5160 4041
4525 1095
2617 4495
542 5712
3090 4496
4554 1081
4705 5681
5249 4465
5529 3375
1363 4171
4439 3894
532 3721
1623 5512
4265 1347
3334 556
774 2700
2724 3521
2565 5714
2409 2536
5308 874
206 4664
5929 1399
2507 4361
1557 108
3645 2026
4790 1728
4148 5852
2680 3530
3319 1008
2472 5099
3048 4678
2531 1270
4854 2530
1172 4687
4445 1026
3479 5585
3010 1898
2142 357
2784 2433
5523 1861
1970 5655
291 198
4384 3449
1416 2962
1034 5007
4577 2953
4667 3969
2131 2697
267 3758
151 4107
5796 4862
4604 5948
5724 1362
5606 5732
228 4264
5324 4982
389 1293
5875 1672
4722 3975
2137 210
1283 5506
4928 1692
3496 663
4492 63
2610 5188
48 2068
3548 1057
950 3563
4444 4858
901 4077
2043 5289
5472 763
5974 5313
131 1084
2099 685
141 4905
5375 2058
1234 3016
1114 2571
1857 5977
4130 5890
3032 5933
616 3551
4637 4113
2424 688
5867 3522
1140 4147
5946 5938
1811 2740
4198 3000
3163 567
287 1432
3419 553
514 2079
3922 2092
3252 3115
2393 315
2382 5330
377 1281
838 2111
1653 5460
1439 4061
638 3474
5916 1179
3184 1325
200 793
2804 1458
1859 5472
2866 2413
5892 5736
2601 2435
821 4993
4091 4612
4762 254
3339 5265
3725 3697
5475 1516
3400 1602
4789 88
2878 2619
3260 4658
1282 5304
5884 3562
4506 3113
2515 3207
259 2698
479 3768
1321 4189
5763 1144
4325 4844
2746 3704
5249 701
4548 1969
4638 4333
3397 3454
2193 4174
1250 3895
952 3403
3785 1772
549 2225
2239 3461
4134 1643
2770 2609
4545 543
4132 2490
3357 4984
5921 3278
997 2201
3300 8
4432 820
1589 3258
4707 209
1956 5970
4277 5136
5815 645
453 3081
5447 4195
57 2326
1357 1129
5693 1927
2323 5044
3966 1589
3318 5022
4063 1709
1570 1808
4773 5428
4080 2989
2654 3092
1440 4586
2745 5981
2005 5731
3842 3845
3863 5252
5652 5178
2531 3166
815 2248
4840 2657
811 4739
5084 2624
2058 2268
3172 1265
5019 674
1534 2940
1619 1109
141 4856
171 3192
2067 5511
1639 2802
224 956
3823 5072
612 2966
2657 2351
3896 4224
2755 3236
5514 4987
2803 5812
3737 3870
4555 1150
1925 2646
2608 2080
5215 1902
2267 724
1697 4172
3784 878
4249 1103
4334 3958
513 2421
1708 5092
613 1046
5479 3689
4234 2612
5778 5847
2817 5482
41 1651
5766 4660
1839 206
3463 211
2011 4163
5735 832
5929 1381
4287 3524
1611 1031
3198 4062
4571 2222
1235 4317
4107 2824
5363 2914
4664 890
2997 559
1489 4355
3210 3992
2735 526
5936 2
2022 2005
440 5022
2463 4758
4757 285
3293 954
5045 2405
1058 3288
4076 3443
1373 5784
917 3495
83 1253
1842 1586
1525 1320
1467 2366
538 3736
4050 2426
4841 1437
125 1069
4710 114
1154 2
4118 3658
1887 295
3396 1852
345 3139
5595 2230
4889 382
1110 1629
264 5824
5006 3354
5613 1519
3347 3655
725 5328
3001 4861
2071 4048
2059 116
5559 491
5426 2000
4446 5049
1571 3808
5902 3174
2799 2200
5412 49
1925 1287
5482 756
993 3714
2257 5103
1302 5833
5021 2247
4938 4768
3960 219
4918 1158
1330 3589
4740 3533
4027 704
4243 1813
2633 2202
5609 847
552 5624
2518 195
412 562
167 241
4124 5056
155 2655
2724 949
1696 5670
3487 1119
3292 2714
3777 5207
1689 4813
1956 4774
3191 826
1745 894
1392 3153
4630 4048
5423 2799
5040 1440
3234 1168
954 220
5872 5879
2960 4166
1293 3513
5945 4784
1615 4275
467 4866
5196 2375
2895 5126
3904 4892
2136 2298
5721 769
1969 1518
3518 870
1245 4644
3652 1030
4142 739
2721 2398
1231 4531
3647 4372
5417 1445
4758 824
5846 2369
3481 3915
3329 1069
5666 334
4028 631
846 2425
3479 4865
4617 684
277 4054
5320 4834
3442 2459
5551 499
1484 793
5222 2017
2651 3436
348 4627
5726 171
3048 4453
5238 1096
128 5968
4229 3769
3385 148
4126 5084
2791 1480
140 480
1901 3246
1224 5843
1439 4606
5994 5834
4481 1487
4062 2098
947 3426
4914 2283
4393 1650
1049 581
5989 1442
4667 4990
3303 2967
318 2522
1357 5169
4856 5415
2806 4704
5568 3641
4823 3934
1796 1698
5033 5933
2726 2966
5276 3437
4816 342
538 2636
4200 5832
5439 1450
5134 4318
909 4387
