1605
0 888373
1 666811
2 947811
3 16707
4 110049
5 411980
6 898490
7 2228
8 717453
9 285959
10 330013
11 187415
12 607045
13 978425
14 654970
15 565945
16 571724
17 553914
18 935687
19 719996
20 334564
21 843450
22 446426
23 53527
24 114541
25 374863
26 393436
27 306026
28 154749
29 294315
30 377462
31 523211
32 67926
33 520776
34 263977
35 200906
36 189686
37 261319
38 184374
39 185435
40 36790
41 216092
42 137211
43 134799
43 205562
44 168923
45 120230
46 25869
47 183800
48 255549
49 119365
50 59629
51 213288
52 81593
53 102910
54 69522
55 37672
56 18681
57 3828
58 87708
59 92027
60 18077
61 5040
62 44917
63 64978
64 94837
65 60882
66 32577
67 123366
68 120783
69 2852
70 23625
71 2730
72 8612
73 121966
74 43673
75 130151
76 114512
77 108274
78 58900
79 16363
80 19585
81 14304
82 22345
83 12784
84 37059
85 7827
86 27166
87 58884
88 1082
89 62854
90 12095
91 12666
92 62418
93 2582
94 54614
95 20108
96 21672
97 65404
98 24961
99 18955
100 254
101 44830
102 25965
103 42662
104 2650
105 11868
106 13724
107 14880
108 3060
109 10343
110 21782
111 943
112 313
113 25434
114 28483
115 1213
116 18267
117 31637
118 1100
119 14801
120 26418
121 16476
122 29870
123 21502
124 26878
125 13724
126 29396
127 11689
128 20699
128 28619
129 12023
129 14995
130 1209
131 2853
132 7101
133 2817
134 4893
135 13420
136 14558
137 8738
138 237
139 6562
140 15619
141 10349
142 12161
143 2450
144 9743
145 10295
146 6332
147 9766
148 16204
149 6451
150 5615
151 8515
152 8636
153 11669
154 1488
155 14874
156 4110
157 15221
158 9349
159 479
160 11453
161 10790
162 16244
163 12809
164 8893
165 9722
166 11960
167 13572
168 6636
169 6364
170 4952
171 14365
172 6495
173 3124
174 3185
175 6010
176 1359
177 11684
178 12145
179 14524
180 7568
181 4281
182 4840
183 1453
184 2409
185 556
186 6398
187 4197
188 2066
189 4131
190 5306
191 8164
192 7294
193 5166
194 3510
195 7625
196 250
197 7887
198 2191
199 3639
200 3999
201 6399
202 6314
203 6700
204 679
205 7320
206 7079
207 1961
208 5176
209 1889
210 4079
211 116
212 5363
213 7783
214 1492
215 4549
216 5956
217 2591
218 2313
219 7155
220 1112
221 7186
222 1746
223 5590
224 94
225 4903
226 840
227 2786
228 7612
229 314
230 1725
231 1405
232 4834
233 2944
234 1505
235 451
236 2249
237 3584
238 941
239 2929
240 1054
241 3818
242 2066
243 966
244 3590
245 4072
246 3420
247 1072
248 1100
249 1151
250 1710
251 1821
252 949
253 2732
254 165
255 3434
256 2596
257 3312
258 2925
259 196
260 2220
261 3004
262 1592
263 412
264 1562
265 1504
266 983
267 2475
268 1287
269 2983
270 151
271 4010
272 715
273 1599
274 2781
275 1786
276 3120
277 2428
278 3963
279 693
280 2090
281 1346
282 364
283 3343
284 4024
285 3557
286 212
287 46
288 178
289 1624
290 58
291 867
292 494
293 750
294 1133
295 1328
296 852
297 1641
298 288
298 1865
299 1807
299 142
300 788
300 1226
301 1397
301 1372
302 1671
303 512
304 1962
305 1677
306 698
307 2046
308 302
309 1559
310 807
311 108
312 842
313 400
314 1460
315 1905
316 660
317 409
318 833
319 1311
320 1684
321 705
322 1826
323 718
324 1676
325 2028
326 1566
327 817
328 493
329 1160
330 1031
331 1629
332 1771
333 1734
334 1729
335 992
336 928
337 193
338 1931
339 1381
340 562
341 665
342 1674
343 1860
344 1353
345 509
346 1774
347 1527
348 1209
349 466
350 1375
351 2004
352 1892
353 1433
354 1999
355 189
356 861
357 1834
358 1260
359 1377
360 1028
361 1834
362 218
363 1552
364 846
365 1108
366 675
367 211
368 145
369 621
370 128
371 727
372 333
373 684
374 1005
375 525
376 648
377 217
378 706
379 367
380 645
381 559
382 42
383 786
384 104
385 155
386 203
387 313
388 289
389 602
390 248
391 400
392 351
393 482
394 891
395 388
396 833
397 488
398 8
399 771
400 299
401 114
402 439
403 399
404 214
405 951
406 555
407 162
408 231
409 323
410 608
411 711
412 462
413 308
414 853
415 129
416 389
417 625
418 813
419 523
420 39
421 443
422 417
423 37
424 833
425 538
426 901
427 761
428 925
429 40
430 708
431 764
432 689
433 293
434 946
435 560
436 491
437 851
438 605
439 542
440 129
441 518
442 294
443 501
444 739
445 662
446 922
447 39
448 46
449 630
450 342
451 475
452 311
453 491
454 1006
455 225
456 252
457 432
458 821
459 832
460 885
461 783
462 329
463 766
464 70
465 363
466 194
467 174
468 235
469 779
470 134
471 280
472 83
473 304
474 293
475 508
476 10
477 263
478 76
479 367
480 470
481 298
482 223
483 446
484 237
485 31
486 92
487 324
488 278
489 500
490 125
491 210
492 401
493 357
494 292
495 26
496 81
497 452
498 507
499 175
500 356
501 44
502 57
503 66
504 291
505 261
506 160
507 49
508 200
509 138
510 83
511 84
512 426
513 128
514 70
515 1
516 330
517 460
518 428
519 179
520 184
521 163
522 323
523 177
524 44
525 32
526 294
527 481
528 122
529 254
530 353
531 254
532 34
533 437
534 21
535 190
536 344
537 204
538 317
539 218
540 214
541 187
542 74
543 470
544 87
545 14
546 41
547 134
548 337
549 242
550 174
551 152
552 39
553 77
554 328
555 294
556 400
557 170
558 297
559 236
560 129
561 55
562 399
563 19
564 364
565 322
566 266
567 368
568 35
569 29
570 420
571 225
572 440
573 9
574 137
575 184
576 199
577 91
578 73
579 45
580 247
581 24
582 208
583 230
584 113
585 235
586 76
587 199
588 175
589 44
590 26
591 197
592 115
593 13
594 139
595 112
596 169
597 2
598 126
599 147
600 141
601 87
602 121
603 167
604 244
605 233
606 112
607 6
608 254
609 79
610 146
611 188
612 157
613 105
614 234
615 141
616 177
617 11
618 25
619 155
620 204
621 230
622 24
623 221
624 67
625 138
626 140
627 236
628 89
629 169
630 199
631 24
632 192
633 177
634 251
635 208
636 251
637 5
638 200
638 14
639 139
639 156
640 45
640 14
641 247
641 69
642 158
642 47
643 207
643 175
644 113
644 93
645 233
645 246
646 109
647 218
648 241
649 226
650 163
651 113
652 239
653 77
654 38
655 157
656 11
657 87
658 125
659 68
660 151
661 41
662 19
663 253
664 15
665 174
666 176
667 170
668 163
669 192
670 256
671 212
672 183
673 27
674 104
675 222
676 234
677 132
678 175
679 64
680 79
681 129
682 160
683 159
684 249
685 226
686 240
687 159
688 93
689 210
690 203
691 79
692 10
693 143
694 200
695 27
696 69
697 124
698 100
699 16
700 10
701 112
702 22
703 44
704 157
705 201
706 164
707 55
708 33
709 242
710 51
711 90
712 33
713 1
714 62
715 59
716 101
717 73
718 122
719 37
720 88
721 20
722 88
723 39
724 62
725 100
726 36
727 3
728 110
729 17
730 6
731 89
732 26
733 1
734 105
735 35
736 63
737 109
738 104
739 123
740 18
741 61
742 70
743 98
744 67
745 10
746 108
747 75
748 41
749 8
750 110
751 103
752 116
753 7
754 41
755 120
756 102
757 120
758 84
759 108
760 85
761 84
762 100
763 84
764 58
765 17
766 52
767 84
768 3
769 29
770 19
771 69
772 98
773 108
774 23
775 93
776 29
777 122
778 80
779 25
780 17
781 30
782 117
783 115
784 50
785 39
786 62
787 79
788 7
789 105
790 42
791 121
792 6
793 116
794 21
795 46
796 76
797 123
798 32
799 77
800 37
801 62
802 18
803 89
804 23
805 48
806 123
807 123
808 55
809 36
810 110
811 5
812 61
813 75
814 66
815 56
816 119
817 27
818 127
819 91
820 43
821 116
822 62
823 114
824 61
825 66
826 104
827 18
828 49
829 46
830 118
831 1
832 56
833 68
834 28
835 33
836 48
837 5
838 51
839 27
840 125
841 111
842 112
843 112
844 20
845 91
846 71
847 17
848 114
849 88
850 94
851 11
852 77
853 28
854 85
855 91
856 75
857 30
858 77
859 28
860 119
861 35
862 63
863 128
864 22
865 53
866 60
867 36
868 111
869 39
870 64
871 117
872 84
873 125
874 38
875 74
876 96
877 30
878 18
879 84
880 37
881 81
882 95
883 73
884 45
885 116
886 48
887 118
888 116
889 98
890 24
891 110
892 51
893 40
894 86
895 103
896 116
897 110
898 55
899 12
900 84
901 8
902 22
903 31
904 79
905 109
906 43
907 11
908 10
909 76
910 17
911 105
912 36
913 69
914 126
915 21
916 31
917 19
918 35
919 28
920 25
921 62
922 9
923 14
924 51
925 23
926 64
927 21
928 39
929 15
930 29
931 23
932 64
933 36
934 55
935 19
936 19
937 8
938 17
939 36
940 24
941 13
942 28
943 9
944 45
945 27
946 61
947 32
948 35
949 56
950 7
951 18
952 17
953 11
954 64
955 16
956 38
957 59
958 19
959 57
960 12
961 44
962 36
963 44
964 14
965 21
966 33
967 34
968 60
969 29
970 44
971 45
972 11
973 11
974 44
975 18
976 39
977 8
978 30
979 21
980 39
981 60
982 10
983 41
984 60
985 12
986 19
987 38
988 38
989 39
990 2
991 40
992 5
993 4
994 29
995 31
996 30
997 30
998 37
999 45
1000 63
1001 41
1002 63
1003 53
1004 20
1005 9
1006 44
1007 64
1008 3
1009 8
1010 13
1011 44
1012 44
1013 12
1014 18
1015 36
1016 54
1017 44
1018 37
1019 29
1020 5
1021 47
1022 56
1023 42
1024 11
1025 54
1026 51
1027 23
1028 26
1029 2
1030 29
1031 43
1032 15
1033 4
1034 58
1035 62
1036 2
1037 62
1038 49
1039 33
1040 29
1041 25
1042 27
1043 28
1044 54
1045 15
1046 30
1047 56
1048 28
1049 19
1050 13
1051 14
1052 6
1053 38
1054 28
1055 35
1056 51
1057 28
1058 20
1059 29
1060 60
1061 46
1062 14
1063 43
1064 3
1065 12
1066 5
1067 49
1068 22
1069 22
1070 47
1071 64
1072 53
1073 11
1074 47
1075 4
1076 2
1077 27
1078 18
1079 47
1080 56
1081 26
1082 27
1083 60
1084 48
1085 13
1086 53
1087 11
1088 9
1089 20
1090 15
1091 6
1092 54
1093 56
1094 49
1095 12
1096 2
1097 18
1098 58
1099 34
1100 12
1101 55
1102 13
1103 60
1104 5
1105 18
1106 62
1107 40
1108 47
1109 15
1110 42
1111 8
1112 4
1113 12
1114 5
1115 48
1116 60
1117 24
1118 45
1119 23
1120 14
1121 26
1122 43
1123 43
1124 59
1125 50
1126 20
1127 20
1128 30
1129 6
1130 10
1131 23
1132 1
1133 15
1134 14
1135 27
1136 5
1137 14
1138 25
1139 19
1140 1
1141 25
1142 5
1143 10
1144 17
1145 28
1146 6
1147 1
1148 4
1149 21
1150 3
1151 2
1152 12
1153 14
1154 24
1155 1
1156 22
1157 1
1158 31
1159 3
1160 27
1161 8
1162 13
1163 22
1164 4
1165 30
1166 28
1167 9
1168 7
1169 32
1170 27
1171 24
1172 24
1173 14
1174 30
1175 8
1176 11
1177 17
1178 11
1179 18
1180 24
1181 22
1182 9
1183 10
1184 16
1185 20
1186 20
1187 3
1188 30
1189 29
1190 31
1191 17
1192 20
1193 12
1194 16
1195 30
1196 19
1197 13
1198 2
1199 7
1200 28
1201 14
1202 32
1203 32
1204 25
1205 26
1206 10
1207 20
1208 3
1209 11
1210 26
1211 32
1212 6
1213 8
1214 7
1215 14
1216 27
1217 5
1218 3
1219 29
1220 18
1221 16
1222 32
1223 26
1224 1
1225 1
1226 12
1227 10
1228 29
1229 13
1230 24
1231 15
1232 22
1233 30
1234 5
1235 12
1236 29
1237 18
1238 6
1239 4
1240 10
1241 26
1242 24
1243 13
1244 23
1245 6
1246 28
1247 9
1248 26
1249 29
1250 17
1251 26
1252 15
1253 23
1254 30
1255 29
1256 16
1257 17
1258 29
1259 11
1260 18
1261 15
1262 19
1263 12
1264 32
1265 5
1266 18
1267 3
1268 32
1269 30
1270 13
1271 10
1272 3
1273 17
1274 24
1275 15
1276 2
1277 32
1278 27
1279 27
1280 1
1281 27
1282 26
1283 18
1284 28
1285 15
1286 17
1287 21
1288 14
1289 20
1290 6
1291 22
1292 7
1293 4
1294 19
1295 30
1296 4
1297 20
1298 28
1299 29
1300 23
1301 22
1302 18
1303 27
1304 2
1305 6
1306 9
1307 30
1308 23
1309 1
1310 25
1311 7
1312 11
1313 14
1314 4
1315 16
1316 28
1317 12
1318 23
1318 19
1319 5
1319 13
1320 12
1320 19
1321 25
1321 20
1322 17
1322 20
1334 7
1335 7
1336 6
1337 4
1338 16
1339 11
1340 16
1344 9
1345 9
1346 4
1347 7
1348 5
1349 14
1350 11
1351 11
1352 1
1353 15
1354 13
1355 1
1356 11
1357 16
1358 6
1359 12
1360 1
1361 13
1362 4
1363 15
1364 10
1365 9
1366 3
1367 14
1368 15
1369 6
1370 16
1371 5
1372 1
1373 14
1374 4
1375 6
1376 16
1377 7
1378 13
1379 6
1380 9
1381 15
1382 13
1383 3
1384 10
1385 14
1386 15
1387 3
1388 6
1389 14
1390 9
1391 9
1392 3
1393 5
1394 13
1395 13
1396 15
1397 5
1398 5
1399 9
1400 5
1401 15
1402 8
1403 13
1404 15
1405 1
1406 12
1407 13
1408 11
1409 7
1410 3
1411 14
1412 8
1414 12
1415 10
1416 8
1417 14
1418 14
1419 1
1420 7
1421 3
1422 14
1423 9
1424 5
1425 7
1426 3
1427 4
1428 8
1429 4
1430 8
1431 2
1432 5
1433 6
1434 5
1435 1
1436 5
1437 3
1438 6
1439 1
1440 3
1441 8
1442 1
1443 8
1444 5
1445 3
1446 8
1447 7
1448 3
1449 5
1450 2
1451 1
1452 1
1453 6
1454 6
1455 5
1456 3
1457 1
1458 2
1459 1
1460 4
1461 6
1462 5
1463 7
1464 7
1465 7
1466 3
1467 1
1468 3
1469 8
1470 7
1471 1
1472 2
1473 4
1474 4
1475 5
1476 8
1477 5
1478 3
1479 6
1480 2
1481 5
1482 5
1483 6
1484 3
1485 7
1486 1
1487 3
1488 5
1489 5
1490 1
1491 7
1492 6
1493 2
1494 5
1495 4
1496 5
1497 3
1498 6
1499 8
1500 4
1501 3
1502 8
1503 3
1504 1
1505 2
1506 1
1507 3
1508 2
1509 3
1510 3
1511 1
1512 4
1513 3
1514 3
1515 3
1516 3
1517 4
1518 3
1519 2
1520 1
1521 4
1522 2
1523 1
1524 4
1525 2
1526 1
1527 1
1528 3
1529 2
1530 4
1531 2
1532 2
1533 1
1534 2
1535 3
1536 1
1537 2
1538 1
1539 4
1540 1
1541 3
1542 4
1543 4
1544 4
1545 1
1546 3
1547 4
1548 4
1549 2
1550 2
1551 4
1552 2
1553 1
1554 3
1555 2
1556 1
1557 1
1558 1
1559 3
1560 3
1561 2
1562 1
1563 2
1564 4
1565 1
1566 4
1567 1
1568 3
1569 4
1570 4
1571 3
1572 2
1573 1
1574 2
1575 3
1576 1
1577 3
1578 2
1579 2
1580 3
1581 4
1582 1
1583 2
1584 2
1585 1
1586 2
1587 2
1588 2
1589 2
1590 1
1591 1
1592 1
1593 2
1594 2
1595 1
1596 1
1597 2
1598 1
1599 2
