5000
0 809606
1 856908
0 579679
1 676676
3 257622
2 534598
6 93731
5 438345
6 777349
9 87459
9 89923
9 566942
11 115464
13 807331
13 296077
12 959096
13 94083
17 677961
15 987335
17 345951
16 554556
20 619555
21 605359
22 81508
23 59015
25 713196
25 638282
24 223238
26 803069
25 735925
27 197288
28 99114
31 698277
31 255721
33 660212
35 117824
34 858689
33 985459
38 744202
39 895823
40 144156
41 616244
42 785313
43 596057
43 420216
44 2033
45 465163
47 431689
48 673042
45 521171
49 694517
51 598486
50 786157
51 274354
50 15043
52 879124
54 160998
55 498263
55 397764
56 529791
58 49579
59 746097
58 892273
63 765119
62 866330
61 366086
64 638887
65 946390
66 386650
66 192040
69 185779
69 600704
69 764100
71 279707
72 359057
71 72661
73 462832
77 485674
78 984587
75 910687
79 986118
78 350985
81 855267
79 817307
83 735665
84 925563
83 34834
84 994197
84 936529
89 362545
90 972150
88 958198
89 813062
89 674546
91 647476
94 117539
93 176713
95 431931
96 509709
99 660539
96 377421
97 328907
102 443975
100 32162
100 260473
103 960198
105 792459
107 245458
106 89413
107 992474
110 398715
110 86971
108 274024
109 242725
113 704289
115 835485
116 642024
113 231499
115 211508
115 534652
116 16344
119 773900
121 401785
123 712906
120 276793
122 693466
126 319596
125 287482
126 313345
129 225987
126 778644
129 69247
132 996133
133 966289
130 139283
135 534965
132 137657
137 831735
134 455447
137 724052
139 488109
138 726606
138 706259
141 628732
142 155260
145 565363
143 662992
146 65080
146 334433
147 684554
148 679993
149 102104
150 482950
152 100249
150 651695
154 157323
152 501645
157 891166
156 144072
157 152336
160 839644
159 931703
158 148927
162 349718
161 945727
163 612058
163 758655
164 614030
166 988894
167 865730
166 753637
169 728769
169 829482
172 577139
174 468884
174 988246
175 419497
177 480449
175 217111
179 3874
178 195099
180 44908
181 68002
183 987197
184 880804
182 626807
186 627438
183 575115
187 157694
187 304290
189 551591
189 735690
191 235090
193 54608
194 896250
195 59183
192 137053
197 612775
198 901120
199 462386
197 527254
200 651396
201 906667
200 544077
202 316547
204 318072
204 109493
204 452934
205 724796
208 669531
208 523855
208 836967
212 332210
212 334321
213 470993
214 59174
213 296907
215 196287
214 431317
217 784118
216 288140
217 489468
222 988244
219 961385
220 536491
222 725625
223 13750
226 630974
224 677749
225 766219
228 975721
229 814855
228 466510
233 197140
232 201465
231 282881
236 641246
236 226320
234 566413
238 18958
238 620567
238 197867
240 962371
241 508022
244 161220
242 927406
244 971729
247 145156
248 231672
245 809283
246 435772
247 115600
252 159185
253 377868
251 319679
252 702871
253 422125
257 330720
258 37534
259 597035
259 155837
258 888448
261 330298
261 307952
261 153560
261 220376
266 190770
264 418168
265 448986
267 74820
268 142158
268 284948
268 114460
273 294766
271 426467
275 122647
272 192294
276 277267
277 217015
276 485746
279 359237
279 264424
278 285186
283 48180
282 291887
282 485669
285 501710
286 134029
287 268134
287 359246
288 494441
288 116527
289 419774
292 125253
292 44937
295 36397
293 59701
294 48310
294 194562
295 102633
300 117540
297 146167
301 38991
303 383455
301 359747
305 368276
303 104043
304 211553
307 509378
305 98122
308 403976
309 216872
312 293974
311 318959
312 206634
313 16888
312 473960
317 475463
315 267425
319 486814
317 74755
318 92344
320 519875
319 117377
323 478759
322 283220
323 104408
323 76622
328 422441
326 515931
327 74870
329 184537
328 180999
333 235712
330 436692
332 24559
332 180668
334 247496
338 57268
338 376199
340 29489
339 50762
342 173881
341 341179
343 351970
342 153979
345 411301
347 342722
344 378074
348 304733
346 84651
349 150630
349 95197
349 475673
351 93029
351 237690
353 439684
356 305789
357 133739
356 323884
357 30291
361 182802
359 457340
362 346148
363 112865
364 290155
366 347026
363 56474
364 13172
365 85142
369 298753
367 418479
368 188312
373 394690
374 458290
374 277342
375 182200
373 490764
377 326502
379 95499
376 228278
379 455161
378 118188
383 437746
381 451272
381 186125
386 160884
387 285127
385 276098
388 136517
389 350066
391 32328
388 242642
390 289062
392 511147
393 402556
395 447478
394 123236
394 215898
395 241890
397 465106
400 434116
401 189195
399 243626
400 522614
404 7537
406 283224
407 120035
406 308177
408 474146
407 35138
407 391640
410 462408
410 456065
414 195538
413 105202
412 456902
417 466885
416 200715
416 27546
419 348499
420 401431
422 473773
421 500235
423 370345
421 327872
426 450258
426 397407
425 414326
429 217933
430 115778
430 1799
432 215830
432 54144
433 266039
433 455327
436 367401
436 396710
438 318461
438 81736
440 188386
437 49693
440 326638
441 89481
441 370376
442 75314
446 239008
444 293745
446 178178
446 342142
450 342664
451 342993
451 52648
451 284938
451 256751
452 170316
453 475696
455 334857
456 61855
456 280930
457 408298
461 360449
459 135252
462 162741
461 379187
462 261369
466 339528
467 65151
467 458839
467 347304
469 486269
468 78115
471 45228
471 417183
472 398396
474 262192
473 150874
474 339735
474 519268
475 379431
476 313116
480 339645
480 121071
479 79260
483 476338
481 514717
486 1452
486 28614
486 208016
485 392956
489 219732
488 182234
492 36078
492 432411
492 390720
492 384361
496 259616
495 192128
497 459095
497 282208
496 288669
498 37633
501 69147
501 515397
504 29097
504 71538
505 234691
504 220667
507 74318
509 105138
510 80193
509 62919
508 63265
513 33754
510 235984
515 237037
513 48686
514 227864
517 154645
519 142280
516 23082
518 28017
522 39781
519 220645
524 192734
523 196234
526 43363
527 229391
524 62656
529 182756
526 152047
528 110124
530 85402
529 111068
530 133949
533 93277
533 164602
534 188819
536 254275
538 107997
539 13213
537 171559
541 249770
541 2771
540 72177
542 248971
545 142453
544 210185
546 222611
545 37648
550 107567
549 203150
552 24189
552 215018
550 237691
552 57720
553 81615
554 236229
556 100255
556 222642
558 257378
561 147759
560 94188
559 233677
561 109338
563 209256
564 87739
567 235629
566 253405
565 160065
569 151403
567 254567
568 136511
571 127736
574 239419
572 171462
574 147933
576 246657
575 115048
577 169236
577 126157
580 84764
580 150841
581 77142
583 248553
583 240921
585 86902
584 232405
584 130900
585 257299
586 117562
587 4116
589 211845
592 247027
593 187512
594 185547
594 144561
593 104936
598 211782
596 168535
596 163461
601 24411
600 128730
602 198238
600 3787
602 126322
602 158359
604 242089
604 210226
609 25792
609 71582
611 14432
609 34162
613 106211
614 86242
612 51377
616 16395
617 98766
614 167437
617 52148
616 71492
621 160710
621 102344
621 10480
623 42141
623 51178
622 166488
623 86913
628 61181
629 140923
626 57954
630 252090
628 59957
629 4714
633 106208
631 231492
633 73511
633 81083
634 255791
638 122895
636 249701
639 35036
639 30455
643 208209
640 154982
642 126963
642 252501
643 77750
646 181118
649 124135
647 86811
647 36055
651 97466
653 50736
653 209374
655 20673
654 111145
657 242600
654 158449
656 39508
656 245415
658 48597
659 84484
663 235355
660 88927
663 144058
662 257704
665 46035
665 85715
667 239622
669 186856
667 110316
670 254437
673 199784
670 60654
673 66693
675 197919
674 51853
674 220099
678 223770
676 96670
679 20079
682 93774
680 45154
680 134956
682 36971
686 3675
685 184796
687 219256
688 86322
687 45716
689 39153
689 52170
690 35936
691 60492
691 130405
692 76343
695 107658
698 202346
695 260928
697 193548
700 237641
698 17378
701 201620
700 47169
704 130000
706 229077
707 158727
706 28582
705 91668
706 249096
711 171948
710 12070
709 122487
711 9042
712 34018
716 192354
714 109863
718 20698
718 78917
716 151111
718 133457
720 255323
719 193664
722 177386
721 164113
722 167298
723 71390
726 196122
727 253298
728 137966
729 65914
732 226518
729 97239
732 139162
731 106726
736 35956
736 63806
734 257930
737 59732
738 240962
739 102016
738 114908
743 33112
742 71975
742 160592
746 240102
744 152904
745 189191
745 143370
750 4090
748 21112
751 18883
749 135029
751 20038
753 97845
753 69987
757 109793
757 261466
756 18790
757 16001
757 144680
761 207429
759 17831
761 204499
761 162
766 87735
767 18453
768 95879
769 76448
766 222753
767 56597
772 195554
773 60246
774 104101
772 180416
773 34361
773 117915
775 82590
777 46575
778 79247
781 23117
781 24571
783 117165
784 118878
784 107577
782 85134
786 20727
787 1475
787 94470
790 98776
790 8676
791 30516
789 48629
791 67436
791 97533
793 3238
794 117
796 124837
795 127876
797 102968
801 1019
798 47077
800 66223
800 61103
805 120017
805 68485
803 21618
808 16974
807 21025
807 42543
809 44424
810 126920
813 11444
810 89470
812 107134
814 93302
813 71488
814 443
815 38879
817 110627
819 30922
820 67081
821 14030
820 121854
824 98308
823 37076
824 11978
828 106219
826 118488
826 41322
827 5459
829 120041
833 122053
833 93024
832 19054
833 124331
833 34855
836 31324
837 58363
838 19442
839 101185
841 66948
841 37360
841 37081
845 36047
843 28661
844 129453
847 64572
846 103210
849 105179
850 21823
848 113221
851 123928
850 1751
853 6539
854 13714
857 38152
857 120014
855 29469
858 78381
861 100386
860 40774
861 117099
862 27222
863 106423
866 53620
863 87425
866 103138
868 20581
867 31436
867 7674
870 108649
873 103889
874 35371
874 31338
876 51880
876 99935
875 51807
876 94500
878 73298
881 46975
882 553
880 88324
880 80397
884 90510
885 43509
887 61592
887 3731
885 123597
889 72153
888 110351
892 122026
893 14355
894 59344
892 3664
896 13626
894 128132
895 34612
898 114571
899 43668
899 103131
900 91570
900 39653
901 101188
903 108429
903 86295
903 28071
906 41925
907 61171
907 69777
907 37760
908 17853
911 107392
910 78399
913 70055
916 123705
914 46245
914 47269
918 41202
919 20883
917 80644
921 88541
922 75143
923 19770
924 2226
926 54000
923 103786
928 111359
926 13473
926 56263
930 3004
932 113725
929 70149
930 6231
931 82108
933 104013
936 109817
935 110144
936 32728
937 7100
939 31079
940 48296
940 96165
940 125409
942 64044
944 73980
946 27758
945 92890
948 83033
948 108120
947 14307
949 128226
953 122309
952 88786
951 55814
955 35821
953 99091
958 97272
955 120814
960 50855
960 21224
960 101466
963 90291
962 107379
963 58263
966 119864
965 74450
968 11143
966 113507
970 8427
968 52870
970 45135
970 3087
974 44508
974 119190
974 1474
974 128510
974 52227
978 53531
980 110908
979 117233
980 66952
980 15238
982 46601
984 19606
983 75466
983 113418
985 24853
989 27852
988 58292
990 116223
988 123575
989 105339
991 98249
991 71371
995 90294
993 107618
997 93603
995 103388
1000 29409
998 110298
1001 91584
1002 38573
1000 61908
1003 109206
1003 60476
1006 2752
1005 129291
1008 12674
1007 67211
1010 79912
1010 63266
1013 60111
1012 106146
1013 42794
1013 108463
1013 5703
1015 95757
1018 80135
1018 69527
1018 60359
1020 93544
1022 57679
1021 114965
1022 5024
1024 41961
1025 28236
1027 27953
1026 38077
1026 8600
1028 74523
1030 44899
1029 65261
1030 1046
1031 25113
1035 121806
1036 31046
1038 112106
1035 112790
1038 98321
1038 13038
1041 55141
1039 43671
1042 52642
1043 54316
1043 26122
1044 61252
1046 37331
1049 13182
1046 18836
1047 42592
1051 14237
1052 54588
1050 36994
1055 4867
1054 63526
1053 29604
1056 9773
1055 55018
1059 43916
1060 15238
1061 48889
1062 57464
1061 27731
1062 9482
1062 37298
1063 63485
1067 1530
1065 25965
1070 23935
1071 39392
1072 52880
1069 58488
1073 2185
1074 24193
1073 44459
1077 140
1074 25743
1079 44578
1076 19753
1079 51461
1078 57139
1080 9517
1083 44622
1084 20660
1085 1324
1083 313
1087 23267
1088 54921
1087 64620
1087 28832
1092 5557
1090 65073
1090 24632
1093 51369
1095 48416
1095 30684
1098 8360
1096 30348
1096 40202
1101 6056
1099 25065
1100 28324
1102 39676
1104 60548
1104 22516
1106 3117
1107 28275
1106 5190
1106 25189
1107 33997
1109 9558
1112 31756
1113 6083
1114 21093
1114 17051
1115 63542
1114 33005
1118 54724
1118 41367
1121 20497
1118 16209
1122 21198
1120 23779
1123 16785
1126 62486
1125 45719
1128 30129
1125 29689
1126 46470
1130 36279
1128 30939
1132 62648
1133 20832
1134 52577
1136 46082
1133 52750
1134 41884
1136 4678
1137 13081
1138 60504
1141 12070
1143 5064
1143 37992
1143 39486
1146 63665
1147 51015
1145 21638
1148 11023
1146 9358
1147 17134
1149 7451
1149 47274
1152 40180
1155 9791
1152 15945
1155 62992
1154 21013
1158 33778
1160 19526
1160 36884
1158 34202
1160 44612
1161 19501
1163 24414
1165 2211
1165 46677
1167 60471
1169 7641
1169 41712
1168 12379
1169 40020
1170 19975
1172 28401
1173 41476
1172 54477
1175 20353
1175 41390
1175 64957
1179 24064
1180 42186
1179 58596
1181 49621
1180 26173
1181 29792
1182 56108
1185 2458
1186 24610
1185 62860
1188 49146
1190 46717
1192 10662
1192 42091
1190 58339
1193 38322
1192 51481
1194 33774
1196 39137
1197 17448
1200 24153
1199 4209
1202 19054
1199 23365
1202 33454
1203 37842
1205 50467
1203 2283
1204 62385
1207 14221
1207 58479
1211 52935
1209 54085
1213 2931
1211 60437
1213 4404
1215 56669
1216 6194
1216 61156
1219 62763
1219 9530
1218 18243
1218 57899
1220 29397
1220 32962
1223 1028
1225 45217
1224 65372
1228 42548
1229 52888
1226 61202
1230 51406
1229 989
1233 45280
1230 35180
1233 39262
1233 57088
1234 18996
1235 58279
1237 52240
1240 1597
1240 59288
1242 4375
1240 36877
1240 1457
1241 3021
1243 32187
1246 24910
1244 46170
1246 58619
1247 64513
1247 19009
1248 14951
1249 19095
1251 47345
1252 38079
1256 24589
1257 59759
1255 10035
1258 22449
1259 54691
1257 27406
1261 22478
1261 27913
1263 47892
1264 3637
1262 22839
1263 31279
1267 55892
1265 26758
1268 2854
1271 39397
1272 65302
1269 33863
1273 15869
1273 10559
1274 5621
1273 52612
1277 14044
1279 38962
1280 44243
1280 3166
1279 26115
1282 11764
1283 62948
1284 29633
1285 3541
1285 26081
1285 23632
1286 15861
1290 29253
1290 11244
1290 20153
1291 31331
1293 15552
1295 3598
1293 30680
1293 16801
1294 22328
1298 30585
1297 17719
1301 26828
1300 29309
1303 27500
1304 14301
1304 18176
1302 27648
1306 12704
1304 8072
1306 28550
1306 5857
1309 13317
1309 1034
1312 19661
1312 2847
1311 9817
1313 8726
1314 2192
1317 25692
1316 26804
1318 8706
1320 15161
1321 21500
1323 1190
1324 27208
1321 11688
1324 9772
1323 15507
1325 30764
1328 5914
1328 31591
1331 24735
1328 7993
1333 25747
1334 15288
1335 11738
1334 27411
1336 4599
1338 25595
1339 19843
1340 8170
1338 3396
1338 22292
1342 28779
1341 6348
1343 15133
1342 13412
1344 3187
1346 1239
1345 17265
1349 8772
1349 25805
1348 19179
1353 16708
1353 168
1353 22345
1354 26125
1355 1386
1355 17237
1359 6008
1360 1536
1357 17637
1358 31847
1359 25096
1360 823
1361 5610
1363 13310
1363 31567
1366 15959
1367 1763
1367 12273
1367 28842
1371 8565
1371 21117
1372 2875
1373 611
1372 19745
1376 16583
1375 31913
1376 9993
1379 12782
1379 11741
1378 14571
1380 11185
1382 17272
1385 20884
1382 4734
1387 18582
1386 31560
1387 21347
1389 27059
1388 22702
1388 22742
1392 441
1391 5359
1391 27761
1393 32600
1395 2484
1397 23594
1399 20888
1396 17727
1398 17836
1401 1328
1401 2941
1402 24606
1403 22199
1402 23631
1406 8726
1404 17423
1405 31976
1406 19281
1409 17285
1409 23457
1410 12306
1414 32557
1412 18947
1414 12628
1416 32427
1415 30116
1417 7756
1420 19864
1418 6285
1422 30799
1421 3464
1421 28668
1423 6929
1425 21362
1426 23835
1428 17599
1429 5311
1430 25514
1429 31088
1429 29274
1433 9960
1434 20735
1431 3109
1434 31773
1434 8193
1437 2259
1438 32476
1437 12416
1439 31050
1440 1715
1441 30365
1443 26271
1442 12785
1444 14007
1447 20922
1447 1085
1449 31180
1450 1893
1451 29342
1451 9809
1453 29346
1454 11049
1455 6879
1454 29325
1454 18379
1458 15368
1459 6743
1458 29316
1457 8283
1462 19450
1460 4094
1463 11002
1464 26158
1462 13594
1466 13167
1465 11809
1469 24839
1466 24908
1471 4147
1471 17181
1469 20398
1470 22040
1474 31869
1475 6706
1476 497
1477 7985
1478 18488
1478 32688
1479 24077
1478 357
1480 17555
1481 22968
1481 3536
1486 16972
1484 24168
1486 8218
1487 6229
1486 26542
1489 25076
1492 26002
1490 16249
1493 23052
1491 2177
1495 15211
1493 12963
1497 2726
1498 18374
1497 6915
1499 30220
1498 6027
1500 19909
1503 26657
1503 19115
1504 15453
1507 29446
1505 32611
1509 25865
1507 20957
1510 6313
1511 17977
1513 12095
1510 13606
1515 22411
1516 16141
1515 15990
1515 32166
1516 29269
1517 12814
1520 11252
1522 25794
1520 20314
1524 18698
1523 2421
1523 6500
1524 3461
1527 10833
1528 5796
1530 13639
1531 748
1532 899
1529 945
1531 1528
1531 13984
1535 907
1533 2036
1538 5658
1536 8760
1537 7506
1541 312
1541 6114
1540 10814
1544 6906
1543 8636
1545 15005
1543 3672
1548 14839
1548 4085
1546 14227
1550 7095
1552 16074
1550 5858
1553 5855
1555 11558
1556 11348
1556 5179
1555 8013
1559 13813
1560 9419
1561 1462
1558 8716
1563 5590
1560 15562
1565 8406
1562 6297
1564 9316
1568 8028
1566 2288
1570 8649
1569 13537
1571 6131
1570 802
1574 7995
1575 15934
1575 12670
1574 2444
1575 11092
1576 12411
1577 4157
1577 6287
1578 8535
1582 8531
1582 6022
1582 746
1586 13191
1585 676
1587 10672
1588 1615
1590 14424
1590 12735
1590 3103
1590 7440
1591 5433
1595 7667
1596 7193
1593 999
1597 8836
1595 398
1600 4755
1598 4416
1598 10944
1603 8794
1600 6992
1604 8087
1602 15467
1607 14172
1604 14697
1608 2767
1610 1250
1607 2736
1609 2943
1612 10312
1614 1198
1613 8712
1612 10621
1615 10220
1617 9311
1619 2507
1620 15994
1617 14057
1622 12401
1619 10028
1621 329
1622 8824
1623 9421
1623 12744
1627 5608
1625 5694
1629 12473
1627 2270
1629 6449
1632 7460
1632 12879
1634 7353
1633 10082
1633 10067
1638 5235
1637 9503
1640 13909
1639 4147
1638 8428
1642 11124
1641 8161
1642 13127
1644 13388
1643 13256
1646 6855
1646 5627
1649 3602
1650 13021
1648 5437
1650 3462
1650 2624
1653 15990
1654 2850
1656 13804
1656 4480
1659 8146
1657 11657
1661 7225
1659 11725
1661 1921
1660 562
1663 5229
1665 10996
1667 9206
1666 11703
1666 7141
1668 11421
1670 3277
1668 8018
1670 8284
1671 15800
1674 11632
1673 14565
1676 5995
1675 4477
1677 5164
1677 13769
1680 11723
1682 8143
1680 8968
1684 8220
1681 15213
1684 11905
1685 13220
1687 14852
1689 1708
1688 14550
1689 10709
1690 8446
1689 4357
1691 8897
1694 7165
1692 15944
1693 9209
1695 5932
1695 10245
1697 10558
1698 11281
1698 6957
1702 9268
1702 14138
1704 11953
1705 102
1704 10090
1705 5515
1706 6446
1708 7763
1707 4968
1710 2419
1711 5312
1711 6995
1714 13072
1712 723
1716 15992
1714 4912
1717 9190
1719 1925
1717 4892
1720 8500
1721 9198
1724 10716
1724 8877
1725 14435
1726 13058
1727 3809
1726 1922
1728 8636
1731 5648
1732 13987
1733 8007
1732 5454
1732 4019
1735 12003
1733 2093
1735 5758
1736 7482
1740 13714
1738 8759
1742 13333
1742 11327
1743 11415
1744 5882
1746 12299
1745 7950
1748 3833
1747 3065
1746 12693
1748 10174
1752 2145
1751 8442
1750 9185
1753 4265
1753 3480
1756 7299
1755 11252
1757 721
1759 9168
1761 15287
1760 12652
1760 8406
1761 3240
1764 8780
1765 3895
1764 2402
1765 10617
1768 8119
1770 12057
1770 11261
1772 14414
1771 16276
1770 11302
1773 12032
1775 6295
1776 6524
1777 8193
1779 665
1779 7500
1781 6759
1782 3269
1780 4014
1780 1680
1783 3355
1782 5265
1784 7294
1786 4566
1786 7040
1787 1566
1790 92
1789 1930
1792 1509
1791 6774
1791 5079
1795 6504
1793 2188
1798 6481
1797 2473
1796 1528
1797 1823
1799 6521
1800 3671
1800 7256
1803 3270
1805 8023
1805 2844
1805 1713
1809 6605
1807 6360
1808 3467
1812 1955
1810 4701
1812 7211
1814 1017
1813 894
1813 5090
1815 6865
1818 2680
1819 1541
1821 2924
1821 6481
1822 6611
1820 2149
1824 6464
1825 7911
1823 7763
1828 2676
1829 3182
1828 1218
1828 1599
1828 6161
1830 5348
1834 7939
1832 592
1832 4908
1835 1500
1838 2166
1835 2247
1840 4629
1837 111
1840 5523
1842 3775
1844 512
1843 4325
1842 3007
1843 345
1846 1494
1847 2926
1846 7379
1848 4077
1851 7245
1853 4815
1853 2213
1851 2101
1854 7544
1855 6747
1858 891
1855 3677
1856 6774
1860 8137
1861 4095
1860 1781
1863 6836
1864 4486
1863 1932
1863 1214
1866 3780
1869 4972
1869 7935
1867 1989
1872 3364
1873 5468
1871 4876
1874 1555
1874 5301
1874 4495
1878 1275
1879 4117
1879 5517
1878 5184
1879 4649
1883 6726
1883 380
1883 1558
1883 1307
1887 6579
1888 5557
1889 7014
1888 1789
1888 4163
1889 8094
1889 2645
1893 4568
1893 351
1896 1076
1897 3796
1898 927
1898 3292
1898 4878
1900 2607
1902 7715
1902 5036
1900 3550
1902 1749
1903 142
1905 5336
1908 5372
1905 7447
1910 346
1911 447
1912 2734
1911 3676
1912 2015
1915 1411
1916 6920
1914 1477
1918 4253
1916 427
1917 6490
1918 5143
1921 7989
1921 3925
1923 2755
1922 8003
1926 2450
1927 271
1927 838
1927 7740
1929 1734
1927 2553
1930 1802
1929 1559
1932 8020
1933 6286
1935 6392
1935 2831
1936 1977
1937 4477
1939 4734
1937 78
1940 3962
1940 6934
1942 3146
1945 3231
1946 428
1944 1341
1944 7851
1948 5935
1948 7952
1951 3140
1952 6157
1951 2438
1952 7123
1953 5769
1956 3921
1956 1403
1957 3701
1957 4455
1960 1923
1961 6506
1961 7972
1959 1124
1962 5629
1962 5792
1966 4346
1964 1165
1965 185
1968 524
1966 1695
1970 3830
1970 1710
1971 609
1974 2798
1975 409
1972 1727
1977 6447
1974 4644
1979 5081
1980 4964
1980 315
1981 3177
1979 6665
1980 860
1985 3777
1986 4003
1984 5182
1987 7733
1986 4271
1986 6053
1988 5953
1992 6956
1993 5455
1992 1374
1995 1794
1994 720
1995 1541
1994 1390
1999 3396
1997 2242
1997 7435
1998 3304
2002 528
2001 3821
2004 4790
2004 4127
2005 3180
2008 7918
2006 4538
2009 3298
2008 1476
2010 6677
2011 1370
2014 4471
2012 4026
2014 63
2017 4055
2014 6486
2019 847
2016 3285
2019 5664
2019 4397
2023 8127
2021 4065
2022 209
2024 334
2026 506
2024 2571
2027 3059
2028 154
2027 67
2029 2649
2031 697
2034 3281
2033 789
2034 2406
2035 855
2034 2856
2035 2152
2037 3218
2041 1089
2041 2995
2040 1530
2040 2454
2044 1339
2043 2340
2047 3456
2045 9
2047 2825
2046 1481
2051 1112
2048 1814
2049 2184
2051 623
2055 1510
2056 3320
2055 3160
2057 995
2059 1143
2059 1991
2060 3850
2062 3249
2061 3478
2062 3921
2061 1065
2062 2381
2064 1853
2066 1644
2065 3389
2068 2131
2069 1727
2068 1404
2072 1625
2073 2058
2074 1399
2073 829
2074 1558
2077 2670
2075 3217
2078 2186
2080 1704
2078 1365
2081 95
2083 3765
2085 1266
2083 2360
2084 533
2087 2766
2088 3451
2086 129
2088 3735
2088 2303
2091 3383
2091 2920
2094 2042
2095 2097
2094 2337
2098 80
2099 46
2100 39
2097 3
2102 2373
2102 3899
2101 615
2101 3190
2104 2410
2105 896
2106 170
2108 767
2107 3667
2109 583
2109 3707
2113 246
2114 375
2111 376
2112 2752
2113 483
2115 255
2118 1927
2116 487
2121 1330
2118 3655
2123 2472
2120 400
2124 3671
2125 485
2126 1089
2127 2487
2129 2921
2130 225
2128 1184
2128 2205
2132 3110
2130 3157
2135 320
2135 3681
2134 1593
2138 3069
2136 3381
2139 1391
2137 3777
2139 2586
2139 635
2141 3178
2143 268
2142 1509
2146 1906
2148 2391
2146 1498
2150 3744
2150 2025
2152 2794
2151 2478
2151 1529
2153 1753
2154 972
2155 3322
2156 1788
2155 116
2160 3829
2160 1961
2160 364
2162 1884
2164 1296
2165 2139
2163 540
2166 3166
2166 2520
2169 3193
2169 1478
2171 93
2171 2392
2171 2609
2171 835
2174 3334
2176 251
2175 1954
2174 918
2177 436
2179 750
2177 2282
2179 862
2180 4051
2183 238
2185 340
2183 2733
2183 2122
2184 1036
2189 93
2189 3423
2187 1853
2191 297
2190 10
2194 2680
2195 1183
2194 576
2196 3166
2196 1154
2199 851
2198 3334
2197 2888
2201 2483
2200 3134
2203 535
2205 1453
2205 2297
2207 2594
2208 1735
2205 2979
2209 2519
2209 3717
2210 3187
2212 1392
2211 244
2212 3796
2216 650
2214 2238
2215 2265
2216 2235
2218 2091
2217 2527
2220 3470
2221 1503
2224 1536
2223 2344
2226 2481
2224 871
2227 2858
2229 2659
2227 977
2227 32
2229 702
2231 3365
2234 1846
2232 2865
2234 866
2236 414
2234 3161
2236 2131
2236 3583
2240 1399
2242 1655
2239 1551
2241 3785
2241 1787
2245 847
2245 2437
2248 2650
2247 2835
2249 1090
2248 2916
2248 2478
2249 727
2252 1112
2251 907
2256 988
2253 606
2254 527
2255 1529
2258 1149
2261 1125
2262 1839
2261 1702
2263 325
2262 191
2262 1529
2266 769
2265 1776
2268 1501
2266 290
2267 1111
2268 1978
2273 20
2274 2041
2272 1877
2272 881
2277 477
2277 1970
2277 1591
2280 282
2279 1210
2279 1181
2280 1310
2281 93
2281 238
2282 283
2283 1395
2285 1206
2286 1875
2289 1047
2291 737
2288 1297
2289 1678
2290 588
2291 1579
2294 1861
2294 1907
2296 1218
2296 1330
2299 556
2300 1624
2301 1738
2303 1598
2300 166
2304 1847
2304 321
2304 1832
2304 1985
2306 1766
2310 1460
2309 215
2310 963
2310 1129
2312 2045
2314 1532
2312 1056
2316 1003
2314 505
2319 317
2316 1078
2319 1399
2318 1719
2322 1680
2320 150
2325 1865
2322 1655
2324 798
2326 522
2327 1441
2327 540
2331 1416
2330 707
2329 1413
2334 1489
2331 1797
2332 829
2334 1157
2338 1450
2335 1948
2339 892
2341 963
2339 1059
2342 112
2342 1085
2344 1536
2342 1410
2347 124
2345 972
2345 400
2349 132
2348 1186
2351 746
2349 1471
2350 837
2352 749
2352 1850
2355 69
2356 327
2358 1911
2358 683
2360 1420
2359 1500
2361 1138
2362 1503
2364 1388
2362 1439
2364 420
2365 389
2366 559
2370 1894
2367 797
2371 1359
2369 234
2372 1761
2374 1630
2375 1957
2373 457
2375 700
2378 681
2380 1488
2379 1568
2378 1629
2382 1141
2381 743
2381 506
2383 439
2384 745
2385 522
2387 971
2387 2033
2389 194
2388 1958
2390 973
2390 1837
2393 123
2393 115
2396 463
2394 1983
2397 1664
2399 2037
2401 957
2400 1412
2402 201
2402 1329
2405 529
2402 1632
2403 990
2404 315
2407 223
2407 1055
2408 137
2411 565
2413 1611
2414 1141
2415 499
2415 655
2414 685
2414 536
2417 2000
2419 1431
2418 709
2421 569
2423 102
2420 1324
2424 2013
2425 190
2426 239
2426 1453
2425 716
2429 1373
2427 140
2429 467
2432 965
2434 1342
2435 529
2436 1187
2433 2036
2435 324
2438 961
2438 330
2440 660
2438 254
2441 1850
2444 949
2442 508
2443 1921
2443 922
2447 958
2445 1045
2446 1337
2450 1738
2452 751
2453 1667
2452 57
2452 1245
2453 13
2457 1661
2458 62
2456 955
2458 1078
2458 345
2459 972
2463 1315
2462 1586
2461 1789
2463 903
2467 1618
2464 345
2467 198
2470 1101
2467 2024
2469 1443
2473 119
2472 1132
2473 530
2475 848
2477 565
2478 1354
2475 774
2480 1312
2481 1763
2479 1353
2482 1717
2480 694
2484 910
2482 1236
2485 1588
2485 1681
2487 1686
2489 1739
2489 164
2489 610
2491 584
2492 310
2491 2016
2494 1752
2493 194
2498 1871
2498 1821
2496 1120
2500 1492
2498 1622
2499 1450
2504 649
2501 999
2506 1632
2506 1026
2507 1932
2509 1144
2509 1094
2507 1060
2511 315
2510 599
2510 524
2515 768
2516 106
2513 203
2517 951
2518 580
2518 401
2520 1012
2522 200
2521 899
2522 906
2522 830
2522 780
2524 309
2528 308
2529 342
2530 308
2528 470
2532 563
2530 362
2533 204
2531 865
2532 788
2535 968
2535 914
2538 368
2540 165
2541 913
2542 862
2543 174
2540 525
2541 608
2545 200
2543 777
2544 110
2549 762
2546 472
2547 886
2548 239
2550 795
2552 159
2551 461
2554 287
2556 540
2556 331
2556 348
2557 817
2557 551
2559 11
2560 929
2563 894
2562 175
2564 219
2564 89
2566 391
2566 241
2570 901
2570 120
2569 702
2570 151
2573 173
2575 127
2574 472
2573 761
2575 497
2577 164
2578 687
2581 549
2582 405
2582 532
2584 620
2585 189
2586 873
2586 400
2584 856
2589 980
2590 1023
2589 555
2592 947
2591 791
2593 34
2591 242
2594 184
2597 348
2596 403
2597 201
2597 837
2597 96
2602 367
2600 865
2604 925
2604 534
2604 721
2604 409
2605 77
2607 720
2610 785
2610 99
2611 515
2610 912
2610 10
2614 59
2614 176
2615 91
2614 122
2619 434
2616 759
2617 615
2619 169
2623 566
2620 479
2624 217
2626 81
2626 53
2624 500
2629 552
2628 213
2631 247
2629 513
2631 71
2630 936
2635 969
2636 269
2636 886
2638 933
2639 776
2638 788
2638 875
2638 551
2639 715
2643 669
2645 341
2645 297
2644 74
2644 473
2648 677
2648 80
2648 785
2652 358
2649 617
2650 341
2655 847
2654 659
2657 142
2656 429
2659 323
2656 488
2659 81
2660 19
2660 384
2663 407
2665 577
2663 822
2663 311
2668 233
2667 780
2666 381
2671 82
2669 41
2670 790
2671 941
2675 956
2675 310
2675 901
2678 134
2678 347
2676 56
2681 535
2679 117
2682 595
2682 603
2685 684
2683 648
2684 460
2687 325
2689 979
2686 131
2689 546
2692 678
2691 706
2694 975
2694 109
2694 212
2695 92
2696 1010
2696 975
2699 516
2698 206
2699 522
2701 725
2704 224
2705 294
2705 743
2703 511
2704 874
2708 631
2707 252
2709 240
2708 211
2710 442
2711 787
2712 270
2715 918
2717 716
2714 30
2719 322
2719 208
2720 616
2719 993
2723 199
2724 401
2724 513
2723 523
2723 498
2728 222
2725 474
2727 570
2731 205
2728 385
2731 618
2733 516
2735 196
2733 33
2736 330
2735 425
2736 910
2740 650
2739 800
2740 140
2742 155
2740 623
2743 78
2742 609
2743 982
2745 723
2746 879
2746 496
2749 104
2752 184
2751 280
2754 824
2754 683
2754 660
2753 63
2755 419
2757 375
2756 134
2757 201
2761 76
2760 162
2761 194
2764 363
2765 374
2763 83
2765 293
2766 134
2769 37
2768 209
2768 211
2772 225
2773 21
2772 274
2775 287
2776 374
2774 454
2777 262
2780 377
2778 319
2779 442
2780 273
2782 487
2785 125
2784 227
2784 144
2788 117
2787 486
2789 412
2788 383
2788 215
2789 98
2792 61
2792 483
2795 129
2796 458
2798 67
2796 76
2796 289
2799 20
2801 384
2803 167
2801 508
2804 360
2803 469
2805 1
2805 456
2805 171
2810 217
2810 278
2809 259
2812 403
2814 154
2815 272
2813 481
2814 59
2816 317
2818 122
2816 351
2817 267
2820 43
2820 25
2824 408
2821 313
2824 44
2827 275
2827 39
2827 81
2829 122
2828 243
2831 284
2829 43
2832 131
2831 344
2833 234
2835 268
2838 114
2839 365
2837 14
2838 5
2839 378
2842 111
2842 510
2843 246
2843 423
2846 420
2845 83
2845 112
2849 133
2848 380
2852 489
2850 166
2851 121
2852 402
2856 454
2853 231
2857 156
2855 105
2856 306
2857 411
2860 446
2863 508
2860 405
2865 52
2863 399
2867 282
2867 331
2865 150
2866 217
2869 445
2870 290
2870 153
2873 7
2875 89
2874 290
2876 116
2874 230
2879 110
2878 193
2879 219
2882 21
2881 217
2881 98
2883 270
2882 320
2883 293
2884 360
2885 451
2887 428
2889 9
2890 393
2892 153
2891 207
2895 506
2896 58
2896 292
2894 333
2896 441
2896 251
2898 138
2900 429
2901 65
2901 358
2904 2
2906 339
2903 299
2904 395
2905 385
2910 60
2909 410
2912 479
2912 19
2914 434
2915 480
2914 446
2913 155
2917 161
2918 257
2916 63
2921 16
2918 451
2921 486
2924 230
2921 208
2922 333
2926 15
2924 13
2928 323
2926 417
2927 207
2931 429
2929 251
2930 426
2932 275
2933 78
2934 440
2937 92
2935 457
2936 233
2939 439
2940 283
2940 29
2942 216
2942 173
2946 349
2943 215
2947 287
2946 92
2948 101
2951 123
2951 298
2949 198
2953 77
2952 120
2956 352
2957 375
2954 305
2957 320
2958 282
2959 126
2961 127
2963 433
2960 178
2961 43
2964 28
2965 55
2965 68
2965 164
2966 34
2968 63
2969 70
2970 380
2974 409
2973 115
2972 333
2974 476
2974 90
2975 151
2980 481
2980 496
2978 401
2981 374
2981 240
2982 235
2986 218
2983 443
2986 233
2988 485
2990 240
2988 500
2990 7
2992 15
2994 116
2994 364
2993 385
2994 368
2995 143
2996 182
2996 347
2999 434
3000 345
3001 14
3003 425
3001 249
3005 37
3007 309
3006 48
3006 110
3007 150
3009 470
3011 292
3010 97
3014 275
3011 151
3013 176
3014 288
3014 93
3016 393
3018 387
3021 449
3021 157
3023 337
3024 392
3023 504
3026 214
3027 35
3027 441
3028 498
3026 322
3028 322
3031 129
3030 117
3030 377
3034 335
3033 136
3037 36
3038 177
3037 21
3037 33
3040 421
3038 303
3040 112
3042 55
3044 202
3042 205
3044 133
3044 36
3048 248
3050 221
3048 96
3052 147
3053 95
3050 129
3052 22
3052 106
3054 254
3057 138
3056 24
3059 148
3061 241
3058 72
3060 14
3064 228
3064 27
3062 246
3066 205
3065 252
3069 185
3069 217
3071 117
3071 7
3071 107
3074 204
3073 245
3073 245
3077 196
3076 144
3078 175
3078 106
3081 27
3078 30
3081 218
3083 188
3085 186
3083 200
3087 125
3087 53
3088 135
3089 229
3088 151
3090 14
3093 40
3090 122
3092 237
3094 98
3097 18
3096 183
3096 151
3098 135
3098 22
3102 205
3100 40
3100 144
3105 92
3103 187
3105 69
3105 1
3107 224
3106 233
3110 170
3112 193
3113 13
3113 169
3111 78
3112 138
3117 248
3114 170
3115 71
3120 207
3120 81
3122 39
3123 146
3121 169
3121 219
3124 210
3125 251
3126 9
3127 251
3130 1
3128 175
3129 233
3133 76
3132 16
3134 2
3134 121
3135 165
3134 37
3136 126
3139 69
3141 81
3139 69
3143 69
3143 110
3142 40
3143 178
3147 104
3147 9
3148 239
3150 197
3147 156
3151 124
3150 229
3152 192
3154 112
3156 105
3156 17
3154 74
3156 223
3156 136
3157 13
3159 130
3160 59
3161 80
3162 235
3166 197
3164 2
3167 17
3166 233
3169 230
3168 166
3170 252
3173 66
3174 101
3175 215
3174 96
3176 218
3174 256
3176 35
3179 142
3181 254
3181 221
3181 2
3184 25
3183 19
3184 12
3185 121
3184 153
3189 120
3189 112
3191 25
3189 201
3193 147
3194 226
3194 244
3194 43
3196 229
3194 77
3195 179
3199 149
3200 141
3198 157
3199 146
3203 229
3201 101
3205 221
3205 37
3205 6
3205 123
3206 210
3209 75
3210 82
3211 74
3213 39
3213 214
3213 163
3217 42
3216 37
3215 149
3219 240
3219 42
3222 152
3220 20
3223 243
3222 179
3222 103
3224 186
3224 234
3229 133
3226 194
3230 123
3231 161
3232 46
3233 72
3235 198
3234 58
3233 147
3236 126
3237 9
3236 232
3238 100
3242 64
3243 198
3241 68
3243 164
3244 106
3245 254
3247 2
3248 143
3249 6
3247 234
3250 50
3250 67
3254 46
3253 181
3256 96
3257 138
3256 34
3257 78
3258 233
3260 252
3260 186
3260 8
3261 62
3262 105
3263 219
3266 115
3267 51
3269 61
3267 174
3267 226
3269 36
3273 125
3272 147
3274 198
3273 170
3276 189
3278 33
3278 53
3278 81
3278 135
3281 70
3282 201
3284 86
3284 34
3282 88
3287 18
3287 43
3289 98
3290 112
3288 119
3290 66
3290 66
3293 123
3291 76
3293 84
3297 48
3294 1
3296 12
3296 89
3299 110
3300 112
3300 14
3301 110
3302 19
3305 89
3307 102
3306 118
3305 75
3308 15
3309 120
3309 68
3313 124
3312 83
3314 113
3315 38
3315 98
3316 56
3316 80
3316 5
3318 112
3318 73
3321 84
3321 100
3322 101
3323 23
3324 9
3325 104
3327 105
3328 42
3329 40
3330 35
3331 125
3333 81
3334 61
3335 31
3334 104
3337 97
3335 97
3338 103
3337 2
3341 38
3342 22
3343 121
3345 80
3344 51
3345 16
3347 90
3347 37
3347 6
3349 101
3350 79
3350 107
3353 53
3351 52
3352 26
3353 72
3354 43
3355 29
3360 68
3357 60
3358 104
3362 79
3360 95
3361 10
3364 52
3365 52
3366 19
3366 8
3370 47
3371 40
3368 12
3371 108
3374 78
3375 87
3374 39
3377 104
3376 67
3375 28
3380 114
3380 127
3381 48
3383 31
3381 54
3384 16
3383 89
3384 73
3388 82
3389 120
3386 79
3388 61
3390 62
3390 94
3390 123
3393 57
3395 42
3395 117
3394 104
3399 113
3396 60
3400 3
3402 106
3401 47
3404 89
3404 15
3406 99
3403 49
3407 93
3409 43
3410 15
3410 93
3411 75
3412 13
3414 2
3411 117
3412 91
3414 70
3418 75
3419 36
3416 15
3417 99
3420 52
3422 109
3422 50
3425 67
3426 84
3426 119
3427 17
3428 115
3430 63
3429 88
3428 71
3433 44
3430 31
3434 41
3436 88
3437 32
3437 41
3435 3
3440 23
3441 73
3439 7
3442 56
3444 7
3445 19
3444 99
3446 83
3445 77
3445 45
3449 56
3447 99
3450 108
3453 80
3451 58
3452 26
3455 88
3454 112
3454 10
3455 93
3459 128
3457 28
3460 101
3461 1
3460 28
3462 97
3462 52
3463 91
3467 60
3466 31
3470 34
3467 125
3471 53
3473 94
3474 88
3471 2
3476 26
3477 10
3476 98
3478 76
3476 42
3481 67
3480 36
3482 69
3483 9
3482 81
3484 41
3483 64
3487 31
3488 26
3486 106
3489 20
3489 67
3489 84
3491 110
3491 51
3492 96
3495 61
3497 30
3495 17
3496 125
3499 76
3500 67
3499 91
3504 79
3503 69
3504 47
3504 11
3508 4
3507 20
3506 30
3508 19
3511 63
3513 98
3512 19
3514 59
3514 27
3515 66
3517 61
3515 78
3517 54
3520 100
3519 128
3519 45
3524 10
3525 4
3524 4
3525 32
3524 46
3526 32
3529 20
3531 5
3531 7
3531 42
3532 55
3531 56
3535 5
3536 33
3534 53
3536 30
3538 45
3540 6
3540 25
3540 12
3542 16
3542 15
3546 8
3546 63
3544 6
3548 55
3550 9
3550 31
3552 39
3550 28
3553 56
3555 19
3553 12
3553 23
3558 56
3557 25
3556 43
3557 14
3562 55
3562 57
3561 18
3565 13
3565 47
3567 7
3564 33
3565 53
3568 33
3569 17
3568 55
3569 46
3570 37
3574 43
3572 39
3576 62
3574 58
3575 42
3580 7
3577 52
3578 59
3583 22
3583 46
3583 45
3582 23
3584 49
3584 47
3588 47
3589 61
3587 13
3590 51
3592 7
3591 38
3594 12
3595 7
3594 21
3595 22
3596 33
3596 39
3601 9
3601 20
3601 6
3602 4
3602 10
3603 64
3605 58
3605 60
3609 20
3610 47
3609 7
3611 26
3613 1
3610 41
3615 62
3616 51
3615 20
3615 18
3617 49
3617 34
3620 35
3622 28
3620 49
3621 5
3624 53
3623 49
3625 2
3627 63
3628 15
3626 36
3630 41
3631 57
3629 16
3633 28
3633 53
3634 19
3635 51
3636 9
3636 8
3638 61
3639 13
3638 51
3641 60
3643 10
3644 1
3646 62
3644 33
3644 51
3646 16
3648 57
3651 35
3652 39
3650 13
3652 63
3651 3
3654 62
3656 64
3656 16
3657 48
3656 26
3661 29
3660 14
3660 1
3661 40
3662 28
3663 14
3667 63
3664 38
3665 14
3670 55
3668 25
3670 44
3671 28
3674 34
3671 21
3673 61
3676 27
3674 41
3678 9
3677 59
3681 32
3681 33
3680 11
3683 61
3683 54
3682 64
3684 41
3684 45
3686 37
3686 44
3688 44
3691 39
3689 57
3693 30
3692 36
3694 13
3694 52
3695 17
3695 23
3700 16
3700 58
3698 20
3701 30
3704 56
3701 2
3702 1
3705 1
3706 62
3709 60
3710 62
3710 25
3710 38
3711 44
3712 34
3712 23
3715 10
3713 15
3715 11
3716 41
3716 62
3720 55
3718 44
3721 61
3722 62
3723 22
3725 55
3724 15
3726 31
3729 22
3727 41
3727 36
3732 9
3729 41
3734 5
3732 6
3732 46
3735 33
3734 46
3739 30
3738 4
3739 13
3741 18
3743 59
3742 57
3744 11
3746 52
3743 12
3748 6
3747 5
3747 28
3748 62
3752 42
3752 29
3751 63
3752 40
3754 5
3756 9
3758 25
3759 50
3758 25
3759 28
3759 47
3759 59
3762 50
3765 15
3766 60
3763 22
3766 49
3766 35
3767 3
3770 35
3770 61
3773 40
3773 27
3771 40
3773 33
3773 32
3778 21
3776 58
3780 51
3778 27
3780 42
3781 63
3783 57
3782 57
3785 27
3785 14
3788 20
3788 5
3787 16
3787 7
3790 28
3790 1
3791 27
3795 2
3794 17
3797 1
3797 4
3798 17
3797 31
3800 14
3799 16
3799 16
3804 10
3801 2
3805 11
3804 10
3806 20
3809 2
3808 15
3811 14
3809 30
3811 31
3814 25
3812 21
3815 32
3815 19
3815 6
3818 16
3817 17
3820 17
3818 15
3823 29
3822 28
3823 16
3822 16
3825 14
3826 32
3829 20
3827 25
3830 15
3828 2
3829 32
3830 10
3831 15
3835 1
3834 9
3838 2
3836 23
3840 6
3838 5
3839 8
3843 26
3844 11
3845 31
3842 31
3843 23
3844 15
3849 31
3846 16
3849 3
3851 26
3850 21
3854 9
3854 9
3855 17
3857 9
3854 26
3856 3
3860 6
3858 2
3859 20
3862 10
3863 14
3861 13
3866 18
3865 24
3866 24
3866 31
3870 20
3867 5
3869 23
3870 22
3872 22
3875 27
3873 5
3876 4
3877 25
3876 16
3876 28
3878 1
3880 12
3880 23
3881 2
3882 2
3885 17
3886 4
3884 19
3888 13
3889 29
3890 17
3891 24
3890 18
3893 30
3895 32
3892 12
3895 23
3895 4
3899 32
3896 8
3901 19
3901 1
3903 12
3901 5
3902 19
3902 7
3903 21
3906 9
3908 18
3908 30
3910 15
3910 28
3913 19
3911 8
3913 4
3913 8
3913 29
3917 3
3915 2
3916 2
3921 25
3918 32
3923 13
3922 7
3924 11
3923 16
3927 25
3924 31
3926 20
3929 24
3930 30
3931 12
3930 10
3932 17
3933 11
3933 19
3935 4
3938 7
3936 16
3938 14
3940 7
3942 18
3939 21
3941 6
3941 5
3943 3
3947 28
3944 21
3948 4
3950 3
3947 25
3948 2
3949 28
3952 17
3952 14
3954 31
3955 23
3957 2
3955 15
3958 9
3959 27
3959 6
3960 30
3961 27
3961 7
3962 31
3964 29
3967 26
3968 27
3969 28
3968 6
3969 9
3972 1
3970 12
3975 8
3972 17
3976 18
3974 29
3975 22
3979 7
3980 26
3979 22
3982 28
3984 18
3983 24
3984 5
3986 21
3988 24
3985 11
3988 12
3991 11
3992 6
3990 32
3992 20
3992 25
3995 23
3996 32
3995 27
3999 21
3998 19
3999 12
4001 24
4003 9
4001 5
4002 8
4006 25
4006 15
4008 9
4006 21
4009 1
4008 6
4010 31
4009 21
4011 17
4015 30
4013 8
4013 22
4016 12
4017 12
4019 5
4020 8
4018 4
4020 6
4023 18
4023 2
4024 7
4027 10
4025 11
4027 17
4030 32
4027 17
4028 22
4033 4
4030 31
4035 10
4035 21
4035 27
4037 5
4038 28
4038 20
4039 21
4039 13
4040 31
4040 20
4043 17
4045 25
4045 18
4046 1
4046 2
4046 28
4049 13
4052 4
4053 1
4051 14
4052 1
4055 5
4057 4
4056 13
4056 9
4056 10
4057 7
4062 7
4063 10
4061 2
4065 3
4064 4
4066 5
4065 4
4068 8
4070 4
4067 12
4070 16
4072 16
4070 8
4075 14
4076 7
4074 4
4077 13
4078 1
4078 16
4079 4
4081 2
4081 13
4083 8
4081 11
4085 14
4087 15
4085 2
4087 4
4089 16
4091 6
4092 11
4090 13
4093 4
4092 3
4096 16
4096 9
4097 8
4095 9
4097 10
4101 4
4099 4
4102 8
4104 2
4105 1
4106 1
4106 8
4104 6
4105 16
4108 13
4107 14
4110 15
4110 2
4111 8
4115 10
4116 6
4113 1
4115 8
4118 5
4118 1
4117 3
4121 3
4120 9
4123 4
4123 8
4123 12
4123 3
4128 13
4128 15
4128 5
4127 11
4128 12
4130 16
4130 7
4131 14
4135 15
4134 15
4138 7
4139 3
4137 1
4137 3
4142 5
4139 11
4143 8
4141 7
4142 15
4143 5
4148 2
4145 6
4148 1
4150 12
4152 3
4152 8
4152 7
4153 11
4156 15
4154 13
4158 6
4157 7
4157 3
4158 2
4160 3
4159 3
4160 12
4162 2
4162 11
4167 11
4165 10
4166 3
4168 14
4170 1
4172 15
4172 13
4172 15
4172 4
4174 14
4177 14
4177 9
4176 5
4179 1
4177 7
4178 13
4181 11
4182 2
4183 2
4186 13
4185 14
4184 12
4185 16
4186 9
4191 4
4191 8
4192 15
4192 11
4194 10
4195 7
4195 7
4195 6
4199 7
4197 14
4200 5
4198 6
4201 12
4202 1
4203 5
4204 9
4205 15
4206 12
4209 1
4207 9
4209 10
4212 1
4211 10
4211 2
4211 5
4215 12
4214 16
4218 14
4215 5
4220 2
4217 8
4218 12
4223 6
4220 6
4225 16
4226 12
4224 6
4228 16
4229 16
4230 16
4231 10
4229 11
4231 10
4230 6
4235 14
4232 5
4235 11
4235 1
4236 4
4240 5
4241 15
4239 15
4242 9
4243 7
4243 10
4243 12
4246 3
4244 10
4248 6
4248 9
4248 9
4249 8
4253 2
4252 8
4255 4
4256 10
4254 2
4256 15
4255 10
4257 6
4258 16
4262 7
4262 11
4263 5
4265 8
4264 9
4266 2
4264 2
4269 3
4268 7
4267 6
4269 3
4270 12
4272 3
4275 4
4275 7
4273 4
4275 7
4277 15
4280 2
4277 13
4279 6
4281 1
4281 13
4282 8
4284 16
4287 1
4288 4
4287 8
4288 2
4287 4
4291 7
4289 8
4294 7
4292 5
4295 3
4297 7
4297 6
4295 2
4297 8
4301 2
4300 8
4301 8
4301 1
4303 6
4304 7
4306 6
4304 1
4306 7
4308 4
4309 1
4310 4
4311 8
4312 1
4315 5
4313 6
4317 2
4315 2
4316 3
4318 4
4319 2
4321 3
4322 5
4320 6
4324 6
4323 1
4325 3
4328 1
4329 6
4326 7
4331 2
4330 7
4330 7
4331 2
4335 3
4336 5
4333 7
4334 6
4336 7
4336 6
4338 8
4341 5
4343 5
4342 7
4341 6
4343 4
4343 5
4347 4
4349 2
4346 8
4347 4
4350 3
4350 8
4354 1
4352 2
4356 8
4353 8
4355 2
4358 2
4357 5
4361 1
4358 2
4359 4
4364 2
4365 2
4362 4
4363 6
4364 7
4367 1
4367 6
4370 6
4370 8
4371 4
4373 1
4374 6
4372 1
4377 4
4378 5
4379 8
4376 7
4380 7
4382 5
4381 1
4381 7
4381 1
4382 3
4384 6
4384 2
4388 1
4389 7
4391 2
4388 8
4393 8
4390 1
4394 7
4393 8
4396 1
4397 1
4396 1
4397 4
4398 5
4401 3
4401 2
4401 8
4402 4
4406 1
4403 1
4406 1
4409 4
4409 3
4407 4
4410 1
4413 8
4411 2
4413 6
4412 2
4414 3
4416 4
4419 2
4418 7
4417 1
4420 1
4423 5
4420 5
4422 2
4424 4
4425 2
4428 2
4428 1
4429 2
4431 4
4432 2
4429 4
4433 5
4434 6
4434 6
4437 6
4436 8
4438 6
4438 7
4441 8
4440 3
4440 4
4444 6
4444 1
4442 4
4445 5
4448 5
4446 8
4450 5
4450 1
4449 5
4451 8
4454 8
4454 7
4453 7
4456 5
4455 3
4457 1
4460 1
4457 1
4458 6
4459 4
4463 2
4463 8
4463 5
4467 3
4467 6
4468 6
4468 5
4468 3
4469 7
4469 3
4471 1
4475 2
4472 1
4473 7
4474 7
4479 7
4479 6
4478 2
4480 4
4481 1
4484 2
4484 1
4483 6
4486 7
4485 7
4488 6
4486 8
4488 6
4490 1
4489 5
4494 8
4494 3
4494 4
4493 3
4494 2
4498 5
4498 5
4497 7
4499 7
4499 2
4503 8
4502 6
4503 5
4505 2
4506 8
4505 6
4509 3
4507 1
4508 1
4511 1
4514 4
4511 6
4513 8
4515 3
4516 6
4515 2
4518 3
4517 8
4520 3
4523 6
4520 1
4522 4
4525 6
4524 8
4528 6
4525 1
4526 4
4527 2
4530 2
4533 1
4531 1
4533 1
4533 7
4535 1
4537 2
4539 5
4540 2
4537 3
4542 2
4543 3
4541 4
4542 2
4545 3
4543 3
4544 3
4549 1
4550 4
4548 2
4552 4
4551 1
4553 2
4551 2
4554 1
4554 3
4554 1
4555 4
4558 1
4559 3
4559 2
4560 2
4564 1
4563 1
4562 1
4564 1
4568 4
4565 2
4566 3
4568 1
4569 3
4572 3
4570 2
4574 2
4573 4
4573 2
4574 2
4577 4
4579 2
4580 2
4578 1
4581 4
4584 1
4583 4
4583 2
4587 1
4585 1
4585 3
4589 3
4589 4
4590 3
4592 1
4590 3
4592 4
4596 4
4594 1
4594 1
4595 3
4599 2
4599 1
4602 4
4601 1
4600 2
4602 3
4606 2
4603 1
4606 2
4605 4
4609 1
4609 1
4612 1
4612 1
4614 2
4614 4
4614 3
4614 3
4616 3
4616 4
4618 1
4621 4
4619 4
4622 1
4622 1
4623 4
4625 4
4627 4
4624 2
4627 4
4630 1
4628 1
4629 2
4631 2
4633 3
4634 3
4633 1
4634 4
4634 4
4637 2
4637 3
4639 2
4640 2
4642 1
4643 4
4642 1
4642 1
4646 2
4647 3
4649 2
4648 3
4650 4
4649 3
4650 3
4653 1
4652 3
4654 2
4657 4
4657 2
4659 3
4656 3
4660 2
4659 4
4659 1
4661 2
4661 3
4662 3
4663 2
4667 1
4665 4
4666 4
4667 2
4668 2
4673 2
4674 2
4674 2
4676 4
4675 4
4674 1
4678 1
4678 2
4680 3
4680 4
4681 1
4684 2
4685 4
4685 1
4685 4
4686 3
4686 4
4690 2
4691 2
4689 1
4693 4
4690 4
4692 4
4696 4
4697 3
4695 2
4697 2
4696 4
4698 4
4701 3
4701 1
4701 1
4705 3
4704 3
4703 4
4707 4
4709 4
4709 4
4711 2
4710 1
4711 3
4712 2
4715 4
4715 1
4717 1
4714 1
4718 3
4718 4
4720 4
4720 4
4721 2
4722 4
4725 1
4722 3
4724 4
4725 2
4727 2
4728 4
4727 3
4728 3
4730 1
4732 2
4733 4
4732 2
4734 1
4736 4
4737 4
4737 3
4741 3
4741 3
4743 4
4742 3
4741 3
4743 3
4744 3
4745 4
4747 4
4747 3
4749 3
4750 1
4751 1
4751 2
4753 4
4755 2
4754 2
4758 4
4758 1
4760 3
4759 4
4761 4
4759 2
4760 4
4764 4
4762 1
4765 4
4766 3
4768 4
4766 3
4767 2
4770 3
4771 1
4772 2
4775 3
4773 4
4776 4
4775 3
4779 4
4778 1
4778 1
4780 4
4782 4
4781 4
4785 2
4786 2
4783 3
4784 1
4787 1
4789 2
4787 1
4790 1
4789 2
4794 2
4793 1
4793 1
4794 1
4798 2
4796 1
4797 1
4797 1
4799 2
4800 1
4800 2
4802 1
4806 1
4806 1
4806 2
4805 2
4807 1
4810 2
4809 1
4809 1
4812 1
4813 1
4815 1
4816 2
4816 1
4815 1
4817 1
4817 1
4821 2
4822 2
4821 1
4825 2
4826 2
4825 1
4824 1
4827 2
4828 2
4828 1
4832 2
4833 1
4831 1
4831 1
4832 2
4833 2
4834 1
4839 1
4839 1
4838 1
4838 1
4843 1
4844 1
4844 2
4844 1
4847 2
4846 1
4845 1
4847 1
4851 2
4852 2
4851 2
4850 2
4852 2
4852 2
4857 2
4855 1
4855 1
4859 2
4861 2
4858 2
4861 2
4864 1
4862 2
4862 2
4864 1
4866 1
4865 2
4869 1
4868 2
4870 2
4873 2
4872 2
4873 1
4874 2
4877 1
4878 1
4877 1
4880 1
4881 1
4878 1
4880 2
4884 2
4882 1
4885 2
4883 2
4885 1
4886 1
4886 2
4889 2
4889 1
4892 2
4891 1
4891 2
4893 2
4895 1
4897 2
4896 1
4900 2
4898 1
4898 2
4903 2
4900 1
4905 1
4902 1
4907 2
4907 1
4908 2
4908 2
4907 2
4908 2
4910 1
4911 2
4913 1
4913 1
4913 1
4917 2
4915 1
4917 1
4918 2
4921 2
4922 2
4924 2
4924 2
4922 2
4923 1
4927 1
4929 1
4928 2
4929 1
4928 1
4929 2
4930 1
4934 2
4933 2
4933 1
4934 2
4938 1
4940 2
4941 2
4938 1
4940 2
4944 1
4942 1
4942 2
4945 2
4947 1
4945 2
4950 2
4949 1
4952 1
4950 2
4951 1
4955 2
4953 1
4953 2
4957 2
4957 1
4958 1
4959 1
4959 2
4961 1
4962 2
4963 1
4962 2
4963 2
4966 1
4966 1
4966 2
4969 1
4968 1
4970 2
4972 1
4974 1
4972 2
4977 1
4977 1
4977 1
4980 1
4980 2
4980 1
4982 2
4984 1
4985 1
4985 1
4987 2
4987 1
4989 2
4987 2
4988 1
4990 1
4993 1
4991 2
4994 2
4995 1
4997 2
4997 1
4996 1
