5000
0 143573
1 83656
2 336884
3 779743
4 730824
5 600898
6 437228
7 307778
8 342241
9 33465
10 718502
11 528335
12 289662
13 408990
14 359626
15 895810
16 62903
17 685975
18 979252
19 372690
20 613812
21 651230
22 45194
23 873291
24 744748
25 117002
26 387560
27 912715
28 645854
29 791428
30 894223
31 223039
32 618902
33 755105
34 16110
35 79114
36 100065
37 27073
38 320681
39 152015
40 468694
41 218862
42 264470
43 303492
44 51759
45 42306
46 151690
47 154143
48 514312
49 227095
50 43694
51 75233
52 190439
53 230392
54 258668
55 266074
56 453163
57 347092
58 391588
59 169928
60 157737
61 192637
62 238954
63 45976
64 208328
65 199986
66 198704
67 96619
68 97701
69 81740
70 18626
71 35838
72 217456
73 17101
73 3762
74 190342
75 169027
76 39730
77 117422
78 176623
79 209273
80 23587
81 261318
82 13431
83 69089
84 250443
85 99804
86 66709
87 155105
88 133854
89 158915
90 38346
91 57894
92 38116
93 129372
94 86150
95 97668
96 208259
97 45160
98 95105
99 56
100 29393
101 72285
102 33157
103 93338
104 39140
105 84026
106 79681
107 65449
108 69818
109 98344
110 53931
111 104070
112 126881
113 121557
114 4462
115 66351
116 71897
117 118526
118 7414
119 55276
120 31898
121 63058
122 106316
123 19400
124 70772
125 27825
126 9118
127 118637
128 67129
129 96115
130 82543
131 38109
132 99503
133 23139
134 106283
135 92217
136 26767
137 2791
138 71165
139 35230
140 6515
141 38265
142 77383
143 59764
144 82152
145 43108
146 41660
147 34250
148 54047
149 126535
150 24264
151 10497
152 46022
153 6470
154 61762
155 36256
156 29549
157 57206
158 59180
159 18926
160 27777
161 2645
162 43448
163 49931
164 36544
165 45255
166 63604
167 8255
168 18536
169 15652
170 18942
171 24539
172 61873
173 56655
174 14844
175 39295
176 21540
177 15325
178 61642
179 59518
180 41571
181 35282
182 28662
183 30432
184 18205
185 35284
186 29239
187 54419
188 16566
189 46727
190 56885
191 50367
192 2518
193 43855
194 18669
195 5670
196 57327
197 59444
198 55024
199 2293
200 28022
201 23888
202 28427
203 21278
204 25727
205 31925
206 16467
207 32016
208 22211
209 14021
210 780
211 14937
212 30290
213 20219
214 13285
215 4132
216 20875
217 7158
218 90
218 24162
219 614
219 7884
220 812
221 4584
222 30584
223 627
224 29414
225 28690
226 256
227 22450
228 12895
229 19844
230 653
231 1911
232 16104
233 9005
234 17135
235 4661
236 22593
237 19384
238 15806
239 24368
240 22926
241 12281
242 7180
243 12503
244 25984
245 31134
246 24957
247 22860
248 2064
249 20057
250 13633
251 2007
252 22588
253 31369
254 30049
255 4443
256 13469
257 9695
258 8873
259 31049
260 27199
261 32075
262 3025
263 13529
264 16302
265 12544
266 13318
267 16543
268 24832
269 12405
270 26801
271 11830
272 450
273 26389
274 12416
275 22614
276 7332
277 10701
278 21533
279 5598
280 27090
281 24271
282 18889
283 9760
284 12143
285 7617
286 13885
287 2720
288 14966
289 14862
290 8604
291 1673
292 5428
293 3344
294 12319
295 4992
296 954
297 4272
298 7726
299 8818
300 5926
301 11001
302 11396
303 13276
304 327
305 4013
306 12927
307 8699
308 9183
309 15343
310 8567
311 14098
312 6279
313 7742
314 4713
315 3798
316 14745
317 8138
318 8511
319 15266
320 8875
321 1049
322 7923
323 13629
324 125
325 2526
326 4881
327 14813
328 16152
329 5304
330 152
331 14651
332 13263
333 11805
334 533
335 15500
336 13307
337 14966
338 12070
339 4565
340 14088
341 1522
342 2046
343 2775
344 11475
345 14060
346 14553
347 13079
348 13542
349 12278
350 12539
351 2053
352 4577
353 7726
354 669
355 2207
356 2359
357 13464
358 865
359 5192
360 7078
361 13308
362 14041
363 12063
364 14202
365 11061
366 14220
367 9954
368 13957
369 13347
370 9080
371 1697
372 11966
373 9967
374 11876
375 552
376 6617
377 11171
378 14678
379 2111
380 4488
381 4586
382 11884
383 4639
384 7526
385 2009
386 7611
387 5650
388 4985
389 7303
390 1479
391 887
392 5100
393 2137
394 6362
395 60
396 4740
397 4834
398 1713
399 3832
400 6773
401 5541
402 1665
403 7162
404 2829
405 5125
406 337
407 2370
408 6813
409 1729
410 4342
411 4611
412 299
413 6367
414 7042
415 6548
416 1645
417 6143
418 2090
419 2029
420 4713
421 1787
422 2134
423 1700
424 1357
425 5829
426 6193
427 6536
428 4757
429 5742
430 4553
431 1301
432 2237
433 4449
434 7021
435 3600
436 2695
437 7485
438 4305
439 6998
440 5327
441 4601
442 2910
443 4160
444 7816
445 7056
446 3123
447 5953
448 6772
449 7901
450 4397
451 3923
452 1913
453 3009
454 5365
455 7876
456 4507
457 3795
458 4793
459 7954
460 3308
461 7821
462 7158
463 7024
464 2477
465 1693
466 5336
467 7321
468 400
469 7538
470 1472
471 426
472 2643
473 812
474 2340
475 3818
476 7457
477 624
478 2437
479 6615
480 2120
481 7475
482 6782
483 5314
484 189
485 1487
486 7701
487 5899
488 2905
489 1538
490 2271
491 1479
492 3500
493 860
494 716
495 1691
496 3933
497 384
498 786
499 748
500 2783
501 94
502 2467
503 988
504 496
505 1010
506 278
507 1685
508 1404
508 2352
509 2334
509 394
510 3014
510 2769
511 846
511 1679
512 4094
513 4060
514 2889
515 1768
516 1571
517 83
518 3904
519 2709
520 3191
521 2121
522 1970
523 3540
524 1146
525 3396
526 3014
527 796
528 59
529 2870
530 3895
531 2897
532 1356
533 1025
534 2979
535 3041
536 288
537 1677
538 2594
539 430
540 92
541 1580
542 2472
543 1652
544 1530
545 4073
546 3331
547 30
548 2902
549 3087
550 3601
551 2931
552 1023
553 2686
554 1394
555 2716
556 4041
557 1008
558 2014
559 2828
560 3133
561 653
562 1757
563 3848
564 1508
565 4028
566 62
567 4037
568 1051
569 2371
570 1105
571 2064
572 2699
573 2603
574 1835
575 4072
576 256
577 1928
578 3525
579 3886
580 3578
581 1398
582 3325
583 3652
584 1615
585 2631
586 3323
587 426
588 2727
589 1929
590 293
591 1087
592 1514
593 1200
594 3519
595 2526
596 3608
597 3383
598 1270
599 3890
600 3596
601 2393
602 1412
603 2533
604 2184
605 3420
606 3071
607 1275
608 1333
609 2019
610 872
611 1258
612 2169
613 42
614 3211
615 31
616 1993
617 3048
618 2079
619 840
620 2209
621 3280
622 963
623 2094
624 2910
625 1426
626 2140
627 2669
628 691
629 1897
630 1857
631 2342
632 573
633 3338
634 2511
635 4089
636 2340
637 3667
638 1833
639 462
640 1166
641 556
642 1721
643 3143
644 3966
645 3359
646 1104
647 2363
648 1499
649 1945
650 3077
651 3390
652 511
653 2342
654 2558
655 3311
656 3129
657 382
658 2827
659 315
660 2285
661 3235
662 24
663 898
664 1802
665 1612
666 1708
667 649
668 1780
669 1812
670 1610
671 339
672 541
673 1937
674 1222
675 1789
676 1355
677 1817
678 1407
679 242
680 960
681 862
682 1526
683 1746
684 1805
685 393
686 1208
687 1296
688 1509
689 1238
690 1354
691 1912
692 606
693 154
694 1270
695 715
696 1646
697 112
698 130
699 339
700 1928
701 1584
702 1683
703 405
704 946
705 1209
706 426
707 1856
708 1990
709 1060
710 1534
711 1694
712 1481
713 606
714 403
715 929
716 1246
717 1912
718 717
719 856
720 920
721 374
722 1259
723 1525
724 672
725 1663
726 1102
727 577
728 35
729 1872
730 1854
731 1267
732 725
733 1071
734 1194
735 1091
736 387
737 317
738 295
739 1339
740 130
741 1178
742 900
743 1676
744 727
745 1429
746 338
747 1677
748 1306
749 1432
750 1717
751 1144
752 387
753 79
754 45
755 814
756 374
757 782
758 1818
759 1066
760 391
761 54
762 1932
763 1829
764 1947
765 957
766 111
767 1762
768 1684
769 970
770 913
771 312
772 1053
773 333
774 1808
775 1581
776 383
777 925
778 1465
779 1927
780 1380
781 861
782 1866
783 451
784 760
785 11
786 266
787 1892
788 559
789 503
790 433
791 1669
792 1317
793 1656
794 1803
795 81
796 1388
797 1585
798 991
799 1216
800 872
801 1537
802 1504
803 1284
804 280
805 913
806 533
807 1995
808 143
809 420
810 1189
811 131
812 1099
813 474
814 550
815 236
816 692
817 1424
818 930
819 22
820 922
821 511
822 586
823 1735
824 15
825 1481
826 1648
827 787
828 934
829 737
830 1736
831 1558
832 1089
833 139
834 682
835 1451
836 172
837 316
838 65
839 427
840 1236
841 575
842 1804
843 932
844 2018
845 1567
846 401
847 1466
848 771
849 159
850 1449
851 83
852 488
853 322
854 1988
855 118
856 552
857 42
858 1264
859 1901
860 1256
861 351
862 1421
863 1729
864 1451
865 482
866 179
867 1192
868 532
869 492
870 1474
871 282
872 157
873 854
874 863
875 480
876 44
877 324
878 29
879 82
880 273
881 239
882 372
883 29
884 237
885 436
886 272
887 271
888 217
889 811
890 225
891 167
892 543
893 546
894 39
895 188
896 802
897 688
898 221
899 207
900 339
901 862
902 834
903 193
904 306
905 1012
906 127
907 43
908 828
909 324
910 534
911 992
912 676
913 52
914 330
915 450
916 825
917 931
918 985
919 324
920 558
921 632
922 996
923 633
924 77
925 638
926 424
927 799
928 68
929 984
930 760
931 983
932 435
933 847
934 178
935 69
936 552
937 232
938 142
939 143
940 334
941 814
942 620
943 963
944 259
945 463
946 809
947 304
948 462
949 318
950 588
951 449
952 907
953 529
954 642
955 759
956 306
957 474
958 434
959 524
960 563
961 668
962 277
963 853
964 336
965 87
966 109
967 69
968 294
969 630
970 413
971 203
972 225
973 805
974 1017
975 697
976 463
977 341
978 534
979 89
980 847
981 488
982 1023
983 406
984 130
985 400
986 732
987 65
988 887
989 72
990 9
991 956
992 462
993 119
994 55
995 125
996 85
997 358
998 583
999 310
1000 357
1001 201
1002 755
1003 1000
1004 168
1005 877
1006 811
1007 745
1008 272
1009 345
1010 580
1011 237
1012 593
1013 590
1014 142
1015 962
1016 629
1017 982
1018 125
1019 98
1020 98
1021 82
1022 978
1023 8
1024 648
1025 708
1026 139
1027 24
1028 242
1029 445
1030 336
1031 176
1032 768
1033 338
1034 48
1035 991
1036 417
1037 900
1038 779
1039 292
1040 410
1041 868
1042 861
1043 964
1044 514
1045 598
1046 219
1047 8
1048 318
1049 786
1050 815
1051 935
1052 651
1053 262
1054 768
1055 984
1056 872
1057 1002
1058 590
1059 260
1060 936
1061 525
1062 259
1063 415
1064 282
1065 303
1066 731
1067 869
1068 536
1069 827
1070 31
1071 870
1072 470
1073 910
1074 647
1075 252
1076 613
1077 472
1078 103
1079 427
1080 179
1081 495
1082 432
1083 248
1084 205
1085 344
1086 143
1087 442
1088 411
1088 442
1089 134
1089 290
1090 172
1090 262
1091 201
1091 479
1092 233
1092 146
1093 186
1093 350
1094 474
1094 488
1095 65
1095 264
1096 498
1097 429
1098 214
1099 295
1100 240
1101 185
1102 338
1103 212
1104 472
1105 197
1106 101
1107 193
1108 322
1109 251
1110 219
1111 104
1112 168
1113 426
1114 449
1115 326
1116 401
1117 60
1118 189
1119 118
1120 221
1121 70
1122 454
1123 156
1124 371
1125 289
1126 271
1127 236
1128 493
1129 165
1130 366
1131 157
1132 402
1133 397
1134 49
1135 329
1136 322
1137 125
1138 269
1139 430
1140 135
1141 26
1142 336
1143 411
1144 469
1145 223
1146 13
1147 250
1148 177
1149 327
1150 169
1151 201
1152 252
1153 60
1154 96
1155 126
1156 122
1157 183
1158 147
1159 118
1160 97
1161 193
1162 274
1163 509
1164 192
1165 102
1166 25
1167 159
1168 299
1169 379
1170 188
1171 202
1172 54
1173 249
1174 414
1175 429
1176 229
1177 347
1178 55
1179 43
1180 186
1181 414
1182 262
1183 124
1184 123
1185 469
1186 82
1187 15
1188 311
1189 494
1190 421
1191 182
1192 87
1193 57
1194 403
1195 62
1196 181
1197 113
1198 130
1199 35
1200 410
1201 69
1202 235
1203 350
1204 333
1205 338
1206 11
1207 34
1208 10
1209 44
1210 319
1211 49
1212 5
1213 208
1214 317
1215 269
1216 46
1217 318
1218 164
1219 21
1220 380
1221 190
1222 414
1223 30
1224 352
1225 121
1226 181
1227 138
1228 368
1229 406
1230 427
1231 210
1232 148
1233 237
1234 265
1235 110
1236 469
1237 184
1238 232
1239 469
1240 65
1241 370
1242 27
1243 471
1244 129
1245 325
1246 333
1247 316
1248 320
1249 137
1250 339
1251 269
1252 475
1253 172
1254 423
1255 374
1256 213
1257 307
1258 241
1259 46
1260 127
1261 68
1262 24
1263 478
1264 198
1265 191
1266 121
1267 62
1268 263
1269 22
1270 177
1271 376
1272 413
1273 32
1274 207
1275 483
1276 364
1277 474
1278 63
1279 512
1280 145
1281 32
1282 47
1283 299
1284 358
1285 400
1286 280
1287 176
1288 150
1289 351
1290 188
1291 510
1292 367
1293 363
1294 396
1295 345
1296 328
1297 490
1298 18
1299 185
1300 270
1301 335
1302 477
1303 507
1304 99
1305 107
1306 110
1307 353
1308 211
1309 337
1310 192
1311 21
1312 180
1313 34
1314 352
1315 352
1316 438
1317 275
1318 458
1319 312
1320 296
1321 358
1322 352
1323 65
1324 1
1325 467
1326 326
1327 224
1328 465
1329 227
1330 13
1331 48
1332 250
1333 326
1334 460
1335 30
1336 200
1337 337
1338 166
1339 473
1340 174
1341 280
1342 293
1343 437
1344 158
1345 267
1346 291
1347 218
1348 345
1349 452
1350 298
1351 232
1352 232
1353 439
1354 332
1355 157
1356 97
1357 398
1358 490
1359 352
1360 410
1361 414
1362 135
1363 46
1364 50
1365 150
1366 242
1367 214
1368 140
1369 331
1370 270
1371 117
1372 153
1373 438
1374 329
1375 112
1376 445
1377 500
1378 61
1379 490
1380 70
1381 180
1382 4
1383 335
1384 13
1385 14
1386 420
1387 431
1388 410
1389 392
1390 82
1391 403
1392 135
1393 506
1394 139
1395 357
1396 301
1397 344
1398 275
1399 411
1400 347
1401 73
1402 56
1403 209
1404 460
1405 368
1406 465
1407 165
1408 184
1409 311
1410 412
1411 293
1412 269
1413 37
1414 404
1415 287
1416 251
1417 19
1418 247
1419 330
1420 114
1421 478
1422 362
1423 52
1424 228
1425 490
1426 279
1427 71
1428 423
1429 156
1430 410
1431 323
1432 256
1433 392
1434 48
1435 286
1436 280
1437 221
1438 229
1439 505
1440 428
1441 377
1442 66
1443 498
1444 148
1445 24
1446 499
1447 365
1448 300
1449 44
1450 58
1451 314
1452 239
1453 426
1454 426
1455 149
1456 220
1457 348
1458 20
1459 27
1460 78
1461 302
1462 502
1463 510
1464 219
1465 142
1466 90
1467 98
1468 14
1469 202
1470 165
1471 85
1472 137
1473 63
1474 85
1475 228
1476 213
1477 35
1478 19
1479 213
1480 33
1481 212
1482 113
1483 213
1484 194
1485 200
1486 230
1487 179
1488 157
1489 22
1490 151
1491 136
1492 30
1493 164
1494 149
1495 154
1496 81
1497 170
1498 83
1499 101
1500 165
1501 189
1502 234
1503 148
1504 71
1505 210
1506 194
1507 190
1508 46
1509 23
1510 90
1511 198
1512 79
1513 18
1514 47
1515 232
1516 2
1517 190
1518 206
1519 52
1520 79
1521 244
1522 20
1523 160
1524 110
1525 145
1526 95
1527 222
1528 185
1529 149
1530 123
1531 87
1532 171
1533 233
1534 49
1535 253
1536 8
1537 60
1538 232
1539 218
1540 1
1541 217
1542 92
1543 52
1544 109
1545 74
1546 205
1547 147
1548 136
1549 151
1550 181
1551 231
1552 62
1553 108
1554 210
1555 191
1556 88
1557 57
1558 30
1559 70
1560 127
1561 48
1562 219
1563 122
1564 32
1565 52
1566 154
1567 204
1568 161
1569 34
1570 190
1571 211
1572 164
1573 138
1574 12
1575 168
1576 44
1577 34
1578 224
1579 150
1580 154
1581 111
1582 182
1583 126
1584 60
1585 130
1586 91
1587 55
1588 201
1589 96
1590 12
1591 178
1592 54
1593 163
1594 96
1595 246
1596 4
1597 47
1598 43
1599 115
1600 115
1601 173
1602 218
1603 135
1604 169
1605 203
1606 170
1607 186
1608 82
1609 116
1610 61
1611 174
1612 9
1613 248
1614 143
1615 12
1616 89
1617 169
1618 209
1619 212
1620 72
1621 52
1622 185
1623 103
1624 175
1625 2
1626 5
1627 5
1628 153
1629 12
1630 24
1631 26
1632 144
1633 239
1634 223
1635 79
1636 96
1637 147
1638 145
1639 68
1640 141
1641 23
1642 129
1643 55
1644 26
1645 89
1646 184
1647 159
1648 137
1649 51
1650 65
1651 235
1652 160
1653 92
1654 176
1655 175
1656 185
1657 206
1658 153
1659 203
1660 105
1661 30
1662 67
1663 15
1664 8
1665 27
1666 133
1667 188
1668 59
1669 197
1670 33
1671 160
1672 50
1673 246
1674 87
1675 255
1676 19
1677 59
1678 9
1679 126
1680 96
1681 106
1682 235
1683 146
1684 110
1685 112
1686 168
1687 182
1688 146
1689 187
1690 89
1691 164
1692 74
1693 160
1694 118
1695 10
1696 74
1697 129
1698 98
1699 42
1700 254
1701 12
1702 1
1703 31
1704 128
1705 251
1706 220
1707 41
1708 161
1709 129
1710 162
1711 146
1712 95
1713 162
1714 155
1715 191
1716 190
1717 115
1718 95
1719 33
1720 214
1721 198
1722 40
1723 157
1724 11
1725 21
1726 70
1727 58
1728 248
1729 253
1730 107
1731 3
1732 81
1733 114
1734 100
1735 86
1736 192
1737 47
1738 137
1739 32
1740 189
1741 197
1742 255
1743 195
1744 145
1745 251
1746 99
1747 201
1748 108
1749 39
1750 178
1751 232
1752 47
1753 55
1754 107
1755 10
1756 17
1757 151
1758 37
1759 211
1760 160
1761 89
1762 59
1763 146
1764 94
1765 242
1766 222
1767 57
1768 31
1769 112
1770 109
1771 190
1772 24
1773 31
1774 56
1775 207
1776 12
1777 109
1778 157
1779 113
1780 105
1781 110
1782 194
1783 209
1784 33
1785 218
1786 196
1787 70
1788 172
1789 157
1790 114
1791 183
1792 91
1793 41
1794 79
1795 75
1796 150
1797 72
1798 107
1799 200
1800 226
1801 65
1802 18
1803 201
1804 69
1805 30
1806 53
1807 213
1808 69
1809 1
1810 243
1811 12
1812 239
1813 18
1814 102
1815 9
1816 10
1817 166
1818 244
1819 253
1820 249
1821 138
1822 2
1823 235
1824 155
1825 133
1826 232
1827 199
1828 116
1829 224
1830 139
1831 233
1832 203
1833 255
1834 6
1835 179
1836 111
1837 32
1838 141
1839 20
1840 161
1841 221
1842 86
1843 143
1844 245
1845 142
1846 120
1847 128
1848 102
1849 12
1850 174
1851 133
1852 113
1853 242
1854 219
1855 171
1856 241
1857 15
1858 164
1859 56
1860 162
1861 16
1862 252
1863 96
1864 255
1865 227
1866 116
1867 131
1868 253
1869 199
1870 103
1871 160
1872 28
1873 57
1874 73
1875 244
1876 13
1877 123
1878 232
1879 3
1880 80
1881 75
1882 126
1883 26
1884 35
1885 45
1886 45
1887 91
1888 13
1889 93
1890 71
1891 115
1892 80
1893 112
1894 99
1895 41
1896 125
1897 16
1898 19
1899 63
1900 74
1901 100
1902 47
1903 121
1904 48
1905 105
1906 107
1907 109
1908 106
1909 45
1910 77
1911 71
1912 110
1913 46
1914 32
1915 80
1916 111
1917 99
1918 113
1919 9
1920 106
1921 11
1922 6
1923 65
1924 65
1925 101
1926 19
1927 84
1928 113
1929 100
1930 122
1931 41
1932 4
1933 50
1934 95
1935 78
1936 9
1937 66
1938 59
1939 47
1940 111
1941 9
1942 107
1943 49
1944 118
1945 112
1946 101
1947 97
1948 36
1949 80
1950 83
1951 92
1952 118
1953 121
1954 57
1955 34
1956 111
1957 98
1958 38
1959 61
1960 71
1961 72
1962 34
1963 33
1964 48
1965 77
1966 50
1967 86
1968 7
1969 106
1970 16
1971 117
1972 116
1973 13
1974 106
1975 46
1976 33
1977 30
1978 30
1979 35
1980 26
1981 80
1982 117
1983 76
1984 104
1985 107
1986 111
1987 47
1988 12
1989 79
1990 10
1991 27
1992 79
1993 90
1994 56
1995 123
1996 62
1997 53
1998 67
1999 5
2000 80
2001 35
2002 7
2003 117
2004 13
2005 86
2006 58
2007 122
2008 35
2009 1
2010 26
2011 87
2012 72
2013 34
2014 2
2015 4
2016 7
2017 28
2018 103
2019 8
2020 118
2021 62
2022 107
2023 32
2024 41
2025 63
2026 41
2027 108
2028 123
2029 94
2030 105
2031 18
2032 88
2033 64
2034 68
2035 10
2036 41
2037 75
2038 84
2039 96
2040 9
2041 34
2042 81
2043 33
2044 121
2045 22
2046 111
2047 33
2048 46
2049 106
2050 117
2051 94
2052 45
2053 63
2054 127
2055 110
2056 85
2057 97
2058 9
2059 122
2060 27
2061 10
2062 41
2063 30
2064 121
2065 68
2066 75
2067 110
2068 42
2069 127
2070 42
2071 124
2072 52
2073 57
2074 112
2075 102
2076 119
2077 83
2078 55
2079 123
2080 26
2081 17
2082 37
2083 20
2084 100
2085 107
2086 45
2087 47
2088 35
2089 57
2090 82
2091 17
2092 74
2093 127
2094 19
2095 103
2096 101
2097 10
2098 24
2099 69
2100 126
2101 98
2102 122
2103 30
2104 124
2105 47
2106 90
2107 60
2108 29
2109 81
2110 67
2111 7
2112 127
2113 51
2114 88
2115 111
2116 118
2117 99
2118 40
2119 125
2120 108
2121 24
2122 54
2123 7
2124 62
2125 109
2126 53
2127 24
2128 73
2129 51
2130 42
2131 117
2132 15
2133 125
2134 55
2135 92
2136 42
2137 59
2138 104
2139 89
2140 113
2141 94
2142 126
2143 114
2144 91
2145 94
2146 95
2147 90
2148 76
2149 47
2150 25
2151 114
2152 76
2153 38
2154 89
2155 51
2156 84
2157 96
2158 75
2159 59
2160 57
2161 86
2162 59
2163 121
2164 24
2165 110
2166 36
2167 60
2168 76
2169 36
2170 103
2171 29
2172 2
2173 27
2174 68
2175 45
2176 39
2177 114
2178 69
2179 117
2180 40
2181 16
2182 82
2183 66
2184 47
2185 109
2186 19
2187 42
2188 50
2189 114
2190 15
2191 106
2192 126
2193 2
2194 5
2195 120
2196 127
2197 69
2198 25
2199 83
2200 75
2201 81
2202 28
2203 54
2204 94
2205 72
2206 71
2207 114
2208 77
2209 55
2210 21
2211 92
2212 17
2213 90
2214 39
2215 74
2216 23
2217 103
2218 51
2219 95
2220 110
2221 76
2222 77
2223 116
2224 35
2225 17
2226 81
2227 30
2228 86
2229 18
2230 71
2231 25
2232 122
2233 11
2234 87
2235 36
2236 82
2237 98
2238 67
2239 89
2240 35
2241 63
2242 22
2243 73
2244 114
2245 62
2246 36
2247 93
2248 71
2248 46
2249 127
2249 14
2250 93
2250 35
2251 111
2251 51
2252 51
2252 89
2253 99
2253 40
2254 115
2254 64
2255 94
2255 113
2256 2
2256 124
2257 95
2257 5
2258 92
2258 25
2259 55
2259 65
2260 107
2260 53
2261 60
2261 25
2262 12
2262 32
2263 73
2263 50
2264 9
2265 5
2266 23
2267 113
2268 23
2269 94
2270 109
2271 108
2272 9
2273 30
2274 37
2275 69
2276 115
2277 6
2278 100
2279 13
2280 125
2281 77
2282 40
2283 110
2284 14
2285 85
2286 77
2287 68
2288 65
2289 30
2290 79
2291 4
2292 20
2293 47
2294 18
2295 30
2296 61
2297 28
2298 44
2299 36
2300 14
2301 27
2302 7
2303 5
2304 47
2305 53
2306 60
2307 19
2308 56
2309 47
2310 14
2311 20
2312 33
2313 9
2314 54
2315 60
2316 8
2317 41
2318 44
2319 46
2320 55
2321 37
2322 49
2323 56
2324 33
2325 26
2326 9
2327 6
2328 60
2329 20
2330 49
2331 10
2332 49
2333 6
2334 15
2335 39
2336 7
2337 64
2338 22
2339 7
2340 28
2341 32
2342 48
2343 27
2344 23
2345 56
2346 31
2347 50
2348 10
2349 29
2350 12
2351 51
2352 14
2353 28
2354 51
2355 59
2356 7
2357 1
2358 24
2359 8
2360 35
2361 18
2362 10
2363 22
2364 29
2365 19
2366 17
2367 32
2368 2
2369 58
2370 12
2371 64
2372 37
2373 56
2374 33
2375 55
2376 31
2377 22
2378 50
2379 9
2380 55
2381 40
2382 32
2383 45
2384 12
2385 36
2386 19
2387 52
2388 17
2389 33
2390 43
2391 49
2392 36
2393 2
2394 7
2395 28
2396 64
2397 6
2398 8
2399 61
2400 46
2401 51
2402 12
2403 4
2404 59
2405 61
2406 62
2407 62
2408 57
2409 23
2410 19
2411 41
2412 60
2413 30
2414 12
2415 12
2416 16
2417 32
2418 43
2419 54
2420 50
2421 31
2422 13
2423 53
2424 17
2425 1
2426 41
2427 9
2428 64
2429 62
2430 54
2431 28
2432 18
2433 47
2434 12
2435 64
2436 46
2437 43
2438 11
2439 12
2440 25
2441 17
2442 7
2443 30
2444 26
2445 9
2446 46
2447 25
2448 3
2449 38
2450 25
2451 30
2452 21
2453 55
2454 55
2455 31
2456 1
2457 59
2458 51
2459 38
2460 36
2461 11
2462 25
2463 22
2464 51
2465 28
2466 14
2467 30
2468 31
2469 44
2470 42
2471 55
2472 29
2473 45
2474 45
2475 33
2476 7
2477 39
2478 42
2479 26
2480 10
2481 64
2482 23
2483 13
2484 23
2485 52
2486 42
2487 55
2488 34
2489 62
2490 31
2491 30
2492 10
2493 32
2494 62
2495 64
2496 37
2497 56
2498 11
2499 40
2500 13
2501 21
2502 18
2503 2
2504 32
2505 43
2506 28
2507 45
2508 46
2509 33
2510 61
2511 14
2512 35
2513 30
2514 16
2515 39
2516 35
2517 34
2518 12
2519 26
2520 47
2521 55
2522 44
2523 22
2524 32
2525 64
2526 51
2527 49
2528 58
2529 14
2530 33
2531 59
2532 40
2533 56
2534 14
2535 8
2536 29
2537 50
2538 55
2539 52
2540 6
2541 48
2542 38
2543 46
2544 15
2545 61
2546 49
2547 6
2548 14
2549 8
2550 60
2551 42
2552 60
2553 53
2554 24
2555 21
2556 39
2557 8
2558 35
2559 41
2560 56
2561 19
2562 6
2563 30
2564 18
2565 19
2566 23
2567 19
2568 51
2569 54
2570 3
2571 1
2572 22
2573 63
2574 21
2575 26
2576 59
2577 46
2578 45
2579 20
2580 3
2581 39
2582 52
2583 44
2584 63
2585 26
2586 21
2587 52
2588 62
2589 28
2590 24
2591 30
2592 50
2593 29
2594 7
2595 51
2596 32
2597 20
2598 56
2599 54
2600 41
2601 47
2602 19
2603 42
2604 42
2605 10
2606 3
2607 27
2608 16
2609 58
2610 50
2611 52
2612 55
2613 10
2614 11
2615 62
2616 35
2617 56
2618 26
2619 30
2620 36
2621 35
2622 1
2623 2
2624 53
2625 16
2626 45
2627 55
2628 7
2629 31
2630 22
2631 13
2632 41
2633 11
2634 50
2635 18
2636 4
2637 41
2638 60
2639 35
2640 33
2641 41
2642 29
2643 30
2644 17
2645 17
2646 52
2647 8
2648 16
2649 17
2650 64
2651 23
2652 4
2653 45
2654 9
2655 19
2656 32
2657 33
2658 2
2659 55
2660 5
2661 47
2662 15
2663 31
2664 52
2665 43
2666 38
2667 55
2668 12
2669 3
2670 49
2671 55
2672 4
2673 11
2674 63
2675 47
2676 40
2677 16
2678 64
2679 36
2680 63
2681 53
2682 31
2683 53
2684 40
2685 10
2686 18
2687 4
2688 14
2689 16
2690 25
2691 36
2692 4
2693 44
2694 11
2695 37
2696 31
2697 25
2698 55
2699 6
2700 16
2701 4
2702 18
2703 56
2704 15
2705 21
2706 40
2707 19
2708 30
2709 60
2710 47
2711 46
2712 29
2713 26
2714 54
2715 6
2716 46
2717 32
2718 55
2719 47
2720 17
2721 55
2722 19
2723 51
2724 2
2725 19
2726 64
2727 26
2728 16
2729 17
2730 48
2731 24
2732 32
2733 5
2734 36
2735 40
2736 11
2737 55
2738 1
2739 5
2740 15
2741 7
2742 60
2743 13
2744 26
2745 43
2746 31
2747 45
2748 19
2749 43
2750 15
2751 35
2752 1
2753 60
2754 16
2755 6
2756 48
2757 34
2758 58
2759 19
2760 8
2761 22
2762 31
2763 55
2764 63
2765 25
2766 64
2767 19
2768 34
2769 39
2770 62
2771 38
2772 6
2773 10
2774 26
2775 54
2776 56
2777 59
2778 63
2779 57
2780 1
2781 46
2782 45
2783 63
2784 36
2785 16
2786 38
2787 5
2788 34
2789 34
2790 21
2791 21
2792 32
2793 50
2794 28
2795 48
2796 28
2797 61
2798 63
2799 42
2800 39
2801 63
2802 43
2803 63
2804 2
2805 32
2806 62
2807 22
2808 40
2809 59
2810 20
2811 43
2812 54
2813 19
2814 9
2815 36
2816 28
2817 58
2818 21
2819 58
2820 37
2821 56
2822 64
2823 42
2824 4
2825 7
2826 59
2827 46
2828 52
2829 41
2830 11
2831 43
2832 4
2833 14
2834 6
2835 56
2836 34
2837 10
2838 4
2839 26
2840 28
2841 48
2842 58
2843 44
2844 34
2845 15
2846 51
2847 57
2848 48
2849 50
2850 2
2851 11
2852 64
2853 3
2854 39
2855 46
2856 19
2857 63
2858 11
2859 27
2860 31
2861 61
2862 14
2863 27
2864 50
2865 6
2866 51
2867 37
2868 11
2869 38
2870 17
2871 30
2872 21
2873 19
2874 33
2875 17
2876 47
2877 60
2878 37
2879 33
2880 30
2881 28
2882 24
2883 47
2884 23
2885 21
2886 26
2887 29
2888 44
2889 29
2890 8
2891 61
2892 64
2893 10
2894 61
2895 16
2896 42
2897 41
2898 46
2899 18
2900 46
2901 55
2902 10
2903 11
2904 31
2905 26
2906 39
2907 34
2908 50
2909 5
2910 60
2911 50
2912 51
2913 44
2914 35
2915 18
2916 37
2917 23
2918 9
2919 40
2920 5
2921 48
2922 45
2923 21
2924 44
2925 10
2926 29
2927 60
2928 41
2929 36
2930 45
2931 40
2932 48
2933 17
2934 62
2935 13
2936 7
2937 13
2938 28
2939 7
2940 53
2941 11
2942 17
2943 8
2944 37
2945 42
2946 52
2947 41
2948 24
2949 56
2950 47
2951 55
2952 60
2953 43
2954 32
2955 3
2956 30
2957 36
2958 25
2959 23
2960 25
2961 29
2962 63
2963 44
2964 59
2965 9
2966 21
2967 3
2968 64
2969 36
2970 57
2971 58
2972 11
2973 6
2974 60
2975 41
2976 11
2977 58
2978 33
2979 55
2980 40
2981 10
2982 15
2983 4
2984 24
2985 54
2986 29
2987 7
2988 51
2989 13
2990 64
2991 15
2992 5
2993 11
2994 30
2995 27
2996 34
2997 61
2998 31
2999 58
3000 41
3001 34
3002 32
3003 6
3004 31
3005 32
3006 15
3007 37
3008 18
3009 11
3010 24
3011 19
3012 44
3013 1
3014 19
3015 63
3016 3
3017 12
3018 64
3019 40
3020 28
3021 63
3022 44
3023 24
3024 54
3025 15
3026 22
3027 30
3028 50
3029 26
3030 21
3031 12
3032 59
3033 35
3034 34
3035 16
3036 10
3037 52
3038 61
3039 32
3040 42
3041 34
3042 9
3043 35
3044 9
3045 55
3046 57
3047 8
3048 49
3049 60
3050 35
3051 44
3052 35
3053 35
3054 32
3055 2
3056 3
3057 17
3058 14
3059 7
3060 22
3061 13
3062 62
3063 23
3064 17
3065 6
3066 44
3067 33
3068 50
3069 37
3070 19
3071 14
3072 36
3073 60
3074 24
3075 60
3076 30
3077 63
3078 28
3079 7
3080 56
3081 10
3082 6
3083 9
3084 49
3085 1
3086 64
3087 9
3088 60
3089 18
3090 50
3091 20
3092 64
3093 55
3094 35
3095 15
3096 21
3097 53
3098 12
3099 41
3100 45
3101 38
3102 38
3103 39
3104 32
3105 11
3106 12
3107 22
3108 6
3109 23
3110 15
3111 9
3112 17
3113 30
3114 32
3115 39
3116 61
3117 48
3118 52
3119 11
3120 47
3121 45
3122 33
3123 43
3124 42
3125 47
3126 39
3127 44
3128 22
3129 25
3130 26
3131 14
3132 5
3133 14
3134 24
3135 3
3136 3
3137 21
3138 8
3139 12
3140 2
3141 22
3142 13
3143 23
3144 4
3145 21
3146 29
3147 23
3148 25
3149 18
3150 12
3151 26
3152 12
3153 21
3154 25
3155 14
3156 19
3157 5
3158 14
3159 27
3160 24
3161 11
3162 20
3163 15
3164 7
3165 11
3166 7
3167 3
3168 27
3169 6
3170 24
3171 22
3172 12
3173 19
3174 1
3175 16
3176 4
3177 27
3178 26
3179 3
3180 28
3181 27
3182 32
3183 1
3184 3
3185 11
3186 7
3187 27
3188 5
3189 19
3190 10
3191 21
3192 20
3193 7
3194 8
3195 28
3196 11
3197 28
3198 19
3199 10
3200 32
3201 25
3202 17
3203 19
3204 2
3205 31
3206 32
3207 32
3208 26
3209 14
3210 25
3211 2
3212 14
3213 14
3214 5
3215 2
3216 12
3217 20
3218 5
3219 21
3220 31
3221 14
3222 28
3223 26
3224 2
3225 32
3226 27
3227 29
3228 19
3229 27
3230 9
3231 2
3232 9
3233 19
3234 24
3235 30
3236 18
3237 15
3238 8
3239 27
3240 5
3241 10
3242 23
3243 21
3244 23
3245 12
3246 7
3247 1
3248 29
3249 15
3250 31
3251 10
3252 8
3253 18
3254 8
3255 12
3256 1
3257 1
3258 7
3259 32
3260 20
3261 25
3262 15
3263 21
3264 13
3265 1
3266 4
3267 14
3268 12
3269 22
3270 1
3271 8
3272 6
3273 16
3274 19
3275 25
3276 22
3277 28
3278 7
3279 12
3280 20
3281 15
3282 3
3283 19
3284 13
3285 3
3286 6
3287 7
3288 16
3289 11
3290 2
3291 6
3292 23
3293 23
3294 2
3295 1
3296 21
3297 21
3298 6
3299 24
3300 12
3301 7
3302 4
3303 26
3304 29
3305 6
3306 11
3307 3
3308 4
3309 22
3310 26
3311 24
3312 16
3313 6
3314 13
3315 9
3316 22
3317 30
3318 3
3319 6
3320 24
3321 20
3322 16
3323 32
3324 10
3325 19
3326 23
3327 13
3328 32
3329 32
3330 24
3331 19
3332 26
3333 14
3334 22
3335 28
3336 22
3337 16
3338 31
3339 19
3340 25
3341 5
3342 16
3343 27
3344 11
3345 18
3346 19
3347 21
3348 15
3349 14
3350 2
3351 31
3352 13
3353 9
3354 32
3355 2
3356 15
3357 11
3358 27
3359 31
3360 19
3361 19
3362 26
3363 26
3364 9
3365 9
3366 11
3367 32
3368 28
3369 22
3370 6
3371 13
3372 13
3373 17
3374 6
3375 26
3376 13
3377 29
3378 3
3379 8
3380 23
3381 18
3382 27
3383 32
3384 18
3385 15
3386 32
3387 16
3388 29
3389 8
3390 15
3391 3
3392 12
3393 30
3394 29
3395 16
3396 16
3397 5
3398 9
3399 30
3400 20
3401 30
3402 26
3403 14
3404 21
3405 5
3406 14
3407 26
3408 28
3409 13
3410 1
3411 13
3412 7
3413 7
3414 7
3415 24
3416 13
3417 30
3418 9
3419 26
3420 4
3421 31
3422 5
3423 21
3424 18
3425 22
3426 17
3427 18
3428 6
3429 6
3430 7
3431 10
3432 18
3433 6
3434 23
3435 20
3436 18
3437 15
3438 18
3439 15
3440 10
3441 21
3442 15
3443 20
3444 31
3445 15
3446 13
3447 6
3448 3
3449 7
3450 2
3451 5
3452 32
3453 21
3454 31
3455 22
3456 13
3457 1
3458 22
3459 24
3460 25
3461 28
3462 15
3463 30
3464 4
3465 20
3466 18
3467 19
3468 4
3469 14
3470 23
3471 28
3472 22
3473 17
3474 10
3475 1
3476 26
3477 29
3478 9
3479 24
3480 7
3481 6
3482 15
3483 11
3484 9
3485 20
3486 7
3487 12
3488 8
3489 24
3490 19
3491 1
3492 12
3493 5
3494 6
3495 17
3496 2
3497 32
3498 32
3499 3
3500 11
3501 30
3502 5
3503 10
3504 20
3505 15
3506 29
3507 7
3508 25
3509 18
3510 13
3511 6
3512 16
3513 7
3514 13
3515 32
3516 1
3517 28
3518 32
3519 11
3520 7
3521 29
3522 21
3523 13
3524 12
3525 26
3526 19
3527 7
3528 8
3529 27
3530 26
3531 30
3532 4
3533 10
3534 22
3535 32
3536 30
3537 9
3538 30
3539 5
3540 32
3541 23
3542 18
3543 13
3544 11
3545 32
3546 32
3547 2
3548 13
3549 23
3550 11
3551 22
3552 16
3553 1
3554 23
3555 26
3556 26
3557 20
3558 23
3559 30
3560 17
3561 7
3562 25
3563 28
3564 26
3565 28
3566 23
3567 32
3568 4
3569 30
3570 3
3571 4
3572 21
3573 21
3574 9
3575 25
3576 16
3577 26
3578 8
3579 28
3580 24
3581 24
3582 8
3583 24
3584 3
3585 13
3586 14
3587 30
3588 15
3589 3
3590 24
3591 28
3592 25
3593 30
3594 7
3595 29
3596 15
3597 10
3598 26
3599 17
3600 21
3601 3
3602 19
3603 28
3604 21
3605 22
3606 2
3607 13
3608 4
3609 25
3610 6
3611 21
3612 23
3613 31
3614 25
3615 22
3616 17
3617 9
3618 11
3619 2
3620 5
3621 6
3622 18
3623 6
3624 19
3625 32
3626 16
3627 23
3628 28
3629 28
3630 8
3631 22
3632 22
3633 25
3634 12
3635 11
3636 23
3637 10
3638 20
3639 5
3640 18
3641 14
3642 18
3643 29
3644 2
3645 14
3646 30
3647 28
3648 14
3649 12
3650 6
3651 21
3652 5
3653 11
3654 7
3655 23
3656 32
3657 24
3658 21
3659 28
3660 2
3661 4
3662 10
3663 23
3664 9
3665 22
3666 1
3667 27
3668 6
3669 13
3670 1
3671 16
3672 20
3673 2
3674 26
3675 26
3676 3
3677 2
3678 25
3679 4
3680 6
3681 20
3682 28
3683 25
3684 3
3685 25
3686 31
3687 5
3688 6
3689 18
3690 6
3691 22
3692 17
3693 26
3694 15
3695 28
3696 18
3697 10
3698 27
3699 27
3700 25
3701 32
3702 25
3703 18
3704 30
3705 19
3706 23
3707 32
3708 17
3709 23
3710 19
3711 24
3712 16
3713 29
3714 31
3715 21
3716 17
3717 15
3718 25
3719 9
3720 27
3721 1
3722 28
3723 20
3724 11
3725 3
3726 22
3727 19
3728 9
3729 29
3730 27
3731 5
3732 30
3733 31
3734 14
3735 6
3736 23
3737 32
3738 15
3739 14
3740 3
3741 13
3742 16
3743 3
3744 3
3745 15
3746 14
3747 11
3748 14
3749 6
3750 20
3751 8
3752 31
3753 6
3754 5
3755 11
3756 12
3757 18
3758 1
3759 6
3760 13
3761 20
3762 27
3763 16
3764 6
3765 5
3766 19
3767 21
3768 6
3769 14
3770 12
3771 16
3772 22
3773 12
3774 31
3775 6
3776 11
3777 11
3778 4
3779 27
3780 21
3781 4
3782 30
3783 15
3784 18
3785 1
3786 4
3787 15
3788 8
3789 15
3790 15
3791 27
3792 26
3793 16
3794 13
3795 32
3796 4
3797 22
3798 14
3799 11
3800 3
3801 31
3802 21
3803 12
3804 4
3805 7
3806 3
3807 21
3808 23
3809 14
3810 26
3811 28
3812 10
3813 25
3814 20
3815 28
3816 15
3817 9
3818 25
3819 24
3820 7
3821 29
3822 5
3823 15
3824 22
3825 27
3826 20
3827 10
3828 28
3829 32
3830 13
3831 4
3832 20
3833 2
3834 31
3835 14
3836 29
3837 20
3838 25
3839 21
3840 1
3841 16
3842 25
3843 7
3844 11
3845 31
3846 3
3847 14
3848 25
3849 23
3850 4
3851 12
3852 19
3853 8
3854 16
3855 29
3856 17
3857 32
3858 2
3859 19
3860 20
3861 29
3862 7
3863 8
3864 31
3865 24
3866 29
3867 31
3868 29
3869 3
3870 16
3871 30
3872 13
3873 26
3874 15
3875 19
3876 6
3877 6
3878 5
3879 26
3880 3
3881 29
3882 4
3883 30
3884 2
3885 4
3886 19
3887 23
3888 21
3889 4
3890 5
3891 2
3892 30
3893 11
3894 13
3895 5
3896 17
3897 2
3898 7
3899 32
3900 19
3901 29
3902 23
3903 24
3904 25
3905 8
3906 2
3907 6
3908 12
3909 26
3910 12
3911 8
3912 23
3913 1
3914 31
3915 15
3916 10
3917 19
3918 4
3919 13
3920 20
3921 7
3922 16
3923 20
3924 23
3925 31
3926 16
3927 27
3928 10
3929 5
3930 1
3931 9
3932 13
3933 10
3934 8
3935 2
3936 12
3937 15
3938 8
3939 13
3940 9
3941 11
3942 16
3943 6
3944 2
3945 6
3946 1
3947 7
3948 8
3949 13
3950 4
3951 3
3952 5
3953 1
3954 1
3955 10
3956 1
3957 14
3958 2
3959 8
3960 7
3961 11
3962 16
3963 14
3964 2
3965 13
3966 16
3967 3
3968 5
3969 15
3970 5
3971 7
3972 16
3973 1
3974 12
3975 16
3976 14
3977 2
3978 7
3979 12
3980 13
3981 6
3982 10
3983 6
3984 7
3985 2
3986 3
3987 11
3988 9
3989 7
3990 16
3991 5
3992 2
3993 3
3994 8
3995 7
3996 1
3997 16
3998 5
3999 5
4000 13
4001 12
4002 7
4003 14
4004 4
4005 10
4006 14
4007 1
4008 1
4009 11
4010 10
4011 9
4012 6
4013 4
4014 2
4015 8
4016 10
4017 2
4018 9
4019 7
4020 13
4021 2
4022 5
4023 13
4024 12
4025 6
4026 14
4027 15
4028 6
4029 11
4030 2
4031 8
4032 7
4033 6
4034 6
4035 6
4036 10
4037 10
4038 13
4039 14
4040 3
4041 4
4042 15
4043 7
4044 12
4045 6
4046 15
4047 10
4048 14
4049 6
4050 4
4051 4
4052 10
4053 6
4054 10
4055 6
4056 12
4057 7
4058 2
4059 14
4060 3
4061 1
4062 1
4063 8
4064 6
4065 15
4066 4
4067 11
4068 15
4069 12
4070 6
4071 7
4072 4
4073 13
4074 5
4075 14
4076 4
4077 4
4078 3
4079 7
4080 14
4081 5
4082 5
4083 5
4084 15
4085 4
4086 16
4087 3
4088 8
4089 5
4090 10
4091 16
4092 5
4093 5
4094 6
4095 6
4096 9
4097 14
4098 6
4099 13
4100 15
4101 12
4102 4
4103 3
4104 1
4105 11
4106 2
4107 11
4108 10
4109 2
4110 9
4111 10
4112 5
4113 8
4114 4
4115 7
4116 14
4117 14
4118 11
4119 5
4120 14
4121 3
4122 3
4123 15
4124 7
4125 1
4126 12
4127 10
4128 6
4129 8
4130 7
4131 4
4132 9
4133 10
4134 16
4135 6
4136 5
4137 13
4138 8
4139 7
4140 11
4141 15
4142 5
4143 5
4144 10
4145 15
4146 7
4147 4
4148 6
4149 5
4150 10
4151 2
4152 12
4153 5
4154 13
4155 11
4156 2
4157 15
4158 9
4159 1
4160 12
4161 14
4162 5
4163 12
4164 2
4165 7
4166 6
4167 13
4168 13
4169 4
4170 15
4171 10
4172 11
4173 9
4174 11
4175 4
4176 16
4177 8
4178 5
4179 13
4180 14
4181 8
4182 7
4183 15
4184 2
4185 13
4186 6
4187 8
4188 2
4189 11
4190 15
4191 12
4192 4
4193 7
4194 13
4195 3
4196 16
4197 9
4198 11
4199 1
4200 8
4201 2
4202 4
4203 1
4204 16
4205 14
4206 7
4207 11
4208 11
4209 1
4210 7
4211 10
4212 11
4213 14
4214 7
4215 7
4216 7
4217 3
4218 14
4219 3
4220 16
4221 6
4222 6
4223 13
4224 9
4225 12
4226 2
4227 14
4228 5
4229 4
4230 8
4231 16
4232 13
4233 3
4234 16
4235 9
4236 9
4237 16
4238 9
4239 4
4240 2
4241 8
4242 3
4243 14
4244 2
4245 7
4246 7
4247 11
4248 1
4249 1
4250 9
4251 8
4252 4
4253 1
4254 2
4255 16
4256 4
4257 11
4258 3
4259 15
4260 12
4261 8
4262 13
4263 6
4264 14
4265 3
4266 7
4267 12
4268 9
4269 3
4270 10
4271 2
4272 11
4273 16
4274 4
4275 7
4276 12
4277 12
4278 1
4279 12
4280 6
4281 9
4282 14
4283 16
4284 8
4285 15
4286 10
4287 7
4288 12
4289 16
4290 12
4291 13
4292 2
4293 4
4294 11
4295 5
4296 2
4297 16
4298 5
4299 9
4300 8
4301 8
4302 4
4303 2
4304 1
4305 3
4306 16
4307 1
4308 15
4309 13
4310 5
4311 1
4312 4
4313 11
4314 13
4315 9
4316 2
4317 2
4318 16
4319 16
4320 13
4321 3
4322 9
4323 13
4324 10
4325 10
4326 13
4327 5
4328 12
4329 3
4330 5
4331 3
4332 10
4333 10
4334 11
4335 5
4336 14
4337 8
4338 2
4339 6
4340 14
4341 13
4342 12
4343 2
4344 4
4345 2
4346 10
4347 5
4348 5
4349 9
4350 14
4351 12
4352 5
4353 15
4354 2
4355 8
4356 10
4357 6
4358 3
4359 9
4360 13
4361 13
4362 2
4363 1
4364 6
4365 2
4366 8
4367 1
4368 7
4369 8
4370 14
4371 6
4372 12
4373 7
4374 5
4375 2
4376 3
4377 8
4378 15
4379 6
4380 14
4381 4
4382 5
4383 4
4384 7
4385 1
4386 15
4387 8
4388 4
4389 12
4390 2
4391 15
4392 8
4393 14
4394 4
4395 12
4396 7
4397 15
4398 1
4399 3
4400 13
4401 9
4402 8
4403 11
4404 7
4405 8
4406 4
4407 14
4408 8
4409 4
4410 3
4411 4
4412 12
4413 6
4414 16
4415 10
4416 13
4417 13
4418 2
4419 13
4420 15
4421 9
4422 9
4423 10
4424 8
4425 7
4426 5
4427 3
4428 10
4429 3
4430 1
4431 14
4432 13
4433 15
4434 6
4435 6
4436 3
4437 15
4438 2
4439 10
4440 12
4441 9
4442 16
4443 4
4444 9
4445 7
4446 14
4447 9
4448 2
4449 12
4450 2
4451 9
4452 5
4453 2
4454 9
4455 7
4456 5
4457 7
4458 8
4459 14
4460 2
4461 14
4462 10
4463 5
4464 4
4465 3
4466 4
4467 2
4468 13
4469 16
4470 5
4471 10
4472 14
4473 14
4474 6
4475 8
4476 11
4477 9
4478 14
4479 16
4480 1
4481 13
4482 8
4483 4
4484 15
4485 5
4486 2
4487 8
4488 9
4489 3
4490 6
4491 12
4492 16
4493 13
4494 5
4495 2
4496 16
4497 7
4498 15
4499 10
4500 14
4501 5
4502 11
4503 15
4504 5
4505 12
4506 5
4507 12
4508 15
4509 11
4510 14
4511 16
4512 13
4513 15
4514 4
4515 14
4516 9
4517 10
4518 16
4519 11
4520 1
4521 2
4522 11
4523 5
4524 6
4525 10
4526 8
4527 3
4528 14
4529 12
4530 8
4531 15
4532 8
4533 1
4534 10
4535 14
4536 14
4537 5
4538 6
4539 13
4540 13
4541 6
4542 13
4543 8
4544 15
4545 14
4546 13
4547 3
4548 2
4549 14
4550 1
4551 10
4552 5
4553 8
4554 11
4555 12
4556 15
4557 10
4558 4
4559 14
4560 10
4561 1
4562 3
4563 3
4564 5
4565 16
4566 5
4567 16
4568 12
4568 13
4569 13
4569 13
4570 10
4570 14
4571 14
4571 1
4600 8
4601 7
4602 6
4603 6
4604 13
4605 11
4608 8
4609 1
4610 6
4611 16
4612 9
4613 14
4614 7
4615 15
4616 2
4617 8
4618 12
4619 9
4620 15
4621 15
4622 7
4623 4
4624 13
4625 4
4626 10
4627 16
4628 11
4629 7
4630 10
4631 1
4632 6
4633 1
4634 2
4635 5
4636 6
4637 5
4638 2
4639 6
4640 5
4641 2
4642 7
4643 8
4644 8
4645 6
4646 5
4647 3
4648 5
4649 8
4650 1
4651 2
4652 8
4653 6
4654 5
4655 2
4656 7
4657 3
4658 4
4659 4
4660 1
4661 4
4662 5
4663 7
4664 6
4665 4
4666 6
4667 4
4668 7
4669 2
4670 2
4671 7
4672 3
4673 6
4674 7
4675 4
4676 4
4677 8
4678 6
4679 2
4680 3
4681 2
4682 7
4683 3
4684 2
4685 5
4686 5
4687 6
4688 5
4689 5
4690 5
4691 6
4692 6
4693 8
4694 3
4695 6
4696 8
4697 1
4698 4
4699 5
4700 3
4701 8
4702 3
4703 1
4704 5
4705 2
4706 3
4707 2
4708 6
4709 8
4710 4
4711 8
4712 6
4713 7
4714 2
4715 7
4716 3
4717 1
4718 4
4719 7
4720 6
4721 4
4722 1
4723 1
4724 3
4725 6
4726 6
4727 3
4728 4
4729 6
4730 6
4731 8
4732 1
4733 7
4734 3
4735 1
4736 2
4737 2
4738 1
4739 6
4740 4
4741 1
4742 7
4743 3
4744 4
4745 2
4746 5
4747 2
4748 7
4749 5
4750 2
4751 5
4752 4
4753 3
4754 6
4755 5
4756 6
4757 2
4758 6
4759 1
4760 2
4761 6
4762 2
4763 1
4764 6
4765 6
4766 1
4767 7
4768 6
4769 6
4770 1
4771 7
4772 5
4773 1
4774 5
4775 7
4776 3
4777 3
4778 3
4779 7
4780 7
4781 8
4782 1
4783 4
4784 4
4785 3
4786 3
4787 4
4788 3
4789 2
4790 1
4791 2
4792 2
4793 2
4794 2
4795 4
4796 2
4797 1
4798 3
4799 3
4800 4
4801 2
4802 1
4803 2
4804 2
4806 3
4807 3
4808 1
4809 1
4810 3
4811 1
4812 1
4813 4
4814 3
4815 1
4816 3
4817 1
4818 4
4819 2
4820 4
4821 4
4822 4
4823 3
4824 4
4825 1
4826 1
4827 4
4828 3
4829 3
4830 2
4831 2
4832 2
4833 1
4834 4
4835 4
4836 1
4837 1
4838 1
4839 4
4840 4
4841 1
4842 4
4843 3
4844 1
4845 2
4846 2
4847 3
4848 4
4849 1
4850 2
4851 4
4852 3
4853 4
4854 4
4855 1
4856 3
4857 2
4858 1
4859 2
4860 3
4861 3
4862 1
4863 1
4864 2
4865 2
4866 3
4867 3
4868 3
4869 3
4870 3
4871 4
4872 4
4873 2
4874 4
4875 3
4876 2
4877 2
4878 2
4879 2
4880 4
4881 1
4882 3
4883 3
4884 4
4885 1
4886 1
4887 1
4888 4
4889 2
4890 3
4891 4
4892 1
4893 4
4894 4
4895 1
4896 2
4897 4
4898 3
4899 1
4900 2
4901 3
4902 1
4903 4
4904 2
4905 1
4906 1
4907 4
4908 2
4909 2
4910 4
4911 3
4912 1
4913 1
4914 1
4915 3
4916 2
4917 2
4918 1
4919 2
4920 2
4921 1
4922 2
4923 2
4924 1
4925 1
4926 1
4927 2
4928 2
4929 2
4930 1
4931 2
4932 1
4933 1
4934 1
4935 1
4936 2
4937 1
4938 1
4939 1
4940 2
4941 1
4942 2
4943 2
4944 2
4945 1
4946 2
4947 1
4948 1
4949 1
4950 2
4951 1
4952 1
4953 2
4954 2
4955 1
4956 2
4957 1
4958 1
4959 1
4960 1
4961 1
4962 2
4963 1
4964 2
4965 1
4966 1
4967 2
4968 1
4969 2
4970 1
4971 1
4972 1
4973 2
4974 1
4975 2
4976 1
4977 2
4978 2
4979 1
4980 1
4981 2
4982 1
4983 2
4984 1
4985 1
4986 1
4987 1
4988 2
4989 2
4990 2
4991 1
4992 2
4993 1
4994 1
4995 2
