3590
0 54963
1 660023
0 960022
3 702630
3 404643
2 787146
2 276723
7 670733
6 969182
7 864014
7 800198
11 569512
8 366974
13 226777
13 160925
14 748699
13 823804
14 419434
14 158607
19 324432
18 817058
18 282767
22 496951
21 874908
20 402023
25 50731
24 561105
27 629895
27 852182
25 3300
26 879162
29 802264
30 861551
29 406081
30 738896
34 614693
34 919093
36 36276
38 821671
38 176490
40 839479
40 334475
41 412121
39 937049
41 198496
42 835697
46 259992
46 495766
44 982558
47 731378
49 483275
50 229283
52 88067
53 588672
50 810296
52 921031
54 495298
54 437166
55 18133
58 593743
60 813648
61 798749
62 110529
61 700483
62 654384
64 32304
62 424468
65 38527
67 43541
66 740236
68 927555
68 525751
71 58818
71 318723
73 365498
73 414658
73 71325
76 21665
74 433214
77 734654
79 559528
77 914003
78 293832
81 494510
84 643104
83 232670
84 715459
86 941873
87 72928
85 773590
90 623914
87 124098
91 693506
92 577956
92 545993
91 16520
93 432197
94 666998
94 40076
96 467180
100 411527
100 486457
102 867131
100 800816
100 806204
101 547418
102 76048
105 353581
104 370980
109 39797
107 808009
107 453431
112 777985
110 115460
110 524862
115 239677
112 105102
116 668207
117 594156
118 834371
118 785753
119 64046
118 318735
119 381120
123 204248
123 801464
124 440252
127 319100
125 233860
127 116275
128 813004
130 416166
131 768143
130 488090
132 781426
133 9284
132 717313
137 631624
134 95657
138 562041
136 81945
139 714259
141 869290
140 558308
141 377620
144 508742
144 593634
147 352785
145 310030
149 794374
149 175403
147 702470
149 766287
153 176903
151 346388
153 999247
154 21897
157 529064
154 607452
156 965784
159 667184
158 850429
158 530869
159 271664
161 458623
162 997472
162 325513
164 614475
168 749927
168 552412
169 972910
168 364292
172 51055
169 606337
173 434666
175 168376
172 633651
174 168544
176 323725
178 553639
178 723294
177 449773
178 950310
180 118233
180 599826
182 949286
183 150034
186 579101
184 904089
187 689028
186 624519
189 38654
192 661816
192 57046
193 931449
191 691345
195 146603
195 360656
195 141322
196 436309
198 756276
199 532435
199 820446
203 248927
202 62801
204 455991
205 859508
203 150291
208 681900
208 528596
206 248040
210 83066
210 251812
210 207453
213 504872
214 235895
214 362282
214 78388
217 80035
215 68396
218 181225
221 395464
221 168342
222 368523
224 289251
225 464215
222 272781
225 425467
227 524096
225 25474
226 377947
230 71114
228 351060
231 53854
233 271985
232 139873
235 508915
235 484652
236 112115
239 318191
237 42334
241 304702
240 356691
241 61729
244 70829
243 67111
242 403748
247 292802
246 130025
248 387389
250 473924
251 328684
248 112037
252 76219
254 304638
253 512691
253 302177
255 261083
258 444768
259 279769
256 144916
258 313764
262 78745
260 217836
263 151954
262 534
264 125873
265 3097
268 86141
267 441622
266 24959
269 419033
268 522530
272 209345
271 249626
272 121577
274 48404
275 227708
276 254774
276 487010
279 272129
278 251990
282 143577
283 186901
283 402755
283 491363
283 478256
283 313475
284 240375
289 81239
287 383275
290 60458
291 261952
289 459307
293 14983
294 17612
295 454759
295 254989
294 281473
298 164024
299 443362
298 170726
302 156653
300 434650
301 500672
303 148932
305 189036
307 349022
305 132032
308 522017
309 181518
310 126027
309 136997
312 413827
310 506954
313 297354
313 480761
317 36437
315 75182
315 21045
317 487837
320 210084
320 101370
322 148484
320 294229
325 93415
323 384225
327 238041
326 485672
329 512797
327 161397
331 175718
331 144169
333 284729
331 67598
335 446528
335 235103
334 16136
334 467555
338 40482
339 94816
338 200118
342 360397
341 108369
341 14871
342 84407
345 253409
346 127926
344 132683
348 25340
349 131183
350 281379
351 56494
351 120602
351 58610
352 503153
354 42273
357 492570
356 286910
357 430193
358 248290
359 403751
362 332208
363 351973
361 121424
363 204952
364 300053
367 188367
368 174705
366 495488
368 327757
370 210641
368 199879
370 191749
370 445093
373 340827
372 171883
375 184400
376 134880
375 273152
379 231727
380 439911
380 319465
380 259058
380 152985
384 22000
386 96743
385 256566
384 467519
386 191615
387 228916
387 184423
389 157486
391 55095
391 132679
395 8740
396 159406
396 195449
394 250043
397 229021
398 19097
401 159546
400 2328
402 91177
403 117493
403 32806
405 16564
407 255244
406 46191
408 261939
406 49277
411 80479
411 240695
413 175754
412 84410
415 28753
414 206677
416 159263
417 243834
419 178766
419 149407
420 131212
422 144991
422 118118
422 61938
424 235726
422 57449
427 183626
427 45302
428 237468
429 193092
428 150128
429 156293
433 28735
431 238302
433 68633
436 144290
435 170337
435 108821
438 172314
436 188951
439 71083
438 171834
443 30263
442 192261
442 242282
444 77609
446 221117
444 233426
446 225148
448 77014
449 16579
451 148276
451 21696
450 125060
451 114109
455 214956
457 258141
457 40458
456 232756
459 32148
460 18960
460 83284
459 54876
462 126069
462 164242
465 260166
466 226085
465 169015
468 161565
468 201218
471 38915
470 37024
470 68785
474 14183
472 231591
476 32206
474 260826
475 195296
478 14452
480 260731
481 204005
482 183981
483 251733
481 173916
481 231712
484 223614
484 151199
487 207267
488 172515
487 137625
491 76178
489 132963
491 255032
491 189487
492 112078
495 68827
497 258781
496 117258
498 242197
497 168702
499 181416
500 146122
503 45527
503 136253
505 21084
505 27977
504 116308
506 28607
508 119541
510 21792
510 221623
508 260808
511 171726
513 30658
514 250166
512 204578
516 78757
516 77139
515 38387
516 43093
519 232046
522 234023
519 209844
520 30823
525 115490
525 153157
524 66442
528 187546
527 121529
528 17694
528 52002
530 85711
533 104871
533 27648
535 60035
535 82667
536 44638
537 137218
537 121268
538 148725
538 195465
540 196932
539 184660
542 83010
541 2450
542 115596
546 232597
547 248748
548 74135
547 203080
550 97570
551 101579
549 67762
552 81058
551 130081
555 57928
555 56111
556 133650
556 209732
558 85464
559 125037
558 81939
561 92620
560 44242
565 43439
562 3913
567 100534
565 56552
565 5066
569 12827
571 128903
571 112261
573 22319
571 94959
573 48051
572 77818
575 26903
575 120435
575 67225
576 54214
577 62039
579 63637
580 15362
584 4128
583 26795
586 78875
587 99196
585 51499
586 109529
587 40169
590 100837
592 3980
590 47409
590 92420
593 98047
594 94834
594 48699
597 13464
598 115199
596 12967
598 20961
601 35486
599 13948
604 96351
603 71250
606 22837
604 123397
605 26161
606 121896
607 54366
611 117878
608 90924
612 98441
613 120671
612 103370
612 25099
613 69329
616 96454
619 36503
619 116679
617 87413
618 7239
620 27576
623 23475
624 72903
622 21715
623 115962
624 115475
629 47391
628 1852
627 32422
630 122171
632 70291
632 115339
631 37793
632 8762
633 76477
635 66362
638 4065
639 39798
638 52844
641 21521
642 78058
642 17246
645 123588
644 20417
644 63158
646 67041
646 28003
650 29352
649 68163
651 128699
652 59319
653 23097
655 117045
653 126578
653 39683
654 104116
656 99508
660 3290
657 68958
662 48956
659 56823
662 1801
661 51465
665 53415
665 29287
667 48414
669 129779
668 30553
667 123802
671 127950
669 41175
670 22577
673 104915
675 19860
673 21122
677 32297
675 88119
680 35526
681 107060
680 33420
679 100678
680 95147
681 128881
686 127465
685 31790
685 10360
688 93992
689 4202
689 13772
690 87999
692 83700
694 63259
693 18548
692 60647
693 100211
697 89537
695 72275
696 31254
698 47763
698 114140
702 24942
702 28106
704 68210
704 123345
703 123548
705 16038
707 75010
708 977
708 50285
708 63697
713 107273
710 109274
711 121020
714 38352
714 85814
718 76464
716 85430
719 27822
721 37144
718 99945
719 94352
723 50609
722 74612
725 33085
725 76900
726 34472
728 16894
729 68381
728 109711
732 110480
733 101938
733 7373
735 51638
736 103709
737 118463
736 80812
736 16077
740 64075
741 117514
738 98369
740 61388
742 18033
743 37379
746 44397
747 48677
745 59276
745 42440
747 25525
747 17642
749 43920
752 9794
754 61331
753 13365
753 22685
756 32231
756 37204
757 12721
760 62827
759 54809
758 37766
762 57492
763 59771
762 27857
763 45267
766 2348
765 23807
765 35395
768 17190
768 36312
769 31942
773 42462
773 28927
773 44900
773 34552
773 46382
777 10909
777 53098
776 20743
777 39106
780 6258
779 56117
783 11975
781 20708
786 15223
784 18308
785 22664
786 56817
788 2873
791 62959
791 31778
789 7195
791 21638
792 47725
793 62952
795 38038
796 55859
797 54795
797 45952
797 38299
799 42002
802 47184
802 53744
803 19857
805 41171
803 1788
807 57991
809 45392
807 64549
809 18863
809 22475
809 23798
810 54180
814 12536
816 20182
816 15742
816 38850
819 35084
820 8641
818 27392
821 61490
822 391
824 27153
824 3490
826 21229
825 31668
828 28794
825 11476
829 36699
830 24678
832 13820
830 40168
831 36225
831 52847
832 43195
834 56186
837 37577
835 10870
836 57558
840 38750
840 14153
840 42702
840 16735
843 48944
845 10122
847 20251
846 60691
847 55308
850 24054
851 3573
849 49610
849 29485
854 6963
853 50986
853 64887
856 12269
858 24035
857 6552
860 45347
861 546
862 29043
861 4514
863 47104
862 59486
864 1722
864 39028
864 52658
866 7040
867 18763
870 61662
868 30934
870 33925
874 7847
872 25077
875 3175
877 24350
875 58362
879 39272
876 52813
878 17314
882 63445
879 14724
884 22208
883 11530
884 5225
886 45040
885 61356
887 1440
889 20292
891 49637
888 8441
893 3485
894 39394
891 46888
892 29517
897 47263
896 45921
895 12116
899 45188
899 41508
901 39807
901 33137
901 53805
901 64828
904 22874
903 27562
905 25090
907 51132
906 8875
908 8022
912 30674
911 55612
913 46238
912 13143
916 49695
914 32199
918 33537
916 51239
919 24625
918 54262
922 2980
922 8259
923 24580
924 31053
925 60699
926 59038
927 49012
928 51010
929 7107
929 62753
928 27134
929 3661
932 23524
932 30468
936 25410
934 20778
934 4831
937 17532
937 30762
937 14083
941 13944
940 8653
942 13765
944 4493
944 11804
944 12380
947 187
945 4944
947 27123
950 15858
951 6007
951 22042
953 20569
955 26898
955 24004
953 9043
957 17923
957 30377
956 20976
961 16118
959 31674
963 21823
960 1185
961 8219
964 4045
964 27202
966 28053
966 9273
967 23242
967 28706
969 31849
973 29295
973 30718
973 16172
974 22874
975 12251
976 21870
979 27941
976 20646
978 31368
978 10464
981 25937
983 8588
984 18088
982 24969
987 30068
988 9880
985 27582
987 10911
989 26
989 767
993 14360
994 26437
992 8724
993 16312
994 11300
994 21419
999 15170
996 4281
1000 5966
1001 21967
1003 90
1000 23615
1001 22551
1005 12595
1005 11572
1008 25603
1006 8949
1007 12759
1007 29540
1012 840
1011 11258
1013 17726
1013 3885
1012 1779
1013 4061
1014 152
1018 25839
1020 10370
1020 2983
1022 16733
1021 7318
1022 6094
1025 777
1024 12771
1026 10003
1027 6111
1029 20987
1028 24866
1027 29032
1028 19220
1032 5951
1031 3903
1033 26650
1032 17337
1033 6380
1035 14868
1036 7386
1037 12219
1039 1393
1041 977
1040 17798
1042 31999
1045 2386
1045 15244
1044 15473
1046 29026
1045 18761
1047 11525
1048 763
1050 543
1053 25388
1051 13143
1053 9861
1054 15200
1057 8904
1054 10143
1057 28090
1060 6461
1060 1882
1062 13950
1063 7482
1061 16265
1062 1292
1065 17720
1064 27743
1065 13440
1068 2131
1066 20928
1071 21857
1069 11571
1070 23174
1071 16564
1071 14576
1074 12597
1076 5125
1076 17644
1078 25788
1076 19789
1080 22155
1078 22567
1083 1356
1082 26570
1083 1266
1085 19599
1087 25384
1085 8599
1087 29169
1088 10214
1090 4190
1091 6834
1089 30156
1091 4618
1093 16598
1094 22369
1096 22608
1095 13325
1099 10921
1096 18896
1100 9961
1100 29279
1100 31948
1104 23606
1103 18675
1104 22102
1106 15093
1105 13186
1105 27595
1106 19666
1107 26067
1109 13493
1112 6121
1113 2788
1111 12781
1113 8409
1117 4
1115 5559
1118 9453
1116 1544
1117 11576
1122 3286
1121 8573
1123 10864
1125 9679
1123 8261
1127 5856
1124 5174
1128 12253
1130 12431
1129 9785
1130 3668
1133 10505
1133 12469
1131 14059
1133 4537
1133 13340
1134 5889
1135 10818
1137 10541
1139 5412
1142 11275
1141 12178
1140 671
1143 10285
1143 8473
1143 1758
1148 15271
1148 14162
1146 12935
1151 3555
1149 3947
1152 15956
1154 7508
1153 3835
1154 6395
1154 12245
1155 10323
1155 4369
1159 15843
1157 2719
1161 7808
1159 5172
1160 6186
1164 4395
1163 4711
1165 11151
1164 12620
1168 15450
1168 7316
1171 12033
1171 2995
1171 11891
1171 9135
1172 3398
1172 1371
1174 10481
1176 1468
1177 7440
1178 5600
1181 4767
1179 12841
1182 1900
1182 1195
1181 528
1182 14438
1183 12696
1186 5876
1188 7040
1188 9791
1187 7809
1192 12611
1191 9327
1190 4176
1193 4673
1195 6905
1197 3621
1195 9815
1198 14830
1197 14455
1197 10718
1200 3811
1201 9495
1200 15660
1204 12336
1205 12635
1203 15860
1208 5061
1205 12154
1206 7590
1210 5455
1212 7149
1213 7683
1214 7448
1215 7083
1214 10429
1214 13431
1217 15695
1217 2648
1218 5008
1217 6678
1219 9296
1220 14044
1220 309
1222 7673
1225 9390
1227 12659
1228 14848
1225 13024
1230 8954
1230 8220
1229 5064
1229 4071
1231 2042
1235 13814
1233 12038
1233 5017
1234 7395
1235 11821
1236 3344
1240 10457
1242 13520
1242 10773
1240 11319
1241 13835
1246 3143
1246 9559
1248 4392
1247 4515
1249 1415
1248 14955
1251 14949
1250 738
1252 10088
1252 13439
1255 4222
1253 9108
1256 542
1258 8198
1258 1822
1260 12337
1260 251
1260 104
1260 6491
1262 11637
1263 8767
1266 2821
1265 3585
1269 16274
1267 8778
1267 14293
1269 15714
1269 3538
1272 965
1271 5427
1276 7941
1276 4984
1276 11476
1276 3040
1279 3601
1281 1791
1278 1132
1281 13785
1281 14761
1284 4127
1286 3144
1285 4263
1288 11585
1286 4798
1290 3362
1287 7144
1288 808
1290 7938
1290 1420
1295 6520
1292 2429
1296 1268
1298 4502
1295 3708
1297 5270
1299 6336
1300 1036
1301 1121
1302 2392
1301 3122
1305 7818
1306 2738
1307 6369
1307 7919
1307 2514
1308 5609
1311 4039
1311 4810
1314 512
1315 6691
1312 5060
1313 1202
1316 2183
1315 6644
1320 7859
1318 8141
1321 6419
1321 2515
1320 3661
1325 2464
1326 7930
1325 298
1324 1623
1326 3609
1329 3571
1327 7208
1332 7418
1333 7488
1332 6907
1331 4685
1332 7216
1337 4373
1338 2050
1337 2306
1337 7718
1340 4534
1342 146
1340 3968
1344 5359
1345 973
1342 6059
1344 7323
1346 2236
1346 7112
1348 4975
1347 5603
1348 7943
1349 4471
1350 7939
1355 2142
1356 6572
1353 2847
1356 5798
1357 2726
1357 5690
1357 5306
1362 125
1362 6186
1362 4355
1362 7132
1363 5711
1365 7277
1364 1489
1369 4214
1370 5277
1370 7912
1370 1235
1372 7002
1370 1194
1372 2748
1373 3687
1376 4090
1376 4472
1375 2331
1378 2511
1377 5215
1378 7307
1382 4223
1381 2914
1383 5411
1383 6774
1384 1697
1385 5226
1386 3041
1390 711
1391 4831
1392 107
1392 1542
1393 63
1392 4402
1395 343
1396 8115
1398 1513
1395 5568
1397 642
1401 955
1398 7978
1399 1211
1401 1262
1402 4092
1406 6229
1406 5572
1406 1797
1409 4415
1410 8043
1408 4998
1408 6660
1410 6797
1414 8024
1415 5570
1412 3730
1414 7964
1415 64
1419 227
1418 6287
1418 2470
1422 7270
1422 6545
1423 6267
1423 1480
1423 6907
1427 6177
1425 4651
1429 1808
1426 5672
1431 2195
1432 8033
1429 7593
1432 4704
1433 4192
1434 6796
1434 7598
1436 2761
1437 5941
1438 2527
1439 1511
1439 1855
1443 345
1441 5396
1442 3420
1444 1079
1446 2911
1445 5800
1449 5057
1449 3327
1447 6088
1452 3857
1453 4477
1453 25
1454 3220
1453 1779
1456 857
1457 917
1459 620
1457 713
1458 2964
1460 650
1460 1481
1464 237
1462 2769
1466 3802
1463 3321
1467 2137
1466 1292
1466 2293
1468 292
1468 2661
1473 1
1472 2289
1473 2726
1476 712
1477 730
1477 2255
1475 2590
1479 3601
1481 2084
1480 963
1483 2627
1484 693
1485 1434
1483 3959
1485 2137
1486 481
1489 896
1490 2740
1489 166
1490 2155
1489 3145
1494 2229
1492 3137
1494 3112
1497 305
1495 183
1495 2156
1497 1060
1501 2127
1501 1970
1503 956
1502 3203
1503 439
1506 1080
1504 1457
1507 667
1507 1222
1508 2096
1511 392
1510 2672
1513 2514
1512 1494
1514 1264
1512 2683
1517 1008
1514 1890
1518 1687
1519 898
1517 1997
1518 2022
1520 3374
1522 3873
1521 2909
1525 3475
1524 2134
1524 1964
1528 1106
1527 1666
1530 3887
1530 3684
1533 1682
1530 1677
1532 2068
1532 2398
1536 3986
1534 338
1535 426
1539 2575
1537 170
1540 184
1541 3074
1543 1596
1541 2308
1543 3970
1543 357
1548 2650
1549 1373
1547 458
1547 3644
1552 2258
1550 2238
1553 3713
1552 1683
1552 2108
1554 1586
1555 2590
1556 186
1556 144
1561 1238
1561 850
1560 1618
1562 1569
1561 919
1565 3050
1567 2115
1565 2325
1565 1638
1567 2810
1571 320
1571 1174
1570 3165
1574 3892
1574 2012
1576 1608
1573 1501
1574 2544
1578 3993
1578 2363
1580 3832
1581 3585
1582 571
1584 3351
1581 1453
1586 1174
1584 2366
1586 230
1586 2825
1588 3718
1589 3898
1590 2389
1592 93
1594 626
1594 490
1593 2296
1594 4049
1597 59
1596 480
1599 3847
1598 509
1598 4010
1599 855
1600 3724
1603 3693
1602 3381
1605 1642
1607 1931
1606 1647
1609 3346
1609 3348
1611 587
1611 234
1612 49
1614 3203
1614 1374
1614 897
1617 3136
1615 33
1620 2867
1621 643
1619 3613
1621 887
1621 2819
1622 532
1626 2302
1624 189
1625 1688
1628 4046
1628 1649
1628 3002
1632 2507
1631 416
1630 3939
1633 2429
1632 2426
1635 817
1638 3949
1638 3991
1638 2301
1639 209
1639 3515
1640 3065
1644 3717
1644 366
1646 676
1646 1130
1646 1965
1648 377
1646 980
1649 1717
1650 1305
1652 1542
1654 1181
1653 322
1655 1772
1657 564
1655 727
1659 496
1659 835
1658 1940
1662 443
1662 462
1664 132
1665 701
1665 662
1666 803
1664 1673
1669 5
1666 1512
1671 713
1672 1313
1670 1425
1673 396
1674 1841
1673 1939
1674 1246
1678 1394
1677 389
1679 605
1679 1163
1679 602
1680 805
1680 334
1685 1839
1683 491
1685 1759
1686 837
1687 972
1688 114
1687 115
1688 448
1692 421
1691 987
1691 1797
1694 1984
1695 13
1695 582
1697 1512
1697 1655
1697 1183
1698 1153
1700 1684
1701 183
1701 862
1702 1108
1707 392
1707 1866
1707 487
1707 1789
1711 2025
1711 122
1712 504
1711 1775
1712 1751
1715 1629
1716 148
1717 1745
1715 923
1720 939
1719 407
1718 817
1722 1101
1724 1420
1725 1343
1724 1388
1723 226
1726 1488
1728 293
1726 1913
1730 1324
1728 1350
1733 1583
1730 2000
1733 903
1732 82
1736 1481
1737 160
1735 1494
1740 1740
1739 1843
1741 1757
1743 153
1742 1848
1743 1431
1745 640
1747 652
1744 573
1748 82
1749 1732
1748 1631
1749 203
1749 1787
1750 1284
1754 1681
1753 2009
1755 722
1755 1004
1755 1271
1757 1137
1759 791
1760 1857
1763 2014
1762 151
1765 1315
1763 788
1767 677
1768 1052
1765 209
1770 1355
1769 1322
1771 756
1769 1500
1774 1379
1774 1658
1774 1134
1777 826
1774 1713
1776 631
1778 422
1781 1740
1782 247
1783 154
1783 189
1783 77
1784 1408
1786 1499
1785 1075
1789 438
1790 1807
1790 1155
1788 1493
1792 1162
1794 164
1795 286
1793 326
1793 280
1794 442
1798 326
1798 542
1801 351
1801 1279
1803 658
1804 426
1805 611
1805 115
1804 89
1807 1518
1808 72
1807 349
1809 1736
1810 1499
1813 1026
1811 466
1814 1126
1816 49
1813 1330
1816 310
1815 312
1818 1271
1821 1872
1822 117
1822 684
1821 104
1825 717
1824 162
1824 126
1824 267
1829 28
1829 951
1830 278
1831 227
1829 81
1833 865
1831 318
1836 470
1837 268
1834 286
1836 783
1840 88
1840 822
1842 851
1840 623
1842 995
1842 655
1845 53
1847 526
1844 378
1848 358
1846 626
1849 368
1850 343
1849 145
1853 5
1854 276
1854 247
1853 463
1855 5
1855 332
1860 628
1859 192
1861 542
1861 667
1863 561
1864 583
1865 495
1867 1008
1866 49
1867 934
1867 497
1868 776
1868 522
1871 716
1871 391
1871 814
1875 418
1873 277
1875 570
1876 696
1877 57
1879 334
1878 162
1881 577
1884 208
1885 40
1884 449
1884 437
1884 4
1886 59
1886 307
1888 134
1888 329
1891 253
1894 959
1891 678
1896 606
1895 77
1896 510
1895 445
1896 802
1901 500
1898 615
1902 347
1901 253
1902 114
1903 135
1906 954
1906 928
1908 753
1907 621
1908 3
1910 338
1913 1013
1914 963
1912 686
1913 23
1914 644
1915 115
1918 156
1918 504
1919 770
1920 551
1923 299
1920 993
1923 530
1925 860
1924 101
1926 567
1926 169
1929 490
1931 684
1928 415
1932 490
1931 428
1934 24
1935 1022
1933 309
1935 1005
1938 38
1939 992
1937 804
1940 690
1942 941
1942 373
1944 85
1946 379
1946 442
1944 951
1945 437
1948 54
1950 1017
1950 520
1952 925
1952 383
1952 191
1955 253
1956 912
1956 8
1956 735
1960 340
1960 439
1958 245
1961 445
1964 510
1964 872
1964 904
1967 890
1968 951
1966 149
1967 923
1968 430
1971 35
1973 795
1973 773
1974 768
1972 729
1975 1003
1975 969
1976 867
1977 787
1977 477
1980 125
1983 90
1984 125
1981 809
1985 900
1984 188
1985 9
1989 884
1989 5
1988 277
1988 805
1989 583
1991 708
1995 327
1995 141
1995 231
1998 94
1998 52
2000 372
1999 252
2000 486
2000 341
2004 9
2002 145
2004 90
2003 206
2008 341
2008 53
2006 140
2008 486
2010 76
2013 416
2014 334
2015 186
2016 428
2013 81
2016 374
2015 216
2017 249
2017 491
2019 140
2020 8
2020 390
2021 137
2022 141
2023 472
2026 291
2025 353
2028 485
2027 158
2028 362
2030 76
2030 453
2034 436
2034 5
2036 482
2034 134
2039 507
2036 126
2039 339
2038 211
2040 160
2043 204
2041 208
2042 376
2045 383
2048 361
2046 307
2047 400
2050 65
2048 404
2052 68
2054 247
2055 117
2053 32
2057 438
2054 60
2057 310
2059 52
2057 186
2062 472
2063 220
2064 123
2061 356
2065 300
2066 219
2068 351
2065 205
2067 222
2068 239
2071 451
2070 115
2071 337
2071 17
2076 509
2073 374
2075 171
2079 90
2078 368
2077 255
2079 300
2080 164
2081 111
2082 189
2086 142
2083 276
2084 382
2088 307
2089 3
2091 30
2091 404
2093 155
2094 417
2091 180
2092 361
2096 200
2095 470
2099 434
2098 343
2098 85
2098 118
2101 504
2102 490
2101 3
2105 17
2104 174
2104 123
2109 356
2107 377
2110 307
2111 464
2109 269
2114 278
2113 237
2114 449
2114 470
2118 127
2119 5
2117 118
2120 377
2119 321
2119 362
2122 483
2122 316
2126 130
2127 29
2127 399
2129 171
2126 142
2130 476
2129 84
2130 113
2134 98
2132 309
2133 508
2137 158
2136 255
2139 154
2139 64
2138 366
2138 143
2141 145
2144 187
2144 355
2146 402
2147 447
2147 380
2147 457
2146 400
2151 271
2152 218
2150 217
2152 111
2152 335
2155 327
2155 286
2155 354
2159 138
2156 29
2159 482
2161 350
2159 112
2160 125
2162 318
2162 12
2167 487
2168 346
2169 70
2167 303
2168 298
2170 141
2173 77
2173 141
2173 62
2175 26
2175 69
2174 233
2179 135
2176 187
2180 250
2181 81
2180 20
2180 179
2181 192
2185 163
2187 254
2187 137
2188 146
2187 78
2187 188
2188 40
2189 132
2193 115
2191 252
2192 60
2197 116
2198 94
2199 165
2200 140
2200 120
2202 194
2203 97
2201 42
2201 96
2206 248
2206 19
2205 6
2206 171
2209 126
2209 167
2208 66
2213 211
2210 125
2213 114
2212 70
2214 24
2214 135
2217 237
2217 37
2218 77
2222 41
2219 176
2222 188
2222 78
2222 108
2225 101
2226 102
2229 11
2229 219
2229 65
2232 69
2229 39
2233 221
2231 188
2235 228
2237 203
2238 207
2235 131
2237 70
2237 82
2238 43
2243 252
2240 129
2242 234
2243 93
2243 28
2246 18
2248 195
2250 10
2250 90
2248 42
2251 244
2250 190
2253 14
2252 20
2253 9
2256 190
2257 144
2259 6
2261 60
2261 185
2263 88
2262 199
2265 183
2262 121
2263 255
2264 249
2266 241
2268 122
2269 215
2271 164
2270 205
2273 202
2275 137
2276 32
2275 169
2277 37
2276 236
2277 221
2280 117
2282 201
2282 160
2283 119
2283 24
2282 98
2287 88
2284 207
2288 192
2290 235
2288 58
2290 205
2292 160
2290 154
2291 108
2292 145
2297 166
2297 50
2297 68
2300 154
2300 18
2302 108
2302 200
2304 68
2304 61
2306 252
2307 109
2305 126
2308 61
2309 14
2308 185
2309 13
2311 156
2313 220
2312 252
2315 148
2315 161
2314 194
2319 206
2317 209
2318 52
2319 134
2320 86
2324 222
2321 242
2322 96
2326 128
2327 186
2327 32
2329 96
2328 225
2328 154
2332 14
2331 39
2335 161
2334 243
2333 167
2338 75
2339 216
2336 126
2340 199
2342 242
2339 59
2343 45
2342 31
2344 167
2346 97
2347 8
2345 91
2348 123
2351 16
2349 46
2350 31
2354 53
2353 64
2354 58
2353 83
2356 51
2359 36
2358 120
2359 62
2358 12
2361 100
2363 99
2363 40
2365 79
2363 69
2364 121
2368 56
2370 69
2371 46
2370 24
2369 120
2374 108
2374 111
2373 121
2373 66
2377 60
2378 17
2380 19
2380 94
2381 60
2380 32
2381 111
2383 109
2382 15
2383 124
2388 75
2389 26
2390 44
2390 28
2388 32
2391 123
2393 116
2395 54
2392 36
2395 83
2398 33
2395 105
2398 53
2399 28
2400 77
2400 55
2404 98
2403 87
2403 69
2404 28
2404 117
2409 110
2409 101
2410 81
2412 128
2409 110
2411 8
2414 41
2413 76
2413 60
2417 20
2415 64
2419 19
2421 108
2418 117
2421 110
2421 91
2425 72
2426 58
2425 115
2426 60
2428 31
2428 114
2430 125
2430 14
2429 58
2431 57
2435 31
2434 40
2434 49
2435 8
2439 71
2437 68
2438 81
2441 122
2441 12
2443 73
2444 58
2446 118
2445 108
2448 96
2445 96
2446 62
2450 50
2448 49
2453 69
2451 52
2451 24
2454 24
2456 58
2455 17
2457 60
2460 128
2461 34
2462 112
2459 20
2463 84
2461 66
2465 73
2463 42
2464 84
2468 22
2466 82
2467 99
2472 124
2473 41
2472 98
2472 60
2473 23
2475 56
2474 116
2478 37
2479 94
2477 103
2478 18
2483 52
2483 99
2485 57
2484 52
2486 93
2487 12
2487 31
2489 43
2491 61
2492 112
2491 2
2493 68
2494 66
2495 111
2497 121
2494 21
2495 30
2497 16
2500 49
2499 36
2499 127
2504 81
2503 42
2504 56
2506 5
2508 48
2509 103
2507 39
2507 40
2511 8
2511 22
2510 42
2512 8
2515 127
2516 60
2517 113
2517 74
2519 54
2519 40
2520 111
2521 46
2523 58
2525 29
2525 63
2525 36
2526 50
2528 21
2528 41
2529 19
2532 13
2532 52
2533 8
2533 54
2532 19
2535 51
2537 26
2535 17
2538 20
2539 11
2539 25
2540 23
2542 28
2544 13
2544 40
2545 53
2545 27
2548 27
2550 35
2548 27
2549 31
2552 54
2551 13
2553 46
2556 49
2555 3
2557 63
2557 63
2556 10
2559 57
2562 58
2562 53
2561 58
2563 34
2566 18
2565 37
2568 4
2566 29
2568 4
2569 35
2568 63
2573 17
2573 32
2572 15
2572 30
2576 22
2575 44
2576 14
2580 54
2578 4
2580 42
2580 55
2584 63
2582 39
2585 56
2587 23
2588 40
2586 32
2587 36
2588 54
2592 47
2590 1
2592 55
2594 1
2595 12
2596 45
2596 36
2596 47
2599 35
2601 34
2600 61
2602 42
2602 35
2604 35
2604 41
2604 1
2607 21
2606 43
2609 58
2608 14
2609 5
2612 41
2612 47
2614 14
2614 61
2617 3
2615 52
2619 63
2618 46
2618 6
2620 40
2623 23
2620 37
2623 15
2622 42
2627 14
2626 64
2627 53
2628 27
2629 8
2632 11
2630 17
2630 51
2632 9
2636 37
2633 18
2637 44
2637 15
2637 55
2641 43
2638 26
2642 27
2640 63
2643 20
2646 52
2644 2
2644 9
2645 19
2647 58
2647 13
2651 41
2649 29
2650 28
2655 50
2652 57
2657 3
2657 61
2658 55
2657 2
2657 3
2662 37
2663 45
2661 6
2662 50
2664 57
2666 64
2664 15
2665 10
2669 53
2670 29
2671 2
2671 13
2670 15
2671 17
2675 51
2676 58
2678 16
2677 20
2677 45
2677 7
2680 47
2682 64
2683 44
2684 47
2686 19
2687 16
2686 51
2689 46
2686 21
2690 47
2690 56
2690 5
2693 50
2694 45
2695 25
2694 16
2696 63
2697 22
2699 64
2697 14
2701 61
2700 41
2703 38
2703 62
2703 43
2706 53
2708 15
2706 39
2706 11
2708 44
2708 20
2711 48
2710 48
2715 20
2712 32
2713 19
2718 13
2715 5
2717 3
2718 3
2721 9
2721 18
2723 12
2723 16
2724 19
2723 5
2726 31
2726 18
2727 5
2729 4
2730 31
2733 5
2733 7
2731 2
2733 4
2736 2
2736 14
2736 2
2739 21
2737 26
2738 31
2742 12
2743 24
2745 12
2743 32
2745 26
2745 30
2746 5
2747 17
2750 7
2748 4
2752 2
2754 26
2751 21
2755 18
2753 18
2758 8
2759 26
2760 6
2761 5
2758 31
2760 24
2761 10
2765 10
2763 3
2767 19
2764 1
2769 28
2767 22
2769 12
2771 12
2773 11
2773 24
2774 32
2772 6
2777 25
2775 26
2776 23
2778 17
2780 16
2781 19
2780 20
2783 21
2785 22
2783 31
2785 26
2788 27
2787 18
2786 14
2790 17
2789 27
2792 9
2793 3
2794 17
2793 6
2795 13
2794 20
2799 25
2797 11
2800 24
2798 29
2802 31
2800 30
2802 20
2803 4
2807 22
2808 7
2805 24
2807 9
2807 1
2810 29
2811 15
2810 7
2813 14
2813 23
2815 25
2816 3
2819 31
2817 23
2819 22
2818 14
2821 11
2823 7
2824 20
2825 19
2826 16
2828 11
2827 17
2828 5
2829 8
2832 26
2832 16
2833 22
2832 21
2833 25
2835 18
2838 7
2836 1
2836 17
2839 11
2839 28
2841 30
2842 25
2843 28
2845 24
2844 14
2848 25
2848 4
2850 17
2848 13
2849 14
2850 20
2853 17
2851 15
2852 4
2855 32
2854 15
2855 27
2860 3
2858 9
2862 25
2861 2
2864 30
2861 21
2865 12
2865 12
2865 16
2865 30
2870 28
2867 10
2870 8
2871 1
2871 31
2871 31
2872 6
2873 11
2874 9
2875 26
2877 17
2881 32
2879 10
2882 29
2883 31
2881 20
2882 30
2883 26
2885 23
2888 25
2887 14
2891 20
2890 14
2893 12
2893 32
2891 2
2894 28
2896 5
2898 17
2896 14
2900 8
2898 4
2899 1
2903 21
2901 11
2902 21
2905 12
2907 16
2906 22
2909 4
2907 8
2908 16
2908 8
2909 11
2912 2
2912 10
2913 14
2917 15
2918 9
2915 9
2917 10
2919 14
2919 5
2922 7
2921 10
2924 12
2925 3
2927 11
2924 16
2929 7
2927 7
2928 6
2929 3
2932 13
2932 16
2931 13
2932 10
2935 9
2938 13
2938 9
2939 12
2940 15
2941 1
2942 12
2942 11
2942 8
2942 5
2944 4
2945 14
2945 5
2949 12
2951 13
2951 10
2951 15
2954 1
2953 9
2955 3
2955 7
2958 2
2956 11
2958 7
2957 2
2958 12
2960 12
2964 9
2961 4
2964 3
2966 1
2967 8
2967 8
2966 11
2969 12
2969 6
2971 3
2971 4
2975 7
2976 1
2973 16
2975 5
2977 14
2976 10
2977 2
2978 12
2979 14
2984 2
2985 15
2982 7
2984 9
2988 7
2989 14
2989 14
2989 2
2991 8
2990 9
2994 15
2995 11
2994 7
2996 1
2994 2
2998 12
2999 8
2999 4
3001 3
2999 1
3003 13
3005 3
3002 5
3006 5
3005 7
3007 6
3009 8
3010 7
3009 1
3010 6
3013 1
3012 6
3014 5
3015 16
3018 7
3016 10
3019 4
3017 13
3020 12
3020 12
3023 2
3025 13
3024 4
3026 8
3024 13
3026 13
3028 13
3029 9
3031 14
3033 4
3030 3
3033 2
3036 12
3036 16
3038 16
3035 6
3039 4
3040 1
3038 1
3039 15
3040 14
3045 4
3044 2
3047 4
3044 4
3048 2
3046 2
3051 9
3050 7
3049 2
3050 4
3055 10
3053 8
3056 10
3056 2
3056 15
3057 16
3057 13
3059 16
3061 8
3060 8
3064 13
3064 11
3066 3
3064 15
3069 10
3066 1
3070 2
3068 1
3072 14
3071 16
3074 12
3074 10
3076 9
3078 1
3079 7
3077 9
3078 8
3082 10
3080 2
3080 3
3085 5
3082 4
3083 4
3084 8
3085 6
3090 3
3090 3
3090 5
3090 4
3091 5
3095 1
3095 1
3096 7
3094 3
3096 5
3097 1
3099 2
3101 1
3101 8
3102 8
3102 8
3104 6
3106 6
3105 1
3108 4
3106 5
3110 3
3108 2
3109 6
3110 7
3112 5
3114 8
3117 8
3115 3
3117 8
3120 8
3120 7
3122 7
3122 2
3123 6
3125 2
3126 1
3124 8
3128 1
3125 8
3128 8
3129 7
3132 3
3132 7
3133 4
3131 2
3136 2
3136 7
3134 6
3138 3
3136 7
3140 3
3142 6
3139 5
3143 6
3143 7
3145 5
3145 1
3148 1
3145 8
3148 5
3148 1
3150 4
3150 2
3153 8
3153 2
3155 5
3154 6
3154 6
3155 2
3159 6
3160 6
3160 3
3161 8
3161 4
3162 3
3165 1
3167 6
3167 5
3166 4
3167 8
3168 7
3171 6
3170 7
3173 5
3172 6
3172 1
3173 1
3178 5
3177 7
3178 8
3178 4
3179 6
3179 6
3183 3
3183 3
3184 4
3183 6
3187 7
3189 6
3188 1
3188 2
3191 3
3190 6
3190 5
3192 5
3192 3
3195 2
3195 5
3197 8
3199 3
3198 7
3199 3
3201 6
3200 6
3204 4
3204 6
3206 2
3207 5
3209 5
3207 2
3210 2
3212 5
3210 6
3211 6
3214 2
3212 3
3215 5
3215 8
3217 5
3220 5
3219 2
3222 2
3219 3
3223 8
3224 7
3226 6
3224 7
3228 6
3229 6
3228 4
3230 7
3231 4
3233 8
3233 6
3232 8
3236 7
3233 3
3236 6
3236 8
3237 7
3239 1
3238 8
3243 5
3243 8
3241 3
3242 2
3246 8
3247 8
3249 6
3249 4
3249 3
3251 2
3251 8
3251 4
3255 1
3256 7
3256 6
3255 8
3256 4
3260 6
3260 7
3261 3
3261 2
3263 3
3263 1
3266 5
3267 2
3268 3
3268 3
3267 3
3269 1
3268 3
3273 3
3274 3
3271 1
3274 1
3277 1
3276 4
3278 4
3277 4
3277 3
3282 1
3279 3
3282 2
3285 3
3285 4
3287 2
3288 4
3288 2
3290 1
3291 1
3290 1
3290 3
3290 4
3293 3
3293 4
3295 2
3294 4
3298 3
3297 4
3297 1
3300 3
3300 1
3300 4
3301 3
3304 1
3305 3
3308 1
3305 2
3306 3
3309 4
3311 2
3309 3
3312 2
3312 1
3315 4
3315 2
3315 3
3318 3
3320 2
3321 3
3320 4
3323 4
3320 2
3323 3
3325 1
3325 4
3328 1
3328 2
3330 4
3327 3
3330 3
3329 4
3334 2
3331 2
3334 3
3333 4
3335 2
3338 2
3336 4
3339 1
3338 2
3340 3
3341 4
3342 3
3345 2
3344 4
3346 4
3349 4
3347 2
3350 2
3349 3
3352 1
3354 2
3353 1
3352 1
3354 2
3355 3
3356 1
3360 4
3359 1
3362 4
3359 4
3364 1
3364 4
3362 3
3363 2
3367 1
3365 2
3368 1
3369 4
3368 4
3370 3
3371 4
3375 4
3373 2
3373 1
3378 4
3375 2
3379 2
3377 4
3380 1
3379 1
3383 4
3384 3
3385 1
3385 3
3384 2
3387 3
3387 3
3387 2
3390 2
3391 3
3391 3
3392 4
3392 3
3396 3
3395 2
3399 2
3398 3
3401 4
3402 4
3403 2
3402 4
3404 3
3404 4
3403 2
3405 2
3409 4
3407 3
3410 4
3409 3
3412 1
3414 2
3413 3
3416 1
3417 2
3417 4
3417 3
3419 1
3418 1
3419 1
3422 3
3422 3
3424 1
3423 1
3427 2
3426 2
3428 3
3427 4
3431 4
3429 2
3433 1
3432 3
3431 2
3432 2
3433 4
3438 4
3438 4
3438 3
3441 2
3442 2
3441 1
3444 2
3441 1
3446 1
3445 1
3448 1
3445 1
3450 1
3450 2
3448 1
3452 1
3451 1
3453 1
3455 2
3456 2
3456 2
3459 1
3460 2
3458 2
3459 1
3463 1
3460 1
3465 2
3465 2
3465 1
3468 2
3469 1
3468 2
3467 1
3468 2
3469 1
3471 2
3475 1
3473 2
3473 1
3478 1
3478 1
3480 2
3477 1
3479 1
3483 1
3482 1
3481 1
3484 2
3486 2
3487 1
3486 1
3487 1
3491 2
3492 1
3492 2
3493 2
3495 2
3492 1
3494 1
3495 1
3495 1
3500 2
3498 2
3500 1
3500 1
3504 2
3502 2
3505 2
3506 2
3507 2
3507 1
3510 2
3507 1
3510 2
3509 2
3512 2
3511 2
3513 2
3514 1
3514 2
3516 2
3518 1
3518 2
3522 2
3521 2
3524 2
3522 2
3524 2
3526 1
3524 1
3527 1
3530 1
3529 2
3531 2
3532 1
3534 1
3533 1
3534 1
3535 2
3537 2
3536 2
3538 1
3541 2
3541 1
3541 1
3544 2
3541 1
3545 2
3544 2
3546 1
3548 1
3548 2
3549 2
3549 2
3552 2
3554 2
3554 2
3556 2
3553 1
3555 1
3558 2
3557 1
3559 2
3558 1
3562 2
3564 2
3563 1
3565 2
3565 1
3564 2
3569 2
3567 1
3571 1
3570 1
3572 1
3574 2
3573 2
3572 1
3576 1
3577 2
3575 2
3577 1
3577 2
3581 1
3581 2
3583 2
3583 1
3582 2
3583 2
3587 1
3588 1
