36154614
36011041
35927385
35590501
34810758
34079934
33479036
33041808
32734030
32391789
32358324
31639822
31111487
30821825
30412835
30053209
29157399
29094496
28408521
27429269
27056579
26442767
25791537
25746343
24873052
24128304
24011302
23623742
22711027
22065173
21273745
20379522
20156483
19537581
18782476
18766366
18687252
18587187
18560114
18239433
18087418
17618724
17399862
17135392
16831900
16780141
16737835
16586145
16432002
15917690
15690595
15646901
15571668
15381229
15150837
14892169
14626095
14172932
13825840
13434252
13264324
13106587
12913950
12674996
12629020
12420692
12220706
12022002
11925383
11827682
11745942
11727316
11691478
11308704
11474022
11274502
11470260
10893818
11293762
10814358
11058918
10461112
10640372
10413938
10117736
10387076
9979558
9886190
9779950
9752772
9469740
9485064
9151910
9408372
9036122
9332140
8777378
9159840
8582042
8743322
8491722
8553112
8491610
8494326
8347040
8428012
8160364
8349732
7992312
8190370
7861414
8050734
7664726
7942872
7456586
7689110
7213472
7680186
7080770
7536392
6843718
7521564
6733166
7457768
6607050
7245136
6568250
7103592
6512600
7085356
6275326
6951098
6083096
6786012
6006878
6587006
5960600
6374440
5776166
6320906
5770584
6178576
5700124
6165546
5623594
6010780
5504066
5846476
5417850
5763156
5349350
5655062
5096280
5606534
5075286
5514490
5062346
5390966
4989834
5331868
4875422
5213508
4837570
5157954
4832280
5071058
4732418
4997970
4641908
4870762
4625398
4833690
4594094
4795806
4545016
4672060
4431706
4642372
4353116
4599292
4322466
4476008
4203430
4392866
4132866
4335542
4072002
4299132
4001434
4240654
3892596
4207522
3799142
4093752
3698408
4088716
3610698
4051378
3599358
3936724
3480470
3826676
3475884
3770632
3428108
3713778
3385552
3662324
3321702
3629390
3257670
3584968
3229628
3583408
3199754
3522828
3159316
3496258
3151052
3281468
3454508
3136736
3037496
3281108
3406184
3135508
3005960
3277860
3397016
3074340
3003452
3160204
3339636
3073828
2913652
3108624
3299948
3072522
2906008
3044208
3281938
3038252
2887364
2953836
3204872
2975784
2789892
2862132
3155748
2947064
2739880
2758196
3031212
2847236
2648440
2749940
2950984
2792704
2640412
2659588
2825508
2672508
2622640
2605712
2786728
2637016
2498444
2496916
2658428
2624916
2444328
2431708
2608252
2571644
2378156
2332380
2558632
2464440
2330836
2330580
2453076
2414776
2240380
2301252
2410272
2328644
2217988
2192892
2313188
2253088
2178948
2144320
2282720
2197548
2168068
2084456
2223272
2163132
2161376
2062744
2209896
2113856
2141408
2058928
2192808
2082952
2106136
2035224
2148804
2037368
2053032
2033916
2132752
1985660
2018236
1997184
2071380
1951392
1961844
1972068
2040412
1932540
1946652
1913088
2007860
1898496
1885588
1877588
2003664
1866804
1831072
1877088
1993560
1847280
1771820
1812480
1972344
1846672
1713216
1759428
1925124
1844540
1651216
1706200
1865260
1796260
1632956
1649848
1859172
1788076
1621856
1603948
1802932
1729864
1569540
1549780
1753820
1679708
1561328
1531472
1722916
1677032
1552500
1522036
1669060
1673572
1531732
1493724
1615828
1617408
1483480
1436916
1571584
1560528
1443664
1381088
1518196
1524208
1436876
1333224
1478328
1476704
1434668
1306756
1433644
1417992
1426224
1288804
1415300
1370456
1407668
1258700
1407264
1340012
1385068
1238760
1378052
1334096
1381520
1218360
1369504
1308648
1381280
1199400
1350168
1301796
1365952
1172308
1328004
1295136
1337304
1160992
1307504
1293788
1327824
1133740
1300588
1276420
1309380
1132544
1275120
1248252
1283188
1125964
1250548
1239892
1275072
1107112
1243400
1231356
1268272
1101684
1220084
1206584
1242128
1082656
1197116
1188372
1236924
1073708
1179320
1160288
1222524
1062928
1149380
1143068
1194532
1041620
1130976
1131428
1177892
1010356
1102752
1118936
1154080
983268
1071148
1101348
1138388
975616
1059112
1079888
1106884
957588
1043932
1060716
1075068
944356
1012648
1032084
1046972
934448
1005876
1010740
1017688
932848
975724
1004852
1015984
922276
972476
995492
1000712
892448
969980
985744
974252
883968
940080
958616
952996
883212
934132
927812
929400
871592
927980
918728
923484
857592
924540
915864
916720
841860
923004
912720
913728
830728
922628
902852
909776
790600
828744
918588
897416
899136
901740
887072
903036
779368
819336
909252
894264
875024
882192
880304
896320
746616
803096
897696
880120
862456
881528
849072
883896
721088
794612
882216
851800
853288
854360
824960
877528
720616
775664
851056
828624
842440
846160
801128
853200
718312
762248
830304
825184
841704
833520
781352
839984
706072
729664
803656
824944
818488
808824
752544
816536
697888
708176
792504
803216
786160
800760
736432
793912
672824
702952
778448
772432
774096
768536
735936
761616
664416
683984
769608
755920
752504
747712
721256
729040
662368
668560
741408
724832
723880
736528
694656
699824
649448
647512
714824
721424
702064
721096
692312
691128
637336
637912
686672
701216
673200
694032
682152
660008
608568
618768
675376
680952
655728
666672
657584
649808
597904
602616
668400
670888
638376
666336
631896
649560
581960
578232
651768
664168
620704
640096
624192
632808
558680
566824
634648
642816
615176
624920
609336
614072
554096
540120
614560
610104
596456
595584
594672
610376
544768
535672
600792
584960
564728
568712
585840
591472
532776
520112
576176
557840
560640
549976
565376
564984
507744
517056
553560
555320
542360
524096
565184
557800
493328
504160
539896
550128
528120
509600
552304
555088
489000
488664
530120
535816
517280
495064
541048
553152
481320
481768
517912
521848
502840
491920
531384
542784
469248
471864
507080
506552
497992
490688
521224
537064
456080
470968
506040
503840
482568
478016
507760
533824
448512
461296
502632
488992
466648
469536
495488
520272
436664
456448
499408
481560
456680
454240
489752
513424
429304
453456
489336
469360
451304
440936
480936
508808
429024
438480
474504
459224
445504
432368
471384
500080
425928
435944
472144
448512
444464
422944
464184
486672
420112
424512
469440
435096
434016
411488
450448
477520
417016
423880
469080
428584
431024
405232
435904
468992
413888
423448
453624
413952
415448
397576
435016
454896
400416
415688
446320
411456
407024
394912
420552
442248
397352
408288
434600
396040
395984
388024
405624
438640
391272
408200
432472
380904
391512
384000
402160
425288
380736
394952
418048
380256
380408
371320
394232
415560
373760
382656
406016
369984
378168
364016
389968
399600
372616
379296
396504
368936
369376
360224
385568
397712
367080
367904
389064
368760
362000
356136
380880
383832
366960
356056
375880
362464
354528
350240
366992
371368
358248
354944
370424
350856
353152
347712
366472
367952
348360
350344
355992
343400
337008
335176
363264
356224
342192
349072
344400
342736
333104
332600
347360
355280
337776
348736
334288
327528
323056
329792
335992
341448
326168
344880
332856
317992
318800
325856
324200
339192
324912
338048
325952
314152
318448
323264
323968
338536
322728
336136
322976
313920
316552
319776
321792
336368
320992
329648
321176
312584
312208
315408
321480
334864
314576
324144
319408
310928
309496
308512
314808
333320
312128
316048
318392
310584
302872
305920
310536
325384
306720
315632
315752
306984
296272
298472
302656
322792
302256
310576
307784
301920
295656
293368
299264
316400
301712
302704
301704
294056
292176
286592
297840
315848
297296
300848
300568
292912
289504
280080
292880
308144
295224
297144
294096
290480
285808
277536
288176
304552
287968
292912
288960
284408
283360
273744
284704
300360
283464
287568
286744
277584
280672
273048
283832
299808
281112
282528
283440
275960
278872
266608
275696
294232
277408
279800
279168
275248
272096
262704
267512
290984
276368
276600
273312
274728
265000
262128
267440
283336
272672
275648
272872
273728
264320
259264
262776
280856
269816
274040
266832
265728
262976
252248
256288
274896
267640
271280
262192
263832
258232
247528
255152
267200
262608
263424
261192
263048
257448
246872
247328
267136
257424
257760
260080
262856
255512
243312
244640
265728
251280
255056
259696
254928
252176
236112
238408
263392
248000
248112
252808
247216
248064
231328
236656
263328
245456
241824
246288
239736
242856
229232
230512
255456
238480
233808
241568
237656
235368
225032
228440
252136
236224
231384
235720
230704
231080
218416
228192
245176
232464
224104
230544
228688
226176
214640
227368
241760
231032
226608
204640
220144
205888
227088
222832
226704
221888
224536
200352
211888
226224
216688
238224
236304
227744
219536
202496
217824
203136
224992
219616
222872
218160
223368
197376
209088
222432
208880
237704
232080
220912
212672
199072
215464
199296
223512
214208
219520
210608
221696
195760
207544
219856
204864
235600
230416
218224
205856
191888
212856
192880
223032
211184
217632
207072
220576
188496
206296
216888
200240
231264
226640
210336
203216
186032
211600
186448
219856
210400
212368
201920
218576
184192
202856
214928
199824
225888
220064
202832
199648
185824
209600
183616
217240
207696
209152
197888
217616
182656
201848
212976
196896
223536
218176
201280
196560
181440
205528
180544
216424
207296
206608
193104
211552
179648
200112
212112
192912
216912
211312
197616
191008
180560
205184
177568
213112
203104
204624
191136
204048
178336
199872
207136
185008
210176
208400
196224
190096
174112
204688
174672
212208
201024
204064
184576
202944
174576
194272
201808
179600
210000
207856
196064
189392
169008
203952
174592
210544
195952
199760
183840
197856
171952
193936
195728
176560
203376
207376
190432
187456
166112
201744
168704
207296
189120
196400
181472
194064
167712
192176
188224
173616
199664
199872
189392
181536
165680
194208
166640
203504
183792
191344
176352
191872
162288
187872
180624
170864
192896
193888
185984
176624
161824
193472
164608
202416
183408
183696
173184
188816
160352
186880
176416
170512
190064
187872
179376
176112
158512
185744
158784
194832
182400
175504
170864
188304
159600
182096
170688
164112
185584
185056
176976
170496
155504
177584
152912
189024
176064
169984
165616
180464
159312
179136
166368
158752
177952
176944
175392
168784
153744
171936
149536
183632
172992
169648
162736
179920
153680
173504
159360
154352
170624
171952
170656
163056
148112
170896
149520
176160
167776
166064
155296
176288
153472
172736
155360
149136
163264
171472
167456
157664
145456
163328
146736
171680
163088
159072
152768
172016
148816
169248
149840
141904
158496
167760
163744
150640
140144
160816
145184
165312
155248
153440
146208
165392
146656
168512
149040
139504
154624
164336
161504
145344
135824
158944
142736
158304
149984
151648
139088
157392
145680
160672
147920
136624
154560
158976
161296
145120
129104
152048
136176
152032
148672
145200
136928
149296
143456
154960
143104
131120
150160
152400
155744
143952
128208
148704
128816
146144
141232
142560
133984
144320
136864
150272
138800
130528
143696
147808
151728
143648
124256
143424
126992
138496
135440
141728
130336
136480
132400
149136
132032
128032
137136
142640
147632
137376
123488
138848
122512
134960
131776
133648
123488
130448
131344
141168
129664
127648
129152
136800
142832
136672
122560
133824
118688
128144
124960
131264
119968
124880
131024
140736
128416
122816
121120
128640
139328
134400
121120
132256
118464
124912
122320
129904
117776
123872
129664
137088
125008
122256
120816
125232
138800
131008
119312
128848
115360
121712
118640
127040
115264
123520
127248
134912
124528
119632
118432
122768
137504
128288
117984
127232
112720
118688
114896
124672
114128
120160
124144
131872
123792
119264
116992
119600
136240
128000
117232
123520
112688
115648
111600
123840
112864
116256
123824
129312
122032
116944
115472
116048
133280
125616
115264
122128
109952
111920
110816
119792
112736
115296
120112
125824
122016
113472
114000
115216
131536
124432
111984
119776
107776
109504
107920
116096
111744
113568
116752
122768
120608
112560
113520
114096
129504
123664
108480
117824
107264
108672
105456
112832
109168
113024
113712
119392
117984
110352
113328
111408
128800
123120
104896
115424
104800
106896
102544
110816
108208
110944
112256
118512
114768
108816
113136
108560
127936
120512
103360
111488
104736
106144
101856
108976
106368
108176
108768
116352
112064
105568
110416
105584
126624
118656
102384
108704
104592
102176
99568
108784
104944
105472
105424
112960
110912
104736
107456
103936
123824
118624
102304
108624
102144
101984
99184
108368
102640
101648
101856
111696
109376
102384
105136
102848
121568
118256
100240
107744
101728
100560
96240
105824
100448
100832
100816
107936
106816
100912
102320
100048
118608
114960
97792
104496
100048
100080
95168
105584
100320
100400
98688
104928
105872
97760
101792
97488
117808
111024
96400
100416
99744
99136
95024
103568
98784
98704
94928
102592
104112
95968
99104
94576
115472
108032
94976
97792
98560
96576
93136
103408
97600
96640
93360
101920
100048
95776
99088
94080
113424
104016
91456
97136
95984
94512
90544
101072
96080
94048
90880
98864
97008
93936
97568
93552
110000
100848
90816
94624
95808
94176
89424
100144
92112
90000
89168
98816
95712
92112
95968
92176
106928
100096
88624
94112
92784
91024
85344
97024
89792
85984
87584
95600
93984
91488
93120
88464
106176
99216
86912
93952
92512
88608
84752
93648
87232
84560
86640
93264
92480
87616
89568
87552
105680
97424
85168
90912
92128
88112
83856
90336
87040
82816
84128
91456
90800
85856
86464
84208
105152
93936
82032
89792
89376
85600
82032
87408
85584
82160
82864
90256
88400
84704
84752
81008
101536
92896
81744
86576
88272
85120
81184
84000
84480
82144
78976
90064
84576
84416
83120
80864
101376
90240
77840
82528
84288
82912
81152
80240
82000
80016
75264
86880
82720
80832
80896
77136
98128
86160
77744
79664
82512
82400
78896
79920
79424
76480
73888
84592
78800
78560
78976
75088
96496
85968
74960
77536
80704
78528
75392
77184
75568
76240
71264
83696
76208
78304
74944
73552
92416
82336
73104
75440
76656
75344
73744
74624
75120
75328
70096
79792
76000
76336
71232
73504
91136
81136
71088
75024
76096
74624
73024
73168
74912
73840
68960
77952
74720
74544
69648
72848
89136
80880
70784
74016
74912
73024
72272
71232
74144
72160
67248
76208
73024
73824
68416
71712
87376
80144
70272
72736
73136
71440
70464
71088
72448
71984
67152
75168
71984
72208
68112
70368
85568
78544
68320
72080
73072
70640
68944
69840
72304
70928
66208
74416
70208
72064
66400
69584
83680
76752
66704
70528
72496
69360
67616
68368
70416
68992
65296
73872
68432
70496
65792
68608
82544
75600
66160
70000
71728
68128
66816
66992
70304
67296
65040
72000
66576
70288
64096
67872
82016
75120
65680
69440
71312
66848
64944
65776
68640
65584
63264
71248
66384
69024
63936
67440
80752
73680
64784
67472
70320
66000
63872
65696
67360
65024
63152
69376
66176
67648
63008
65488
80192
73664
64368
66080
69168
65456
63840
65632
67248
64576
61504
69248
64288
66656
61296
64976
79536
72656
63712
64352
67200
63952
62160
65344
65840
63552
60416
69088
63632
65456
59952
63440
79392
72112
62416
63824
65264
63600
60384
64816
65104
61856
58544
67584
62912
64448
57920
61680
78032
70560
62272
61872
64832
63440
59728
64336
63168
60768
57344
65824
62240
62416
57248
59696
77200
69648
60480
60240
62928
62112
58848
62368
62752
60496
56752
65504
60640
60704
56528
58944
76640
68736
59168
59968
61744
60080
58544
60720
61136
60336
56368
64400
58624
59136
54576
58464
74656
67984
57728
59008
61280
58784
57472
60608
59104
59520
54960
62624
56736
57552
53936
56464
72928
67600
56864
58896
60288
57040
56624
60224
57936
58704
54288
60752
56496
55552
53056
54992
72256
66656
55200
57472
58480
55536
54608
58400
56480
57200
52768
59312
55280
54800
52656
53168
71040
66048
53776
56656
57136
54000
53408
57456
55568
55824
51824
57376
54896
53040
52080
52208
69824
65472
52128
56192
57104
53568
52320
56736
54944
54000
50720
55504
54256
52784
50768
51152
69072
63728
51824
55520
56304
51744
52080
55040
52928
53968
50640
53584
52224
51680
50368
49824
67872
62432
51376
54656
54800
50592
50944
53216
51696
53088
50304
52112
51952
50240
49744
48640
67504
60784
50560
53136
53040
49376
49712
51360
51136
52816
49008
51632
50576
49952
48608
48240
65552
64320
60608
52000
49168
48128
52560
51552
46336
51728
40928
47808
47936
48640
49936
49440
47904
50576
51808
51296
48656
47840
50464
48992
47968
48752
48960
46784
48032
48000
46752
45920
64416
62848
58576
51552
47232
47008
50016
49920
44704
50304
37760
47168
44256
47296
47424
45824
47840
48592
49280
51136
46528
47040
49584
46912
44544
47840
48000
45984
47680
46976
45248
44320
64224
62688
58208
47936
46496
44000
46528
46464
44416
49824
36576
46064
40576
47104
44224
45408
43840
46816
48000
47616
46080
44320
47712
44736
42464
46880
46688
45856
47040
45472
44672
43360
62272
61792
57504
46784
46048
43136
46304
46304
42912
48976
34656
45760
38784
45600
43776
44768
42784
46528
46272
45696
45824
43008
46304
43264
40704
45696
45120
44064
45984
44640
44384
43168
60352
61152
56720
46464
44480
42944
45824
45056
42688
47952
33952
45648
37888
44576
42240
43904
42048
44736
45280
44096
45504
42080
45920
41632
40256
44800
43488
42176
45760
44608
43616
42912
59232
60576
56560
45760
43552
42336
45280
44032
42624
47024
33568
44624
36704
42784
41184
42144
41056
44032
43680
43808
43744
40800
44896
40192
39872
43648
42880
40512
45216
43552
42240
41344
58080
60512
56448
44864
41504
42144
45024
42080
41152
46080
33184
44560
34816
40832
39200
40160
39232
43296
43072
42496
41824
39840
44512
39808
39360
42624
41504
38784
43616
42560
41824
39648
57536
60480
55792
44576
39456
40160
43296
41184
40576
44576
32800
43536
33344
39456
38848
39776
38432
42752
42848
41536
40992
39552
43040
39008
39264
41408
40704
37824
42944
40800
40064
38656
57504
58592
54976
43360
38304
39808
42496
40480
38944
43680
32352
43056
32352
38048
37504
38016
37504
41312
41408
40480
40768
38304
41696
38176
38944
39360
39968
37408
42208
39136
38720
36896
56416
56608
54480
42400
37984
38784
40512
38432
37760
41888
32000
42416
31936
37376
36928
37952
36480
39936
40512
39040
39296
37248
39744
37728
37824
38400
39456
36160
41088
38048
38336
36064
54912
54848
53776
41696
36960
36736
38880
36864
35904
41440
30944
41472
30656
35584
36480
37696
35552
38336
38752
37376
39104
35712
38528
36256
37344
36448
37888
35968
40640
37792
36416
34720
52992
53152
53392
41024
35712
36480
37760
35552
34112
40832
30752
40992
30080
34976
35744
37088
33920
36608
38656
37344
38400
33696
37856
35424
35456
34976
36448
35328
40544
36544
34752
33312
50976
52320
53056
39360
33728
35584
36992
34592
32512
39904
30528
39424
29056
34336
33952
35360
32608
35104
38048
36000
37056
33376
37760
34560
34944
33120
34848
33664
38784
36224
34400
31328
49856
50528
52640
38400
32576
34464
36960
34528
30816
39392
29088
37664
28832
33344
33248
34944
31296
34752
36448
35424
36928
32064
35840
33440
33888
31808
33920
32704
38240
35680
32736
31072
49344
49984
51232
37664
32448
33024
36672
33920
29792
38336
29024
35904
28672
31840
32768
33952
29632
33376
35232
33664
36544
31968
34272
31680
33760
31456
31904
31200
36960
35168
30688
29920
47328
48288
50240
35968
31168
32704
36096
33792
29344
37824
28224
34752
28544
30432
32416
32768
28640
32576
33472
33472
36032
31840
33696
29888
33280
30784
30624
30592
36000
33248
29184
28448
46400
47456
48512
35776
29696
31680
34336
32288
28800
36064
27616
33120
28480
29824
30368
31936
28128
32032
31936
32704
35008
31680
32544
28608
32928
29024
30592
30432
35520
33024
27264
28032
45568
46080
47520
34336
29088
30304
33856
31168
28768
34144
27104
32928
26944
28736
28512
31328
27872
31328
30944
30944
32992
30880
30496
28000
31840
27776
28608
29216
35328
32704
26432
26304
43776
44192
45504
32512
29056
28832
32416
29152
27616
33632
25888
32768
25856
27648
27840
30656
26848
29728
30048
29408
32096
28928
28480
26656
30592
25760
27232
27200
35264
31680
24448
25600
42496
42304
44864
31136
27328
28224
32128
28000
26720
31776
25216
30912
24672
25856
25792
29312
26720
29504
28160
27936
30432
27616
28128
25280
30464
25312
27040
25408
34176
31360
24320
24768
41600
40768
43008
29728
26240
27744
30496
26176
25184
30176
25152
30560
22624
25760
24544
27840
26112
27488
27808
27072
29440
25664
27680
24416
28864
25120
25408
24224
33824
30144
23776
23808
40928
40160
41952
29184
24736
25824
29312
25120
24224
29280
24384
29056
21888
25088
23712
26912
24704
26560
27552
25120
27392
25344
25728
23904
27520
23808
23936
23648
32352
28384
23456
23456
39936
39328
40704
28096
23136
25664
27392
23520
22592
27872
23264
28480
20704
24352
23424
25632
24544
25024
26112
24448
25984
25024
24800
21984
26208
22656
22496
22368
30816
27840
21472
23040
39712
38912
39808
27872
21440
25312
26848
23264
21408
26528
21600
27168
19936
22560
21920
23872
22624
23648
25088
24352
25024
23872
24000
21248
25408
21728
20480
20960
28928
27552
20800
22944
37664
37760
37984
26016
21088
25120
24928
21952
21056
24672
20544
25408
18656
22240
21440
23744
21856
21920
24160
24128
23392
23456
21952
20768
25248
21376
19520
20096
27840
25600
19808
21088
36352
36672
36960
25824
20096
24096
24448
20768
20480
24320
19776
24800
17248
22208
20832
21728
21760
21536
22112
22848
22496
21440
20544
20000
23520
20896
18816
19136
26240
24768
19136
20704
34464
35552
35872
25312
19776
22432
22496
19744
19136
23232
19488
23680
16960
20448
19008
21472
20192
19616
20992
21440
21376
20320
19520
19936
23424
20352
18368
18912
25536
24352
17152
19968
33920
35360
34464
24256
18176
21248
21888
19296
17984
21312
18720
21760
16000
18432
18112
21248
18400
19296
20800
21152
19808
20288
17472
19648
21504
19776
16768
18272
23488
22592
16032
19488
33248
33664
34080
22944
16736
20032
20672
18048
16960
20960
18336
21056
15808
17696
17632
20960
17856
18336
19776
19904
17856
18752
15808
19296
20000
18336
15712
16896
22144
21088
14784
18080
32544
32864
33248
22496
16576
19584
19904
17952
16864
20288
18080
20672
15744
16992
17216
20224
17728
17664
18848
19168
17056
18176
15424
18464
19616
17664
14912
16448
21536
20928
14336
17216
31776
32512
32608
22016
16352
19232
19680
17856
16000
20096
17312
19968
15360
16384
17184
19712
17600
16800
18016
19072
16160
17312
14400
18432
19520
17312
14688
15584
21376
20320
14016
16544
31136
32288
32352
21120
16000
18336
19072
17536
14976
19296
16768
19360
15296
15392
16160
18688
16768
16352
17216
19008
15712
16864
14240
18368
19136
16672
14528
14912
20384
19872
13120
15712
31072
31264
31488
20192
15392
17472
18784
17472
14688
18688
16000
18400
14720
14912
15904
17824
16608
16032
16480
18336
14976
16480
14016
18336
18208
16192
13536
14592
20128
19296
12864
15328
31040
31232
31264
19168
14752
16672
18304
16800
14272
18656
15872
17952
14336
14208
15872
17568
16416
15520
15872
17536
14272
15584
13792
17952
17568
15712
13440
13984
19712
19200
12672
15104
30528
30880
31200
18976
14016
15936
18240
16768
13600
17984
15680
17184
13952
13984
15744
16736
15488
15328
15520
17440
14144
14880
12960
17184
17056
15520
13024
13696
19008
18240
12576
14912
29760
30240
30688
17952
13696
15328
17504
16352
12576
16960
14912
16576
13120
13536
15040
15840
14784
14816
14528
16832
13344
14720
12448
16320
16704
14944
12416
13024
18528
17792
12512
13920
29344
29952
29664
17888
13216
14976
16640
15360
11968
16352
14080
15744
12832
13248
14688
14816
13888
14112
14336
16416
12928
14176
12256
15488
16288
14016
12320
12768
17792
17216
11648
12896
28768
29472
28640
17376
12288
14720
16160
15264
11584
15392
13152
15232
12320
13088
14400
13856
13248
13152
13504
15968
12256
14016
11808
14656
15392
13600
12288
12352
17568
16992
11424
12128
28352
28512
28352
16544
12160
13728
16000
14592
11008
14688
12608
14656
12128
12896
14176
13536
12672
12960
12768
15328
11680
13536
11232
14176
15072
12928
11808
11712
16576
16512
11008
11936
28256
28288
28288
16384
11136
13056
15008
13888
10592
14656
11904
13888
11328
12000
13696
12576
12544
12320
12192
14720
11552
13088
10496
13280
14368
12384
11488
11680
15744
15584
10720
11168
28032
28096
27808
16032
10848
12416
14784
13504
10336
13888
11296
13856
10944
11840
13504
12032
12480
11296
11168
14624
11200
12128
10336
12960
13728
11904
10560
11456
14944
15008
10304
10976
27520
27872
27392
15008
10816
11520
13760
13152
10112
12960
10624
13440
10560
11008
12896
11808
12224
10432
10336
13664
11072
11808
9632
11936
12768
11616
9600
11296
13920
14272
9728
10560
27168
26848
26368
14944
10400
10784
13408
12448
9600
12928
9888
12608
9728
10368
12160
10848
11680
10208
9536
12768
10240
10912
8896
10912
12640
10656
9504
11168
13248
13600
9440
9760
26656
26016
26112
14048
9632
10016
13152
11680
9504
12512
9440
11648
9248
10272
11392
9952
10880
9248
9312
11840
9760
10592
8064
10368
11968
10560
8896
10272
12576
12896
9376
9344
26528
25216
25920
13376
8896
9024
12352
10976
8960
12224
9088
11584
9088
10080
10816
9760
10272
8224
8800
11104
8864
9696
7808
9664
11264
9760
8512
9920
11840
12576
8736
9184
25952
24768
25344
12448
8832
8576
11392
10080
8512
11840
8896
10912
8928
9728
10592
9024
9248
7456
8128
10208
8800
9568
7488
8928
10976
9056
8480
9056
11648
12160
8704
8672
25312
24704
24512
11616
8736
8512
10592
9952
8320
11200
8000
10112
8832
8928
9600
8864
9056
6880
7936
9504
8256
8736
7008
8032
10400
8736
7616
8192
10848
11136
7904
8096
24352
24096
23776
10592
8192
7776
9984
9184
7808
10272
7008
9440
8288
8448
8800
8576
8192
6848
7040
8864
7904
8640
6304
7424
10112
7808
6752
8032
9888
10144
7456
7904
23616
23072
23296
10144
8096
7360
9472
9088
7712
9792
6560
9088
7840
8256
8160
8320
7200
6656
6880
8512
7520
8064
6272
7232
9696
7168
5888
7520
9696
9984
6848
7232
23424
22624
22912
9632
7392
6976
8480
8896
7360
9440
6432
8224
7168
8128
7200
7840
6624
6624
6752
8032
7264
7584
5792
6368
8864
6656
5472
6496
9568
9280
6400
6880
23328
21632
22240
9248
7264
6752
8384
8224
6624
8992
5600
7328
6848
7328
6560
6944
6144
6336
5952
7264
7040
6656
5632
5888
8160
5792
4832
6176
8672
8256
5984
6752
22688
21568
21248
8800
6336
6112
7584
7552
6592
8480
4800
7104
6496
6336
6464
6496
5344
5600
5824
6880
6432
6400
5120
4960
7616
4768
4768
5568
8032
7328
5760
6496
21696
20800
20320
7808
5408
6016
7072
6592
6176
7648
4320
6496
6304
6144
6304
5664
5248
4672
5696
5920
6368
6272
4512
4224
6944
4640
4608
5504
7072
6976
5344
6336
21152
20736
20096
6784
4800
5088
6336
5824
5376
7392
4256
6304
5920
5312
5920
5408
4512
4640
4704
5440
6048
5664
4384
3808
6304
4416
4096
4864
6336
5984
4832
5472
20832
20576
20064
6496
4384
4768
6080
5760
4992
6912
4000
5888
5632
4960
5408
5216
4448
4448
4672
5216
5792
5248
4256
3712
6144
4384
4064
4544
6304
5536
4768
5216
20608
20224
19552
6048
4320
4352
5568
5664
4832
6432
3840
5664
5120
4928
5024
4704
4000
4384
4448
4832
5376
5056
3936
3520
5920
4320
3968
4192
6016
5312
4256
5056
20544
20128
19296
5824
4288
3840
5408
5504
4416
6048
3616
5216
4992
4608
4576
4672
3968
4032
4128
4544
5184
4928
3872
3264
5600
4256
3680
3968
5600
5248
4096
4640
20160
19936
18848
5344
4096
3488
5344
5248
4192
5856
3424
5024
4672
4288
4160
4224
3872
3904
3648
4320
4800
4736
3392
2944
5152
4064
3552
3840
5280
5056
3776
4448
19776
19712
18784
4896
4000
3456
5312
4992
4000
5376
3296
4672
4192
3904
3968
4000
3744
3488
3488
3872
4672
4608
3296
2720
4704
3904
3392
3680
4800
4928
3264
4352
19520
19552
18464
4384
3840
3296
5120
4800
3712
4928
3104
4256
3712
3520
3840
3904
3712
3136
3424
3520
4352
4544
3008
2400
4544
3648
3264
3456
4352
4480
2912
4192
19072
19456
18368
3904
3616
3264
4736
4480
3520
4672
2880
4128
3424
3200
3328
3712
3552
2720
3168
3296
4000
4064
2848
2240
4224
3168
3040
3328
4160
4320
2592
4128
18688
19296
17952
3552
3552
2784
4448
4448
3136
4224
2720
3744
3360
2976
3136
3296
3136
2592
2688
2976
3648
3776
2496
2112
3712
2912
2880
2912
3712
4064
2368
3648
18624
18880
17760
3296
3488
2432
3968
4064
3008
4000
2304
3648
2848
2688
2784
3264
2880
2528
2560
2944
3136
3328
2272
1760
3360
2880
2656
2592
3360
3616
2144
3424
18400
18784
17312
3200
2976
2240
3776
3648
2720
3616
2240
3200
2688
2560
2528
2752
2464
2432
2048
2656
2848
2816
1984
1632
3296
2624
2560
2144
3296
3392
1920
3072
18368
18752
17024
2944
2848
2208
3712
3136
2592
3264
2144
2720
2304
2304
2112
2560
2016
2336
1824
2272
2560
2720
1664
1568
2944
2112
2432
1920
2912
3008
1888
2688
18176
18464
16576
2432
2592
1728
3392
2912
2208
2752
1760
2304
2240
2176
1760
2400
1952
1824
1664
1984
2304
2464
1536
1504
2912
2016
1920
1888
2432
2592
1728
2656
18048
18112
16160
2144
2528
1664
2880
2400
1792
2656
1472
1888
1920
1856
1344
2240
1568
1728
1504
1888
1984
2144
1184
1344
2464
1760
1856
1696
1984
2176
1344
2592
17920
18048
15840
1984
2368
1376
2432
2016
1632
2176
1408
1632
1600
1664
1248
1952
1152
1312
1440
1856
1792
2080
928
1312
2240
1504
1408
1504
1600
1952
1184
2528
17824
17792
15360
1792
1920
1248
2272
1888
1408
2144
928
1376
1472
1280
1184
1472
896
864
1312
1472
1568
1600
896
1216
1824
1216
1152
1152
1376
1696
1056
2080
17568
17664
15264
1664
1536
1056
1760
1568
992
1728
864
960
992
992
896
1152
640
640
1152
1376
1248
1504
864
768
1408
736
960
960
1280
1216
992
1760
17184
17376
14752
1536
1248
832
1312
1280
928
1344
800
672
832
928
608
928
480
416
896
928
1184
1056
544
608
1280
640
832
896
864
704
832
1440
16736
16928
14560
1280
896
544
864
768
896
928
544
544
352
768
544
672
192
320
704
544
672
640
384
544
768
416
352
576
416
544
480
960
16576
16544
14400
896
416
192
416
256
480
448
416
96
64
448
32
320
160
256
352
384
480
320
128
448
320
32
96
96
160
512
160
512
16128
16000
15616
16384
14208
11520
480
64
15488
15168
14784
15968
13888
10624
14976
14720
14400
15776
13472
9920
14464
14656
14016
14912
13184
9024
14016
13696
13888
14400
12800
8448
13056
12736
13440
14144
12384
8192
12416
11712
12736
13696
12064
8128
12032
11648
12608
13376
11872
7808
11904
11264
12288
13248
11648
7296
11392
10880
11968
13056
11456
6784
11328
10752
11456
12672
11136
6656
10880
10560
11200
12416
11072
6400
10560
10112
10816
12160
10688
6144
10112
9984
10688
11712
10496
5760
9664
9728
10432
11200
10112
5632
9472
9600
9984
11008
9984
5312
9152
9216
9664
10688
9664
4928
8768
8704
9472
10304
9152
4864
8512
8384
9280
9792
8960
4800
8192
8256
9088
9664
8576
4288
7936
7744
8704
9216
8448
3840
7744
7680
8448
8768
8064
3584
7680
7616
8256
8384
7680
3392
7424
7232
7872
7872
7616
2944
7232
7168
7744
7744
7552
2560
6976
7104
7296
7552
7296
2432
6656
6976
6848
7232
7168
2112
6400
6784
6464
6912
6784
1984
6016
6720
6336
6528
6656
1920
5632
6336
6272
6080
6272
1536
5568
5888
5952
6016
5952
1088
5376
5696
5760
5568
5504
576
5312
5440
5504
5376
5312
320
5120
5312
5440
5248
5184
192
4992
5056
5312
5184
4992
4736
4928
5248
5056
4864
4544
4736
5184
4992
4672
4480
4672
4928
4800
4608
4288
4608
4672
4672
4352
4032
4352
4480
4416
4288
3968
4096
4288
4224
4160
3840
3968
4224
3968
3904
3776
3904
4160
3712
3648
3712
3648
3968
3648
3520
3584
3456
3712
3584
3392
3328
3264
3456
3328
3328
3136
3136
3392
3200
3136
2944
3072
3328
3072
3008
2752
2880
3136
2880
2816
2496
2624
3008
2624
2624
2368
2496
2880
2496
2368
2304
2304
2688
2240
2304
2240
2240
2432
2112
2112
1984
2176
2176
1856
2048
1856
1920
1984
1792
1920
1664
1856
1728
1664
1856
1600
1600
1600
1536
1600
1408
1536
1536
1472
1408
1280
1408
1472
1344
1280
1216
1280
1344
1280
1216
1152
1152
1216
1152
1152
1024
1088
1152
1088
1088
896
1024
1088
1024
960
832
896
960
896
896
704
832
896
832
768
640
768
768
704
704
512
704
704
640
640
448
576
640
512
576
384
448
576
384
512
320
384
448
320
384
256
256
320
256
320
128
192
192
192
256
64
128
64
64
128
