327460990
2210553
326691906
620016
2174451
3251846
3612674
325927615
4539779
325207412
325144649
8671956
5004562
6874916
5749456
324457312
323550888
4704718
323358525
8714205
4357185
6136382
322621239
14398628
321951210
9482146
321705103
13619268
11050630
320734146
13148178
14129714
11825922
10711298
320270224
10450842
11834218
14394204
320235658
12666734
30511381
319448995
30017299
29056143
23184975
16823255
318806756
23025819
27171495
16135085
16872047
318147567
19690867
25553343
14774819
317767359
18645431
15611727
24593983
317277136
316450851
18554007
24306591
23954093
20402611
316253905
15553541
315561895
22871147
31342965
17861187
21362579
315038954
28949069
26862477
20725813
314540865
22585533
314378783
23232033
313881545
313425747
21329765
30392029
45746901
313235150
312873866
33673867
44787287
26811877
32353319
312596796
25313365
44286557
312275587
43369721
34464951
35129727
41998635
311611679
310665030
34890763
41353205
310150370
39134023
36607289
40757299
310114512
36954087
38941431
309428371
43350743
34429327
37695519
39991891
308648892
39722053
35901497
39874915
307823384
48137826
47600716
35361269
47475590
307407571
46438464
46255208
40372255
45626039
306744531
45633131
43858187
38213899
306096247
306094653
57737874
305761695
49581538
46537704
57399384
305226434
304975582
55988622
48371114
304830698
51033968
43324415
54707480
51014244
303929720
53979720
51915600
303275445
49705930
53018054
52047392
51671976
302563586
301818864
301258762
50258630
300509153
299654948
57012810
54945690
61719410
58904084
299227331
54071914
60627522
298404372
297442771
63506137
297157993
59141610
296298551
63903178
61553688
295763042
61709620
73671602
57880940
57629894
295181953
72040642
57331838
71340890
295082764
65573812
70011072
295048924
68187492
57562582
67678218
63905880
294436645
66666540
64910916
293833304
293734170
64526974
293721121
74799850
69821494
73879352
68982862
292770503
292742571
70773158
291864795
81887118
75354878
69089030
80816450
291219359
75658090
73612626
79473054
290413048
80658988
78296838
77736440
71990706
289832177
77606570
76897660
75086814
289300838
75759476
75452428
75491990
288697242
75020986
287895957
96965384
81676114
85451712
287871247
287261409
95027476
81954376
286878714
286830475
93674020
286334849
285788774
85306456
92376876
82684276
80364064
285531309
91951322
285045301
88072028
90463072
89754464
88135208
284697348
89121468
87139112
88525340
284227994
86943220
85481520
283783160
90492540
283693584
82426504
283004838
92930904
92159552
282283164
281607026
281579615
97286647
90623248
95406306
281211114
97973543
96612686
93447218
95536862
280681709
88839228
280235986
98929584
97356921
279989864
101022126
99956348
98082234
279750785
98125652
279031230
278726804
106886764
106113346
101836924
104351749
277946172
102707854
103427974
277208250
107909253
276678873
102125323
276220783
107587005
107501397
275282941
111708339
103822606
110345751
274575620
108615841
109748161
109543497
274237471
108481649
273874467
273313129
112089503
272374100
112392801
110321367
113177798
271396524
112145811
108897133
270421121
115045634
269968464
114852498
269613864
112686850
269057586
268878538
114419130
115105707
268560281
268212440
114939504
116579188
268039729
117032781
116381460
117539543
267598045
116237512
267442067
117365263
116535344
115867820
266961424
117869840
266661867
116023562
115735884
266468372
266045485
123107603
265647608
265156924
122323491
118086097
264716751
264569201
118600729
121791613
264185752
121121727
120531815
119791341
119788101
263731719
263513226
263197188
118330553
119045685
119754907
262926836
121087059
121694593
262497514
119616913
121189329
123870191
123828765
262158657
262139580
126636469
123575265
125598559
261864583
261842744
125172909
123555611
118286673
261604331
124300705
123128199
122918503
124058203
261522602
124037395
261433848
121400709
123503535
261217236
261003961
124972255
260997278
260941046
260645479
260584825
125084919
126589585
124641255
260505732
260379781
124076199
259988541
124339207
259578905
127287262
259501705
126785676
128707662
128231778
259186926
132753056
127790403
128482119
258761351
129035758
131759194
131582852
258337912
130395914
129835550
258280444
131506250
130671236
126891020
130939634
258172219
257932603
130790048
126949538
129063136
257895679
127446624
130405358
131070850
130474286
257651257
128258040
257620387
132986967
137653487
257223371
137298785
256760524
133128357
256431250
136600987
135999145
134907219
135262319
256354721
134693483
133357221
255849254
133964755
132422524
133664499
255435913
254935724
254598859
131466172
131750332
254293867
254090767
137731794
137945849
135099097
135899585
253989915
134932561
253593484
253320158
138249775
133975473
252880668
252713724
252252297
133422465
252082779
140552491
139724067
139037641
138946111
251813706
138605251
251356743
138550153
138144697
251053038
250986002
138862345
250790177
250473215
139732019
250178960
142087912
140864576
141111426
249820885
141980218
140948978
140373759
146139451
249661820
145602945
145192857
249589592
142237737
249243240
143662509
144380003
249191259
143025561
143871697
142959849
142690341
249079222
143116405
142159005
146141383
248654695
248518112
142923459
248068959
145853847
147084775
146466463
144561787
247730308
144174739
247395201
247048045
143456371
148477513
148950831
147438685
246947611
148405275
145887235
246435475
147940869
149140273
246282212
147092717
146440427
141361106
148788403
246254754
246095671
245932175
149933366
149589982
150759626
245534809
245157240
150369234
150075040
244786939
151239478
151045920
244332501
149945530
243997625
151719616
243550102
151679614
149851126
243234951
153791309
243055422
153729213
149802350
152945901
242820119
153144647
242610131
151167822
152143109
151376178
242524306
242154663
152667241
153046105
151467898
241981717
241958778
153261161
152479291
154401910
157141498
241875119
156913004
154012474
153687351
156241878
241478406
151950229
241035860
155446428
240521435
154400788
240336432
240109135
155164538
155120574
155088142
154733088
240025643
154564618
154459138
159999872
159576762
239795615
155788474
155645474
157256934
159484820
239546857
239356442
157071506
155809722
159254880
155670038
239176358
156780546
239103590
159240588
157613400
239093380
158761756
156876802
158674786
157478026
238945704
156211138
238716313
158224538
157720970
238649855
158046564
156303250
238535905
157175982
158202114
238354291
158735510
157130170
238140874
158596614
160109993
238049841
160506609
159490018
160470761
160395584
237984746
237803525
237595396
237543249
160454273
237324370
160521970
161124333
237317339
160873551
159690814
161936420
237062632
160794543
161776572
160294756
162115387
236828857
161401194
161328896
163271003
161175882
236809547
163231289
236633952
162419745
162788403
236441379
163856536
163461600
163368468
162391773
236279620
236095430
236078311
162252967
162058743
164231422
163989730
236046287
163602432
236045001
166660891
163387968
166360941
165546443
236033120
164220648
166196937
165771371
164696695
235939504
235908990
165508591
165201523
166638751
166119063
235814381
164493159
235571412
166180535
166662278
165263435
235317122
169562092
164761779
169052496
235097696
164299151
234928458
167493180
168873802
167226640
167794258
234683319
168367270
234671081
166786764
234650663
167988500
167557294
165417103
234598654
168828330
167495046
234582278
234398263
168113430
170694974
234371830
170543352
170193508
167578466
169731840
234198694
169230068
168907988
167295862
233964287
167911358
173211591
233815818
172692937
172473747
171302957
170766517
233729872
172288727
170566052
233563153
172034075
171725717
171081553
233522720
233499222
171570973
170491524
233320613
168193806
172207065
233284716
171264265
233069423
170193836
169854756
176461055
233001205
172358251
232893858
173227621
176264547
171327309
173311541
232892794
172749291
175807091
232737760
175289299
173985103
232673674
175425819
232422114
174462131
173423827
174417047
175105319
232273581
174470527
232124629
176191725
172906411
175628997
175585833
231946530
173866785
231848985
174825593
174986425
231722612
174270905
231675805
174789625
178378589
173608873
177861029
231596654
231374206
177481995
176850877
177037095
175076777
231272464
176517301
177839435
231202469
231123783
175121777
177743595
178470409
177377135
231064837
176752905
174878201
177845637
177899801
230983759
175933017
230949366
176860199
179435802
230784969
230758090
179356044
178851870
230729312
178301121
178992316
230604161
178387335
180245791
179456557
230535782
180119081
178436639
230487382
179662519
180101737
179523005
179778205
230463679
181670498
230344962
180979240
181397812
181339088
230315891
181350754
230212360
181141894
181235284
184733840
230165061
181438638
230083896
184256052
184103868
181014502
229929630
180624574
183762758
181925228
183645266
229743234
182403628
182991980
183371926
229682794
183175628
183032274
182127876
229617550
229394808
229256960
182609112
186827893
182119800
229136380
186452917
228929459
184576070
183453014
186209619
228756033
185814531
181498566
181677620
185423265
228571261
184959797
228445389
184873211
182306782
184420358
184858139
228379760
185927103
181684228
183886926
184190982
228369510
185214915
183865890
228307161
186525629
228056012
186020801
186165553
186162309
228046449
186084689
187015798
227936207
186432745
186679503
184938963
227927795
188029918
188000420
187760968
186869506
227926609
227803273
187043902
187640640
187279028
185158547
227797333
187396052
187153764
227689166
227675959
187918282
227582053
227499284
189747398
187419862
188055054
188324438
227408441
189535980
227333825
188104010
189428054
188441614
189202616
227309963
189101488
189062252
227290386
227243462
189011436
189017376
227148803
188612760
188755528
188609200
227134944
227056267
189366076
189165936
227008796
188257584
188234040
188798776
188561348
226884290
187663314
188000238
226875541
226756773
226744459
226712446
189668306
190541126
189351348
190414718
226618345
188615292
190049118
190351620
226608481
190033510
190256932
226511942
189774118
190239150
189983608
190177032
226442796
190165870
226361239
189778352
226246895
190100904
189026112
189576962
226179793
226154612
189984196
190670621
190934822
191145644
226129627
190691159
190862582
190764170
226081136
225966238
191678119
225956302
190652361
191559589
190854734
191348843
225884542
189833686
192439992
191069930
191385069
225787450
192277550
192190054
225747684
192255274
191606197
192076576
191864226
225660429
191733646
191747842
191243337
225598957
192716843
192633811
192186470
225532122
192587488
192382154
195446432
225525903
195381172
195154460
225475029
191597949
195025514
225425252
193525682
193373234
194818330
193572774
225308235
193002058
194601414
193453958
192593068
225180502
193188190
194467186
193323830
194337394
225106425
192832222
194091828
225024704
194085824
193552664
193864742
225008871
193196522
193793328
193601044
224991029
192381296
193531614
224927782
224818633
194874520
194426256
224702172
194204272
194254300
194001478
193594738
224582474
195412230
224459570
194953154
224432940
195156818
224336776
195145976
224217908
195735213
195690643
195658877
194979662
224198735
195425210
195420774
224185865
194893418
195241358
224172166
196431943
224125183
195213982
196381513
195854509
224110141
194941484
195772337
196201649
224042433
224041364
196344849
195965649
196714830
196324437
223965803
195918613
223863232
196456122
196872996
196687456
223786644
223740800
223740577
196508564
197198269
223731660
197846923
196996595
197616209
196994889
223625858
196929651
197120345
197368251
223618577
197440645
199734934
223598768
197288163
197417959
223489722
199479902
199346834
198090620
197128817
223376350
197286639
199113926
199007362
223264884
223227929
198997208
198028004
197602849
223109122
223055752
198744590
222930935
222925350
197580041
198632414
222797449
198162644
222749612
222694966
198621390
198235378
198463486
222689576
198187642
222688124
222581888
198388976
198287966
198709948
222562252
198103336
199012342
198581848
222487946
198851838
222445106
198408572
202136265
222338026
222221843
202133197
222205527
222142292
198830016
202058683
201955749
222119683
201876705
199812937
199780825
199079364
222030034
201619797
201605061
200024707
201604433
221971793
200519883
198827592
221937869
201435927
200058175
200252503
221904917
221847352
201388461
199435776
200248231
221829042
199584280
201208367
200707009
221744598
200397407
200974573
200735709
200529509
221731426
199835171
221612363
221591724
200298693
200674857
200426009
221585557
199997687
200150475
200132715
221558956
221511247
200082075
221492233
200620065
200406385
221446876
201025931
221391664
200791483
221336023
200623733
201041633
199961375
200765431
221301945
221292659
201442801
200168751
221272356
201257661
201048089
221208352
221206776
221150264
221144614
201428713
201728895
201557995
201472843
221124880
202285340
201536615
221095092
202048219
202309237
202231302
221075456
202076283
202145990
221032015
221029390
202017079
201985007
201774271
202924407
220982114
202587305
220947739
202475697
202804131
202778829
220891679
202761621
220885417
202414029
202755131
202314285
201665615
220834877
202629311
201932839
202431885
220779301
220727803
220692650
202594311
202847825
202368273
203324390
220674256
220650489
203216106
220596519
203183628
203145280
202976180
203023620
220564591
203103746
202986152
220515416
203040594
203026582
220510106
203230432
203559300
203458924
203452718
220481325
203215548
220428224
220368089
203440130
220336366
220293575
203527888
220266649
203498984
203364920
203589094
220223549
204091078
203692116
220203437
203960544
203511924
203935972
203890334
220200777
203677472
220178621
203767472
220175394
206550729
206450457
203757996
220111787
206350053
220099300
203463732
206225017
203784388
206149235
220050694
206063883
206018509
205911505
220040458
203829776
205786845
204678175
204528935
220007439
205727277
204352675
204097693
219996768
204183631
205671273
219935197
205625671
203857176
205507379
219875651
219862475
219829120
205406077
204224007
205290251
204278259
219817961
205209189
204001448
219755953
204381367
205196745
219708035
205113603
204413495
219700417
219656191
204993915
205042361
204861331
219646374
219635405
204751159
204279665
204657367
204380919
219629619
204786845
204450597
204717157
204779257
219573039
204772341
219561420
204293097
204920603
219509875
204721057
204972825
203946460
219455836
204436417
204959509
219422851
205137483
219369363
205041499
219349348
205545177
205313057
205348409
219336659
219288498
205666311
205447909
205328843
219259730
219241269
205795969
205802493
206039199
219184570
205963707
219128312
206299297
206057081
205959887
219096863
219066771
206297029
219045429
206122777
206153633
219016510
218976234
218970172
218942767
218914673
206398691
218881430
218839768
206371947
206377591
206662953
206913897
218798607
206284901
218736801
206569518
206899595
206787127
218673690
206553066
206754231
206877001
218647490
206560782
206842809
206859391
218610903
206805805
218549092
218490465
206828531
207117928
207088280
218461576
206496015
207028128
206831935
207023360
218421235
218363127
207257184
206461671
218334370
207049976
207254440
207150590
206932622
218313036
207208400
207684066
206841979
218287342
207558286
207164844
207419200
207546874
218251846
207373246
207400988
207425518
207276736
218215175
218203938
207367250
207318694
207314252
206874007
218181191
207125864
207130008
218168754
207586970
207492936
207707252
207684510
218103574
207492760
207607502
207574760
218074314
208221918
208195234
218070944
208170772
207615974
218043036
207742598
208107392
207806782
218041048
207768646
207730318
208087410
208083146
218009419
208169808
207750022
208040164
208070424
218000737
208035670
207841586
207959856
217984114
207887976
208000100
217952805
207825288
207975676
207842000
207965162
217947573
217947509
207912674
207864676
207851248
207879392
217942959
208335806
207760478
207769326
217942052
208272718
208218942
208204854
217917562
208461986
217895829
208333662
208412674
208406346
217876344
208355482
217869123
217841987
208384834
208042796
217823461
208475977
208420900
208324694
208268846
217795842
208365380
217777880
217763741
217740839
208485145
208684371
208437420
208515679
217725409
208637703
208462501
208582797
217711066
208537263
208622583
217689671
217677988
208576161
208531267
208688562
217659353
217655108
208651701
208539737
208765216
208675545
217622619
217619280
208733190
208709834
208556433
208732938
217594415
217580669
209507266
208783308
208769666
217569880
208816050
209461006
217551952
208960582
209440422
209168634
217530767
208820752
217513434
209423092
209058066
208959406
217494095
209404224
208816952
209371844
209287110
217464530
209193558
209325166
217460281
208908032
209031730
208896080
209293842
217427685
209124658
208938124
217427284
209195426
208921112
209324686
209183194
217406267
209208790
217386152
209054066
209044466
217371481
217364322
209218102
217352656
209459898
209343962
209071246
209194294
217321759
209145010
217304474
217297945
209462892
217275682
209564635
209593741
209535399
217272921
209643797
209595533
209313422
209471124
217243604
209523823
209555437
209813621
209663457
217215352
209798883
209106418
209767249
217196457
209833446
209640121
217186545
209753523
209602465
209739063
209695597
217163654
209668125
209727239
217151372
217136421
209137306
209973393
209914253
209848935
217121531
210221637
210188167
209829216
209995439
217103912
210132877
210036803
209824884
217103773
209845605
210096145
209649843
217095587
210078575
210036945
217091336
210018771
210003911
217086570
217078587
210103567
217071282
210026467
210156785
210133389
217042296
210423859
210390219
210283309
217021550
210243413
210390161
217019753
210361283
210294765
210359927
217016910
210183893
210345175
217000542
210188733
210305599
210425623
216986397
210337123
210339871
216977226
216958189
210641128
210460966
216933534
216930173
210639344
210617854
210462570
210580810
216906692
210543686
216875772
210378895
210530106
216859447
210487822
210728196
216842395
210690294
216812559
210637020
210598760
210644480
216804449
210771664
216796943
216790190
210767196
216777885
210760040
210647128
216752992
210530328
211036501
210667156
216735972
211003479
210971737
216735966
210778837
216731477
210758322
210970413
210959775
216699067
211037713
210919145
210819065
210870475
216684852
210956317
210838173
216684430
210808971
210833241
216660086
210784105
211060530
211006417
216654422
210968721
216629392
211069930
216627999
211197323
211065956
211178563
216616520
211193375
211612635
211549991
211175703
216598260
216597007
211247189
211516405
211113343
216565937
211472263
211245185
216561501
211464349
211449487
211312495
216547926
211039894
211407701
211351815
211304575
216544895
211391753
211351247
216514402
216483789
211108903
211342207
211325229
211596067
216469339
211318479
211579959
216462019
211267023
211514439
211408751
216450832
211201709
211278751
211458215
211451599
216441200
216425193
211367087
211269823
211354399
211419407
216410974
216409909
216406457
211536359
211420847
216390923
211551807
211622293
211602339
211569763
216377602
216371452
216359954
211545431
211667873
211627780
211640287
216356443
211658743
211643179
216342365
211697179
211374703
211666119
216331465
211752019
211710435
216318215
216304257
211719441
216300364
211710643
216287634
211818533
211782769
211780497
211791465
216273661
216271122
211748691
212122508
211759349
216264822
212105802
211833608
211841638
216250487
211750039
212095770
211877754
216245122
211868382
211842846
212066224
216237591
211783627
211843566
212048244
216231973
211835998
216225861
212029746
211889126
212004510
216209849
211936902
211876290
211973836
211894278
216207527
216193602
216188487
211948224
212052200
211834022
211929916
216185131
211902110
212025776
216177930
211917316
212003668
211896226
211983268
216175380
216174462
211963984
216173980
216166519
211910754
212083088
216163970
212102868
212092880
212075024
212066792
216161135
216147559
216147133
216141969
216126290
212125055
216110132
212181942
212130568
212127040
216105095
212153854
212150902
216092073
216076962
212213983
212216762
212196079
216076633
212203637
212225067
212203649
216060607
212314035
212174408
212142558
212288777
216058515
212258257
216044857
212250849
212299053
216043631
216041494
212265173
212250611
216040160
212238477
212242827
212223383
216035460
212341628
216030764
212262341
212330776
212317606
212337138
216024975
212296573
212315532
216009341
212316338
212343891
212351115
212331730
215999679
215987381
215977285
212345513
215976872
212405261
212378387
212377153
212358281
215962385
212446451
212440221
212368921
215955611
212353465
212412165
215951304
212405697
212369501
215949146
212421347
215943212
212451248
212407711
215939634
212507624
212459288
212357961
212541340
215934351
212531654
212383457
212507852
212494040
215932157
212458388
215924315
212598464
215920273
212592280
212501006
212587210
212454698
215906251
212559720
215890909
215876590
212687626
212542696
215864554
212463158
212656488
215855325
212652086
215847115
212552788
212623230
212560740
215836037
215833128
212587684
212605724
212579616
212535052
215820599
215811677
212827068
212805602
212618730
212654482
215804744
212789258
212756872
212737282
212730156
215802730
212623878
212731374
212732486
212715440
215791829
212608038
212693714
215782917
215776906
215770301
215763077
215748959
212660882
215748675
212893784
212829332
215744795
212827880
212863582
212835530
215740251
212867076
212658290
212827442
215725282
212841920
212728100
212985046
212907070
215720243
212982180
212728396
215710557
212897370
215694738
212951462
212919732
212933420
213073170
215693687
212965770
212913536
213049078
213045404
215690615
212991696
212904306
212993708
215678847
215666891
213124567
212923194
213013504
213093723
215664450
212992016
213073801
213025768
215656332
212999444
213194263
213047676
215641959
213163491
215640981
213158177
215635485
213087071
213141843
213002124
215633376
213136233
213093891
213090787
215628882
213011596
213126971
213004636
213116727
215628110
215627200
213077695
213095819
213165421
213152109
215620856
215615933
213149629
213124459
215611450
213173547
213184633
213092187
215606691
213184629
213135733
215604094
212963466
215599503
213255472
213220768
215599237
213142869
213206824
213251302
215591521
213216420
213204820
213236488
215587477
213231022
213204646
213234316
215581344
213226920
215577165
213195856
213210028
215572563
213289726
215567416
213275646
213243048
215559551
213269126
213231232
213261470
213298361
215558028
215552865
213276928
213251680
213260060
215546880
215540628
215539262
213309628
213301245
215534220
213303010
213308386
213298325
213315565
215528759
213339082
213322992
215527632
215523175
213322402
215519700
213313615
213339740
213365059
215512358
213347171
215508184
213352043
213399379
215500017
213346953
213410089
215499313
213398571
213388423
213361283
213393165
215495066
213410509
213373115
213379173
215493723
213376743
213409301
215487770
213369305
213425072
213461314
213418950
215486794
213418938
213413042
213458886
215482963
213378375
213442648
215478246
215471984
213431298
215467101
213446238
213444350
215463159
215462155
213518404
213427282
215456804
213511118
213463402
213496060
215449586
213483864
215448114
213487328
215441306
213477758
213465384
215440169
213461678
215436305
213528204
213431098
215430232
213500614
213521074
215429853
213506668
215421967
215416064
213491746
213491212
213503140
213531720
215413926
215407978
213519061
213565712
213557964
213551280
215404221
213567309
215403273
213571451
213548498
213580627
215401364
215397377
213607395
213540012
215390534
215384481
213612918
213600779
213655514
215378967
213595999
213585667
213557420
213648426
215370952
215364621
213661450
213634364
215358351
213656522
213633294
213626050
213629532
215350226
213643886
213639402
213613476
213597219
215349830
215346542
213690958
213661660
213704092
215344331
215336671
213684766
213693982
213692242
213662680
215334795
215326995
213647418
213691680
213669910
215324500
213705116
215317537
213685777
213682039
213671332
215310533
215309291
213675478
213717338
213732556
213688672
215308665
215305594
215300258
213720314
215292754
213796148
215291337
213706115
215283987
213787526
213778932
213744826
213747314
215277300
213715595
213766738
213756324
213754308
215272981
213713735
215266693
213720360
213754276
215264950
215260796
213756580
213784054
213769648
215253246
215247607
215242246
213741782
213798666
213817589
213803139
215236050
215229206
213810245
214010397
215226167
213825355
215219722
215214590
213994281
213834475
215214301
213989075
213827323
215209322
215209206
213830039
213982105
213846815
215202578
213867531
215200330
213975335
213852731
213856003
215194205
213849203
213974307
213870547
213968691
215186259
215182173
213923853
213842885
213958273
215177891
213912869
213888893
213944821
215174257
213930821
213876261
213862387
213862461
215170597
213925643
215168770
213798148
213903133
215165834
213896361
213887221
213876953
213875049
215164765
213889669
215163761
213878493
215163213
215162914
213854771
215161354
213875009
213879633
213876769
213886369
215160055
215158991
215158888
213919157
213916341
213914569
215158429
213897045
213907665
213891377
213924965
215155447
213918269
213898957
215154261
213942871
215152354
213933439
213925939
213920657
213905677
215150801
213898765
215150421
213937819
214012012
213928147
215148022
214008775
213994779
215145252
213982171
215144781
215141246
213968063
213960271
215140260
213953171
213980515
215137830
215135485
213949051
214011938
213981247
215135002
215133749
213999151
213989087
214027510
215132200
214020754
214015950
214021816
214018182
215131928
214018086
215130761
214027644
215126823
214026838
214038485
215124196
214067785
214033202
214061117
214059311
215123721
214042947
214030682
214052629
215123323
214046473
214045159
215119337
215116280
214061971
215115519
214035689
214086904
214037831
214085766
215115333
215111463
214048681
214084586
214084232
215108052
214083476
214078452
214074160
214074216
215106934
214072776
214068712
214038901
214145732
215102838
214143022
214097792
214085688
214137724
215099720
214081456
214101018
214075648
214131858
215096184
214124328
214113088
214119906
215095839
214032726
214095196
214113542
214118242
215095314
215093202
214108988
215089721
214088760
214082272
215087979
214116098
214096680
214102338
214109922
215087977
214109390
214090596
215087418
214108870
214152643
214147537
214130046
215084382
214134182
214132122
215082352
214156921
214152127
214156293
215078614
214154239
214118664
215075077
214176430
214157716
214130394
215072839
214173046
215070997
214167130
215070263
214163518
215067901
215067887
214145847
214165320
215065939
214179568
214169352
214186646
214162968
215065465
214186230
215064316
214179076
214174852
215061964
214265016
214191274
214177765
215060981
214227196
214264466
214211524
214259858
215060320
214194516
215056566
214205768
214257054
215052898
214255036
214202924
214248028
214205756
215052820
214243070
214188486
214241840
215049173
215046314
215044975
214237538
214204196
214212268
214229600
215042337
214181498
214214574
214222066
214202222
215040219
214219068
214197138
214184938
214209462
215036458
214188720
214215604
214202670
215032382
214236104
214235516
215032085
214215524
214265661
214228992
214222516
215031857
214258678
214257838
214252582
214248198
215028892
214221868
214242042
215025876
215024268
215023396
214283510
215020385
214287058
214276816
214278042
214273646
215017539
214275494
214297824
214269674
214291628
215015465
214257326
214291454
214276326
215012254
214285962
214284506
215009916
214291008
215006698
214278062
214296368
215004598
215003012
215002963
214306019
215002426
214301846
214303313
215001596
214308565
214998333
214310313
214307991
214997953
214995859
214995018
214310840
214992620
214310618
214328048
214312224
214989649
214325876
214318018
214987922
214985908
214982522
214978590
214322464
214975449
214974639
214315564
214325294
214971076
214324414
214328752
214970416
214969455
214338471
214332367
214336655
214967638
214333489
214965620
214353453
214340549
214340089
214965381
214334663
214352063
214963674
214331115
214350493
214349037
214345613
214962409
214960729
214344481
214959057
214349097
214957955
214343853
214341205
214956246
214342805
214341509
214955062
214350747
214354212
214352003
214953140
214951493
214354056
214352223
214950739
214358341
214356915
214949154
214370528
214356521
214948779
214368536
214370657
214363638
214948145
214364410
214365422
214360306
214355287
214947701
214363974
214362734
214946497
214391406
214359678
214354991
214944568
214942918
214390064
214942179
214363558
214370635
214941798
214386450
214941163
214376980
214382600
214372116
214940099
214381166
214370660
214938516
214381388
214938307
214380208
214377264
214379624
214937623
214374758
214371560
214935800
214381940
214400225
214399973
214398543
214934627
214934466
214392835
214396157
214391835
214933685
214394427
214391803
214932288
214386448
214931103
214398079
214400406
214407034
214929249
214394497
214387808
214403476
214404060
214928029
214397557
214927588
214402928
214400578
214408980
214926783
214422849
214413677
214924863
214407606
214419479
214417499
214413825
214923150
214412969
214413285
214417117
214921516
214420487
214413357
214437306
214433694
214920138
214918157
214423828
214431832
214916643
214429834
214915631
214426388
214426528
214426996
214913705
214912826
214446749
214910837
214433600
214909885
214428044
214444671
214441997
214908543
214427092
214444569
214437224
214906556
214440181
214441997
214906077
214441753
214437493
214904741
214430892
214439453
214429160
214903404
214902099
214452052
214438167
214434216
214900417
214431200
214450936
214900204
214899353
214446966
214441753
214452208
214455514
214897492
214440313
214452682
214443099
214895963
214894554
214893066
214891296
214890129
214458164
214457102
214468736
214460676
214889826
214455568
214468276
214889605
214457860
214887977
214465864
214461870
214446063
214886751
214467756
214885674
214462116
214471314
214442607
214466168
214885342
214469692
214467324
214884048
214882400
214473793
214471315
214881226
214478253
214475196
214486503
214467396
214880829
214477557
214484463
214880143
214878157
214484011
214878128
214485153
214477506
214482189
214480225
214876980
214876469
214476141
214874518
214874454
214873826
214490391
214485739
214477470
214872359
214491505
214489197
214871788
214489535
214483589
214871722
214497411
214482197
214870662
214496892
214502437
214495172
214870339
214868297
214500387
214499955
214498561
214503860
214867503
214495856
214502992
214501775
214866144
214501551
214486567
214498355
214865932
214865173
214506273
214506552
214863542
214507010
214526753
214508527
214524911
214862111
214524251
214513131
214521041
214861351
214519229
214860062
214516347
214858161
214512815
214517967
214516007
214857411
214515967
214517583
214856856
214521053
214520729
214855205
214854423
214854261
214509463
214513649
214521239
214519441
214853020
214519841
214528226
214523633
214529498
214852835
214529396
214852459
214527365
214523681
214852392
214530322
214522907
214852297
214511335
214531255
214528646
214851764
214524527
214529928
214850808
214534002
214532154
214850519
214534906
214529840
214541400
214849973
214534027
214537904
214540826
214849274
214849184
214539196
214537588
214538236
214848578
214536404
214848084
214535084
214533044
214847889
214847311
214536900
214847049
214541208
214538116
214846188
214540236
214845996
214542786
214541580
214845217
214845216
214540308
214532708
214549932
214548650
214844298
214547600
214843885
214843541
214543282
214546610
214544908
214843472
214550753
214543974
214543856
214547806
214843242
214547270
214542950
214842558
214546006
214554379
214552761
214536792
214842158
214548158
214551007
214551611
214542846
214841700
214556909
214555067
214565961
214559293
214840973
214551927
214564107
214557001
214563517
214840967
214560345
214557369
214561777
214550871
214840938
214560169
214554851
214554635
214840209
214557865
214840009
214569687
214839433
214839166
214567649
214557953
214566941
214561441
214838657
214565417
214837892
214566287
214564425
214572534
214837834
214572238
214837589
214570272
214569712
214836750
214569605
214557341
214569637
214836214
214835349
214572096
214570090
214571012
214834855
214834376
214833698
214579489
214574025
214571372
214575473
214833515
214579063
214833320
214578841
214832559
214577869
214575233
214832131
214575931
214831774
214575169
214831663
214576691
214831415
214577359
214579161
214830934
214576787
214829934
214579560
214829594
214578573
214828714
214581560
214578261
214580710
214583142
214827876
214581608
214827524
214826547
214582330
214583923
214583275
214580647
214825948
214587617
214585643
214584969
214825307
214584921
214824473
214606969
214585853
214605073
214591035
214824263
214603857
214594555
214823458
214586725
214602841
214590163
214822463
214587557
214821907
214601455
214600999
214587125
214588451
214820937
214599339
214599117
214598229
214820706
214590419
214597245
214594989
214590261
214819726
214595455
214593711
214601035
214588397
214819115
214594225
214818267
214597547
214589453
214593241
214591615
214817306
214816450
214607476
214815795
214815084
214599211
214601971
214605695
214603415
214814559
214813869
214603327
214813639
214609981
214608713
214600731
214812839
214811834
214608925
214604099
214811388
214607629
214604595
214811056
214610969
214612376
214610471
214810272
214612328
214613420
214611341
214809315
214608957
214611755
214601963
214610990
214809253
214808683
214614713
214618103
214613831
214808632
214616101
214613819
214807910
214807582
214614536
214618193
214807205
214616931
214618797
214618383
214807116
214806893
214622738
214621366
214619808
214806578
214618822
214805899
214624236
214623178
214804946
214623546
214804487
214622220
214621542
214630714
214624490
214804162
214629182
214628874
214628758
214627438
214803341
214628702
214625490
214802906
214629430
214802588
214627806
214802476
214627942
214801993
214626722
214801942
214636670
214636394
214634930
214635046
214801358
214628302
214634506
214800461
214799999
214633738
214631510
214631278
214631210
214799886
214632490
214799471
214630618
214799355
214634374
214630650
214633354
214799255
214629498
214639216
214634842
214799057
214639096
214636702
214798561
214637458
214638832
214637026
214638464
214798355
214797888
214638174
214637442
214797423
214635910
214637612
214796964
214796942
214640465
214640633
214639283
214796832
214639244
214796700
214639122
214639493
214796276
214638330
214796000
214642119
214637802
214641531
214795899
214646060
214640667
214641053
214795638
214645802
214639889
214795353
214645742
214644218
214642754
214645486
214794864
214644616
214642234
214643494
214794559
214648414
214644228
214647844
214794309
214646874
214643196
214646208
214793799
214793672
214645748
214793351
214646170
214648989
214647792
214644100
214792886
214644688
214646932
214792517
214792022
214648471
214791727
214648827
214652064
214791253
214651598
214651060
214650116
214650726
214791041
214790917
214649850
214650986
214649746
214653387
214790429
214649014
214789977
214652567
214651374
214789850
214652923
214651926
214789682
214653654
214655826
214655122
214789538
214654946
214789081
214789016
214788893
214653860
214654518
214653483
214788782
214655704
214788341
214656908
214656866
214655128
214657472
214788218
214657536
214655612
214657012
214663084
214787983
214662676
214658130
214787614
214662090
214657986
214787316
214661828
214787127
214787111
214657678
214659398
214661722
214661470
214786690
214657497
214661016
214659312
214660848
214786457
214659552
214665105
214662002
214785984
214664643
214663875
214665079
214663542
214785983
214660658
214657690
214664244
214661498
214785914
214659158
214662416
214785551
214667527
214664885
214660430
214666035
214785096
214667407
214666323
214666657
214784590
214784378
214784298
214665355
214784213
214660406
214667594
214784060
214783925
214667900
214666701
214666167
214672054
214783720
214670344
214669592
214671244
214669332
214783446
214667157
214670498
214671046
214667780
214783098
214669556
214669716
214783092
214667582
214668084
214668520
214782663
214669840
214669052
214782561
214782202
214671192
214781782
214676301
214672655
214781568
214781405
214675941
214672669
214781035
214668436
214675489
214780986
214674885
214673807
214673599
214780728
214674429
214673899
214673293
214672012
214780288
214676521
214671464
214675885
214675123
214779837
214675297
214779724
214674101
214676734
214779218
214677833
214778769
214675447
214677635
214778677
214676909
214778285
214678868
214679134
214678478
214778055
214678370
214682303
214777763
214679389
214680205
214777270
214681677
214680237
214681289
214777009
214681327
214680793
214680349
214776695
214776411
214680281
214776239
214776027
214684858
214680173
214776020
214775579
214682285
214684546
214683698
214680853
214775178
214680909
214683372
214683308
214774689
214682506
214774575
214682364
214686027
214774546
214685495
214682636
214683612
214682792
214774118
214685269
214682496
214686216
214685985
214773825
214684448
214685441
214773661
214688033
214683632
214687967
214773200
214772892
214686893
214687419
214684728
214772741
214772339
214686515
214686553
214688598
214691514
214772126
214687331
214689014
214771996
214690898
214771759
214690242
214687947
214689784
214771569
214690124
214771198
214688716
214771132
214689124
214688530
214771072
214689144
214770952
214689972
214770933
214770922
214690996
214690840
214689368
214690440
214770847
214770794
214770571
214692149
214691512
214770386
214691723
214691793
214770277
214696824
214692890
214692722
214770210
214696748
214696448
214692479
214696154
214770127
214769913
214693720
214695650
214692968
214695252
214769691
214693394
214695246
214694960
214692674
214769612
214694168
214693848
214694498
214692966
214769568
214693094
214693056
214693884
214694202
214769385
214692894
214693780
214694834
214769144
214769027
214695678
214768855
214694050
214697235
214768643
214696949
214696851
214696354
214695360
214768511
214697255
214768281
214697207
214697083
214768057
214697171
214698447
214768002
214697887
214767951
214697452
214698257
214697782
214699019
214767826
214697284
214698183
214697671
214698507
214767633
214698505
214698871
214698191
214767541
214699977
214699509
214699397
214767339
214697967
214767252
214699415
214698927
214699655
214766997
214766975
214700174
214766801
214700229
214700927
214766622
214700381
214766396
214766172
214700611
214765975
214701222
214701078
214700265
214701050
214765833
214700713
214701052
214765709
214765697
214701074
214701796
214702138
214702982
214765578
214702584
214701768
214765537
214702084
214701961
214765390
214701272
214765254
214701817
214765059
214701146
214764998
214702202
214702492
214702006
214764829
214703734
214702208
214703098
214764783
214703644
214702812
214764724
214704186
214702388
214764471
214704184
214704012
214705199
214704891
214764348
214704585
214764242
214704527
214704257
214704477
214706150
214764025
214705866
214705692
214763915
214705872
214763879
214705248
214763699
214705624
214704361
214763608
214706210
214763554
214706574
214706420
214706276
214706400
214763467
214707670
214707450
214706970
214763304
214763219
214706906
214706762
214707270
214763166
214706714
214763032
214762983
214708545
214708405
214707296
214707953
214762959
214708261
214762839
214708117
214707693
214707508
214762766
214707895
214706255
214762708
214762578
214707516
214762501
214708592
214709565
214709103
214709511
214762269
214762036
214709097
214709493
214708851
214761827
214710120
214708773
214709950
214709463
214761726
214761631
214710527
214709724
214711347
214710969
214761561
214710891
214710903
214710861
214761522
214710175
214710851
214761342
214710999
214711307
214710331
214710903
214761289
214711782
214711618
214761164
214760986
214711007
214711630
214711540
214711396
214760843
214711470
214711398
214711956
214760813
214711940
214760729
214760628
214712044
214713619
214712391
214760528
214713309
214712139
214712987
214712719
214760294
214760192
214712395
214715111
214714533
214714129
214760170
214713661
214715029
214759935
214714161
214714723
214714273
214759931
214714683
214714305
214759735
214714199
214714095
214712951
214759635
214712459
214712259
214714659
214759382
214759359
214715317
214716047
214714107
214759280
214716007
214715525
214715745
214759194
214715555
214715709
214759157
214716730
214716092
214713717
214716220
214759126
214759010
214716182
214716214
214758794
214717676
214718329
214758746
214717402
214758687
214716900
214717957
214758441
214716098
214716848
214717618
214717707
214758399
214758397
214716154
214758339
214758254
214758155
214716714
214717622
214718061
214717993
214758106
214717190
214717598
214758010
214757900
214716870
214718658
214718460
214757895
214718398
214757894
214719506
214757851
214718944
214718740
214719382
214719193
214757734
214718462
214719118
214718878
214718195
214757640
214718947
214718782
214719061
214757625
214719043
214719398
214757535
214719815
214719587
214757463
214717670
214719184
214757379
214757260
214720151
214720047
214720020
214719828
214757137
214719952
214720014
214720230
214757022
214756971
214720297
214756909
214756797
214756728
214720665
214720517
214720297
214720449
214756630
214756521
214720891
214720627
214756482
214720633
214720823
214756392
214720697
214720781
214720319
214756371
214720937
214756310
214756236
214721062
214721510
214720990
214756186
214721508
214721400
214721168
214721124
214756062
214721408
214755983
214721725
214755961
214721539
214721519
214721076
214721615
214755941
214755833
214721058
214722118
214721404
214722186
214755830
214755702
214721956
214722094
214721941
214722951
214755634
214722825
214722193
214721881
214722245
214755527
214722767
214721941
214755432
214722539
214755358
214722307
214722621
214723075
214723027
214755314
214722911
214721677
214755251
214722249
214723293
214723111
214722831
214755243
214723564
214723370
214755214
214723500
214723302
214755133
214755098
214755040
214723384
214723628
214754966
214723572
214723524
214754921
214754868
214726198
214726182
214725994
214754853
214724242
214725316
214754804
214725868
214725364
214724034
214724952
214754783
214725862
214725172
214724716
214725688
214754682
214724460
214724166
214754646
214725496
214725424
214754618
214725234
214724852
214723862
214754587
214724182
214725152
214754463
214725046
214724880
214754352
214723728
214723908
214724548
214724804
214754225
214724532
214724112
214724592
214724740
214754217
214724568
214723848
214726540
214754205
214725458
214726486
214726432
214726390
214754105
214725642
214726306
214754021
214725998
214726082
214727180
214726932
214753939
214726720
214726208
214725690
214753857
214727170
214726412
214753737
214726682
214726122
214726456
214753690
214726578
214753636
214753546
214753462
214727969
214727293
214753384
214727565
214727915
214727377
214753366
214727249
214727791
214727413
214727607
214753343
214727511
214728182
214728128
214728106
214753264
214728042
214728276
214753196
214753117
214728170
214727811
214728404
214753047
214727763
214729914
214729862
214753023
214729846
214728616
214728584
214729740
214752908
214729588
214729546
214729394
214752852
214729134
214728774
214729056
214729238
214752844
214752802
214728784
214729222
214730122
214729136
214752801
214728906
214729184
214730022
214752758
214728292
214729486
214729866
214752712
214730173
214729470
214729932
214729822
214752588
214729462
214729502
214729334
214752583
214752555
214752492
214730028
214730370
214752460
214731014
214729342
214730952
214752417
214730742
214729638
214730422
214730450
214752339
214730526
214730028
214752237
214752153
214730550
214731073
214730680
214752125
214731901
214752099
214731021
214731451
214731783
214752063
214731553
214731111
214730135
214731501
214752049
214731325
214731311
214751925
214751836
214731307
214731283
214731299
214751757
214731653
214751711
214731407
214731319
214751709
214730868
214731295
214731541
214751655
214732738
214751606
214732686
214731936
214751558
214731940
214732042
214732590
214751514
214732308
214731938
214732548
214751451
214732080
214751433
214751428
214732496
214731990
214732056
214751379
214732100
214732444
214732040
214732326
214751346
214732144
214732288
214732260
214732208
214751314
214751302
214732112
214732386
214751286
214732831
214751226
214732825
214732528
214733295
214751181
214732684
214732947
214733229
214733105
214751129
214732720
214732588
214732935
214733053
214751111
214732989
214751069
214732887
214732925
214733308
214733013
214751037
214733281
214733061
214732997
214750985
214733831
214732768
214750980
214750971
214733237
214733769
214750964
214750911
214733117
214733717
214733441
214733643
214750906
214733589
214733573
214733369
214750858
214733433
214733485
214750857
214733325
214733585
214733377
214750818
214750759
214733201
214733671
214750727
214733827
214733850
214733799
214750663
214734108
214750614
214733623
214733944
214734050
214750587
214733946
214750533
214734216
214733860
214750516
214734092
214734330
214734192
214734092
214750468
214734076
214734266
214750420
214750356
214734044
214734052
214733996
214734335
214750355
214734240
214734508
214734406
214750347
214734388
214735281
214734414
214735231
214750337
214734490
214750301
214735103
214750292
214734989
214734631
214734619
214750287
214734911
214734691
214734833
214734667
214750284
214734713
214750273
214735369
214734595
214750267
214735201
214735117
214734248
214734825
214750230
214734905
214750212
214734865
214750190
214734761
214750180
214735528
214735424
214734989
214735331
214750174
214735237
214750117
214750081
214735480
214735335
214734973
214735588
214750061
214750050
214735614
214735542
214750047
214735686
214735632
214750017
214750012
214735706
214749960
214749957
214736679
214735837
214749930
214749909
214736677
214735979
214736655
214735809
214749846
214749809
214735797
214736587
214735871
214749801
214736023
214736483
214735901
214749760
214736395
214736295
214736221
214749699
214736095
214736115
214735951
214749682
214736107
214736387
214736195
214749622
214735955
214736389
214749599
214735845
214737498
214736573
214749535
214737430
214749521
214749486
214736774
214736850
214737370
214749431
214736509
214749397
214736952
214737268
214749334
214736788
214749288
214737218
214737116
214736577
214749258
214736920
214749208
214737022
214736848
214749188
214737786
214737018
214749187
214737198
214736856
214737672
214749166
214737554
214749134
214736629
214737454
214736343
214749111
214749095
214737206
214749040
214737799
214748996
214737520
214737078
214748979
214737764
214737692
214737696
214737680
214748954
214737318
214748923
214737350
214737934
214737916
214737230
214748910
214748881
214737894
214737848
214737836
214737390
214748842
214748823
214748807
214738038
214748797
214738036
214737912
214748737
214738032
214738030
214737828
214748735
214737876
214748725
214748715
214738091
214738353
214738265
214738271
214748709
214738181
214738193
214738217
214748681
214738371
214748617
214738067
214748588
214748566
214738359
214738449
214738405
214748549
214738417
214738289
214738199
214738223
214748546
214738109
214738433
214748530
214748507
214738441
214738496
214738522
214738496
214748503
214748489
214738630
214738840
214738558
214738463
214748460
214738786
214748455
214748449
214748446
214738766
214738522
214738638
214748425
214738730
214738634
214738728
214738674
214748403
214748371
214738654
214738882
214738648
214738756
214748343
214738690
214738878
214738820
214738852
214748313
214748305
214738756
214748284
214748256
214738959
214738844
214738744
214739126
214748241
214738905
214739062
214738953
214739014
214748236
214738994
214738957
214748226
214748215
214748183
214739086
214738905
214738972
214748178
214748158
214739062
214748126
214739209
214748096
214739181
214739177
214739447
214739319
214748081
214739429
214739367
214748051
214739327
214748048
214739383
214739173
214739259
214748045
214748013
214747984
214739766
214739223
214739726
214747970
214747957
214739413
214739478
214739682
214739652
214747954
214739293
214739616
214739584
214747924
214739448
214739560
214739903
214739504
214747894
214739901
214739552
214739492
214747864
214739845
214739648
214739789
214739648
214747855
214739781
214739756
214739600
214739696
214747847
214739592
214739976
214739845
214739696
214747834
214739936
214747832
214739912
214739869
214747807
214739664
214740146
214747791
214739944
214740136
214739600
214740094
214747770
214739988
214739998
214740090
214740030
214747754
214739956
214747736
214747725
214740030
214747714
214740124
214740098
214747694
214740156
214740150
214747687
214740228
214740182
214747670
214740296
214747639
214740206
214740244
214740254
214747607
214740421
214740361
214740371
214747581
214740357
214747560
214747541
214740440
214740321
214740526
214740250
214747535
214740411
214740470
214747520
214747517
214740478
214740444
214740297
214747495
214740535
214740631
214740579
214747487
214740565
214740547
214747469
214747450
214747443
214740647
214740644
214747426
214740597
214747414
214747402
214747376
214747351
214747341
214740690
214747325
214740727
214740695
214747309
214740767
214740793
214747282
214740695
214740729
214747279
214740719
214741149
214740863
214747277
214747254
214740885
214741085
214741067
214747232
214747201
214740903
214741039
214747185
214747158
214747135
214740891
214741007
214747104
214740947
214740871
214747080
214740891
214741229
214740913
214747079
214740795
214741175
214741179
214741033
214747076
214741061
214741017
214741033
214747073
214740945
214747061
214741133
214741551
214740897
214747032
214741517
214741177
214747013
214741217
214747007
214741467
214741457
214746998
214741255
214741037
214746982
214741407
214741231
214746968
214746957
214741347
214741311
214741395
214741455
214746947
214741291
214741379
214746946
214746920
214741479
214741319
214746897
214741259
214746865
214741525
214746834
214746821
214741556
214741505
214741517
214741493
214746810
214746803
214741579
214741557
214741587
214746801
214741629
214746790
214741621
214746788
214741645
214741625
214741751
214746778
214741647
214746770
214741657
214741731
214741721
214741713
214746768
214746759
214741709
214746753
214741689
214741785
214741779
214741689
214746749
214741804
214741739
214741747
214741759
214746737
214741788
214741771
214741659
214746729
214741786
214746713
214746699
214746687
214746675
214741874
214741928
214741838
214746663
214741800
214741896
214741890
214746660
214741933
214741902
214741876
214746651
214741822
214741874
214741850
214741830
214746650
214746644
214746628
214741960
214741926
214741952
214741942
214746622
214741993
214741910
214746619
214746611
214741954
214741983
214746605
214741965
214741934
214746596
214746592
214742026
214742039
214742059
214746578
214742006
214742059
214742031
214741987
214746562
214742115
214742061
214742133
214742109
214746547
214742073
214742070
214746538
214746524
214746516
214742215
214742221
214742151
214742183
214746507
214742187
214746498
214742159
214742238
214742224
214746486
214742155
214746471
214742261
214746467
214742127
214742301
214742324
214742279
214746455
214742304
214742273
214746441
214742267
214742273
214742252
214746435
214742139
214746422
214746407
214742378
214742354
214746402
214742324
214742340
214742352
214742380
214746396
214746390
214742551
214742457
214742537
214742449
214746375
214742429
214742519
214742417
214742493
214746362
214742473
214742429
214746351
214742457
214742457
214742437
214742429
214746343
214742397
214742405
214742499
214746328
214746325
214742527
214742515
214742429
214742459
214746312
214746304
214746289
214746286
214746276
214742597
214746275
214742575
214746261
214742543
214742595
214742553
214742535
214746259
214742491
214746244
214742611
214746235
214742645
214746233
214746224
214746217
214742621
214742615
214742706
214742698
214746201
214742666
214742635
214746199
214742674
214742731
214742688
214746187
214742704
214742583
214742700
214742666
214746174
214746168
214742744
214742797
214742742
214742765
214746154
214742736
214742751
214742717
214742704
214746145
214742749
214746134
214746127
214742807
214742805
214746112
214746100
214746098
214746082
214742826
214742862
214746069
214742836
214746060
214746055
214742958
214746054
214742846
214742902
214742882
214742928
214746048
214746032
214746028
214742926
214742888
214742894
214742872
214746025
214746021
214742864
214742963
214742975
214742926
214746019
214742810
214746015
214742914
214742999
214743026
214743006
214746010
214742985
214742977
214746008
214743024
214746006
214742890
214743059
214745993
214743024
214745978
214743029
214743059
214745962
214745959
214743067
214745949
214745940
214743159
214743119
214743071
214745939
214743099
214743153
214745925
214743129
214743133
214743117
214743111
214745920
214743174
214743212
214743113
214743200
214745905
214745896
214743184
214743141
214743178
214743171
214745892
214743162
214745890
214743301
214743289
214745882
214745881
214743198
214743233
214743273
214743225
214745878
214743267
214743194
214743313
214743303
214745874
214743259
214743273
214743245
214743269
214745866
214743255
214743194
214743237
214745863
214743322
214743243
214743227
214743194
214745859
214743297
214743227
214745853
214743311
214743345
214745849
214743341
214743341
214745842
214743341
214745834
214745827
214743325
214745826
214743374
214743349
214743311
214743362
214745825
214743360
214743358
214743492
214743388
214745824
214743372
214743490
214745823
214743440
214743474
214743392
214743412
214745821
214743462
214743400
214745819
214743448
214743444
214743422
214745818
214745810
214743422
214743438
214743400
214743444
214745802
214743408
214743434
214743408
214745798
214743450
214743410
214745792
214745784
214743501
214743470
214743531
214745778
214743511
214743486
214743519
214743507
214745770
214745765
214743521
214743546
214743486
214745757
214743532
214745751
214743560
214745744
214743596
214743538
214743551
214745743
214745738
214743588
214743586
214743574
214743566
214745731
214743580
214743574
214743551
214745728
214745724
214743695
214743566
214743689
214745720
214743578
214743675
214745717
214743599
214743659
214745715
214743570
214745708
214743647
214745701
214743637
214745695
214743625
214743633
214743613
214743629
214745694
214743609
214743712
214743613
214745688
214743700
214743590
214743731
214743685
214745683
214743727
214743661
214745676
214743637
214743715
214743721
214743653
214745670
214743693
214745666
214743702
214743645
214745665
214743863
214743767
214743847
214743831
214745663
214743739
214743747
214745655
214743829
214743723
214743767
214745652
214745651
214743815
214743775
214743751
214743767
214745645
214743813
214743787
214743775
214745644
214743751
214743807
214745639
214745633
214743825
214743793
214743797
214745625
214743869
214743805
214743781
214743843
214745621
214743769
214743789
214743813
214745613
214745609
214743743
214743895
214743884
214745601
214743872
214743889
214745598
214743867
214743870
214743863
214745592
214745584
214745577
214744017
214744001
214745570
214745565
214743899
214743999
214743951
214745564
214743991
214743935
214743979
214743927
214745563
214743975
214743951
214745559
214745553
214743963
214743959
214743919
214743943
214745551
214743935
214743915
214745544
214744037
214743903
214743947
214744027
214745542
214745537
214744017
214745532
214744009
214743993
214743977
214743915
214745527
214743969
214745520
214744039
214743985
214744047
214743961
214745515
214744058
214744048
214744045
214745509
214744052
214744033
214745504
214744025
214743985
214744061
214745502
214745501
214745494
214744056
214745487
214744085
214745484
214744077
214744081
214745482
214744061
214744086
214744093
214745476
214745468
214745466
214745462
214744097
214744136
214744166
214744158
214745460
214744132
214744104
214744144
214745459
214744150
214745455
214744136
214744160
214744146
214745450
214744126
214744124
214745444
214744162
214744108
214744100
214744114
214745441
214744100
214745436
214744242
214744232
214744220
214744184
214745434
214744210
214744178
214744208
214745433
214744198
214744200
214744190
214745427
214744192
214744190
214744210
214744242
214745423
214744184
214744218
214744222
214744214
214745420
214744198
214745416
214744226
214744198
214745414
214745413
214744253
214744269
214744257
214745411
214744261
214744253
214744243
214744249
214745410
214744271
214744271
214745406
214744245
214744276
214745405
214744286
214744294
214744230
214745404
214745403
214744288
214744358
214745401
214744286
214744286
214744278
214744350
214745397
214744290
214744344
214744340
214744314
214745394
214744334
214744318
214744332
214744326
214745392
214744302
214744314
214744286
214744322
214745391
214744318
214745390
214744290
214745387
214744326
214744294
214745386
214744310
214744310
214745384
214745383
214745381
214744342
214744330
214744360
214744358
214745378
214744366
214744346
214744342
214744364
214745376
214745372
214744382
214744406
214744374
214745368
214744406
214744398
214745367
214744390
214745364
214744390
214745363
214744388
214745360
214744407
214744378
214744407
214744380
214745356
214745353
214745352
214744368
214745349
214744408
214745346
214744454
214744446
214744444
214745344
214744430
214744424
214744438
214745343
214744416
214744432
214744420
214745341
214745339
214744426
214744474
214744472
214744464
214745337
214745336
214744438
214744456
214745332
214744498
214744438
214744446
214744490
214745329
214745325
214744422
214744484
214744484
214745323
214744466
214744470
214744462
214744458
214745321
214744462
214745317
214745313
214745311
214744486
214744541
214744466
214744474
214745307
214744535
214744503
214744499
214745305
214744529
214745303
214744511
214744505
214744523
214745301
214745299
214744503
214744517
214745295
214745292
214744507
214744515
214745288
214744513
214744507
214744501
214744552
214745286
214745285
214744492
214744544
214744531
214745281
214744515
214744531
214745280
214744552
214745278
214744539
214744539
214744539
214744539
214745277
214744588
214744586
214744564
214744544
214745273
214745272
214744578
214745270
214745269
214744568
214744574
214745268
214744564
214744564
214744572
214744560
214745267
214744552
214744576
214744584
214745265
214745263
214744584
214745262
214745260
214744626
214744620
214744608
214745259
214744616
214744596
214744608
214744596
214745255
214745254
214744600
214744592
214744610
214745250
214745248
214744717
214744592
214745247
214745245
214744709
214744633
214744616
214744701
214745242
214744606
214744606
214744699
214745240
214745236
214745234
214744691
214744641
214745232
214744683
214744681
214744651
214744639
214745228
214744667
214744675
214744616
214744669
214745224
214744655
214744655
214744633
214745222
214744641
214744639
214744633
214745221
214744679
214744675
214745219
214744667
214744655
214744667
214745215
214744681
214744659
214745214
214745210
214744649
214744689
214744767
214744759
214745208
214745206
214744701
214744757
214744713
214744713
214745202
214744753
214745201
214744749
214744743
214745199
214744739
214744719
214744721
214744731
214745197
214744721
214744729
214744727
214744721
214745194
214744719
214744713
214745191
214745189
214745187
214744747
214745186
214744735
214744743
214744765
214745185
214744753
214744723
214744768
214744749
214745183
214745179
214745177
214744768
214745175
214744776
214744770
214744776
214744780
214745174
214744778
214744768
214744772
214744772
214745173
214745171
214744798
214745169
214744794
214744791
214744794
214744782
214745168
214744788
214744794
214744788
214745167
214744782
214745166
214744788
214744782
214745164
214745163
214745161
214744805
214745159
214744805
214744801
214745158
214744801
214745156
214745154
214744808
214744796
214745152
214744801
214745150
214745149
214745148
214744817
214744827
214744819
214745146
214744813
214744823
214744823
214744809
214745145
214744819
214744819
214744819
214744854
214745144
214744846
214745142
214744830
214744852
214745141
214744838
214744834
214745140
214744848
214744846
214744836
214744842
214745138
214744830
214744840
214745136
214744836
214745135
214745134
214744836
214744860
214744830
214744856
214745132
214744850
214744856
214744838
214745131
214745130
214744856
214744867
214744860
214744863
214745129
214744861
214744850
214745128
214745126
214744863
214744881
214744879
214745125
214744875
214744879
214745123
214744871
214744871
214745122
214744871
214744912
214744908
214745121
214744888
214744882
214744904
214744888
214745119
214744902
214744898
214745117
214744894
214745115
214744892
214745113
214744884
214745111
214744888
214745109
214744913
214744886
214744890
214744906
214745107
214744898
214745105
214745104
214744890
214744902
214744914
214745103
214744917
214745101
214744931
214744902
214745099
214744925
214744921
214744927
214745097
214745095
214744925
214745094
214744929
214744921
214744921
214744921
214745093
214745091
214744936
214744936
214744933
214744929
214745089
214745087
214744929
214744948
214744953
214745086
214744949
214745085
214744946
214744949
214744991
214745084
214744989
214744942
214744942
214745082
214744938
214744985
214744983
214744963
214745081
214744959
214744979
214745080
214744955
214745078
214744963
214744977
214744967
214745076
214745074
214744975
214744973
214745073
214744971
214744963
214744971
214744969
214745072
214745070
214744955
214744963
214744949
214745069
214745068
214745067
214744963
214744985
214745066
214744981
214744975
214745064
214744993
214744963
214744981
214745063
214745062
214744991
214744991
214744997
214744991
214745060
214744987
214744995
214745006
214745058
214744998
214745002
214745056
214745054
214745020
214745000
214745053
214745008
214745008
214745016
214745051
214745049
214745008
214745014
214745010
214745008
214745047
214745020
214745046
214745020
214745016
214745016
214745028
214745044
214745026
214745042
214745040
214745022
214745029
214745026
214745034
214745039
214745038
214745034
214745030
214745038
214745036
214745036
214745026
214745034
