92676951
2080404
762687
92304214
6994124
4365984
91473200
897792
3772600
5396068
90984135
8630492
3565416
90383954
9191767
7615766
8119768
2632260
89874354
7644270
89290544
671550
1813215
7608206
88294004
87586639
6995590
86977194
6691528
86053144
12804654
85450929
20073711
10309126
10966000
10430296
85025942
18182681
84876090
9714494
17930667
11074520
84076717
16634879
83114057
16009293
15427149
14255853
82906935
9115565
24425412
22954426
12134620
82174556
4686008
21149132
82113628
22562274
26568732
19536873
18870581
81358847
25672110
24713602
15642453
14640205
80739775
25071750
23082444
80308780
12891621
24740056
79967530
34742841
22790208
27551905
34467379
79039629
78895620
33876585
78410480
33231379
31395753
77546753
77149654
30265865
31157259
32681301
76354388
26787753
28595341
30873185
75975729
29845725
75018073
30466429
74822033
34102157
26915485
74476185
35414587
29730565
29003605
74437951
74329319
37933985
36593239
74301890
37546825
36774755
73872509
39853977
37487945
73791365
39125911
37413597
36602755
73512437
38237499
38153055
73489641
37653565
36587189
31220133
73338675
40424991
35985793
40208105
73019552
40503604
39471865
34859063
37962179
72609783
35988773
33360701
72086745
41540030
43256612
42420264
71835480
40744643
41841910
38557185
41113085
71796362
40258917
71349602
44621088
43491712
41874932
44575042
70926313
42078264
44203004
44495290
70538788
45643297
49362231
43529042
70489271
44892067
45689783
48566849
69991191
47862123
47561815
47277521
69588159
46612343
46216413
69200141
69007729
45392829
47305047
46256631
46041343
68771682
48544653
53040036
52167352
68742313
68711349
51947534
51193770
51484254
49831098
68460052
49594546
48404541
51336188
68263321
50450710
48587069
68078157
68049365
47737941
67979540
50162166
48033669
49433110
67870647
67625403
48633453
67550990
50214184
55400602
53131618
67490352
55393368
51713600
67322416
49408106
55270436
51653704
67258974
55048304
54094044
54850198
67204204
49471202
53181820
54497688
50138702
67071650
54306682
53600780
66858933
53340920
66771560
51060808
51834144
51336160
66549320
66428777
54590370
54294228
66197289
57160550
53104164
66149328
57066254
53160126
65891560
50878040
57057606
56900444
56411230
65844314
55171014
53683542
56270396
65709147
54793234
57125634
53820342
56049492
65597589
56796902
55742974
56481138
56043098
65382327
56147018
65184929
55943786
55742994
65099923
55690710
54583230
64989962
55504806
64961780
55067626
55513030
55495778
55448458
64840730
55017758
64786272
64682815
55960206
64616494
57197687
56297046
56348774
56076598
64528781
55824474
64457196
57921804
57332076
57757430
57421008
64368855
57577198
57422726
57378120
64308918
57803730
64194621
57305094
64172749
64157912
57737578
64130287
64071496
57965529
57924275
57559758
57736502
64053246
57918274
58636820
58113804
63974714
58193096
58569138
58696940
58477988
63869690
58275952
58484018
63759845
63717788
58320188
58242316
63587193
58861605
58774391
58371840
58774019
63477538
58725335
58641722
58712815
63474614
58708479
58700427
58509152
63456523
63402857
58879080
58446464
59000508
58939620
63369341
58987302
59052944
58902714
58876140
63334474
59034612
59107858
58735783
59035480
63286216
58530112
63242712
59204548
59138053
59172184
63224294
58971948
59172556
63200088
59009508
59351799
59206859
59340007
63188589
63125644
63077516
59229273
63044098
59360259
58641850
60340025
59629019
63014748
60217517
59618699
60177753
62978500
60057707
59715601
59521721
59435213
62957516
59975537
59940453
62908952
62892678
59817045
59538929
59807547
62845017
62809110
59731181
59682715
59545751
62767387
62721522
60342582
59452955
59790087
62681877
60139199
59421161
59765415
62680131
59973603
59612171
62624560
59896063
59610383
59889163
59771913
62605146
62580727
62550883
60350585
60257871
62531740
60478123
60127327
59997391
62531571
60461239
62502542
60082871
60363725
60422093
62486213
59903631
59860671
60414041
60452293
62472965
60374419
62446002
60371837
60421733
62421558
60364213
60435213
60501426
62408416
60758807
62377962
60695249
60512837
62368408
60650061
60561409
60688409
60605149
62356786
60591197
60645055
60634053
60588169
62331460
60615197
60628255
60785471
62320823
60770743
60740859
60540969
60767129
62304704
60971141
60965251
60676243
60956561
62296734
60950267
60921947
62270401
60839053
62262766
60697795
60888143
60809021
60822753
62247614
60853091
60975503
62220836
61038451
60799611
60971387
60988917
62200887
60984731
62179753
62165410
60791403
60823315
62150013
62136210
62131096
61066186
60988817
61051442
60957473
62120215
61027837
62115563
61004109
62112495
61058658
62110719
61085622
61081238
61067120
61095659
62105969
61233391
61205375
62102836
61119573
61120681
62096914
61187275
61180383
61157301
61154109
62086389
61256166
61155701
62070263
61198333
62067168
61240964
62050882
61306417
61167441
61219673
61232649
62047141
61284623
61255372
61101845
61230233
62032385
61234156
61339584
61311804
61176649
62019892
61275883
61399611
62014498
61358375
61316110
61368909
61316102
62011199
62002485
61992803
61366735
61313598
61984346
61983104
61364247
61399989
61980171
61349183
61395935
61325518
61366143
61976338
61393927
61362295
61972004
61354095
61400244
61399431
61407256
61969037
61404118
61965395
61421383
61958816
61518556
61422370
61952019
61944078
61508918
61498342
61498814
61482814
61936023
61458586
61442728
61493178
61934962
61930780
61474384
61930245
61923908
61459018
61426486
61469686
61923217
61525605
61916675
61445794
61505770
61494462
61913178
61910964
61560210
61467510
61548260
61500122
61908980
61908775
61452190
61533426
61900699
61436522
61568213
61546152
61519875
61898292
61502426
61517130
61581408
61573474
61894929
61571384
61547964
61570636
61531180
61890999
61560647
61549652
61439178
61890291
61595471
61886770
61588995
61585145
61883215
61579054
61475850
61879361
61875352
61587125
61559164
61526412
61871521
61581386
61871513
61590695
61499274
61597155
61527756
61869727
61595047
61866023
61864864
61863729
61605002
61600766
61618228
61860702
61602274
61605636
61617128
61605768
61859862
61615796
61612784
61855771
61615770
61615110
61608988
61855037
61649187
61621155
61853775
61645661
61638509
61629753
61615338
61851418
61632869
61608090
61628621
61614402
61849435
61632449
61845747
61624525
61842898
61623033
61839949
61643509
61622181
61838170
61634273
61676311
61648331
61673409
61835163
61668731
61657131
61651335
61833586
61649807
61666625
61661173
61663767
61831992
61660757
61651047
61830734
61660351
61668459
61636065
61639009
61829015
61827423
61664951
61658055
61825912
61658271
61652367
61663635
61824255
61671661
61822921
61649303
61669537
61689199
61821565
61685633
61683265
61819694
61678869
61670553
61682533
61680425
61818808
61673939
61681029
61678169
61700121
61817283
61702819
61697293
61687403
61816420
61700755
61695913
61815427
61676195
61692037
61695177
61814859
61690519
61690525
61690343
61698945
61813288
61688615
61722234
61811422
61721084
61703382
61719068
61715676
61809579
61714010
61707012
61713266
61709188
61807902
61712052
61706934
61695057
61806644
61692561
61805621
61804955
61803066
61801563
61711484
61724983
61729999
61728725
61799788
61725255
61715822
61725121
61799716
61700161
61700289
61723063
61716458
61799318
61718630
61717202
61798800
61735956
61729473
61713260
61733958
61798563
61730972
61732208
61711610
61797694
61797345
61723906
61730364
61703154
61796530
61733020
61795826
61738441
61795245
61730944
61734494
61736467
61733614
61794764
61725881
61734310
61794498
61736161
61793522
61793109
61743383
61721570
61742217
61792127
61739035
61791884
61741239
61739959
61739933
61738241
61791374
61758909
61757117
61745085
61755837
61790777
61754065
61743666
61790198
61745925
61789720
61753101
61741147
61789394
61751327
61741471
61750117
61748403
61789002
61749681
61788347
61746991
61747003
61748951
61787581
61787180
61747719
61787177
61748287
61747343
61740187
61750871
61787129
61750499
61749143
61787111
61748183
61748767
61786729
61748167
61746783
61786428
61743313
61751419
61786311
61742833
61747543
61742929
61749239
61786038
61785630
61748903
61748375
61747599
61747047
61785496
61746055
61784992
61751563
61784982
61784624
61754047
61754423
61752159
61753079
61784242
61755373
61783997
61752995
61766691
61755129
61751823
61783855
61783623
61766141
61757701
61783186
61758261
61757677
61765709
61783132
61764909
61758769
61763899
61758897
61782624
61761755
61760455
61763503
61761247
61782145
61761543
61763427
61762973
61760143
61781999
61763095
61759195
61781906
61760311
61759039
61758441
61781449
61767924
61755885
61759531
61781147
61767590
61761793
61760777
61767318
61780937
61764081
61767314
61766894
61762849
61780730
61763433
61766696
61759899
61780527
61766357
61765681
61764153
61780497
61762001
61764841
61763617
61780316
61780253
61764405
61763489
61780082
61779863
61767858
61763329
61779673
61764825
61767654
61779643
61761205
61767426
61779602
61766073
61779496
61760773
61766886
61766878
61769828
61779407
61779324
61769486
61766057
61769408
61769186
61779229
61764313
61779189
61769008
61767614
61768948
61779042
61767150
61768906
61778896
61768028
61768886
61765529
61778721
61760533
61768432
61768562
61768044
61778693
61762933
61778580
61778373
61764025
61778220
61778010
61768558
61777973
61767916
61768694
61777854
61777831
61768230
61769076
61777752
61769000
61767086
61768886
61769684
61777742
61777713
61769324
61769180
61770179
61770177
61777605
61769706
61770059
61777598
61769887
61770181
61770847
61770659
61777521
61770495
61770267
61770241
61777432
61770669
61777358
61777235
61770409
61770497
61777205
61770795
61771034
61771160
61771028
61777110
61777082
61771289
61771952
61777060
61776946
61771150
61771852
61776845
61771684
61776760
61771692
61771694
61776696
61771790
61771350
61771038
61771420
61776643
61776519
61772176
61771618
61770759
61776445
61772132
61771972
61771948
61776390
61771690
61772008
61776356
61771832
61771832
61776342
61772318
61776325
61772240
61772052
61776301
61772136
61772328
61776287
61772464
61776226
61772394
61776207
61772418
61772584
61772376
61772060
61776191
61772480
61772528
61772650
61776161
61772602
61776120
61772382
61772665
61776080
61772308
61772596
61776052
61772488
61772480
61776003
61773041
61775939
61772927
61772879
61773142
61772809
61775914
61773035
61772707
61775852
61775833
61772727
61773452
61775778
61775755
61772687
61775705
61773350
61775688
61773340
61773090
61773184
61775674
61773298
61773252
61773200
61775672
61773042
61773475
61775648
61773430
61773314
61773198
61775633
61773477
61775621
61773314
61773172
61773298
61775595
61773537
61775587
61773707
61773410
61773665
61773605
61775581
61773593
61775571
61773525
61773651
61773492
61773587
61775568
61773635
61775553
61773747
61773635
61773907
61775529
61773773
61775508
61773875
61773867
61775476
61773738
61773843
61773819
61775461
61773757
61773795
61773819
61775432
61773714
61775418
61773931
61775410
61773843
61773775
61773744
61775386
61775385
61775366
61774316
61773944
61774294
61775361
61775332
61774110
61775301
61774240
61774018
61775295
61774002
61774238
61773982
61774236
61775286
61773779
61774002
61773946
61774228
61775273
61774212
61774158
61774062
61774138
61775265
61774180
61774114
61775249
61774138
61773954
61774164
61774014
61775234
61774154
61774112
61775229
61774096
61774060
61774256
61774076
61775214
61774188
61774020
61774252
61774220
61775205
61774220
61775196
61774328
61774180
61774132
61774280
61775184
61774260
61774028
61774264
61775179
61774268
61775170
61774328
61774340
61775168
61775154
61775153
61774373
61774347
61775143
61774359
61774429
61774353
61774411
61775130
61774344
61774405
61775120
61774385
61774385
61774387
61774385
61775110
61774364
61774438
61775106
61774375
61774450
61775097
61774442
61775083
61774512
61774462
61774484
61774466
61775069
61775059
61775045
61774474
61774444
61775038
61774518
61775036
61774560
61774558
61774482
61774515
61775035
61774544
61774585
61775034
61774538
61774526
61774538
61774583
61775033
61774571
61774506
61774554
61775025
61774554
61775017
61774542
61774593
61774589
61774512
61775012
61774597
61774585
61774605
61775005
61774665
61775001
61774589
61774993
61774619
61774657
61774985
61774619
61774984
61774589
61774647
61774619
61774983
61774633
61774982
61774978
61774976
61774672
61774629
61774740
61774655
61774974
61774631
61774726
61774619
61774969
61774710
61774698
61774678
61774669
61774965
61774690
61774649
61774960
61774706
61774686
61774669
61774674
61774958
61774955
61774686
61774949
61774674
61774694
61774945
61774710
61774716
61774706
61774943
61774741
61774698
61774734
61774939
61774734
61774728
61774741
61774938
61774716
61774936
61774741
61774934
61774743
61774931
61774772
61774750
61774798
61774768
61774929
61774760
61774747
61774790
61774927
61774752
61774925
61774784
61774762
61774762
61774752
61774921
61774776
61774788
61774920
61774764
61774770
61774766
61774776
61774919
61774916
61774912
61774911
61774796
61774908
61774792
61774798
61774804
61774864
61774904
61774801
61774858
61774814
61774854
61774902
61774900
61774850
61774808
61774804
61774836
61774896
61774848
61774895
61774892
61774820
61774842
61774818
61774806
61774891
61774838
61774836
61774889
61774820
61774824
61774832
61774888
61774840
61774828
61774824
61774887
61774832
61774828
61774820
61774885
61774883
61774846
61774828
61774882
61774867
61774881
61774865
61774862
61774880
61774862
61774846
61774879
61774854
61774846
61774846
61774874
61774877
61774870
61774876
61774875
61774872
61774868
61774868
61774868
61774868
61774868
