6251
0 769084
0 742868
1 764291
1 103336
0 724817
3 560275
3 740689
3 720203
8 833897
8 62763
10 687337
11 898520
12 324670
12 562730
14 447408
11 906424
16 192363
15 249709
17 737286
16 655018
20 92825
20 514800
19 670029
19 389680
23 246107
23 507646
25 970957
24 235545
24 899767
27 463922
28 661128
27 573874
31 879946
31 32557
30 34566
34 374910
32 841841
35 773980
35 786663
39 174995
39 247041
39 642239
41 480578
43 942324
43 39789
43 114695
42 659189
45 833738
44 809076
46 389609
48 258251
47 380208
48 261359
49 479680
54 81449
52 490223
53 701597
56 453574
54 143696
56 826285
60 196946
61 962357
59 716324
59 231508
63 658847
61 692010
64 52809
66 522941
64 188571
66 806370
69 144180
69 581854
68 498089
70 521648
74 907611
74 512065
73 162082
73 744530
77 497238
75 475567
79 455798
81 190597
80 663053
82 898718
82 479807
82 361284
86 277070
87 905744
85 250365
89 200124
89 713293
87 321209
88 237748
89 458418
92 663908
94 685543
94 589703
94 59741
96 322715
95 946649
100 514660
98 696156
99 297953
101 35858
104 544984
103 747339
103 907934
104 686141
105 631190
107 622956
108 779479
111 884686
109 760611
110 720563
111 19496
111 825508
112 743600
114 135057
115 769077
116 415813
116 331118
120 336377
118 435834
121 518563
120 663040
124 375997
122 833668
125 110458
126 441963
125 648284
130 290956
129 656545
132 284459
130 1594
134 332958
134 169245
135 535261
136 578318
136 83813
136 705381
137 250852
141 144884
140 640571
143 137856
142 900978
145 644908
142 36871
143 363880
145 639977
145 654275
148 480833
150 542862
150 711859
151 251329
151 673039
153 304379
155 706673
153 744722
158 560102
159 749609
157 527679
160 854205
162 427617
162 955162
160 876764
163 545944
166 538686
163 822959
167 82290
166 742956
168 961601
171 284778
168 934794
172 859442
170 739739
174 535509
172 646426
173 967451
176 581089
177 478585
176 815480
180 182595
178 37257
179 99189
181 349876
183 278669
185 664909
184 33840
188 731747
187 911790
188 612279
190 254637
188 25626
192 505839
192 327577
191 603341
194 877812
197 511033
196 99134
199 13049
197 319062
200 950618
200 460249
202 713897
203 828486
205 609068
202 27932
207 877776
205 421032
208 645436
208 535334
211 283474
209 635610
211 671698
210 806311
215 774697
212 415420
214 588108
215 580871
219 752282
218 699589
219 604624
218 157025
219 531339
220 372353
221 569092
225 210626
224 603596
226 133743
226 295322
229 200504
228 801285
229 114599
232 24710
234 968954
234 614608
235 874334
234 609838
238 382695
235 676728
237 350494
239 48239
242 495626
240 648572
243 546075
245 257465
243 655545
244 212777
247 322714
249 210255
246 486008
248 744125
251 347953
253 857100
252 354304
255 465530
253 872895
253 469354
255 909987
258 350807
256 395530
258 444834
261 751028
259 619866
262 89576
265 566918
265 688746
263 234263
267 721674
265 192838
270 384076
269 676138
272 27411
273 368501
273 550401
271 599595
275 489772
274 529405
274 467851
279 134478
277 571650
280 619872
278 445723
281 145683
283 246122
285 423675
285 304630
285 239079
288 532889
289 714365
286 513131
288 719555
290 267420
292 304426
294 780632
295 973908
295 895124
295 582368
296 984304
295 737922
296 436339
297 434217
300 529377
300 161124
303 458090
302 678501
305 937842
304 42804
308 882461
307 707321
307 681294
309 622131
311 581875
310 338149
313 603777
311 316628
314 835691
314 363004
316 570229
318 561338
320 939029
321 574819
321 977576
320 688974
324 612313
323 655237
323 975403
323 200991
327 18725
327 452657
327 96568
330 354600
331 960087
332 556278
333 195519
334 179048
336 318257
334 469461
337 421393
337 347841
340 172711
340 182412
341 98864
341 441684
344 436608
343 71974
344 87140
344 155978
346 184846
348 480643
347 324746
351 85297
349 65968
350 299557
350 510143
354 193495
352 192806
353 434579
356 422887
359 397877
360 392056
360 490684
362 440173
361 265939
361 181600
363 147550
366 383449
366 310258
364 334943
367 454033
369 294956
371 370237
372 517921
371 364387
370 218493
375 316038
376 270352
374 151914
376 266368
377 206993
377 429322
377 356037
381 126316
381 338857
382 183994
383 295583
384 20713
387 126750
384 19077
389 274997
390 518955
388 9827
391 212825
390 21839
394 238413
393 436102
392 213706
393 2414
395 81729
396 121251
397 57573
401 342713
400 98037
399 88754
400 276968
404 216612
402 174214
403 189335
406 213275
409 6683
406 511890
410 56232
412 295567
413 60654
414 79093
413 69541
415 518222
416 70632
415 125951
419 391240
418 143938
420 409636
420 29469
422 77200
420 250793
424 314779
425 330701
426 158628
428 508670
426 425575
426 496931
431 120515
431 235801
430 423439
430 415673
431 88171
436 38301
434 57468
436 431733
436 277443
438 108225
437 283308
442 284697
440 14199
442 74793
441 239616
446 36924
445 344103
446 22924
446 203219
447 244422
447 25138
451 212298
451 349738
451 223786
451 30870
454 23189
456 397016
458 482647
458 177351
458 462847
460 348899
461 329274
462 276671
463 76529
462 300921
466 368413
467 53434
467 413166
465 505467
468 257246
470 159093
470 413341
469 347435
472 79696
471 272371
473 500189
477 336865
478 304992
475 95098
477 59389
479 203100
482 100852
479 477629
482 466720
484 286359
484 486481
483 396431
485 265542
488 273326
490 439490
491 445141
492 34563
491 166944
494 461427
495 169518
493 38390
496 269073
498 414212
499 343213
500 159385
498 131986
498 456963
501 291190
503 303705
502 117639
506 155185
505 67036
508 195825
509 94222
509 316962
511 294255
508 398882
512 358075
512 53847
512 133817
515 232876
514 159065
515 475008
519 192264
516 208510
518 268253
518 72228
522 205044
524 406427
523 346352
526 275955
526 51981
524 159237
525 254153
528 112037
529 16428
530 241120
532 456483
533 66417
531 424527
533 301069
535 128136
536 72367
536 136583
540 449153
540 103136
541 338651
539 323015
540 309156
545 408612
544 276354
543 335107
546 259546
548 347156
550 100434
547 442636
550 36119
551 496366
554 332806
551 512136
553 232203
553 118402
556 153263
557 424076
559 135328
559 27458
560 165058
563 209168
561 1538
561 372441
562 159083
567 163496
568 397366
567 491364
567 319672
569 342293
569 377569
573 370301
574 115904
572 64755
574 454438
573 96779
578 472553
577 334876
576 26642
580 447523
580 20001
582 315151
583 446782
581 225122
584 179529
584 31048
587 235303
588 292283
590 4436
590 200698
589 209988
590 520422
593 85825
593 52200
592 220351
595 47666
595 369643
599 172946
599 178914
599 126041
601 23532
600 22939
604 83659
604 202345
602 171121
605 359340
605 114247
605 396713
609 335563
611 91684
611 41552
611 397725
610 442546
613 4608
615 514425
614 140945
617 185003
619 179483
619 227297
621 83492
618 21982
623 248047
623 231831
622 172723
622 230028
623 17580
628 83370
627 211555
630 45971
627 248758
632 116736
630 157229
632 37608
631 114970
632 190415
637 180084
635 36370
638 59696
636 7146
641 81685
638 72768
639 240745
643 10210
641 239416
643 216630
645 147676
646 43485
649 109712
649 225124
649 226931
648 229391
649 54240
653 66458
651 251784
656 196983
655 113950
655 216606
656 30958
658 181614
657 10037
661 98127
661 213417
661 231476
662 110425
664 91033
664 98376
667 182524
667 65095
670 223806
669 255177
670 205882
670 180823
670 181221
675 208129
676 52147
677 218879
675 100193
678 7031
676 69487
677 125391
680 254707
682 200991
684 9543
683 79924
683 233775
687 28505
686 223838
689 4863
687 223290
687 19310
691 138944
689 76507
692 19857
694 188874
692 175595
695 221443
697 192573
699 166648
698 198315
699 161759
702 228512
702 260958
703 229914
701 69403
702 184190
707 17119
708 32024
706 166429
706 83478
707 120846
712 177603
709 1286
714 55229
714 11881
714 149975
713 118207
717 82002
719 212437
716 93616
721 89010
719 212783
723 121927
720 206675
721 30514
726 94609
724 76767
728 177091
726 114554
727 258881
727 242969
729 155791
732 254290
730 229275
734 200630
735 125414
734 219426
738 254798
737 115657
739 89347
738 169238
740 62784
742 245139
741 66635
741 253266
745 191248
746 204211
744 12238
746 189385
749 20418
749 81279
751 52009
750 228847
750 7781
755 2674
753 16376
753 178725
755 62030
757 184015
760 26433
758 133741
761 75811
761 173136
763 174922
765 230834
762 70651
766 208140
764 234407
765 107528
768 147715
767 167914
769 148469
770 80447
773 259327
773 85946
775 109595
777 92510
777 134110
779 34001
776 166719
778 127326
780 240234
781 40433
782 154179
785 260300
782 61038
784 23498
788 178609
785 182928
787 115459
789 35897
789 32700
789 235700
792 215293
794 247350
795 68218
795 59119
796 134972
795 98254
797 107347
797 73883
801 1064
803 189987
800 228728
802 84741
805 221111
803 155034
805 138336
805 190636
808 64086
810 206792
812 139473
811 251560
810 114255
814 148533
812 258730
814 144045
815 193466
815 158698
816 148952
820 167342
821 178099
821 140682
822 39494
824 10791
826 149852
823 97545
826 91381
828 126373
828 211232
827 178880
830 46807
832 192411
833 79151
833 49198
833 258780
836 19714
837 189517
835 222448
840 101742
839 222450
840 200806
842 259897
843 51279
841 69995
844 229199
846 23960
846 78686
849 58946
847 108183
848 235426
849 179148
849 85869
850 81078
852 61399
852 9717
853 102416
855 79374
855 34393
856 42680
860 164397
858 42791
862 39879
862 26879
865 28778
864 252087
867 211499
866 125151
868 44926
869 191722
869 68379
868 56796
872 63355
872 125732
872 48400
874 228281
875 19008
876 23703
877 247721
876 80883
879 44491
881 152782
879 118717
884 136343
884 29071
885 165775
885 23529
885 255737
886 103531
888 31784
890 47299
892 192884
891 229786
892 238894
892 81165
895 133535
896 154266
895 76092
899 170555
900 42913
898 186396
898 53332
900 58746
904 91984
904 136670
902 60440
904 211584
906 181557
906 98149
907 65244
910 71677
912 115864
909 71323
911 222742
915 137848
916 120580
913 157163
917 187488
915 248177
917 206921
919 121649
921 173426
922 140382
924 194288
922 197544
923 184772
926 195633
928 14295
925 34408
928 231734
927 125872
931 43293
932 65629
933 179837
934 85417
933 104931
933 172301
934 10250
939 178047
937 6842
939 160151
940 99079
939 62349
940 208006
945 79199
944 251149
944 90830
947 9563
948 152795
947 10108
948 188172
949 110242
951 81457
953 131050
953 8412
953 79229
955 129308
954 79324
956 1186
960 14749
961 119726
962 60164
962 46803
960 123336
965 5940
963 44837
963 122294
965 130897
967 3877
966 108167
968 121144
972 103645
971 13207
974 93906
971 124605
975 82769
977 90843
974 105709
976 100657
979 51036
979 118382
978 74616
979 53963
983 23862
985 88793
984 112719
984 88485
987 60373
985 19577
987 21028
989 12704
990 46924
993 94659
992 63977
991 101154
994 13859
996 87029
995 36582
999 86139
997 78677
1001 47471
1002 50035
1003 91790
1002 124506
1001 62600
1004 19226
1004 59357
1008 98110
1005 8749
1006 20190
1010 8320
1010 118768
1013 12314
1014 32013
1015 94101
1015 51599
1015 63204
1017 102172
1018 31549
1016 9864
1018 20417
1021 3902
1020 47344
1021 96539
1023 64848
1024 39950
1025 69146
1026 93452
1028 128609
1027 51314
1027 5581
1028 81557
1032 32483
1033 114344
1031 84302
1035 67102
1034 58354
1034 13663
1038 22701
1037 25181
1041 24985
1038 99546
1042 102273
1042 81221
1042 129491
1042 48491
1045 109119
1046 32804
1049 35748
1047 114898
1051 9936
1052 59265
1052 71760
1050 84165
1053 105373
1053 40911
1056 120528
1054 97092
1055 13543
1059 124969
1058 88036
1059 89196
1059 39766
1064 5569
1061 56739
1064 87255
1065 130407
1066 72239
1066 106175
1070 115268
1067 61472
1068 95111
1070 57076
1070 10929
1072 66835
1076 56957
1076 99270
1078 69439
1076 6219
1077 58805
1081 94463
1080 32630
1080 50874
1083 113356
1085 64473
1084 49777
1086 5934
1086 103592
1087 117017
1090 71805
1090 108327
1089 108458
1090 23727
1090 127733
1091 42539
1093 67114
1094 121781
1096 19391
1095 74077
1097 88992
1097 64896
1102 117623
1102 122783
1100 81721
1101 78434
1104 3002
1105 15833
1107 110541
1109 116020
1109 35707
1108 17842
1111 21449
1111 96142
1114 118761
1112 63247
1116 3930
1116 65644
1116 109149
1119 116461
1119 112066
1121 100037
1120 119698
1119 130561
1121 71534
1123 48381
1122 14486
1123 122904
1128 97797
1128 26630
1129 96353
1130 96164
1128 1807
1132 118868
1133 27719
1134 19173
1134 22285
1137 127411
1136 105924
1135 14374
1136 12870
1138 1109
1142 61353
1141 13699
1140 86397
1142 1711
1144 46983
1147 25215
1147 15042
1146 12545
1148 89932
1151 65847
1149 67708
1150 23602
1153 45304
1151 118000
1153 1069
1157 75561
1158 110520
1156 23518
1158 129354
1161 53559
1158 102571
1160 97899
1163 76588
1161 90824
1165 108288
1163 130025
1165 45844
1169 223
1170 8917
1167 42651
1170 100837
1171 105802
1171 115357
1173 33472
1175 123979
1177 34104
1174 7281
1176 103797
1179 49786
1177 40044
1179 19809
1183 48559
1183 127516
1183 109046
1182 129896
1183 44778
1186 113372
1185 66534
1190 116454
1190 130180
1190 3244
1189 111466
1190 8373
1191 53282
1196 5077
1194 36955
1198 118807
1197 126309
1200 57263
1198 44555
1199 53370
1203 124817
1200 56088
1204 5585
1206 127901
1203 20852
1205 5512
1207 47837
1207 121291
1210 54646
1212 5390
1209 78952
1214 72648
1214 125988
1213 1452
1216 60714
1217 106236
1219 19636
1220 62823
1220 19372
1220 32025
1220 74306
1222 26616
1224 111463
1223 43319
1224 42840
1224 71337
1228 107080
1227 67722
1228 1534
1230 116183
1233 16316
1232 37257
1234 63235
1236 22609
1235 16925
1235 51467
1239 39522
1237 89649
1240 128454
1242 68628
1239 93419
1244 27781
1241 58241
1242 7368
1247 314
1247 56769
1248 84253
1246 33924
1247 66845
1249 1402
1251 32952
1250 23733
1251 118205
1252 1068
1254 57565
1258 18310
1255 90047
1256 80795
1257 114052
1259 84444
1259 49679
1260 116897
1265 62091
1263 13172
1266 75673
1265 119432
1269 58725
1270 93389
1267 119063
1272 46785
1272 20639
1274 6167
1275 24703
1275 62212
1277 59492
1275 26601
1277 14569
1276 49562
1278 8440
1279 47709
1283 19014
1282 23593
1284 45357
1286 52007
1283 50594
1286 55212
1289 58612
1289 55641
1290 6513
1291 34078
1290 13231
1291 63692
1291 1088
1292 42265
1293 9286
1298 20303
1298 46285
1299 686
1299 64004
1300 52393
1303 33460
1302 1576
1305 56512
1306 5650
1307 19734
1306 63965
1307 48070
1308 31271
1310 20627
1308 29788
1313 27019
1310 36570
1313 19636
1316 38943
1316 56715
1314 42656
1316 43441
1318 42451
1319 42677
1320 2625
1323 47276
1323 18174
1322 52684
1326 48342
1324 60138
1324 34375
1328 27902
1329 56060
1330 61863
1328 12651
1333 8604
1331 6262
1334 3245
1335 50540
1337 24936
1336 62910
1338 21510
1339 606
1337 55576
1339 59858
1343 1530
1343 48774
1342 51498
1346 35153
1347 18394
1346 62459
1347 63072
1346 11669
1347 54142
1348 23767
1353 53970
1352 35413
1354 31928
1356 40002
1355 20767
1354 54052
1357 38886
1356 49175
1358 31576
1358 56545
1361 5310
1362 45386
1362 38380
1364 28781
1364 51145
1367 50188
1369 59716
1369 3147
1367 53101
1372 11856
1372 60135
1374 31723
1371 53466
1375 42791
1377 26926
1377 7226
1378 43100
1379 52673
1377 19157
1380 35133
1380 20112
1380 65267
1385 43322
1384 2660
1385 12286
1388 4659
1388 22819
1390 61431
1387 22156
1391 17501
1392 3227
1391 58840
1394 63607
1392 50136
1397 50202
1396 29896
1396 12487
1398 62518
1400 48606
1401 3655
1401 37891
1402 18247
1404 42676
1402 10236
1406 22687
1408 53502
1409 62330
1407 33019
1411 14797
1410 29784
1409 37310
1414 44065
1411 10671
1413 28002
1415 42261
1416 41715
1416 61571
1418 52376
1417 22801
1420 59546
1422 59146
1421 40466
1424 50651
1423 13176
1427 33355
1428 11159
1426 57913
1428 52436
1430 40531
1429 39781
1429 62008
1432 6222
1432 29250
1434 47918
1435 56513
1435 41571
1437 7618
1439 35621
1441 21515
1440 44226
1443 9817
1441 60689
1441 57369
1446 48390
1444 10969
1448 5786
1445 54027
1449 20242
1447 51999
1450 18819
1449 56580
1454 1897
1455 17618
1455 50938
1455 1729
1454 11619
1458 64734
1459 51545
1461 4493
1461 41663
1461 54039
1463 35580
1464 3329
1463 229
1464 32985
1465 22179
1466 59552
1468 53488
1471 56402
1471 20015
1471 32406
1473 12689
1473 55084
1476 48063
1473 53955
1475 48161
1479 28768
1480 57925
1479 39415
1480 8449
1480 18461
1484 56699
1484 40918
1484 42549
1485 18873
1485 56258
1488 955
1489 31449
1491 567
1492 22348
1490 60623
1491 30092
1495 21342
1492 43563
1496 28919
1497 38772
1498 34417
1498 40276
1501 6062
1502 27405
1503 28094
1504 33243
1504 6686
1505 41662
1507 41161
1506 19962
1505 27495
1508 31145
1508 7151
1508 61806
1509 33617
1513 63111
1511 42526
1512 11297
1513 49358
1515 26200
1518 18521
1517 39848
1517 8805
1519 36587
1521 19807
1522 51972
1522 17542
1523 61811
1526 42721
1527 58627
1529 28889
1527 29527
1527 14824
1532 31268
1530 40341
1533 754
1532 48929
1532 10126
1533 46983
1534 58108
1539 28757
1539 1372
1541 595
1540 21334
1539 39636
1541 23020
1545 32933
1545 3038
1543 25694
1545 61838
1548 62890
1547 3456
1548 35496
1550 5706
1553 13347
1552 4553
1553 60678
1552 36671
1553 53905
1555 31063
1556 27635
1559 36451
1557 11237
1562 22747
1560 12139
1564 29823
1562 15341
1564 1136
1563 12437
1566 7574
1565 9308
1568 65180
1571 30009
1568 43010
1571 11371
1574 26531
1571 29260
1574 7161
1576 17571
1575 20813
1576 3370
1580 13342
1581 12231
1580 27908
1582 31690
1580 6563
1583 1988
1582 19272
1584 9991
1584 25682
1586 31629
1586 25784
1590 8101
1588 2132
1593 21491
1590 8682
1595 24846
1594 5746
1594 2247
1596 27642
1595 16623
1598 17785
1601 18669
1599 17970
1600 31309
1603 15672
1601 12212
1604 5232
1605 23002
1606 5257
1607 13590
1609 26244
1607 64
1612 4550
1611 27356
1611 15107
1614 9107
1612 11469
1613 907
1618 31544
1616 1045
1616 1598
1618 24490
1619 27905
1619 27160
1623 25399
1622 21733
1626 24656
1626 19485
1627 27734
1627 3164
1630 10756
1628 7221
1632 30741
1632 27136
1634 18526
1631 26171
1632 4360
1635 27619
1634 17267
1639 13880
1636 26613
1638 4363
1638 17962
1640 17845
1643 14139
1645 22902
1646 15430
1647 7654
1646 23334
1646 7873
1646 25486
1647 14343
1649 7560
1649 5003
1653 27021
1652 21395
1656 14312
1653 21552
1656 11683
1659 18635
1658 25362
1659 4271
1659 10263
1660 4245
1664 32489
1663 27991
1666 5639
1664 27691
1664 13197
1665 3339
1670 24865
1670 63
1668 22713
1673 3271
1672 18768
1671 13746
1676 10789
1676 23130
1677 13234
1678 6549
1677 17928
1678 18145
1678 10292
1681 21185
1683 30137
1683 8665
1683 27642
1684 17333
1687 3416
1688 19339
1686 9434
1687 24567
1692 26525
1690 29565
1691 16190
1694 15028
1695 23339
1695 23388
1694 4249
1698 23344
1697 15662
1699 32596
1702 2988
1700 23962
1703 27296
1701 26287
1702 401
1706 17789
1707 4253
1707 21017
1706 29984
1709 18412
1710 28974
1713 16141
1710 20115
1713 23740
1715 14671
1714 20159
1716 18959
1717 7159
1720 11666
1720 12238
1721 30897
1720 28984
1724 20126
1722 14871
1725 14616
1723 17285
1725 10509
1728 6529
1730 22263
1730 25244
1731 2761
1730 14618
1733 31376
1734 23102
1733 29317
1733 24132
1738 12131
1737 2168
1736 27302
1737 28252
1738 7436
1739 11716
1742 7369
1745 18474
1742 18895
1745 15817
1744 989
1748 6863
1747 9912
1751 28552
1751 3138
1751 22891
1750 28963
1753 5595
1752 2956
1755 13736
1754 12282
1758 20525
1757 30053
1759 14951
1762 14890
1760 283
1763 29570
1765 32659
1766 8802
1763 17619
1768 16735
1769 27645
1767 1083
1769 30700
1768 139
1770 18366
1773 31826
1771 28640
1773 8186
1775 9215
1774 8785
1777 669
1777 4251
1779 20815
1782 30270
1781 4766
1782 3715
1785 17468
1784 7983
1787 7305
1787 30579
1788 28986
1787 12596
1790 11481
1788 22745
1790 20746
1790 16820
1795 29
1794 9974
1794 1797
1797 19291
1796 14439
1798 2843
1800 678
1800 23000
1802 7376
1801 16368
1803 9129
1804 19788
1805 14145
1804 4867
1807 32679
1808 21879
1808 9171
1812 14043
1811 28773
1812 19037
1815 24655
1816 892
1816 23984
1816 3361
1819 23481
1817 10745
1821 27803
1820 8312
1821 12676
1820 30920
1822 32672
1825 16325
1823 4081
1824 10571
1827 17052
1829 18706
1830 18951
1830 29836
1832 25610
1833 8110
1834 29687
1834 20122
1835 26256
1835 7506
1839 2234
1839 6753
1841 12305
1840 3578
1842 24893
1843 31182
1845 5449
1844 17020
1843 2892
1847 16511
1845 10456
1847 6
1849 15871
1852 662
1851 4489
1852 15741
1854 32410
1853 6140
1853 5319
1858 20315
1856 14215
1856 20652
1859 24335
1861 12899
1862 16151
1860 422
1861 30769
1864 14601
1865 24344
1867 24668
1866 7914
1868 5664
1870 8529
1868 15472
1873 20515
1871 25030
1873 15803
1875 1393
1877 30595
1877 11479
1879 1974
1879 9536
1880 32423
1879 18260
1880 8121
1883 31322
1885 16793
1884 31708
1883 1253
1888 31070
1886 31023
1886 22071
1889 8059
1889 4436
1891 3957
1894 10174
1893 13575
1894 28324
1896 24418
1894 26751
1896 3031
1898 432
1897 7974
1898 142
1903 20454
1900 30493
1902 24773
1903 32122
1905 30613
1908 14450
1909 938
1906 8489
1911 3375
1908 4027
1909 7320
1912 14360
1913 16380
1914 11187
1915 8832
1916 14056
1916 8125
1917 9632
1918 6551
1920 8721
1919 1654
1924 15345
1921 16007
1926 14219
1924 7121
1927 3847
1927 7371
1927 11434
1927 1065
1932 3452
1933 15534
1932 12649
1935 5807
1934 13321
1934 11159
1937 7403
1939 6618
1937 5216
1937 6150
1942 11498
1943 3511
1940 3454
1944 12347
1942 11481
1944 7996
1944 14078
1949 8612
1946 9322
1949 10900
1952 13136
1951 120
1952 3075
1952 13250
1952 16289
1957 9882
1956 13958
1959 3893
1957 14385
1960 12730
1959 9934
1962 13973
1964 13534
1962 1136
1966 15071
1965 10203
1964 2539
1969 6300
1967 14479
1970 8353
1968 9488
1970 14335
1972 5016
1972 12075
1975 8045
1974 5365
1974 1852
1975 14773
1980 6599
1978 7531
1980 4136
1981 2883
1980 8990
1982 5618
1986 3017
1983 3003
1985 9249
1986 6112
1990 10238
1990 16012
1989 12618
1993 7584
1993 15337
1992 2322
1996 15153
1997 15192
1995 12806
1999 5080
1996 13925
2001 5115
2002 3356
1999 9154
2002 6606
2001 2436
2004 6300
2003 7201
2007 4498
2005 10627
2008 2550
2007 12101
2011 10888
2013 4435
2010 4821
2011 918
2016 482
2015 10039
2017 7461
2019 2549
2018 10686
2020 14300
2020 2835
2020 6289
2023 2582
2024 12956
2025 5792
2023 13576
2028 426
2029 5164
2030 15679
2031 16158
2028 11619
2032 5037
2031 15520
2035 4283
2034 3401
2034 13022
2038 8404
2035 14450
2038 15111
2041 329
2041 5173
2042 3973
2041 12195
2042 16026
2043 9747
2046 10134
2044 7060
2046 2092
2050 12629
2047 6227
2049 930
2051 15260
2050 13658
2054 3704
2055 1226
2056 119
2055 8470
2057 2137
2060 1334
2059 6674
2058 3892
2061 4700
2062 5886
2063 9301
2066 4646
2064 4696
2064 2245
2068 5789
2068 2963
2070 9834
2069 8023
2069 10083
2070 15634
2075 1207
2075 2408
2075 9662
2074 7706
2078 4078
2078 2801
2078 1674
2078 12298
2083 10096
2084 413
2081 4889
2085 14487
2084 13437
2088 5335
2088 8432
2089 3714
2087 6774
2092 3115
2093 14028
2094 1932
2092 4307
2095 1255
2094 3234
2096 2158
2098 10824
2098 1666
2099 5934
2099 3409
2102 3578
2104 14550
2103 6525
2104 5283
2107 16112
2108 7530
2106 1817
2107 4843
2107 2194
2111 14222
2111 278
2111 8263
2113 9418
2112 7842
2115 3476
2117 4042
2117 3092
2119 14022
2120 2535
2120 5359
2122 13745
2121 1500
2121 15342
2124 8512
2126 14319
2128 12036
2128 15569
2127 15569
2129 9229
2128 970
2130 2201
2132 8210
2134 14428
2135 11078
2137 2938
2136 8753
2135 6870
2137 2909
2141 12529
2141 5334
2139 8342
2144 10355
2145 8104
2142 8922
2147 6933
2147 10733
2149 8172
2148 3027
2148 7496
2148 2014
2150 16193
2154 9795
2155 2398
2154 3679
2153 10901
2157 2592
2155 12197
2156 12753
2157 15912
2158 8912
2162 1602
2163 9413
2163 6011
2166 6605
2167 7224
2168 14118
2169 284
2167 2274
2170 3880
2170 15101
2173 12801
2172 4544
2173 12438
2173 14026
2177 3535
2175 14969
2175 6289
2178 176
2178 12189
2179 5039
2180 16084
2184 6083
2183 1433
2186 12244
2183 9686
2186 15359
2187 1530
2188 15819
2188 11349
2191 1051
2189 9021
2191 11265
2194 9942
2193 12046
2193 3072
2198 8571
2196 3924
2197 14761
2197 13427
2198 11768
2202 12643
2200 13083
2201 13146
2203 11956
2207 2441
2207 15422
2207 1083
2209 6634
2209 9961
2208 8118
2212 1974
2212 12166
2215 7726
2213 14373
2217 3251
2217 15386
2219 4640
2217 978
2219 2657
2221 5496
2222 8167
2223 2109
2225 6178
2224 2805
2226 1793
2225 4494
2227 4631
2230 3815
2230 3282
2229 772
2232 795
2230 3162
2231 650
2235 5227
2233 910
2238 6344
2235 1493
2237 3454
2239 3638
2238 6899
2239 4923
2244 4483
2242 7469
2243 4034
2245 4759
2244 7585
2248 1
2247 4325
2248 2597
2250 5130
2253 1433
2252 4591
2251 300
2255 266
2255 2085
2257 3486
2257 7716
2259 207
2259 5778
2258 7407
2260 4044
2263 2929
2263 3656
2263 1086
2264 6133
2264 7299
2265 1465
2267 3698
2268 4179
2271 6848
2272 4602
2270 2162
2273 4958
2274 5147
2274 7040
2277 7865
2278 3260
2279 3328
2279 1523
2280 3828
2283 1851
2283 3947
2282 7517
2282 5163
2287 5985
2286 4217
2285 6963
2289 4364
2288 6252
2292 1366
2293 5042
2293 621
2292 1451
2294 5461
2293 3752
2295 6440
2296 8040
2297 6499
2297 1127
2302 8045
2303 2248
2302 4457
2305 3475
2303 3334
2306 7342
2304 1381
2305 7833
2306 6508
2308 4174
2308 3816
2312 8167
2311 2545
2314 404
2314 704
2315 7523
2317 8094
2317 4247
2316 2703
2319 3827
2321 2718
2321 6996
2320 1343
2325 7754
2322 5204
2324 4934
2325 5953
2325 2037
2329 2449
2329 976
2328 5785
2329 3061
2332 1214
2334 6
2332 3831
2336 2948
2338 3172
2335 8119
2337 4717
2339 747
2340 5675
2341 6262
2344 4883
2343 8080
2345 3942
2347 2749
2344 7303
2347 1004
2350 5351
2347 3643
2350 506
2351 7218
2352 7529
2355 3781
2355 4366
2354 1472
2357 7006
2358 6808
2357 6352
2360 1137
2360 4020
2361 2386
2362 3864
2363 3097
2365 6073
2367 7420
2365 206
2367 379
2368 6113
2367 5333
2370 7886
2373 294
2373 5903
2375 2138
2372 89
2377 4546
2374 3267
2375 6744
2376 5948
2381 3757
2382 478
2381 7216
2382 8008
2384 1391
2382 948
2387 4493
2387 1909
2387 6564
2386 4243
2389 7870
2389 3987
2393 6843
2393 3308
2391 7518
2394 6053
2397 5514
2397 7614
2395 2390
2397 3544
2398 8015
2400 5166
2403 6127
2400 328
2401 7031
2402 6331
2407 6270
2408 2464
2406 2416
2408 8125
2409 3411
2412 2678
2409 3545
2410 8028
2411 396
2412 1121
2417 4205
2415 3816
2419 4077
2416 3288
2421 2211
2421 2064
2423 2939
2421 5925
2422 7660
2426 1876
2423 7362
2427 6506
2425 281
2428 3279
2427 7800
2432 2495
2429 2072
2430 2088
2432 2157
2433 6963
2433 6250
2437 7004
2435 1246
2440 2187
2440 4551
2439 1242
2443 626
2441 5933
2444 5717
2444 6121
2443 1321
2444 3071
2449 5336
2450 7504
2447 7205
2451 1417
2449 4311
2453 7350
2455 494
2455 6687
2454 4297
2458 6097
2458 5971
2457 6774
2457 4319
2458 856
2459 5207
2464 6364
2464 8
2462 6288
2467 294
2467 1743
2467 633
2466 5348
2469 4154
2472 7550
2469 5240
2473 6545
2472 4771
2473 5639
2477 5361
2478 6196
2476 1116
2477 7555
2479 7225
2482 6014
2479 6844
2484 3039
2485 3189
2485 8058
2485 6445
2488 4454
2488 5132
2490 289
2487 2603
2490 4507
2491 4979
2492 3485
2492 4946
2494 116
2497 6628
2495 3152
2495 3385
2498 3559
2498 2248
2498 3700
2502 6125
2500 514
2503 5038
2505 1700
2504 7946
2507 6367
2505 2808
2508 5123
2510 5209
2508 4086
2513 4282
2510 2746
2513 726
2512 6726
2514 3634
2515 5994
2519 7707
2517 7000
2518 3660
2521 2589
2519 4549
2522 1500
2521 2824
2522 1827
2523 6075
2527 2936
2528 19
2528 3978
2529 1069
2529 1673
2531 2567
2534 3452
2531 2976
2532 1004
2533 2794
2537 548
2538 871
2539 299
2541 1560
2538 256
2542 1299
2540 2308
2541 358
2546 1502
2544 1772
2544 1064
2549 103
2550 459
2550 704
2552 443
2553 1726
2551 2982
2553 397
2554 2177
2556 756
2555 1563
2555 1186
2559 3806
2557 1631
2560 1907
2560 2358
2563 1553
2564 3172
2565 1122
2564 1073
2566 558
2565 380
2567 342
2570 2399
2570 1881
2572 1213
2570 672
2572 2770
2574 3499
2577 3152
2576 471
2578 3527
2579 3535
2581 986
2580 3723
2581 2961
2582 2430
2583 1030
2585 4011
2585 2345
2588 483
2586 3117
2588 3049
2588 1398
2589 1253
2593 1549
2594 909
2591 2378
2593 2847
2594 272
2597 2768
2597 1567
2597 3299
2598 24
2598 1167
2602 2430
2603 3938
2603 235
2605 2627
2606 3391
2607 4057
2607 475
2607 3334
2607 2296
2611 903
2613 3341
2610 398
2611 3144
2615 833
2614 3078
2615 3986
2618 2782
2618 2125
2619 3057
2622 761
2623 3987
2623 186
2622 1146
2623 569
2624 620
2627 590
2625 3870
2630 3411
2630 1196
2629 177
2633 378
2631 1118
2634 2512
2636 2118
2633 1362
2637 374
2635 4096
2639 3897
2638 3262
2641 381
2640 1355
2640 3118
2644 2649
2646 2874
2647 3454
2646 2933
2645 3536
2649 242
2649 3483
2651 733
2649 3765
2650 345
2654 2211
2656 3583
2656 832
2655 525
2655 28
2657 1176
2658 2493
2658 2976
2659 2112
2664 3481
2663 1867
2665 1742
2665 1043
2668 3013
2667 2
2670 1544
2667 4008
2670 2279
2671 133
2670 559
2674 3213
2676 829
2675 3036
2678 978
2678 2553
2680 3790
2678 3905
2678 2030
2681 2727
2681 2212
2683 3738
2683 1341
2687 2756
2686 3231
2686 3537
2687 2685
2689 502
2690 2238
2693 1692
2693 1614
2691 998
2693 1842
2694 2958
2697 734
2698 1806
2699 2362
2700 3858
2701 14
2703 1948
2702 657
2701 588
2704 474
2707 3013
2704 2362
2707 208
2706 2120
2707 1149
2710 3495
2712 2352
2713 1997
2713 852
2714 983
2714 275
2717 2795
2718 603
2717 661
2721 3918
2718 2304
2722 1439
2723 1402
2721 3754
2725 3304
2726 3668
2724 711
2725 1009
2728 78
2730 3504
2729 3261
2732 2479
2731 2509
2731 3647
2734 615
2733 1049
2737 2151
2736 2859
2740 1339
2741 2638
2739 3969
2740 1157
2742 1490
2743 3767
2742 2118
2746 231
2746 3088
2746 1499
2749 3017
2747 3761
2750 3525
2750 1096
2751 446
2753 1698
2752 4076
2756 203
2757 1162
2756 2276
2757 297
2761 147
2762 1631
2761 228
2761 384
2764 1907
2763 1034
2767 1253
2764 2965
2766 210
2770 1314
2771 2635
2769 2528
2769 3016
2770 293
2772 3224
2774 1608
2777 872
2778 3011
2778 3347
2779 2846
2781 3141
2780 1585
2782 2748
2783 1986
2781 2074
2782 2111
2786 3098
2785 3129
2788 87
2786 3211
2789 2405
2790 3983
2793 2215
2791 2338
2795 182
2796 1681
2795 3218
2798 1448
2798 2100
2799 608
2800 2368
2800 1586
2803 49
2804 537
2804 1353
2805 830
2803 3559
2806 2513
2807 3263
2807 287
2810 380
2812 2477
2811 2919
2812 2094
2815 841
2816 2398
2816 111
2817 2971
2818 1391
2817 1086
2817 962
2819 1727
2821 3929
2824 3859
2823 2014
2826 3386
2827 3932
2828 3141
2829 3041
2829 810
2831 3563
2832 329
2832 1449
2832 660
2832 1229
2835 1765
2835 961
2838 1817
2839 908
2840 1345
2840 1583
2839 2018
2842 1906
2843 239
2845 695
2845 1380
2843 1761
2845 1707
2848 887
2846 785
2849 1265
2850 1032
2851 1867
2851 856
2855 1956
2852 1680
2857 1672
2854 1673
2858 1102
2857 1311
2860 1709
2861 1089
2861 427
2862 1184
2865 263
2862 465
2865 1922
2868 731
2865 78
2870 888
2868 1647
2872 754
2870 1552
2872 550
2873 1585
2873 713
2877 197
2876 375
2876 996
2878 1773
2879 634
2880 1557
2882 1594
2883 1706
2882 444
2884 1026
2883 1118
2887 1162
2885 289
2886 1204
2891 872
2888 1769
2891 1929
2894 671
2891 251
2896 84
2894 1650
2898 739
2895 1807
2899 381
2901 205
2900 641
2901 635
2900 1925
2904 1064
2904 1216
2905 717
2907 906
2906 1583
2908 479
2911 324
2910 209
2910 441
2913 684
2911 1472
2916 1253
2914 1722
2915 1823
2917 1986
2916 387
2919 1173
2922 813
2922 126
2924 715
2925 1193
2922 161
2927 781
2928 250
2926 865
2929 1697
2928 1397
2930 2031
2930 1689
2932 1185
2933 970
2935 1854
2935 597
2935 1770
2937 1487
2937 1220
2938 926
2939 380
2941 137
2940 1741
2941 441
2945 359
2946 805
2944 1168
2945 802
2946 687
2948 1920
2948 1685
2952 1803
2952 1713
2951 1828
2953 990
2957 191
2957 135
2955 1634
2958 813
2959 1705
2958 1763
2960 1378
2964 1736
2963 910
2964 1806
2967 931
2964 1981
2969 1514
2969 1408
2968 999
2970 1012
2972 1419
2973 1926
2972 2048
2974 1059
2974 1293
2975 879
2979 1989
2979 1039
2980 952
2982 756
2982 1342
2980 879
2981 51
2982 1183
2984 1987
2986 760
2986 1286
2987 1209
2988 479
2988 336
2990 122
2992 1336
2994 1150
2993 440
2995 1337
2994 855
2996 643
2997 193
2998 1305
3002 1682
3003 558
3000 1203
3005 1220
3003 213
3005 466
3004 1985
3007 851
3010 1861
3009 1327
3012 180
3010 1569
3010 1416
3011 1529
3013 501
3015 1477
3018 329
3016 1409
3020 1488
3021 1770
3022 1167
3023 303
3020 531
3025 1586
3023 230
3023 1816
3024 221
3025 819
3027 1206
3029 1628
3031 464
3032 1226
3031 1997
3035 1949
3032 48
3034 1077
3034 397
3038 332
3039 622
3038 811
3038 4
3039 1635
3040 1294
3042 777
3046 1271
3045 1648
3048 1174
3045 1239
3050 1430
3049 397
3052 232
3052 858
3052 1020
3054 160
3052 686
3053 1805
3055 226
3057 1986
3060 29
3059 1893
3061 1148
3063 1778
3060 894
3063 1037
3062 1690
3063 511
3068 1951
3067 1333
3069 64
3071 628
3072 1467
3072 597
3072 641
3071 148
3073 571
3077 771
3074 1766
3077 66
3078 1174
3079 116
3080 1060
3083 2006
3082 297
3083 323
3083 430
3083 1025
3087 1403
3086 2042
3090 794
3088 216
3092 697
3093 1794
3091 434
3091 1359
3092 787
3095 443
3098 855
3096 212
3100 1010
3100 18
3099 1239
3100 759
3104 1631
3104 1089
3104 1182
3105 1431
3104 1411
3105 921
3108 732
3110 330
3108 760
3112 1605
3113 1517
3114 906
3113 1289
3116 631
3117 1901
3118 85
3119 750
3120 902
3118 192
3120 1700
3121 555
3123 1296
3123 2009
3125 1651
3128 81
3129 1770
3128 782
3131 162
3132 1241
3132 75
3130 888
3131 198
3136 584
3133 185
3136 634
3138 1011
3140 846
3138 51
3138 376
3142 872
3143 67
3144 845
3143 427
3145 95
3145 625
3146 725
3148 533
3148 8
3151 565
3149 820
3151 956
3155 46
3153 620
3155 289
3155 924
3159 1019
3158 546
3161 716
3162 69
3161 287
3161 699
3161 492
3164 79
3164 815
3165 90
3169 606
3168 480
3167 296
3171 871
3170 494
3172 584
3174 195
3173 437
3175 183
3176 578
3179 262
3180 594
3180 861
3180 243
3183 449
3182 192
3183 979
3185 779
3187 770
3187 613
3187 1
3190 918
3188 482
3189 36
3190 641
3194 525
3191 413
3195 495
3196 344
3198 69
3195 437
3197 851
3201 467
3199 230
3203 942
3202 421
3201 362
3204 134
3203 684
3207 316
3209 177
3208 400
3209 917
3211 809
3213 575
3212 24
3211 458
3216 414
3213 691
3214 911
3219 82
3216 727
3221 614
3222 876
3221 927
3224 573
3221 6
3222 238
3224 295
3225 887
3228 870
3226 29
3231 744
3232 458
3230 804
3230 75
3231 729
3234 795
3233 521
3237 205
3236 200
3237 823
3240 576
3242 1019
3242 267
3244 509
3243 354
3242 375
3246 327
3245 474
3245 765
3246 971
3250 58
3248 423
3253 847
3252 148
3252 245
3255 983
3256 839
3257 305
3258 873
3258 536
3259 843
3259 27
3259 851
3261 865
3265 494
3266 271
3265 531
3267 496
3266 479
3270 678
3271 183
3272 213
3272 728
3270 293
3273 726
3272 195
3273 111
3277 761
3278 486
3279 428
3280 969
3282 8
3281 357
3282 622
3284 111
3283 325
3286 248
3288 687
3288 481
3288 854
3290 759
3290 1000
3290 237
3293 340
3293 191
3295 880
3296 306
3297 838
3297 885
3300 89
3297 549
3299 767
3299 352
3303 511
3304 977
3306 599
3304 436
3307 638
3307 314
3307 33
3307 641
3312 987
3313 337
3314 24
3312 834
3315 818
3316 210
3316 948
3318 321
3319 608
3321 966
3318 805
3321 508
3324 989
3323 995
3322 430
3324 693
3325 322
3326 556
3329 27
3330 970
3328 228
3333 830
3331 240
3334 125
3332 231
3334 333
3334 468
3338 810
3337 980
3340 124
3339 778
3340 711
3341 466
3341 611
3346 205
3343 621
3346 872
3345 576
3346 848
3347 435
3351 961
3349 892
3352 140
3354 844
3352 433
3353 856
3358 655
3358 572
3359 711
3361 525
3360 538
3359 769
3360 592
3361 565
3362 690
3367 230
3365 611
3368 800
3368 528
3370 552
3369 728
3370 1005
3374 446
3371 648
3372 184
3375 332
3376 715
3376 215
3378 784
3378 249
3381 353
3382 930
3381 957
3381 191
3385 957
3383 374
3385 62
3388 135
3386 655
3388 8
3389 100
3389 570
3394 51
3395 611
3395 1001
3395 317
3395 722
3397 991
3400 314
3399 328
3402 377
3402 184
3402 338
3403 89
3405 768
3403 207
3408 648
3406 223
3410 315
3411 686
3412 779
3413 713
3411 679
3412 220
3415 953
3417 762
3417 946
3417 459
3420 565
3420 325
3418 113
3423 600
3422 766
3422 388
3422 821
3425 154
3428 72
3425 330
3430 931
3427 435
3429 224
3432 444
3432 318
3435 372
3435 112
3433 1023
3437 483
3436 835
3439 51
3439 265
3441 584
3443 138
3444 674
3445 1002
3445 950
3443 897
3447 110
3445 538
3448 462
3451 113
3451 557
3453 335
3450 102
3453 260
3452 415
3457 226
3457 116
3455 256
3459 100
3459 207
3458 194
3462 257
3461 198
3464 61
3465 60
3465 253
3465 496
3467 132
3469 363
3469 206
3470 108
3470 184
3473 444
3474 145
3472 467
3477 465
3476 362
3479 288
3478 459
3480 260
3481 409
3481 22
3484 110
3485 394
3485 491
3486 38
3485 132
3487 413
3489 424
3488 388
3491 120
3491 276
3493 128
3494 101
3494 294
3494 28
3497 432
3496 261
3496 129
3499 155
3500 131
3500 285
3501 30
3502 176
3504 489
3505 128
3508 366
3509 130
3508 435
3507 305
3511 194
3510 293
3513 304
3512 250
3512 285
3513 490
3517 485
3516 510
3519 333
3520 234
3521 19
3520 127
3524 321
3524 436
3525 465
3523 398
3525 443
3529 215
3528 347
3527 369
3528 494
3530 475
3532 495
3535 295
3532 437
3536 474
3535 205
3535 233
3538 212
3540 269
3542 472
3543 471
3541 245
3541 124
3546 488
3543 338
3546 229
3545 183
3546 410
3547 452
3550 129
3552 127
3551 286
3555 163
3554 168
3554 464
3555 301
3557 144
3560 321
3560 352
3562 88
3560 457
3563 214
3564 65
3566 123
3567 111
3567 212
3565 489
3570 264
3568 441
3572 144
3572 123
3574 431
3574 281
3573 423
3574 230
3574 235
3579 259
3576 136
3578 483
3579 204
3579 369
3583 293
3585 278
3584 298
3585 131
3584 77
3587 189
3588 53
3590 16
3592 421
3589 165
3592 474
3591 126
3596 227
3593 233
3597 41
3597 468
3600 414
3597 324
3598 473
3602 474
3603 13
3605 296
3603 1
3603 367
3607 334
3605 351
3608 417
3607 69
3609 115
3612 7
3610 498
3611 508
3612 363
3613 69
3615 200
3617 455
3620 60
3620 296
3619 165
3621 408
3620 506
3621 375
3625 480
3626 481
3625 212
3629 80
3630 85
3628 238
3631 153
3630 13
3633 354
3633 135
3636 205
3637 264
3637 82
3635 214
3637 405
3637 274
3641 188
3643 65
3641 99
3644 378
3642 348
3647 60
3645 410
3645 411
3646 112
3647 6
3650 273
3652 299
3652 429
3654 25
3655 74
3654 232
3655 102
3659 114
3660 158
3659 359
3662 420
3662 316
3663 214
3662 180
3666 416
3665 163
3668 370
3666 226
3668 415
3669 49
3668 9
3670 302
3672 258
3674 493
3674 496
3676 222
3675 440
3679 505
3676 272
3679 221
3679 64
3679 451
3684 341
3681 48
3684 98
3685 284
3684 113
3687 172
3689 506
3690 141
3689 250
3691 449
3691 462
3694 92
3693 169
3694 330
3696 392
3695 297
3699 230
3699 488
3699 263
3703 36
3701 292
3704 322
3705 313
3705 493
3705 292
3707 350
3708 261
3707 175
3711 358
3712 235
3711 314
3712 143
3716 322
3714 17
3715 284
3719 172
3718 23
3720 212
3722 7
3722 156
3721 171
3723 441
3726 401
3727 290
3724 424
3729 163
3727 111
3727 489
3732 59
3730 32
3734 401
3732 114
3735 434
3736 29
3735 363
3738 266
3738 428
3740 113
3741 67
3741 189
3740 37
3741 293
3742 308
3745 83
3746 105
3749 334
3746 164
3747 204
3749 198
3751 461
3754 33
3752 330
3755 274
3754 308
3758 151
3757 309
3757 348
3757 39
3759 402
3763 213
3764 78
3761 224
3764 409
3763 308
3764 130
3768 146
3768 256
3769 237
3768 328
3772 190
3773 59
3771 223
3772 501
3774 371
3775 500
3778 66
3778 117
3780 60
3779 355
3779 179
3782 120
3782 112
3785 19
3785 99
3787 11
3789 75
3789 39
3791 239
3788 84
3789 139
3790 53
3795 223
3796 185
3797 178
3797 134
3797 109
3797 204
3798 239
3800 67
3800 38
3800 137
3803 165
3803 83
3804 150
3808 147
3805 249
3809 252
3807 214
3812 222
3813 188
3811 199
3814 130
3815 3
3813 79
3817 162
3817 143
3820 231
3819 157
3818 44
3820 231
3823 115
3821 236
3824 53
3823 183
3824 69
3825 76
3826 185
3828 97
3828 241
3831 97
3832 87
3833 177
3833 117
3837 172
3837 224
3838 212
3836 73
3837 143
3840 132
3842 49
3844 131
3845 222
3846 171
3843 230
3848 17
3848 224
3849 180
3850 160
3850 55
3849 171
3853 95
3853 51
3853 145
3856 125
3857 56
3855 220
3860 245
3858 256
3858 193
3859 79
3862 107
3863 52
3862 1
3863 92
3867 93
3868 220
3869 109
3868 202
3872 234
3873 224
3873 106
3872 87
3876 9
3876 255
3876 168
3875 62
3878 144
3878 22
3882 174
3882 251
3883 179
3883 102
3883 158
3885 226
3887 89
3888 224
3890 197
3887 204
3891 142
3891 72
3894 14
3891 40
3895 191
3893 124
3895 76
3898 134
3898 12
3901 119
3901 29
3901 191
3901 121
3901 199
3902 41
3906 241
3905 184
3907 147
3908 41
3911 117
3910 136
3912 30
3913 195
3911 99
3915 61
3913 19
3917 169
3915 38
3917 71
3920 121
3919 46
3923 227
3921 81
3924 171
3923 59
3923 249
3928 62
3927 253
3927 1
3929 42
3930 123
3931 255
3931 169
3933 154
3936 153
3933 106
3937 29
3938 217
3939 204
3938 124
3939 179
3940 142
3940 110
3944 87
3946 222
3945 36
3945 62
3948 180
3947 234
3950 91
3949 255
3951 88
3952 54
3955 129
3955 87
3955 77
3958 10
3955 151
3959 213
3957 163
3962 110
3963 240
3964 32
3962 85
3966 53
3965 72
3968 244
3966 249
3967 134
3971 55
3971 49
3973 24
3973 142
3974 113
3973 69
3976 65
3974 120
3975 72
3979 73
3980 111
3978 26
3983 58
3981 58
3982 151
3984 3
3985 130
3988 77
3986 124
3989 232
3989 191
3991 27
3991 234
3993 9
3991 233
3996 209
3993 116
3995 251
3997 50
3997 101
3997 85
3999 62
4002 113
4004 91
4001 95
4006 70
4007 223
4004 196
4006 189
4010 36
4007 39
4011 10
4010 182
4012 195
4012 180
4014 135
4013 130
4016 53
4019 88
4019 93
4018 174
4021 72
4019 125
4024 76
4025 114
4024 178
4027 143
4028 15
4025 43
4028 36
4031 51
4028 30
4030 18
4034 59
4033 130
4033 84
4033 122
4037 101
4039 100
4039 109
4040 155
4040 84
4040 234
4042 228
4043 68
4042 225
4045 81
4044 102
4049 22
4048 77
4049 41
4052 101
4053 218
4050 235
4053 101
4052 153
4055 4
4057 109
4057 152
4057 123
4058 196
4062 121
4060 131
4062 100
4063 202
4062 135
4067 72
4065 253
4066 13
4070 18
4069 69
4069 23
4073 79
4074 150
4073 20
4072 105
4074 86
4076 131
4079 202
4079 95
4078 37
4081 217
4082 173
4082 31
4085 255
4085 126
4087 3
4086 3
4085 116
4090 216
4089 87
4089 103
4091 48
4090 137
4091 186
4094 59
4095 251
4097 246
4098 26
4096 125
4099 42
4098 33
4100 250
4101 167
4101 197
4102 2
4107 58
4107 20
4108 85
4110 99
4111 49
4110 45
4112 18
4112 105
4111 89
4112 96
4114 27
4116 91
4117 110
4120 5
4119 41
4121 99
4123 108
4121 1
4123 77
4125 43
4127 125
4127 117
4125 102
4130 90
4127 88
4128 94
4129 94
4131 50
4132 57
4133 84
4135 43
4134 15
4136 62
4136 34
4139 3
4139 90
4142 64
4143 90
4143 72
4146 114
4147 86
4146 84
4145 1
4148 27
4149 119
4152 123
4153 123
4153 71
4152 3
4153 30
4153 115
4156 91
4156 122
4158 101
4158 51
4162 62
4163 84
4163 112
4165 69
4166 98
4166 74
4168 34
4167 21
4169 118
4167 109
4172 39
4173 116
4172 93
4173 90
4173 20
4173 14
4176 21
4176 20
4178 68
4177 4
4179 61
4179 71
4183 74
4185 50
4185 36
4186 55
4187 62
4186 124
4190 25
4188 116
4192 102
4191 20
4190 79
4191 91
4195 22
4195 55
4197 20
4199 27
4199 22
4197 1
4198 66
4199 108
4204 3
4202 6
4205 54
4203 55
4205 42
4205 128
4210 68
4207 117
4209 107
4209 10
4210 63
4211 107
4215 29
4215 53
4214 46
4216 38
4216 95
4217 114
4220 28
4221 74
4222 116
4224 44
4225 110
4224 127
4226 24
4229 48
4226 63
4230 119
4230 1
4231 8
4232 16
4231 91
4236 93
4236 29
4234 29
4239 32
4240 54
4239 81
4240 119
4240 37
4242 35
4245 58
4246 74
4245 76
4247 42
4247 45
4250 29
4249 73
4250 53
4253 15
4250 8
4255 94
4256 63
4254 49
4254 52
4258 91
4258 21
4257 3
4261 30
4259 123
4260 59
4261 101
4262 87
4263 89
4265 128
4267 96
4266 36
4268 71
4269 78
4271 28
4270 36
4275 95
4274 31
4276 41
4274 50
4279 10
4277 124
4277 10
4278 53
4281 111
4283 83
4285 38
4284 127
4285 31
4286 38
4285 109
4286 32
4287 8
4292 15
4290 66
4291 110
4291 80
4292 12
4296 104
4294 61
4297 27
4297 100
4301 38
4300 27
4303 21
4304 42
4301 84
4305 61
4305 83
4306 82
4308 75
4308 96
4309 124
4312 106
4309 82
4313 122
4313 49
4313 16
4314 120
4318 122
4315 57
4318 47
4319 90
4320 43
4319 44
4321 54
4325 54
4325 90
4327 84
4328 78
4328 27
4330 80
4329 18
4329 79
4330 62
4334 61
4332 23
4333 69
4334 92
4336 55
4338 48
4336 79
4340 128
4341 27
4343 11
4344 124
4341 68
4343 92
4346 120
4346 79
4349 70
4349 38
4348 54
4350 120
4350 24
4351 24
4354 26
4356 8
4354 115
4357 53
4359 8
4360 75
4359 76
4358 56
4362 21
4364 76
4365 78
4363 8
4366 90
4368 81
4367 68
4366 8
4367 42
4372 1
4370 125
4371 19
4373 50
4375 29
4373 43
4377 53
4375 110
4376 66
4378 46
4379 4
4381 102
4381 97
4382 124
4382 73
4385 100
4387 16
4389 45
4386 5
4390 16
4391 52
4392 83
4391 28
4395 63
4396 32
4397 22
4396 126
4397 43
4396 31
4401 7
4401 105
4400 78
4403 108
4405 4
4405 47
4405 54
4404 102
4405 81
4410 11
4409 84
4412 28
4409 97
4412 113
4415 81
4413 26
4417 59
4417 36
4418 42
4419 85
4418 115
4419 14
4422 26
4421 58
4424 1
4424 88
4423 124
4427 7
4429 61
4428 89
4431 79
4429 2
4429 53
4433 57
4432 46
4432 56
4436 2
4437 11
4439 3
4438 54
4440 8
4440 44
4441 47
4441 49
4445 26
4445 48
4446 48
4446 39
4447 44
4446 40
4447 26
4448 21
4450 63
4453 57
4452 59
4453 26
4454 18
4455 55
4458 5
4460 49
4457 26
4460 24
4460 34
4461 33
4465 28
4462 59
4467 15
4467 21
4465 32
4467 28
4470 61
4469 35
4469 10
4470 12
4475 16
4474 12
4476 55
4476 60
4479 2
4479 45
4480 64
4482 42
4479 33
4481 52
4485 34
4484 46
4484 62
4488 26
4485 18
4487 37
4490 13
4488 6
4489 32
4490 42
4494 64
4495 32
4493 34
4497 27
4495 10
4500 38
4497 52
4500 55
4503 27
4503 18
4502 5
4506 31
4504 5
4506 9
4509 7
4506 10
4507 26
4510 53
4513 5
4511 25
4512 37
4513 18
4516 35
4514 48
4519 38
4518 44
4517 38
4519 1
4520 27
4521 54
4523 39
4525 27
4523 32
4525 53
4526 59
4530 32
4530 2
4531 24
4531 64
4531 63
4534 14
4536 20
4534 49
4538 29
4538 27
4537 8
4540 34
4539 52
4540 54
4543 43
4544 17
4544 12
4545 26
4546 48
4547 27
4546 32
4547 46
4552 2
4549 48
4553 25
4551 59
4554 64
4557 1
4556 8
4556 9
4556 5
4558 25
4558 8
4562 34
4563 51
4565 37
4563 10
4565 28
4567 25
4567 23
4569 64
4567 36
4571 21
4572 9
4571 57
4574 5
4575 39
4575 30
4575 27
4576 3
4577 39
4577 6
4581 60
4582 24
4580 11
4583 41
4585 6
4587 64
4585 42
4587 37
4588 21
4591 63
4589 3
4592 40
4590 18
4591 50
4595 22
4595 13
4597 10
4598 32
4599 6
4601 52
4602 37
4603 19
4603 18
4601 57
4605 50
4606 36
4608 20
4609 30
4606 44
4610 6
4609 23
4609 11
4614 3
4614 52
4613 55
4615 30
4615 27
4619 35
4618 5
4621 52
4618 41
4622 3
4624 27
4622 1
4624 43
4625 21
4628 63
4626 11
4629 57
4630 34
4630 3
4629 37
4634 8
4633 33
4632 52
4634 15
4635 41
4639 32
4637 44
4641 41
4639 61
4641 50
4644 37
4645 53
4643 17
4645 58
4646 4
4645 22
4647 60
4649 41
4651 48
4653 59
4651 23
4652 14
4655 36
4655 64
4656 9
4655 34
4660 41
4658 14
4660 30
4662 35
4664 55
4665 39
4664 64
4663 51
4665 34
4667 33
4669 63
4668 41
4668 25
4671 46
4672 40
4674 30
4673 51
4677 47
4675 21
4676 50
4677 47
4680 20
4678 2
4683 19
4682 1
4682 57
4683 49
4685 21
4686 58
4687 20
4686 59
4688 32
4691 39
4692 23
4691 3
4693 62
4694 2
4694 16
4698 55
4696 57
4699 44
4698 12
4701 17
4702 50
4703 21
4703 25
4702 17
4706 61
4707 31
4707 26
4706 31
4709 18
4711 13
4710 19
4711 20
4713 52
4715 5
4713 29
4718 39
4715 23
4720 6
4721 54
4720 5
4719 19
4724 16
4725 10
4726 1
4726 60
4727 2
4726 7
4728 2
4729 36
4729 35
4730 10
4731 10
4735 7
4735 10
4737 6
4737 60
4738 41
4738 16
4740 27
4738 28
4740 25
4742 29
4741 62
4743 64
4743 6
4747 29
4747 4
4749 22
4751 17
4748 19
4752 16
4754 25
4752 3
4754 24
4753 17
4758 15
4757 7
4756 16
4759 13
4761 32
4761 23
4764 4
4765 6
4764 29
4764 13
4768 29
4765 14
4770 29
4770 24
4770 27
4772 24
4773 2
4771 5
4773 10
4776 6
4778 3
4779 21
4777 18
4780 3
4778 26
4780 22
4781 1
4785 24
4785 27
4787 27
4784 32
4789 28
4787 17
4790 2
4790 7
4790 11
4790 30
4794 14
4792 24
4797 16
4795 26
4795 8
4800 21
4798 2
4801 28
4803 15
4801 27
4804 4
4802 23
4804 32
4804 5
4805 32
4808 24
4811 13
4811 10
4809 10
4813 18
4815 7
4814 11
4817 32
4818 5
4819 6
4816 7
4818 17
4819 20
4823 32
4820 31
4824 30
4824 14
4826 15
4827 29
4827 27
4826 9
4831 30
4828 30
4831 23
4831 10
4833 3
4835 32
4836 3
4834 30
4838 13
4839 6
4838 32
4842 29
4843 14
4844 20
4841 14
4845 22
4844 13
4848 3
4849 31
4847 27
4847 15
4852 26
4849 30
4851 16
4852 14
4853 20
4854 30
4854 20
4856 2
4858 1
4857 28
4858 30
4861 28
4860 15
4865 25
4863 9
4864 28
4864 30
4868 4
4868 3
4867 8
4870 31
4870 21
4871 12
4872 13
4872 13
4876 23
4877 20
4877 28
4877 9
4877 2
4879 12
4882 25
4883 30
4883 13
4884 16
4886 4
4887 5
4887 21
4887 21
4889 21
4889 1
4892 2
4890 16
4892 17
4894 11
4894 30
4898 27
4895 18
4900 8
4900 11
4902 11
4900 24
4903 20
4905 21
4903 29
4905 7
4908 11
4908 9
4908 17
4908 11
4912 12
4911 31
4914 21
4914 32
4912 24
4914 21
4915 26
4916 26
4920 25
4921 19
4921 24
4920 21
4921 18
4924 19
4926 6
4927 8
4924 18
4927 28
4930 1
4927 15
4928 21
4930 13
4932 3
4935 22
4932 24
4934 30
4936 1
4936 8
4940 14
4940 26
4942 31
4940 18
4940 6
4945 18
4944 19
4947 7
4948 17
4948 19
4947 15
4949 12
4951 20
4952 12
4954 26
4955 25
4956 10
4957 16
4955 31
4958 16
4957 16
4961 18
4960 27
4963 17
4960 32
4963 3
4963 3
4965 3
4966 2
4968 15
4966 32
4969 25
4969 23
4973 22
4973 18
4971 9
4976 14
4974 31
4978 16
4977 3
4977 16
4979 27
4982 23
4983 31
4980 5
4981 30
4984 24
4986 17
4985 27
4987 1
4988 12
4987 25
4988 24
4990 3
4991 4
4992 23
4992 23
4994 23
4994 3
4999 15
4996 9
4997 23
4999 12
5001 12
5003 29
5005 10
5005 17
5006 1
5005 19
5007 25
5007 10
5009 6
5010 10
5012 9
5010 5
5015 25
5014 16
5017 22
5014 2
5017 14
5016 30
5020 8
5020 11
5023 10
5021 18
5025 32
5024 21
5023 19
5024 1
5025 22
5028 15
5029 26
5032 23
5032 24
5031 23
5033 32
5033 1
5036 31
5036 23
5038 13
5040 11
5040 11
5042 1
5040 7
5043 5
5041 7
5046 2
5046 11
5048 9
5047 14
5047 11
5051 2
5051 2
5052 12
5053 10
5055 11
5052 14
5053 10
5055 8
5059 6
5059 2
5058 14
5058 5
5063 4
5064 7
5061 9
5066 6
5063 5
5067 4
5065 15
5067 3
5071 15
5068 15
5069 12
5074 8
5072 13
5072 15
5074 11
5074 8
5075 5
5080 12
5081 2
5079 16
5079 9
5083 14
5085 12
5086 12
5087 12
5087 9
5086 16
5089 9
5088 3
5091 4
5090 3
5094 7
5092 9
5096 9
5097 7
5095 13
5096 1
5099 9
5098 11
5099 10
5103 13
5100 6
5105 16
5106 6
5107 4
5105 2
5108 11
5106 12
5107 3
5112 5
5109 10
5112 8
5115 6
5116 2
5113 9
5116 9
5118 10
5117 1
5119 4
5122 14
5119 10
5123 10
5122 14
5123 16
5124 8
5127 10
5126 16
5128 9
5127 15
5132 14
5132 3
5132 11
5135 13
5132 9
5133 7
5136 6
5137 14
5140 8
5141 9
5141 14
5142 11
5141 16
5144 16
5142 9
5143 14
5147 12
5148 2
5147 7
5151 15
5149 15
5150 9
5153 4
5155 15
5155 12
5154 9
5155 14
5157 10
5157 8
5157 14
5160 15
5159 9
5162 6
5162 3
5165 2
5164 11
5165 13
5168 1
5169 15
5171 5
5171 12
5173 8
5172 6
5174 5
5172 9
5173 12
5175 15
5175 6
5180 15
5180 7
5182 2
5182 9
5183 8
5181 13
5184 8
5184 13
5185 13
5188 10
5186 11
5190 8
5188 4
5191 8
5192 8
5191 13
5192 1
5197 1
5194 15
5198 1
5196 10
5199 14
5199 3
5203 13
5204 3
5205 13
5202 8
5204 4
5204 8
5209 15
5210 3
5211 10
5212 1
5211 11
5213 14
5214 11
5215 2
5217 3
5215 13
5216 15
5219 4
5217 15
5219 1
5222 9
5222 10
5224 2
5222 12
5226 9
5228 7
5229 16
5227 3
5231 12
5229 4
5233 16
5230 2
5234 13
5236 11
5235 12
5235 13
5238 13
5238 7
5238 13
5240 11
5239 1
5242 3
5245 2
5242 6
5247 14
5247 4
5248 16
5248 5
5250 7
5248 9
5249 12
5252 7
5255 1
5256 1
5253 11
5258 4
5258 7
5260 15
5261 13
5261 12
5261 12
5264 2
5265 16
5266 13
5264 16
5267 13
5267 9
5269 13
5270 5
5272 1
5270 15
5273 6
5275 3
5275 5
5277 10
5274 1
5275 16
5280 4
5281 3
5279 16
5279 6
5283 7
5285 9
5282 4
5287 2
5284 6
5288 7
5288 15
5290 9
5288 4
5289 1
5293 5
5291 7
5293 7
5295 10
5298 15
5295 2
5297 10
5297 5
5300 2
5300 12
5303 13
5302 1
5303 15
5305 15
5305 3
5308 16
5307 8
5308 10
5310 3
5313 10
5314 6
5314 9
5316 1
5314 3
5318 12
5319 4
5317 14
5317 11
5318 12
5321 5
5323 14
5321 4
5326 10
5323 7
5324 15
5329 11
5329 6
5330 3
5331 8
5329 9
5334 4
5333 6
5336 2
5334 8
5336 7
5335 2
5336 4
5340 8
5342 6
5343 8
5342 1
5345 3
5345 3
5345 2
5344 3
5348 8
5346 4
5349 4
5352 4
5351 5
5354 8
5351 8
5352 2
5355 7
5358 8
5356 4
5356 3
5357 6
5362 2
5360 3
5361 4
5361 8
5362 8
5367 6
5368 1
5365 6
5366 7
5367 7
5370 4
5373 2
5373 2
5373 7
5373 8
5373 8
5376 8
5375 4
5379 7
5381 1
5380 4
5382 1
5382 6
5381 6
5386 1
5385 1
5384 1
5388 1
5390 8
5389 1
5389 5
5389 1
5393 5
5392 8
5394 2
5394 7
5396 6
5396 6
5398 3
5397 2
5399 7
5401 8
5402 1
5403 2
5406 3
5407 7
5405 8
5409 8
5407 7
5407 2
5409 4
5410 8
5410 4
5415 1
5412 8
5415 1
5415 6
5419 3
5417 5
5419 8
5422 6
5419 6
5424 4
5422 6
5423 8
5427 7
5424 8
5426 6
5430 6
5427 5
5432 8
5432 6
5433 7
5431 6
5433 6
5435 6
5437 7
5437 6
5439 1
5437 4
5440 3
5441 3
5441 5
5445 7
5442 1
5447 3
5448 6
5448 4
5446 3
5448 3
5452 5
5452 1
5451 4
5455 4
5456 3
5456 3
5457 7
5456 3
5457 3
5459 8
5460 2
5460 6
5462 6
5463 7
5466 1
5466 7
5465 7
5468 6
5468 3
5470 1
5471 3
5469 2
5473 6
5474 8
5472 6
5474 7
5477 6
5476 6
5477 5
5479 5
5480 3
5481 2
5482 6
5481 7
5484 3
5485 2
5486 6
5488 3
5486 8
5487 7
5488 2
5489 4
5492 5
5494 1
5492 7
5493 5
5496 2
5496 8
5500 5
5500 8
5502 1
5499 8
5503 3
5501 8
5504 3
5503 7
5507 2
5507 4
5507 1
5511 6
5508 1
5512 8
5510 8
5513 5
5512 1
5513 3
5517 3
5519 2
5517 5
5520 2
5518 7
5521 6
5524 8
5524 7
5523 6
5526 6
5525 4
5525 8
5530 1
5527 6
5530 6
5529 8
5532 4
5531 1
5533 3
5534 4
5538 8
5535 2
5539 3
5538 6
5539 3
5542 2
5541 6
5543 6
5544 1
5545 5
5547 8
5546 8
5550 7
5551 7
5552 8
5553 1
5552 5
5555 1
5552 6
5554 4
5558 4
5556 1
5558 6
5559 7
5561 2
5559 5
5560 4
5563 6
5565 8
5565 6
5568 2
5566 2
5570 6
5567 8
5571 8
5569 7
5570 6
5574 2
5574 2
5574 5
5574 1
5577 3
5578 5
5577 5
5582 5
5581 2
5583 5
5584 4
5586 4
5587 7
5584 1
5585 7
5587 5
5590 5
5592 7
5592 1
5590 1
5594 1
5592 6
5597 3
5597 4
5595 5
5597 5
5598 6
5600 5
5601 2
5600 6
5603 3
5604 6
5604 1
5608 7
5609 7
5609 2
5610 3
5612 2
5612 2
5610 8
5613 7
5614 6
5615 2
5614 5
5617 6
5617 8
5621 2
5622 4
5623 2
5622 5
5624 1
5623 4
5627 7
5624 1
5626 7
5630 3
5628 4
5629 4
5633 1
5633 5
5632 5
5635 7
5634 8
5635 6
5636 1
5640 5
5639 3
5639 4
5641 2
5640 2
5641 6
5642 5
5644 1
5647 2
5649 5
5650 6
5651 5
5649 8
5649 1
5652 1
5652 3
5655 4
5654 6
5655 2
5657 3
5659 4
5658 4
5662 3
5660 4
5662 4
5662 5
5662 3
5665 2
5667 4
5666 2
5670 3
5667 4
5671 4
5672 2
5672 2
5675 1
5674 1
5677 2
5678 3
5677 4
5678 4
5678 1
5680 4
5683 2
5684 2
5684 2
5682 4
5687 4
5687 4
5687 1
5686 2
5690 3
5690 1
5693 4
5690 3
5691 1
5693 1
5697 2
5695 1
5697 4
5698 4
5700 1
5699 4
5703 4
5700 3
5701 3
5705 1
5705 2
5708 3
5708 4
5706 2
5709 1
5708 1
5712 3
5714 2
5711 1
5712 1
5713 4
5716 1
5715 2
5716 1
5720 4
5721 3
5721 1
5723 1
5725 4
5723 1
5725 2
5725 3
5726 3
5728 1
5731 2
5732 3
5732 2
5731 3
5731 4
5732 4
5733 2
5738 4
5736 4
5736 3
5738 3
5738 4
5743 4
5744 4
5743 4
5743 4
5744 1
5748 4
5746 4
5748 3
5750 1
5751 1
5749 4
5753 3
5752 4
5755 4
5757 3
5756 3
5757 3
5756 3
5757 3
5762 1
5763 3
5761 1
5764 3
5766 1
5766 2
5764 4
5769 1
5770 3
5768 1
5770 4
5769 2
5771 3
5772 2
5774 3
5775 2
5778 1
5776 2
5780 2
5778 2
5781 1
5783 4
5784 4
5781 1
5786 4
5784 4
5785 3
5787 3
5790 4
5789 2
5789 4
5791 3
5790 4
5795 2
5795 1
5794 4
5794 3
5796 2
5796 1
5799 1
5798 4
5801 3
5800 4
5802 4
5805 4
5807 2
5808 4
5805 4
5808 3
5810 2
5808 1
5809 2
5811 3
5814 4
5815 3
5814 2
5815 3
5818 2
5818 4
5819 3
5819 3
5820 2
5824 4
5825 1
5823 1
5825 3
5828 4
5829 1
5827 1
5829 2
5831 3
5833 2
5834 1
5832 4
5832 1
5837 4
5835 1
5836 4
5840 2
5838 1
5841 1
5840 3
5842 2
5845 3
5845 1
5845 2
5846 1
5845 2
5846 1
5847 4
5852 1
5853 4
5853 4
5852 1
5852 1
5857 2
5854 2
5858 1
5860 1
5859 3
5859 4
5861 1
5861 1
5863 2
5864 4
5865 2
5864 2
5868 1
5869 2
5869 4
5869 2
5873 1
5874 2
5874 2
5876 1
5876 3
5878 2
5878 3
5877 4
5879 4
5881 3
5882 2
5880 1
5881 1
5886 4
5884 4
5885 2
5886 4
5887 2
5891 1
5892 4
5890 1
5892 2
5895 3
5893 4
5895 4
5896 1
5897 1
5896 2
5900 1
5898 1
5900 4
5901 4
5905 2
5906 2
5904 4
5906 4
5907 4
5908 1
5911 3
5911 2
5913 3
5910 4
5911 3
5912 3
5914 1
5917 4
5915 2
5916 4
5919 3
5921 3
5920 1
5924 1
5922 4
5925 1
5924 2
5928 1
5929 2
5928 4
5930 3
5928 3
5930 3
5931 1
5935 3
5936 1
5935 4
5938 2
5937 1
5938 3
5938 4
5942 1
5939 2
5944 4
5943 3
5943 2
5944 3
5944 3
5945 1
5947 2
5950 2
5951 3
5953 2
5952 2
5954 4
5956 4
5955 3
5956 1
5955 3
5960 1
5959 1
5962 4
5960 1
5960 3
5963 1
5966 3
5965 2
5968 2
5969 1
5970 3
5970 1
5968 3
5969 4
5972 3
5972 2
5975 3
5973 1
5976 3
5979 1
5976 4
5981 2
5982 2
5981 2
5983 1
5985 2
5982 1
5985 1
5985 1
5985 1
5989 2
5987 1
5988 1
5991 1
5990 2
5995 2
5995 2
5996 1
5995 1
5999 1
5997 2
5999 1
5998 1
6000 2
6003 1
6001 2
6003 1
6004 1
6007 2
6005 2
6006 2
6009 1
6012 2
6013 2
6012 2
6014 1
6013 1
6017 2
6016 2
6015 2
6019 2
6021 2
6022 2
6020 2
6022 2
6023 1
6025 1
6027 1
6028 2
6027 2
6029 2
6031 2
6029 1
6030 2
6033 1
6031 2
6034 2
6033 1
6035 2
6036 1
6036 1
6038 1
6038 2
6043 2
6043 1
6044 1
6042 2
6045 1
6044 1
6049 2
6048 2
6047 1
6052 2
6053 2
6053 2
6051 2
6053 1
6053 1
6056 1
6055 1
6059 1
6061 2
6058 2
6062 2
6060 1
6064 1
6062 1
6066 2
6064 2
6069 1
6067 1
6071 1
6072 1
6072 2
6071 2
6074 1
6072 1
6076 2
6075 2
6077 2
6080 1
6081 1
6081 1
6083 2
6081 2
6084 2
6085 2
6085 1
6084 2
6086 2
6088 1
6087 2
6091 2
6093 2
6091 2
6094 1
6096 1
6094 1
6094 2
6095 2
6098 2
6101 2
6100 2
6102 1
6103 2
6104 2
6105 2
6107 2
6107 2
6106 2
6109 2
6109 2
6109 1
6111 1
6112 2
6111 2
6115 2
6116 1
6118 1
6117 2
6116 2
6118 2
6119 2
6123 2
6123 2
6123 2
6122 1
6125 2
6126 1
6129 2
6126 1
6128 2
6132 1
6131 1
6133 1
6132 2
6133 1
6134 2
6136 2
6135 2
6140 2
6140 2
6140 2
6141 1
6142 1
6141 2
6146 1
6143 1
6146 1
6147 2
6147 1
6150 2
6151 1
6149 2
6150 1
6153 1
6153 2
6156 2
6154 2
6155 1
6157 1
6159 2
6158 1
6163 2
6164 1
6161 1
6165 2
6164 1
6166 2
6165 1
6169 2
6168 2
6168 2
6173 2
6171 2
6175 1
6176 1
6173 1
6176 1
6177 2
6180 2
6178 1
6182 2
6179 2
6184 1
6181 1
6183 1
6186 1
6185 1
6189 1
6190 1
6190 1
6190 2
6191 2
6190 2
6193 2
6194 1
6197 1
6195 1
6197 1
6197 1
6201 2
6198 1
6201 1
6202 1
6201 1
6202 2
6203 2
6205 2
6207 2
6207 2
6210 1
6210 1
6211 2
6214 1
6215 2
6213 2
6215 2
6216 2
6218 2
6216 1
6218 2
6222 2
6221 1
6221 2
6225 1
6226 1
6223 1
6228 1
6228 2
6230 1
6228 2
6229 2
6230 1
6230 2
6234 2
6235 2
6237 1
6236 2
6235 1
6240 2
6238 2
6238 1
6243 1
6244 1
6242 1
6243 1
6247 1
6244 2
6246 1
6248 2
