196873127
196818164
4134590
2214546
1618572
5579951
196158141
195881418
3876728
6415665
7427057
5484367
195210685
194843711
4963945
9288173
7865880
194616934
14628179
14310965
194197500
10909647
9778579
193380442
13662101
11510347
192505534
11869791
191944429
12858055
11307423
13819057
12851455
191092247
12606145
190686166
15259540
190071473
20789553
190035197
20140831
189858707
16782915
19146211
15928415
189524232
188688535
18306575
17272113
188428543
15306997
187697165
187467882
187379815
21167720
22181353
22250918
186791143
12931025
186353977
185760234
184946586
22418794
24701666
184147837
23300700
23848714
183493453
21384275
23236092
183454926
24858683
32430924
182527371
26525920
32313288
31943856
31024088
182208648
30941160
181775434
31658556
30937428
181215906
180721396
29762100
33868944
28831420
24916356
180078292
179304702
32438026
32884740
31948736
28992588
178680788
27790508
29636912
25265860
178664268
36086919
178197088
37838393
46246329
36689439
34440811
177710631
33461982
44644697
43902737
39336167
177634583
40832089
31722372
43823143
42773419
177181152
42294065
177076050
39509779
39315307
36284292
40957651
176481894
39593469
40320181
176100774
175660522
37407109
57302850
175341422
57070300
174528418
48017294
48546986
173760275
56237968
54803342
45883539
53540094
173750991
45118283
46302430
52416012
173669046
49019102
51299396
49412758
173291426
48784928
47694596
50112128
172981396
172215109
46642178
55056304
60725034
60681240
172038206
51059316
58717774
59623112
55373194
171430754
54534148
57922254
55853822
171159090
170544615
59780632
63039649
70560205
63059297
169794688
62855077
61116413
69831621
169188351
60160784
169019807
65433593
68564319
69697905
168466168
67339025
67664773
65896665
63420057
168347935
65227997
65766201
167443846
167405192
61886217
166743376
64517163
66515257
71377022
165811927
62638481
70655710
73169578
165670605
73620750
72104708
73076214
71979106
164850159
74031592
164699868
71127478
72253674
75082918
164171272
74579294
74848128
75378367
163963819
73794344
71901594
163885431
163704206
75167101
163308742
162940219
78589317
76698146
162650968
76152584
79238473
77196672
79187525
162225501
75427516
161874441
79045297
161602456
78735893
78765551
78517323
161093541
161051207
77562750
77491965
76751217
76287208
160746505
160342757
75884542
160049955
159662566
159188642
80778731
158859958
158783739
80554657
79843797
158479101
82726646
81837110
79191033
158218018
86526256
81277572
86368766
157904254
80841900
86064858
86058664
80401577
157903720
85886382
83306898
83278770
157878761
85048316
80184017
157629135
84805162
84725376
83865852
157401427
157149437
157005860
85065768
85597416
90925508
84351528
156818959
84050718
89968996
82125230
89202446
156578584
88678542
81115870
86898146
88648576
156119277
88138598
155837804
87893872
87210968
87727228
155394442
86014876
154893770
154704734
91667490
154355712
86849872
89716560
91403426
88708344
153833695
88502632
91129432
86563712
86600640
153326741
89410312
91543098
153305696
89562800
93660384
93071926
153204326
91840322
92885096
91913752
152820101
92418548
152658704
152514535
94186488
94051292
93596500
152229806
98983943
92335808
98048833
152213670
94959811
97859201
94510379
152013552
94450895
151929145
97642463
151801219
97377097
151775879
94043886
97114731
94077742
151494500
96873527
96788981
150991347
95924799
95682883
150704437
150300686
101111816
94689723
149968478
100407870
99807764
96335477
149763526
97559893
98066205
99431030
96540005
149268038
99031272
96301613
97956413
97715293
148822945
96791653
101229159
100684546
148549793
101168439
148290735
148268735
100181354
102039258
101555708
148171992
101910170
100648602
102400567
147943076
147810397
147801657
103025967
102290377
147642251
102635069
102596875
147413230
102154999
103863178
147410902
103628192
103595064
102464957
103084576
147378096
103963939
147328819
147088124
103742784
103405144
146912370
103290132
146705693
146461859
103848336
146283093
104257352
104675058
104008193
104438822
146151881
105463658
146094432
105096406
146049130
104921726
106066240
104427130
145856038
105753654
105527066
107224062
145617736
106168594
105616388
145508915
106883388
106539720
106248382
145437832
106100210
145195550
106479194
108445535
144974433
104851742
107136852
105933844
107995239
144897419
107745119
107315207
106883716
144783310
106378228
144550554
107210020
106560052
108858504
144531594
108606366
144367352
108402593
144141267
109311114
108908678
107642857
143979702
109215218
108803192
107308121
143910917
109158486
143650091
143635639
143374908
143170903
142986922
109575435
109691027
142735189
110106743
110463489
109804345
142511575
111352151
109991167
110888355
142373950
111199795
142184463
142115636
110975639
141856855
111053099
110667507
141614658
141468536
111461765
110999635
110794707
141423009
110802267
115623868
115384786
112952648
141306701
115341202
141045893
114997750
112066156
112050272
114497418
141015235
111764960
114208222
113280038
114343140
140976848
111709804
140946025
113638682
113372914
140792868
112159900
112708828
140671339
111898308
140585628
140557980
114579546
140497945
114248878
114234166
116400156
140453307
113264022
113165846
113016726
116102706
140257842
116097806
115811022
115632612
140142246
115344816
115091360
113436838
114954536
139939166
112615414
114630304
116616926
139809085
114232174
116299096
113463014
113548462
139599353
115686850
115786874
115755570
139555111
113325318
139498559
117076662
117012832
116110836
139485732
116676049
116721868
116471922
139390773
117111233
116446866
116319648
139270338
116808940
116716768
139206701
117409499
117251749
116692000
139179906
117133695
139070377
138969540
119419015
117468519
138965560
119324197
118023115
119134529
117828319
138867513
117442791
138854546
119107601
118143445
138819060
138747810
119079705
117492967
117771263
138724973
138670607
118832911
118118117
118381105
138552729
119549128
118651063
138449359
138352905
118657785
119498930
118512405
138316402
118028997
118774293
119229193
118497927
138288826
138173351
118150901
119142333
138125960
118321729
119012645
118143493
117599111
138003789
118551289
117673919
118249953
137927312
117838295
119577319
137874468
137857222
118825613
119167541
120126610
137733634
137705631
119992528
137676279
119856202
120399641
120353447
137547580
119653784
119737564
120112104
119714072
137421002
119886700
119408109
137352044
119700912
137350243
120781846
137296828
137248414
120723272
120649400
120662166
120483592
137118635
120406266
120938666
120028828
120898946
137096058
121617115
121247491
120833516
120834352
137007939
121546063
121288301
136912792
122013687
136881002
120685842
121992967
136787010
121965423
121768723
121217667
121827323
136699011
121552355
121414259
121069283
122651113
136598800
122555587
121670939
122026865
122505703
136484660
121275067
122259013
122596015
121921207
136361112
136297415
122108993
122592107
122073123
136190142
123280983
122108027
123128055
123072411
136104328
122831897
136004383
122998123
122449075
135953774
122848899
122454699
122728013
135876874
135767163
122962199
135656683
135649310
124231037
124023619
123243195
135597672
135581595
135517520
123786693
123346017
135400006
123589955
123515197
123346223
135381973
123393001
123217773
123426403
135322697
123391119
123371531
135278777
123701053
135265412
124334236
123610313
123559429
124259828
135233181
123964523
135195415
124069383
123866723
123951387
135135644
123968815
123779627
123932603
135111837
124380461
124318406
124616239
135079895
124392221
135045343
124699334
124526439
124534093
124570037
135034434
124545005
124484953
124330558
134978317
124478611
124443537
134960009
125118200
134957136
124244986
124777172
124992282
134925358
124712258
124896832
124968904
124933532
134862406
124785114
125048050
134824107
124626824
134770363
124339349
134729192
125340972
125165039
125175942
125186778
134671201
125250188
134647403
125262920
134634867
125549712
125472012
125401844
134619125
125384562
134591733
134591342
125360458
125346498
134564189
134532521
125884566
134503727
125861614
125532140
125815782
134467028
125871986
125808734
125655110
125635954
134430803
125660598
125922871
134419933
125934727
126109409
134405780
126075939
125928127
134356836
126055695
125945079
125539692
134296145
125995115
125653182
126190394
134246535
126067435
126018359
134181648
134175096
134129749
126403017
126398342
126291520
134129203
126226014
126389314
126354706
134069717
126215682
126605974
126267810
134062677
134028752
126482650
126923002
126916652
134020905
126623510
126432496
126867952
126833324
133962543
133947819
126706434
126433510
126683374
133925611
126195264
133864255
126993483
126580614
126546850
126532910
133843963
126865416
126747348
133797075
126296960
133751154
126890360
127627372
127308898
127224154
133705966
127204598
127547758
127008934
127113102
133641138
127492634
127402260
133632263
127264897
127476590
127447216
133576651
127327260
127450304
127105574
133544452
133490190
127772142
133487210
127755624
133462630
127693518
133401931
127523512
127243321
133352919
127428008
127473524
127544636
133290166
133259698
127444236
127304641
133234288
127789667
127797555
127617868
133216756
127746358
127612288
133208103
127714474
127229821
127663768
133196299
127634104
133169176
127810049
133163169
133142600
128217412
127802137
128169404
127923298
133115702
127861522
128133558
128070210
127755076
133094726
128026564
127968982
133086507
127866378
128007546
128018474
133058454
128160846
133026605
128346099
127985076
132995887
128284035
128175698
128313755
132983636
128271327
128260891
128229471
128064888
132952268
132927299
132897231
128172826
128109696
128406166
132887351
132886584
128420064
128406114
128330377
128373414
132872224
132850805
128388666
128375942
128361218
127831610
132835635
128380104
132812020
128473943
128450799
128271473
128485106
132799425
132769885
128445233
128502053
128453329
128407586
132769045
128153868
132764984
128730473
132739145
128551259
128709733
132736162
132730068
128695097
132729291
128592719
128568275
132719288
128669555
128811473
128531935
132694422
128773033
128611491
128568833
132690519
128708993
128560915
132675651
128479360
128679449
132674258
128812039
128829039
128608257
128798289
132642259
128772141
128491017
132623498
132622955
128675509
128742465
132597567
128824839
128805015
132582367
128948949
132554277
129057646
129029746
128936027
132552395
128888915
129014782
128903497
128959296
132551103
129004048
128864319
128955034
128982876
132530175
128868423
132515599
129061922
132510474
129066212
132484686
129096801
128977884
132462531
128974644
132435961
132416362
129193860
129199454
132390978
129079943
129295967
129176662
132380764
129282299
129116350
129249103
132376146
132362821
129241679
129225861
129482132
132351900
132319952
129423574
129458152
129301364
132296346
129459952
129386224
129369744
132283160
129234985
129374544
129346892
132269667
129458616
129329936
129458584
129321330
132261258
132249682
129318242
129502337
129479086
132246396
132238135
129300828
132232279
129534774
129264297
132220026
132216358
129593498
129509912
129600094
129561644
132205853
129554240
129589781
132199964
132194552
129556996
129461842
132183277
129596420
129659257
129655741
129637959
132172992
132160057
129612439
132156502
132140546
129590654
129635995
129648519
129763387
132133038
129742741
129594524
129691719
129730391
132128669
129676803
129660487
132122483
129709703
129703443
132111332
132104016
129689563
129893633
129733343
132091983
129765339
129869851
132088585
129756323
129848889
129837689
132087117
129736763
129721553
129748035
129828155
132074276
129743811
132061580
129824189
129799279
129783661
129785025
132054540
129753491
132050364
132043459
129825213
132039838
129948078
129869891
129953666
129919168
132025008
129900178
129954204
129944010
129866315
132009348
129851123
131997194
131991739
131984590
129985162
129962818
131976907
129992978
130038872
131966478
129956593
130017592
130002427
130041969
131963830
129997558
130168889
130150109
130124791
131963521
131950497
130060805
130095095
130073789
131941543
131939501
130084967
130068061
130057505
130222407
131925687
130198765
130177851
130172357
130134917
131922343
130111533
131908508
131898949
130086389
131894557
130259405
131893142
130036122
130229495
130228837
130145501
131878193
130061709
131869085
130102669
130298470
131860887
130054549
130336084
130261459
131860636
130161061
130323102
130315932
131851869
130305912
130314812
130240449
130139677
131843091
130325472
130318172
131837664
130291045
131826188
130313714
130231101
131822587
130387462
131808802
130427319
130357940
130349414
131804675
130364972
130421031
130310564
130394521
131799877
131798457
130406743
131791937
131790669
130397621
130401885
131786167
130349492
130331108
131779831
130391345
131777439
130382740
130426347
130429933
131769621
130371788
130448778
131767107
131762297
130453144
130349352
130440700
130430746
131761785
130497614
130438296
130469946
130481896
131755141
131751480
131749016
130416741
130476866
130459302
130473620
131741086
130511568
130495850
130493526
130463010
131733878
130515931
130488984
131726662
130518521
130543487
130462596
131724356
131720388
131715029
130534419
130573321
130553973
131714056
130547045
130522301
130558675
130545029
131706944
131699005
131696863
130533579
130563751
130568511
130576844
131690291
130594498
131684985
130607386
130598386
130593998
130598676
131678799
131677310
130615110
131673096
130636670
130632564
130609854
131665184
130634200
131662436
130636448
130602770
130653389
130626826
131658346
130616396
130648367
131651039
130656286
130597354
130642539
131645628
131642587
131641876
131637045
130650591
131636938
130697492
131636875
130688688
130661950
130673326
131636532
131635890
130672458
130655510
130661150
131634935
130699790
130729252
131630843
131629046
130719504
130718108
130713972
131624631
130744105
130726862
130702252
131617834
130678682
130675610
130741483
131609870
131607400
130749597
130881658
131600130
130782304
130761583
130869124
130753900
131598650
131592978
131590783
130859822
130771276
131582750
130810700
130844636
131578558
130783516
130829440
130796912
131575797
131573942
130824386
130790868
131573597
130774630
130813594
130793288
130786368
131572518
131566430
130876522
130716132
130858614
131562573
130845734
131560794
131559877
130774426
130842306
131559257
130797874
130766104
130830450
130819374
131558607
130803542
130796652
130804790
131555286
130887250
130705764
131554994
130881928
130866066
130802690
130860370
131552705
130842330
130813522
131550115
131549152
131546525
131545832
130854346
130856866
131544398
130893461
130891669
130888485
130890499
131543917
130896806
130887987
131540772
130869050
130857338
130891235
131537660
130903203
131536600
131534630
130898949
130928983
130928105
131533674
130897879
130925945
131532217
131530121
130923501
130918157
130903849
130904263
131529729
131527046
130913129
131526038
130909349
130936944
130917037
131524351
130932950
130907553
130921425
131520977
130924661
131518843
130907525
130967446
130969750
130959850
131517737
130955785
130945327
130949581
130954804
131516060
130953790
130917109
131515634
130946065
130944283
130943767
131515450
130974093
130973379
130965889
130938163
131511480
130985577
130957651
130981061
131507836
130971249
130944193
130973177
130975671
131506153
131506009
130977163
130974927
131504771
130977439
131503202
130991374
130987564
131012632
131500152
130983281
131497342
131009356
131003026
131002482
130992562
131496168
130998178
131035870
131494667
131027884
131014548
131020220
131013612
131492304
131014296
131019078
131490851
131047340
131014346
131490621
131041690
131486723
131017238
131048367
131036912
131486630
131028770
131047387
131028534
131482581
131060731
131016566
131045514
131052711
131482072
131025366
131478691
131037226
131084161
131476760
131042834
131077469
131473412
131067161
131077001
131055143
131074253
131473363
131473330
131072243
131067981
131470463
131076363
131068385
131065193
131469576
131061509
131469387
131079739
131098548
131092544
131057007
131465341
131087530
131087524
131461402
131105831
131460585
131091626
131073383
131097318
131456594
131105353
131453529
131101301
131109799
131453163
131107539
131104949
131451198
131106785
131449481
131447939
131092726
131446758
131444986
131110781
131107499
131108855
131444422
131107075
131442482
131147622
131147358
131111814
131113702
131442020
131440347
131145956
131142932
131141506
131440342
131113658
131116530
131138880
131438917
131437671
131135002
131116426
131118710
131436277
131116108
131134224
131125202
131435675
131133556
131117846
131120272
131130038
131435184
131118082
131435069
131129810
131127934
131434648
131127738
131125402
131136512
131134528
131432664
131127686
131128432
131120524
131124598
131431481
131127736
131139342
131129446
131430373
131428584
131127112
131139886
131173880
131426559
131170330
131424808
131167072
131149186
131143366
131163582
131424660
131162768
131160566
131157726
131151014
131423843
131154190
131423617
131155040
131423324
131164014
131155410
131199024
131158614
131422000
131154594
131421918
131195024
131192036
131421758
131188556
131185042
131419915
131164828
131418067
131417427
131184736
131416775
131176884
131166428
131183352
131183590
131416693
131176578
131182540
131168568
131190660
131415409
131172748
131186644
131414138
131184448
131183480
131178856
131412281
131411493
131410816
131182876
131182040
131186968
131174384
131409764
131197202
131200267
131408264
131407130
131199115
131191218
131406304
131405882
131404142
131202664
131212976
131403895
131202202
131403818
131212598
131210448
131206768
131209572
131402319
131207262
131203108
131201410
131199601
131400826
131203076
131200912
131400546
131202040
131400004
131398725
131218327
131206434
131217475
131398067
131217245
131397978
131212991
131214209
131397906
131217305
131210214
131213201
131202163
131396407
131204418
131206486
131395077
131393806
131205290
131391934
131213829
131212997
131210618
131209466
131391250
131215837
131390983
131215501
131219388
131216325
131218934
131390032
131219772
131218225
131215597
131389714
131218193
131388931
131223712
131223196
131388109
131224572
131387114
131387061
131221950
131386535
131222878
131220594
131386177
131221194
131385834
131220904
131220846
131223862
131223523
131385829
131385497
131223463
131384869
131226549
131384327
131225215
131383766
131231674
131221474
131228052
131383271
131229288
131229658
131230480
131382774
131232665
131382383
131227884
131232963
131230360
131381965
131230192
131225895
131381908
131381331
131381123
131233410
131234312
131224482
131230480
131381083
131232771
131233438
131239681
131239175
131380776
131236915
131237257
131236531
131235251
131380098
131379296
131237103
131237597
131236507
131378796
131235873
131378682
131240148
131377728
131235603
131240598
131376975
131376637
131243628
131240592
131236945
131375624
131241702
131374980
131241948
131241472
131374824
131247841
131245990
131374273
131244004
131247243
131373743
131243636
131373176
131248554
131247041
131246531
131372686
131241468
131372258
131246211
131251350
131245196
131249340
131371236
131245044
131255057
131370432
131253175
131252385
131252853
131253157
131370059
131247886
131369622
131251433
131255211
131254209
131368605
131251911
131256608
131246779
131368414
131367679
131256050
131253381
131367339
131257420
131258442
131366894
131267567
131261225
131256066
131365990
131265787
131365067
131365032
131267984
131364237
131264927
131265309
131265173
131363469
131263469
131261231
131362602
131362477
131362387
131261895
131268309
131267574
131362262
131269760
131362253
131261853
131266077
131269158
131362248
131269582
131268678
131361540
131270606
131361309
131271091
131270418
131361257
131271227
131268381
131269914
131269938
131360771
131271810
131360565
131269394
131272100
131360512
131360436
131360020
131279523
131279151
131271273
131279027
131359686
131277111
131277563
131277531
131270496
131359470
131275119
131274087
131276971
131274023
131359080
131275083
131272959
131274591
131358727
131273523
131358651
131271243
131358215
131279907
131277963
131282821
131279639
131357733
131273907
131357522
131282569
131278399
131357318
131278403
131282153
131275827
131281539
131356935
131281409
131278451
131274499
131356531
131281085
131281273
131280573
131281153
131356499
131356313
131355841
131355621
131281049
131355498
131280337
131279891
131281489
131355198
131279363
131285555
131280093
131354976
131285171
131285120
131284394
131354639
131354468
131283272
131283593
131286017
131354378
131281515
131282828
131281701
131285279
131354214
131283677
131353832
131286307
131289285
131288477
131288167
131353829
131286217
131353649
131287333
131286393
131353449
131290863
131286196
131353106
131290693
131281497
131289713
131287165
131352602
131290529
131289679
131288925
131288565
131352479
131290867
131286709
131291445
131352210
131351740
131351613
131289293
131351608
131291841
131291923
131292527
131351231
131350915
131291574
131350785
131350386
131292129
131350215
131294733
131293059
131292607
131349739
131294565
131293549
131349430
131293253
131349175
131293233
131292787
131349111
131293693
131348966
131297832
131296574
131296306
131297028
131348611
131348211
131295334
131295328
131347940
131297318
131297770
131297606
131347829
131298112
131295978
131347475
131295862
131297788
131297836
131298485
131346993
131346981
131346494
131346148
131298773
131299066
131346078
131345937
131299476
131300048
131298782
131299040
131345860
131345627
131299924
131300044
131299254
131298830
131345492
131299550
131345313
131301505
131300872
131300941
131301055
131345150
131300968
131300324
131300716
131300804
131344962
131344902
131344786
131344692
131344527
131301772
131301532
131300572
131302731
131344387
131302790
131344291
131302647
131302886
131301865
131302635
131344272
131344206
131302111
131302729
131302301
131343995
131303326
131302161
131301542
131343971
131303032
131303056
131303742
131343894
131303380
131303359
131343816
131303050
131304317
131343714
131343649
131303420
131343580
131303879
131343359
131343131
131304988
131304430
131304330
131304908
131342928
131305378
131304019
131304744
131305060
131342885
131303696
131306912
131306522
131306522
131342857
131306482
131306266
131342815
131306110
131304672
131342801
131305990
131342611
131308046
131342605
131308141
131307926
131307528
131306112
131342420
131307884
131307162
131342165
131306864
131342043
131306448
131341879
131341677
131308338
131307380
131307212
131341540
131308274
131341304
131309080
131309126
131308477
131307856
131341187
131341089
131308669
131310547
131310163
131341001
131309887
131309399
131309683
131309407
131340943
131309843
131309359
131340798
131310127
131340730
131310251
131340712
131340512
131312131
131312009
131311505
131340444
131310523
131313235
131311287
131340318
131313207
131340305
131310917
131340085
131314121
131312895
131312507
131339937
131313799
131311363
131312059
131311715
131339728
131313695
131339486
131313503
131310803
131313027
131314136
131339358
131313251
131312643
131312487
131313155
131339204
131339037
131316058
131311555
131315626
131315228
131338962
131314744
131314722
131338903
131314598
131338736
131314586
131314210
131311315
131338728
131314222
131313919
131314506
131313999
131338682
131314250
131313375
131316429
131313791
131338599
131316189
131315664
131314560
131314872
131338587
131315920
131338518
131315872
131314976
131338462
131315436
131314944
131314956
131316444
131338438
131315892
131338372
131338355
131316513
131338336
131316119
131316626
131316733
131315672
131338276
131317288
131317138
131317086
131316880
131338152
131316998
131338120
131316948
131316768
131317404
131317188
131338004
131317156
131316956
131317673
131337899
131317655
131317519
131317483
131317346
131337844
131337727
131318063
131337617
131337536
131318019
131317782
131317689
131337408
131318244
131337332
131317758
131337312
131318391
131318124
131318395
131337293
131337202
131318517
131319417
131337130
131318965
131319187
131318841
131318397
131337070
131318953
131318533
131337012
131318921
131318725
131318693
131336972
131318725
131336904
131320049
131336782
131320025
131319511
131336709
131319715
131319623
131319909
131319061
131336601
131336552
131319785
131319603
131336483
131319503
131319681
131336459
131336399
131336271
131336237
131319647
131336125
131320082
131336041
131320035
131319607
131319683
131319851
131335968
131321060
131320812
131335869
131320178
131320562
131335771
131320730
131320206
131320434
131320470
131335715
131335697
131321094
131320732
131335645
131320504
131335593
131320380
131335581
131322012
131321890
131335538
131321666
131321140
131321530
131321308
131335536
131321192
131320768
131321040
131335515
131322392
131321656
131335479
131322138
131335437
131335432
131335384
131321884
131322026
131321264
131321488
131335281
131321876
131335239
131321812
131322457
131335112
131322070
131321648
131335038
131321696
131334927
131334869
131322266
131322463
131334840
131322014
131322254
131334790
131322895
131322521
131322869
131322633
131334771
131322809
131334752
131322853
131322577
131334726
131322515
131322819
131334715
131322625
131322737
131323105
131334687
131322993
131322875
131322999
131334660
131322897
131322595
131334629
131323741
131322338
131323643
131323145
131334583
131323517
131323403
131323231
131334573
131323287
131323163
131334515
131334478
131323207
131322563
131334474
131323525
131322969
131323273
131334439
131323141
131334424
131323145
131324609
131323807
131334402
131323759
131324581
131324471
131334398
131324345
131324233
131323931
131334359
131323843
131324187
131324039
131334327
131324079
131334326
131323867
131323777
131334325
131324029
131334289
131334254
131323841
131334220
131323877
131324351
131324539
131334178
131324375
131324141
131324261
131334177
131323837
131325199
131334163
131324219
131325117
131324995
131334116
131334064
131324661
131324989
131334001
131324615
131324585
131333961
131324977
131324733
131333946
131324893
131324677
131333882
131333874
131324705
131324787
131325744
131325726
131333863
131325097
131325652
131325632
131325412
131333845
131325240
131325612
131333819
131333799
131324617
131325049
131325360
131325280
131333747
131324897
131324941
131325284
131325145
131333734
131325546
131325564
131325522
131333677
131326392
131326386
131326312
131333675
131325988
131325988
131325788
131326222
131333669
131326192
131325546
131325268
131325756
131333659
131326086
131333644
131326052
131325780
131326124
131325860
131333593
131326044
131333586
131325854
131333522
131326044
131325872
131333475
131333424
131325932
131326296
131326666
131333378
131326554
131333373
131326454
131326206
131333328
131326404
131333265
131326182
131333201
131326328
131326510
131333140
131326530
131333078
131326690
131326838
131326732
131333025
131326851
131326699
131326760
131326594
131332981
131326784
131326696
131326462
131332949
131326552
131327156
131332946
131326854
131327138
131332928
131326764
131326970
131327106
131332909
131326812
131327070
131326890
131326906
131332904
131327008
131332902
131326940
131326660
131326884
131327000
131332900
131326926
131332869
131327253
131327150
131332845
131327173
131327229
131327022
131327219
131332819
131327205
131327201
131326954
131327086
131332815
131332797
131332789
131327307
131327193
131327661
131332763
131327283
131327233
131327599
131327259
131332739
131327357
131327593
131332738
131327549
131327525
131327421
131327503
131332726
131332720
131327325
131327439
131332695
131327349
131332678
131327365
131327995
131327589
131332659
131327953
131327901
131332628
131327413
131332610
131327847
131332593
131327793
131327437
131327573
131327787
131332584
131332564
131327477
131327815
131327761
131327719
131332539
131327675
131327703
131327695
131327541
131332509
131327685
131327341
131332485
131327637
131328008
131328059
131332456
131327993
131328031
131328025
131332433
131328006
131327893
131332410
131327837
131332399
131327803
131332379
131332363
131327641
131327675
131332352
131328438
131328025
131328386
131332344
131328110
131328342
131328306
131327691
131332323
131328292
131328284
131332306
131328256
131328172
131328156
131332276
131332262
131328330
131328302
131328114
131332237
131328314
131332223
131328166
131328006
131328445
131328166
131332206
131332179
131328318
131328246
131332176
131332174
131328356
131332144
131328448
131328460
131329180
131329120
131332132
131328504
131329064
131328756
131328652
131332122
131328472
131329062
131328622
131332116
131332099
131329044
131328584
131328858
131328508
131332067
131329024
131328712
131328972
131332037
131328606
131328922
131328894
131328878
131332023
131328862
131328990
131328878
131332021
131332007
131328970
131328742
131328734
131331999
131328954
131331988
131331976
131328862
131328630
131328630
131328894
131331960
131328686
131328766
131328758
131331952
131329200
131329160
131328742
131331938
131329124
131328758
131329068
131331928
131328978
131331918
131331915
131329040
131328946
131329028
131331904
131328870
131329092
131331898
131328954
131329068
131331882
131329207
131331873
131329144
131331864
131328790
131329226
131331849
131329210
131329190
131329168
131331838
131329214
131331824
131329254
131329460
131331812
131331797
131329440
131329245
131331796
131329248
131329422
131331789
131329227
131329290
131329400
131329264
131331782
131329376
131329248
131329370
131329278
131331778
131329310
131329354
131329270
131331767
131329438
131329410
131329342
131331763
131329406
131329354
131329386
131329310
131331758
131329410
131329394
131329370
131331744
131331735
131331728
131329471
131329322
131329414
131331714
131329534
131329504
131329469
131329482
131331705
131329480
131329648
131331703
131329632
131329422
131329626
131329522
131331699
131329498
131329600
131331694
131329544
131331688
131329586
131329592
131329584
131331681
131329568
131329582
131329550
131331675
131329522
131329548
131331665
131329672
131331653
131331651
131329560
131331638
131329648
131329738
131331630
131329596
131331617
131329608
131329712
131331603
131329690
131331601
131331585
131329706
131329678
131329522
131329608
131331569
131329694
131329660
131331554
131331552
131329700
131331548
131329640
131329624
131331546
131329678
131329843
131329835
131331539
131329773
131329805
131329815
131331531
131329765
131329797
131331515
131329761
131329870
131329805
131329787
131331507
131331492
131329844
131331482
131329736
131331480
131329841
131331466
131329874
131331454
131331445
131331444
131329833
131329907
131329891
131329895
131331437
131329895
131329866
131329866
131329887
131331434
131329980
131329908
131329914
131331428
131329974
131329956
131329964
131329952
131331424
131329944
131329962
131331421
131329911
131329960
131331419
131330028
131329932
131330012
131331411
131330000
131329944
131329988
131329936
131331410
131329992
131329972
131331404
131329968
131329956
131331396
131329990
131331388
131330049
131331381
131330035
131329998
131329968
131331379
131330091
131330018
131331371
131330089
131330053
131330075
131330033
131331363
131330022
131331361
131330061
131331354
131330057
131331351
131331348
131330041
131331342
131330071
131330087
131330095
131330075
131331336
131330093
131330075
131330175
131331328
131330167
131330095
131330111
131330111
131331326
131330151
131331320
131330147
131330113
131330131
131331314
131330135
131331310
131330204
131330145
131330129
131331309
131330192
131331301
131330121
131330165
131330173
131330178
131331295
131331294
131330176
131330200
131330184
131330286
131331289
131330212
131330212
131331283
131330274
131331279
131331272
131330222
131330262
131330218
131330218
131331266
131330234
131330258
131330242
131331261
131330252
131331256
131330234
131330230
131331253
131330236
131330254
131331247
131330234
131330340
131330330
131331241
131330320
131330300
131330296
131331239
131330258
131330316
131330282
131331233
131330310
131330300
131330322
131330314
131331225
131330306
131330345
131330322
131331222
131331215
131331209
131330424
131331203
131330416
131330376
131330368
131331196
131330436
131330408
131331188
131330380
131330420
131331182
131330402
131330380
131330386
131330392
131331181
131330380
131331179
131330408
131331171
131330384
131330408
131330438
131331167
131331163
131330458
131330456
131330446
131331162
131331158
131330465
131331152
131330459
131330466
131331149
131331148
131331143
131330485
131330481
131330485
131330469
131331141
131331138
131330487
131330479
131331135
131330498
131330477
131330496
131330496
131331134
131330490
131330469
131331131
131330500
131331129
131331125
131330505
131331123
131330509
131330505
131330552
131330524
131331121
131330521
131330550
131331117
131330515
131331115
131330542
131330515
131330526
131330521
131331112
131330534
131330512
131331108
131331105
131330528
131330528
131331104
131330521
131330536
131331100
131330532
131330553
131331098
131330550
131331096
131330564
131330558
131330576
131330568
131331093
131330566
131330570
131331091
131331087
131330645
131330641
131330566
131330641
131331086
131331082
131330625
131330581
131330629
131331080
131330613
131330617
131331078
131330585
131330605
131330601
131331077
131330585
131330593
131331074
131331070
131330577
131331066
131330611
131331064
131331063
131330599
131330583
131330595
131331061
131330595
131330591
131331058
131331057
131330650
131330639
131330631
131330652
131331053
131330639
131330635
131331051
131330631
131330690
131330623
131331050
131330660
131330668
131330682
131330680
131331046
131330660
131330660
131331044
131330672
131331043
131330670
131331039
131330664
131330668
131330688
131330705
131331038
131330670
131330691
131330699
131331036
131330691
131331032
131330693
131330682
131331029
131331026
131330731
131330723
131331022
131330711
131330719
131330701
131331018
131330735
131330711
131330723
131331016
131330707
131330701
131331013
131331010
131331009
131330781
131330731
131330719
131331007
131330773
131331006
131330739
131331003
131330771
131330749
131331002
131330741
131330769
131330761
131331000
131330735
131330753
131330745
131330751
131330998
131330759
131330759
131330994
131330771
131330763
131330991
131330990
131330763
131330753
131330988
131330771
131330788
131330786
131330784
131330987
131330771
131330784
131330986
131330779
131330789
131330985
131330983
131330791
131330782
131330789
131330782
131330982
131330795
131330797
131330981
131330806
131330800
131330808
131330792
131330980
131330800
131330803
131330797
131330811
131330978
131330977
131330821
131330819
131330806
131330976
131330975
131330800
131330815
131330974
131330813
131330811
131330811
131330972
131330971
131330969
131330834
131330968
131330826
131330815
131330830
131330822
131330966
131330832
131330828
131330828
131330965
131330964
131330824
131330962
131330819
131330960
131330856
131330854
131330840
131330850
131330958
131330837
131330850
131330842
131330956
131330842
131330842
131330955
131330861
131330854
131330954
131330859
131330857
131330874
131330846
131330952
131330870
131330868
131330951
131330866
131330949
131330948
131330862
131330868
131330947
131330864
131330859
131330945
131330875
131330870
131330891
131330887
131330944
131330879
131330889
131330943
131330879
131330883
131330942
131330895
131330940
131330938
131330898
131330893
131330891
131330936
131330887
131330879
131330935
131330887
131330933
131330931
131330879
131330929
131330896
131330909
131330905
131330927
131330926
131330901
131330912
131330910
131330899
131330925
131330887
131330913
131330903
131330924
131330919
131330923
131330917
131330921
131330919
131330915
131330922
131330907
131330919
