1623256
233550965
232573985
1017166
4626122
4111322
3480532
232333788
5370293
232132356
2027308
1374332
231558551
4448252
611720
4203856
230939255
230323226
230204060
7621461
1369056
7089077
229451884
6551153
5968801
12126315
228605400
227667006
6481441
226858417
11714103
8887359
5957853
11607495
226490083
2922316
11765541
11407277
6972625
225616964
10648935
10427011
13451216
7441545
225562600
9072895
11926553
12350778
8308823
225463367
225405415
16436306
14928894
224847434
13348256
14120014
224251398
14479074
223545959
222762538
12763046
21414619
17354575
20528285
221932920
19132209
18995621
15581082
18752193
221653955
221401328
220945510
220673280
219977989
21558136
21652776
219608724
21983564
17949917
219135106
27045598
218443131
218194790
26042828
25649750
23475210
217223314
217073537
25831930
31845238
22526018
23610570
216943598
31296214
216605552
29989464
216507261
29121952
29442134
215733936
30951396
27714442
214789354
35748169
32516737
24751626
214043055
213802990
34900779
35247479
33272039
36140510
213404576
34430849
212819038
212211813
211842864
36250896
36566854
211103647
36721994
210368468
32603861
210173545
39856797
38656937
209715385
37537207
209594555
39433557
209150101
40298805
39947243
208873223
208193263
207632858
41063585
44011291
41709239
44299355
206813113
43219819
206532835
43414769
42459755
49372972
48848042
205846908
43063329
46533218
44251113
47797878
205783973
46556984
45854474
47557522
46667742
204856625
204170745
44590702
47933560
44003671
42534695
204031391
47803492
49269858
51325863
203365860
59692708
58041202
49701313
202930426
56378239
58381200
54980179
56089027
202054898
53547805
57109504
201927460
48983190
58905620
201057320
56719714
54160528
200471190
55786291
52661341
54819133
51299663
199941869
59503174
199178124
51797953
198740520
198569456
59107050
59885391
198350451
197716380
197306493
62574568
63342116
59898939
62632062
196500124
196378564
60807296
64956351
195859486
195066170
77471129
194181444
62748578
76382371
193930735
74901821
65776279
67287539
65077631
193755548
73662031
71768789
63336106
70764221
192958940
69223469
67569577
68630829
70687841
192527289
192316870
69850367
191614456
66799317
68371843
191424641
65418679
72734125
191308363
71387485
71178521
190493963
72655385
71301049
67211255
190165245
75891009
75240229
74067005
190115967
75868201
190032085
73693261
73346029
189685531
75399029
76786255
189502327
75962075
70970081
73527421
189486247
77690431
189421232
78829042
78381897
78479600
189052149
76918233
77610373
69908001
83368126
188968109
81507048
83115972
78625262
82407232
188896738
79507080
81381464
79486514
82769066
188621803
81140942
188473503
80001780
188372159
83676779
80500526
79720114
187992474
82916832
79677168
187890614
78929106
84871541
78057251
84226339
187524168
83932927
84118055
187412344
187401300
87037486
85423786
85558840
187036563
81793910
86460440
85399858
84886120
186829486
86316210
86175016
186513591
87804616
85879050
186275593
86616946
79470628
185842795
185584081
83907445
185431732
91746452
185422249
185054608
85572738
184673619
90906946
86940730
184430509
90590312
88164964
88219518
87067012
183906477
89954432
183496651
183315138
88326030
89691524
87380252
90210846
182839930
88802786
182835133
88942770
182321305
90655546
88273190
182269613
90304310
99163474
86155442
182176125
91919040
98232770
89514014
181704731
97944502
97823708
181408896
92472882
96978062
93442418
181304897
180877404
96130890
180755353
94284250
95556200
92427858
94962386
180391498
180171725
92985632
94129386
179734828
94477360
97824740
98317060
179733245
92982280
96068540
94885016
179546439
179080268
99566432
178915860
178842299
100700361
178651683
99273782
93661284
101495215
99179152
178251198
98766382
177739644
101216325
98406634
177420957
95785706
177095714
101134087
176616348
100125315
101721252
101011201
100338981
176151003
175740098
100119384
100287525
102982410
175279495
102983314
102222098
174897681
103387389
174829726
174397391
104394628
104152792
174020985
103777687
173760621
173742746
107354849
104473552
173347550
104579659
104846177
106326527
106448463
173227339
105278015
105618873
105355529
172901812
107375732
172827203
107945306
106314599
172317543
108073398
109448799
108972243
171993856
108127051
108863685
108614221
108182873
171615818
108320277
171135614
107608310
108405941
170767123
170717634
109435897
108944701
110858486
170275365
170171626
109855216
170010117
111382204
109854366
113386470
110668818
169772940
110869110
113356736
110407026
169404660
113240768
113181722
169242124
113160044
111991116
169079294
168853362
112747032
111123488
168760475
111777284
168705325
112279232
111793636
110478726
111735618
168693346
111664610
168596162
168545004
112755330
112065800
168465037
168331500
168311366
112517518
112799912
112442674
168109056
167867447
113198800
167728853
116962622
113384798
116788756
112412638
167599524
114729032
116443888
115428200
114409640
167473712
115973064
115914174
167291950
115700674
167217933
115007340
115098926
167042974
115059040
114071062
113788170
166991922
113723754
115283002
166835893
113499138
112804236
166647980
166626993
166581762
166533684
115486934
166377127
115819790
114244726
166282323
118559085
115858840
166215091
115651338
166026433
118377327
118114785
166024537
118126589
117672051
117046485
117242777
165875488
117333351
117026769
117001013
118760590
165752921
119523884
118687130
117991025
119240144
165711760
118608210
118905588
165642938
119285826
118336455
165409669
122504411
120950879
165369221
120594455
120201119
122335283
120732115
165227670
119471962
120076067
122268375
120491325
165216224
122114525
120587775
165060135
121493511
121365715
121638229
120555001
165032703
121384203
164793339
120974641
119791963
122280293
164650510
164506537
164488954
121498365
121318233
121282845
123840442
164266294
123277972
122667196
123685004
164177385
164143601
123283908
123679700
123659170
164065445
121410517
123392832
163928638
163840543
123077388
125463692
123722786
163833135
124941926
124473300
163602126
124460596
123707474
124404428
124221116
163445419
123771806
163357793
163239142
124057710
163222914
124555066
124361198
122433045
162999757
127499788
123208354
162775654
126686128
162749716
127228432
126954396
126135464
125844360
162578442
126997624
162489016
126062372
125285996
125525480
125243972
162250772
127019554
162214288
127513800
162097516
126094890
161905499
161673427
126887750
161486996
161305604
127902266
161073982
160984450
127639280
160913296
160696405
128192949
127218436
160572605
160317567
127948293
160102066
127181540
160006532
129123671
128138637
128600897
128778653
159860449
128730517
159800289
159684038
127525968
128195997
128456405
128585715
159563382
159468187
128239791
159435557
127711248
128943139
159359533
129302079
128802447
159345459
130111310
129143007
129194425
159314607
130098582
159233829
128505951
129973638
129744240
129524840
159215879
129735616
129360734
129370198
129337422
159141193
129156153
129442024
159057394
158961471
158956492
130161360
129844746
158871010
130329511
130304181
130425588
158776761
158736414
130243679
158663006
130548694
158635634
130269891
130817753
158624049
130617195
130645923
158623997
158561356
132748120
132643336
132425902
132201988
158444651
131443424
131016832
132005324
158418190
131921848
131440196
131010960
158349638
131146044
131817616
130722823
158326369
130499648
158299556
131712434
131683422
131709746
131726094
158187309
158137187
132029144
131528006
131714306
158013464
134272073
131279464
131635374
134099281
157895569
133887135
157876323
132890123
132431722
133689435
132978659
157819565
132822641
133483619
157728924
132641994
157666752
133310967
133457725
133245647
133252841
157621748
132803579
134498282
134301054
132779693
157507618
133852471
134573065
133337759
157475127
135299410
133729839
134343808
157472282
157344481
135122810
134325416
135027022
157320778
135004002
134969546
134079095
157300340
134922690
134490364
157224389
135600912
157197989
134710994
135164930
157156114
135458264
135218242
157075364
135096994
137373574
157023543
137219252
136070848
135761782
157014865
136991556
135815868
136792222
156931626
136602702
156921079
136484332
135676146
136176800
136307336
156797715
136262890
138274212
138100632
156728296
135982984
137498310
137858398
156626318
137765806
137328670
137756198
156612453
137170558
137272862
156549250
137749068
156443356
137630502
136524526
136798366
137548116
156398998
136097374
135877934
137287486
136648342
156272163
156237274
136326510
156237124
137051838
138464439
137560650
138368533
156117412
138008186
137671030
138420159
156073708
138770095
137675674
137568322
138720029
156008046
155979608
137387510
137240766
138541313
155880785
138591593
138550677
138323023
155855880
155812504
138960434
138936036
138861276
138962463
155758339
155756725
139073850
155680804
138622057
155590591
155459724
139367241
139432899
139302511
155384869
155341174
139258629
155303098
140074741
155174679
140000953
155145372
139870845
139673289
155057344
139667951
140564900
139636065
154937779
154917447
140502660
140051763
154865897
139478701
154821204
140474370
140224266
140019743
154787708
140013687
140357404
140141382
154786332
154779194
140237440
154717362
140396784
140249156
154706073
140191662
154648566
140124966
140048199
154590972
140408648
140511984
154534767
139969469
154510158
140280088
140884133
140741467
154485463
140644581
140839643
140660567
154474315
140611913
140768495
140771083
140623825
154426041
140957145
140280604
141086369
140963221
154374039
141069505
141049543
154320641
140955777
154258090
140853805
140867857
154201355
140669523
154188798
154184783
141691191
154183569
141174929
141268673
140833237
141688799
154175606
141212229
141565323
141253409
141543161
154172754
141416591
141215421
154136319
141349703
141335209
141490277
141813902
154133577
141639933
141344669
141801310
141643645
154112903
154072106
141721438
142043697
141991443
154014036
154008066
141977933
141920459
154003548
141941379
141935947
141469091
153973086
141754644
141902477
153924440
142193785
153897556
141868823
141858839
141478559
142098385
153832135
153815658
153750885
142636148
142016293
142420506
142542672
153731293
141835415
142185291
142487302
153673670
153657541
142244340
142450800
153602592
142327248
142323620
142309870
153590602
142312532
142582332
142705478
153564598
142754968
142668602
153540888
142591716
143059770
153505855
153498814
143040214
142863856
142925340
142801132
153486455
142973178
142738408
142870312
153476583
153441588
142829796
142636842
153413223
142821470
142951766
142729516
142752793
153352720
142441614
143109904
143647372
143585468
153320155
143205956
143524958
143188896
143450774
153277258
143111580
153222185
153188583
143361116
143314892
143205652
143324876
153126682
143307108
143146216
143653876
153061378
143345468
153008624
143649624
143711457
143674501
153000713
143602328
142717204
152992906
143785339
143507820
143741980
143800097
152967384
143355992
152949773
152892126
143937561
143931793
143828311
143948211
152883056
152838149
152807311
144132742
152748294
144011882
144050246
144705228
144138118
152745113
144586666
152743560
144343066
152712638
144177266
144530882
144207442
144383434
152666483
144326126
144480960
144406170
144360516
152632745
144236274
144144282
152569322
144485738
144840261
152545635
144836439
152513300
144666322
144502074
144719399
145051484
152487831
144703074
152443544
144998004
152425012
144946192
145160748
144973802
144832963
152403394
145111926
144540410
152394894
152370308
144594074
145051632
152355042
152328642
152297804
144952792
144952832
152289560
144790539
144729755
144908244
152265853
144701514
144543866
144845712
152235713
144750179
144785819
145086064
145093916
152207800
152206722
145060348
152192847
152169947
145038120
152150784
152136586
144749483
152124714
152123840
145159948
145324230
152099766
145139292
145201224
145319642
152092219
145295702
145317438
152090372
145277486
145518701
145278504
145264370
152084214
145467741
145329519
145387209
152056482
145415579
145232988
145551597
152037683
145406481
145525357
152005176
145478385
145731134
145266804
152003950
145678726
145351737
145633612
145351641
151999073
151974631
145576118
145472905
151943413
145259164
145490769
151911675
146019914
151895180
145796734
145613574
145999628
151892871
145638886
145768178
145758378
145993568
151862906
145831736
145934680
151860942
145929444
145933788
151830777
145882578
145889558
145737842
145932656
151817007
145772942
145828690
145770866
151789721
146023675
146018384
146012288
146025516
151782766
146124944
145953648
151772725
146112118
151746816
146094666
151742055
151733384
146078258
146165923
146272547
146056920
151731413
146131997
146093430
146217799
151710172
146709585
146670397
146233995
146155075
151679989
146645659
146124806
151657839
146639545
146345395
146309675
151629988
146595581
146583939
146320175
146240027
151624100
151613787
146534761
146322743
151595519
146365489
151577771
146503911
146387315
151546235
151525433
151493640
146493343
146126515
151467123
146386013
146465743
146463677
151454304
146865663
151441119
151423506
146754209
146827397
151421750
146570361
146825471
146557353
151398349
146806539
146562249
146732861
146669401
151367781
146777657
151357297
147071629
146375829
147015271
146717641
151327633
147018659
146989839
146838799
151314023
146806063
146890471
146952525
151298740
151283942
146904303
146786415
146822847
151256925
151224553
151215536
151199676
147042987
151186878
151174869
147110394
147121353
147055379
151170360
151139314
147182376
147451642
151131678
147428508
147375966
147299646
151099032
147214014
147325598
147311456
147129759
151096684
151069497
147234838
147207446
147183870
151043094
147291476
151010912
150979794
150971492
147359460
147208978
150961124
147305192
147167943
150956741
147324884
150951311
150941702
150934541
147440974
147414590
147474104
150921327
147432486
147458320
147389782
147243172
150918759
147421982
147329368
147295324
150904568
150901766
147418814
147542586
150898608
147547904
147516040
147536806
150894357
147526804
147508876
147484560
150887534
147435902
150874863
147561165
147618749
147587155
147571541
150871991
150858940
147536308
150850478
150834225
150821888
150816915
147578785
147748478
150814495
147553515
150812089
150811147
147724448
147598719
147694830
147664740
150801776
147659578
147644338
150789225
147656178
147875360
147846640
147840090
150773025
147655122
147622270
147649666
147822192
150767371
147805256
147777950
147694262
147691326
150765986
147754866
147657454
150762191
147664414
147723866
147732102
150752280
147759442
150748806
150748580
147730510
147755458
147897116
147850088
150732555
147849656
147874736
148028505
150727538
147997245
147909727
147996571
150717846
147925697
147935443
150708229
147983561
147982597
147905883
147968577
150706283
147933899
150701617
150688917
147939733
147993211
150677514
148031208
148059323
148038859
148004155
150661304
148058387
150653854
147984583
147927607
150640031
148062308
150637292
150636431
148076909
148126495
148033335
148118803
150632125
148140750
148094523
148068797
148135618
150618897
148103695
148184403
148135612
148199759
150603201
150601023
148184543
148223974
150590841
148217868
148145475
148130239
148178898
150585145
148224253
148411989
148324901
148401513
150572932
148390037
150557660
148283909
148380013
148327421
150552166
148259409
148348765
148321509
150549900
150544423
150543994
148330131
150534620
148232313
148264475
150521452
148257331
148323197
148215628
148273297
150516604
150507646
148384193
148318445
148346781
150506105
148452938
148416594
150499043
148424288
148418858
150493388
148314013
148467504
148429250
148463252
150483378
148425812
148479789
148467863
150476129
150470638
148492848
148512968
150463905
148597518
150448009
148596906
148590738
148596022
150437896
148495658
148595730
148506494
148570082
150430017
148522290
148556070
148502717
150427565
148664467
148497728
148645361
150423387
148506677
150408012
148629185
150403720
148620121
148711172
148574620
150389304
150388737
148592792
148699520
150375396
148673430
148591292
148583212
150366678
150366086
148641881
150359323
148651433
148620541
148622457
150359282
150354098
150348540
148672376
148705228
148665512
148690268
150344698
150343677
150339245
148722690
150334368
148510757
148763214
148758164
150327551
150320945
148757270
148735482
148755456
150315590
148751094
148710628
148754766
148737822
150308529
148809707
150307842
148686612
148798129
150307359
150303815
148787579
148778251
148736108
148761372
150303305
150300671
148750932
150296360
148754332
148772865
150290967
148747172
150286052
148798393
148730484
148792281
150283018
150276810
148784817
150270621
148791757
148809015
148767769
148786309
150264114
148810706
148831714
150259476
148815850
148835452
148812820
148861624
150257833
150255314
148856366
148827220
148847854
148836646
150250047
150244734
148845422
148836790
148843378
150237615
148875709
148863327
150233684
148877808
150226330
148853762
148861667
150225101
148847670
150224536
150223961
150220450
148912065
150213743
150210246
148959275
148905423
150203016
148949555
148890129
148940195
150198123
148933007
148928903
148882944
148915443
150193103
150185247
148907298
150177532
148879530
148974266
150175339
148933941
148928953
148972106
150170687
150166409
148879176
148945381
148968814
148948517
150165340
150164565
149013075
148966788
148964012
150159539
150157231
149006539
148906428
150154204
148988821
148976933
148991145
150150297
148936501
148987933
148990691
148980621
150143962
148980777
148944965
150140562
148970472
148929461
150139037
149019150
148962176
150135327
149012989
149029425
148989529
149082735
150135005
149025576
149053643
149078443
150130977
149042379
149064305
149049381
150127177
149033627
149046535
150126316
149037041
149075571
149033227
150124186
149085098
149041347
149113288
150118647
149098922
149062895
149057099
149083760
150115260
150112431
150108169
150102779
149121076
149107012
150100176
150096262
149116692
149097484
149111248
149095252
150093735
150091569
150090355
149136065
149135606
149145377
149128654
150087848
150079951
149168735
149149769
150071772
149166913
150069009
150063560
150057039
149153915
149165357
149161003
150053276
149147180
149154237
150051591
150050547
149183433
149132030
150046927
149163951
149177121
150044347
149153607
150042103
149174595
149181269
149188495
150039045
149187195
149167091
149187209
149180393
150038915
150035561
149193265
149200895
149157059
150032565
149197911
149199559
149192475
150029367
149233713
149187035
149231119
149197995
150025615
149228543
149214811
149203855
150024511
149219363
149220785
150021975
149223301
150021831
149196683
149213749
150021431
150021142
149254957
150019784
149209533
149252573
149249443
150017912
149197131
149206949
150014171
149245423
149240765
149235875
149213525
150013252
149235247
149234975
149255912
149210021
150009959
150008836
149253419
149256953
149244879
150005743
149266783
149241895
149259169
150002069
149260691
149227517
150000426
149268077
149259779
149997084
149264431
149995078
149994478
149272827
149256481
149261703
149992910
149991128
149268849
149990873
149988167
149275106
149279664
149293727
149286377
149986671
149289877
149984162
149282629
149983463
149295300
149285153
149272681
149294564
149979915
149976645
149299652
149306288
149332014
149276170
149973607
149302643
149300582
149324426
149970111
149969702
149966696
149318902
149306584
149297100
149315402
149963159
149302961
149310670
149316962
149961374
149304590
149957746
149340100
149315726
149955769
149955712
149334460
149954690
149326066
149953169
149338272
149322290
149332752
149952829
149339088
149951454
149348315
149361401
149355563
149950523
149405438
149353159
149400620
149332920
149947159
149349647
149943945
149396754
149365746
149388994
149940809
149344511
149381700
149939961
149379748
149371926
149939752
149368894
149937177
149371792
149367982
149362050
149366876
149934290
149364274
149932543
149378362
149364202
149930131
149926139
149925883
149392070
149925706
149373762
149417787
149410863
149364542
149923734
149923699
149397032
149405653
149920869
149377754
149395528
149918516
149424945
149367834
149421035
149916316
149417961
149405400
149414299
149913536
149419589
149398568
149910771
149411987
149907255
149420249
149448437
149430049
149904861
149442389
149437561
149902637
149426002
149436417
149424335
149434625
149900950
149897390
149420561
149433601
149897149
149428951
149445911
149433143
149423729
149894663
149892258
149890512
149441235
149889643
149454162
149889578
149449200
149888629
149450724
149887974
149449640
149446675
149449912
149886544
149886341
149454438
149884513
149882877
149882716
149454869
149881842
149881269
149880839
149476547
149879889
149467163
149473159
149878290
149462343
149876722
149461667
149471093
149459259
149875538
149455107
149467729
149461831
149478677
149875368
149465681
149873819
149477787
149456043
149871990
149461659
149477013
149452710
149870634
149477679
149470919
149467907
149868608
149463947
149452774
149468531
149454497
149868484
149867293
149481815
149479283
149484188
149490330
149866813
149455179
149488396
149487960
149865882
149486732
149485772
149864665
149486324
149483612
149499054
149497552
149863465
149863197
149493908
149861686
149495114
149493434
149492732
149490674
149859639
149491286
149858913
149484476
149857155
149498714
149855296
149491814
149854990
149853556
149852983
149522431
149519897
149499217
149510769
149852121
149508817
149516801
149497022
149850809
149515115
149500937
149849558
149511355
149505957
149504107
149504483
149848463
149848148
149510023
149847207
149509747
149500915
149505627
149846379
149845616
149844338
149510241
149518701
149523372
149842729
149502559
149842465
149841790
149519373
149525366
149840101
149514171
149526771
149838222
149515731
149838163
149521833
149837155
149837079
149528303
149835676
149834249
149524528
149833206
149531232
149528396
149526959
149832569
149529832
149531617
149831215
149829283
149537284
149550070
149540232
149535406
149828155
149548342
149545478
149531794
149827383
149826080
149547344
149542162
149548140
149545784
149824276
149537268
149822562
149543104
149541508
149538782
149822557
149551855
149536536
149531672
149822518
149821527
149550905
149528063
149820155
149556727
149820102
149818273
149550000
149552873
149817955
149555057
149816125
149558748
149815539
149815313
149561039
149550435
149563031
149813684
149563956
149557048
149813632
149560322
149564343
149812277
149563410
149566311
149558332
149811663
149569297
149811487
149811296
149568039
149569596
149567311
149810685
149570256
149810404
149566459
149571305
149569413
149809807
149808884
149570317
149808514
149565435
149808164
149590087
149588879
149570250
149807513
149572283
149587991
149575223
149807222
149587023
149573043
149806321
149569962
149585135
149805734
149578287
149577047
149583943
149805650
149578637
149573433
149582129
149582481
149805564
149579965
149577053
149581233
149577221
149805324
149575153
149575633
149572217
149576275
149805124
149804486
149579139
149594726
149803965
149578807
149583353
149803786
149593498
149592880
149579219
149581643
149802791
149573039
149590990
149588685
149802307
149584617
149801790
149581787
149596417
149801088
149594779
149800398
149594060
149582765
149598029
149587777
149799405
149596585
149597775
149591524
149595337
149799122
149596879
149798614
149599452
149593412
149600592
149593540
149797906
149600194
149600032
149599922
149597435
149797522
149599443
149604769
149591652
149604363
149796917
149795911
149603913
149602889
149602911
149601625
149795461
149602921
149794892
149612088
149608990
149610588
149607493
149794544
149609780
149604271
149608267
149794375
149793764
149605489
149608858
149607976
149793296
149600905
149793038
149605150
149792737
149792272
149632940
149617024
149792053
149612972
149791065
149630980
149630018
149790927
149628168
149618532
149626182
149790734
149612480
149609568
149625338
149612176
149790059
149615838
149789441
149624274
149613418
149623638
149788827
149614598
149621788
149612630
149788360
149620662
149619028
149603875
149787899
149616974
149787771
149614184
149787687
149625880
149622352
149786682
149785674
149624592
149619248
149785177
149625312
149784382
149619544
149632722
149609940
149784301
149637882
149632038
149784238
149628774
149637820
149629514
149783650
149637798
149783127
149633976
149629454
149783123
149636134
149782305
149627630
149634568
149630902
149781909
149638453
149634234
149635764
149781483
149638473
149781218
149628902
149633492
149636680
149780261
149779834
149643042
149647800
149641740
149779711
149639634
149641668
149647124
149647518
149778751
149646726
149644162
149644356
149645272
149778385
149639964
149639616
149777710
149642853
149633848
149777265
149648071
149649799
149647736
149634952
149776918
149649233
149648311
149776765
149775821
149649511
149648209
149775638
149775250
149651043
149649347
149651341
149650739
149774464
149651043
149653061
149774203
149654337
149651813
149657384
149774087
149654183
149654133
149656368
149653151
149773631
149655712
149652824
149773388
149655690
149655006
149772923
149657518
149772790
149654135
149656376
149654692
149772371
149772292
149651756
149771841
149661443
149657136
149654936
149658909
149771485
149661083
149660899
149655696
149771013
149659259
149660359
149659697
149770567
149654087
149770418
149659481
149658687
149770250
149769965
149663899
149663761
149769794
149658835
149663147
149661155
149769302
149662489
149768812
149663617
149768628
149661833
149662177
149659951
149768157
149768124
149661363
149660591
149768000
149661985
149767866
149663849
149767530
149656960
149767395
149767311
149767153
149766779
149670636
149664063
149668728
149664325
149766577
149670300
149666334
149667369
149665260
149766439
149670014
149664864
149666523
149666148
149766165
149669368
149665176
149667657
149765877
149668876
149665374
149668296
149765818
149664768
149765478
149669084
149666925
149668290
149668804
149765436
149765285
149671766
149665686
149671474
149671108
149764804
149671170
149764610
149671036
149666094
149666814
149764466
149670540
149764159
149671791
149666694
149763721
149763255
149762970
149675569
149669916
149673575
149674939
149762674
149675531
149673831
149762338
149675559
149762145
149675141
149676308
149761657
149674067
149672797
149674613
149674755
149761608
149673601
149673429
149673781
149761372
149678525
149673285
149678289
149760900
149676210
149678423
149677349
149679573
149760693
149677645
149678581
149677601
149760455
149683112
149682702
149682366
149760422
149681654
149680090
149760341
149759891
149680346
149681124
149677425
149759631
149759272
149759084
149680762
149759045
149681304
149680482
149680134
149759022
149679800
149683308
149678871
149683830
149758835
149758802
149683684
149683656
149758638
149684011
149758147
149683584
149683929
149683788
149757826
149757381
149686781
149686479
149757191
149757135
149685606
149685132
149686719
149756727
149689011
149684217
149686437
149756685
149686835
149688119
149687519
149756342
149691903
149689909
149687903
149687475
149756166
149691063
149755959
149690547
149755611
149689983
149755198
149755178
149689405
149690989
149689193
149690557
149755053
149686125
149687539
149754611
149693425
149754402
149691815
149691679
149693257
149754279
149754100
149690049
149692991
149753992
149692837
149753944
149691367
149692637
149692817
149692747
149753923
149753722
149694481
149692179
149692363
149693053
149753653
149693969
149693715
149693711
149693451
149753607
149693205
149694695
149694725
149695095
149753463
149692761
149694381
149753231
149694805
149694461
149753053
149695108
149696160
149695912
149752814
149695079
149695414
149752792
149752627
149696765
149752554
149696515
149697178
149696563
149696531
149752359
149696611
149695422
149696411
149697559
149752123
149697124
149696972
149696816
149752029
149751885
149697658
149696435
149697900
149696579
149751656
149751525
149697666
149698090
149751439
149696163
149751211
149698304
149698784
149699546
149751158
149698412
149698038
149699070
149699980
149751053
149699564
149750954
149698802
149750709
149698902
149700092
149750513
149700360
149700288
149750293
149700332
149700050
149750218
149700065
149699990
149704599
149750080
149700655
149701287
149704575
149700314
149750061
149702003
149704225
149701583
149701053
149749926
149698154
149704183
149703723
149703441
149749837
149703091
149749688
149749641
149703061
149702877
149702369
149701771
149749419
149749231
149748987
149748872
149748651
149700665
149704491
149748574
149704227
149702447
149699700
149704003
149748512
149701215
149703479
149703523
149748503
149702719
149748356
149708012
149707606
149707270
149702527
149748106
149706928
149706902
149706510
149748073
149704415
149704541
149706056
149705842
149747916
149707552
149704812
149706644
149705752
149747745
149706236
149705266
149747697
149707554
149705440
149706044
149705066
149747692
149704844
149705708
149747438
149704606
149707732
149705628
149747361
149747162
149702175
149707356
149708947
149706188
149747102
149708849
149708391
149708077
149747027
149711383
149708069
149746982
149746846
149710893
149709061
149709001
149710645
149746619
149710275
149709691
149707664
149746375
149709913
149709787
149708471
149746363
149746341
149746216
149709139
149709491
149746069
149746034
149745839
149711045
149710193
149745826
149745738
149709893
149745578
149745446
149745358
149745241
149712618
149711895
149745033
149712146
149711725
149711499
149711371
149745003
149711489
149711355
149744914
149712548
149744901
149713147
149712959
149711051
149744705
149710609
149712612
149712817
149744501
149713123
149712631
149712663
149744469
149711051
149711908
149713170
149713015
149744393
149744357
149713376
149713176
149744352
149744280
149744209
149744134
149713435
149713481
149744040
149713443
149743951
149713634
149743869
149743839
149713652
149713387
149713663
149743734
149714121
149743654
149713723
149714608
149713999
149713857
149743561
149743460
149714552
149743382
149713813
149714488
149714218
149713723
149743287
149743239
149714236
149743155
149714328
149714164
149743123
149714891
149714850
149743029
149714214
149715010
149715586
149714722
149742945
149714672
149714408
149715574
149714640
149742925
149715504
149715288
149714083
149742853
149714956
149715226
149742809
149742710
149742688
149715422
149715300
149742607
149715208
149715776
149742490
149715680
149715593
149742489
149716445
149716418
149716260
149716106
149742455
149716164
149716052
149715788
149742380
149715996
149717066
149716850
149742270
149715768
149742172
149716710
149716634
149716562
149716518
149742134
149742072
149716450
149717159
149717331
149716838
149741979
149717340
149717269
149741972
149717191
149716172
149741859
149741779
149717530
149741742
149717348
149717692
149717664
149741643
149717478
149717984
149741542
149717518
149717810
149717780
149718089
149741502
149741412
149717826
149717760
149741311
149718041
149741291
149717985
149718197
149741206
149718873
149719105
149718672
149718747
149741191
149718941
149718624
149718897
149718597
149741108
149718414
149741089
149718390
149719434
149740994
149719230
149719198
149718744
149718798
149740909
149719256
149719635
149740845
149719441
149720238
149740818
149719360
149720124
149719900
149719613
149740692
149719646
149719966
149721144
149740601
149720038
149721042
149720262
149720958
149740504
149720756
149720696
149720446
149740398
149740272
149720712
149720632
149719768
149740163
149720584
149720584
149740111
149720552
149720810
149720078
149720240
149740078
149739953
149719948
149721555
149739876
149720958
149721261
149721385
149721485
149739790
149721822
149739787
149721469
149721702
149721698
149721730
149739783
149722229
149721465
149721855
149739682
149739605
149722067
149739585
149721843
149722099
149722991
149722013
149739485
149722913
149739452
149722819
149721951
149721618
149739332
149722579
149722645
149722655
149739245
149722533
149722499
149739166
149739048
149722607
149722275
149722087
149723277
149738985
149723009
149723193
149722883
149738915
149722967
149738881
149723278
149722839
149722923
149723023
149738832
149738814
149722783
149723179
149738762
149738734
149722759
149722297
149738674
149723171
149723322
149723504
149723406
149738612
149723314
149723352
149723199
149738585
149724038
149723978
149738556
149723596
149723896
149723302
149738493
149723408
149738467
149723780
149723734
149738436
149723600
149738425
149723568
149723616
149723942
149723934
149738400
149723568
149723866
149723584
149738394
149723742
149723794
149738382
149723706
149724135
149724105
149724403
149738320
149723938
149723944
149738274
149724303
149724016
149723682
149738219
149724249
149738184
149724199
149724137
149738159
149724673
149724511
149738109
149738072
149738014
149724641
149724181
149724483
149724587
149737951
149724581
149724473
149737942
149724967
149724725
149724849
149724399
149737896
149737882
149724805
149724231
149737878
149724593
149724945
149724032
149737816
149724689
149724657
149737800
149724961
149737796
149737737
149724785
149725188
149725060
149737703
149725278
149725130
149725000
149737700
149725576
149725039
149725502
149737685
149725426
149737655
149725354
149725354
149737610
149725701
149726051
149725659
149725272
149737604
149725967
149725585
149725581
149725921
149737575
149725805
149725697
149725506
149737562
149726077
149725394
149725963
149737507
149725601
149725923
149737464
149725907
149725649
149737437
149725657
149726311
149725723
149726213
149737415
149737366
149726346
149737339
149726181
149726127
149726301
149737336
149726039
149726451
149726247
149726475
149737293
149726370
149726103
149737255
149737232
149726810
149726576
149737201
149737139
149726744
149726712
149726710
149726792
149737101
149726620
149726672
149726642
149737076
149726823
149727001
149726815
149726853
149737030
149727796
149726981
149727696
149736966
149726929
149736955
149727634
149727260
149727316
149736942
149727122
149727530
149736929
149727380
149736883
149727504
149727176
149727382
149736881
149736844
149727122
149736786
149736731
149727340
149727464
149736710
149727224
149736665
149728091
149727494
149736640
149728033
149727482
149727919
149736606
149727835
149727790
149728186
149728069
149736544
149727766
149728061
149736533
149727869
149727758
149727889
149728134
149736478
149727670
149728228
149736434
149728261
149728535
149736409
149736348
149728423
149728407
149736322
149736272
149728622
149728295
149728536
149728838
149736231
149728525
149728732
149736222
149728509
149728706
149728624
149728624
149736208
149736197
149728650
149728546
149728843
149736181
149728804
149728792
149728684
149736178
149728954
149728618
149728692
149736165
149728936
149728880
149736162
149736143
149728676
149728969
149728872
149736126
149736098
149728880
149736074
149729039
149729029
149728936
149736063
149729394
149728740
149729372
149736056
149729354
149729318
149729266
149736042
149729037
149729184
149729206
149736033
149729056
149729184
149729088
149729052
149736012
149729044
149736001
149735989
149729037
149735987
149735979
149735949
149729170
149729062
149729146
149735926
149735907
149729110
149735891
149729282
149729146
149735870
149735867
149729398
149729290
149729074
149729629
149735839
149729437
149729621
149729583
149729539
149735807
149729429
149735803
149729493
149729529
149735802
149735795
149729731
149729461
149735782
149729302
149729721
149729441
149735752
149729425
149729226
149729675
149729457
149735730
149729687
149729617
149729525
149729585
149735707
149729545
149729429
149735681
149729573
149729713
149735654
149729801
149735647
149729827
149729765
149729769
149735626
149735609
149735601
149735587
149729980
149729871
149735572
149729863
149729920
149729851
149735560
149730013
149729865
149730203
149729950
149735549
149730201
149735522
149729797
149735494
149730029
149730187
149730019
149730181
149735484
149730057
149735464
149730069
149730117
149735447
149735445
149730061
149730206
149730023
149735431
149730363
149729992
149730117
149730335
149735418
149735416
149735405
149730305
149730204
149730204
149735376
149730376
149730263
149735356
149730393
149730229
149730345
149730361
149735328
149730277
149730433
149730265
149735309
149735303
149735282
149730507
149735262
149730551
149730483
149735233
149735215
149730533
149730474
149730462
149730419
149735208
149730595
149730561
149730579
149730569
149735189
149730645
149735164
149730615
149735146
149730631
149735125
149730595
149730563
149730681
149735093
149730579
149730777
149735067
149730663
149730693
149730669
149730723
149735043
149735029
149730798
149730723
149731140
149735003
149730723
149730814
149731128
149734975
149730771
149730944
149734970
149731100
149730896
149734953
149730936
149730868
149731060
149730904
149734950
149730868
149730735
149731006
149734924
149730804
149730948
149734923
149730942
149730944
149734921
149730936
149731126
149730908
149734913
149730900
149734902
149731082
149731058
149731050
149731062
149734890
149734874
149731141
149731034
149731026
149734864
149730982
149734854
149730986
149734843
149731196
149731174
149731166
149731102
149734830
149731050
149734828
149734827
149731170
149731334
149731220
149734821
149731304
149734811
149731228
149734801
149731296
149731258
149731246
149734798
149731246
149731274
149734782
149731266
149731244
149731230
149731483
149734772
149731208
149731230
149731341
149731467
149734765
149731463
149734754
149731355
149734751
149731443
149731375
149731429
149731399
149734735
149734726
149731395
149731345
149731308
149731369
149734714
149731371
149731401
149734702
149731533
149731385
149731517
149731427
149734692
149731509
149734684
149734672
149731487
149734664
149731487
149731475
149734662
149731455
149731443
149734660
149731536
149731534
149734646
149734633
149734620
149731555
149731553
149734609
149734606
149731590
149734594
149731519
149734589
149731586
149731574
149734576
149731553
149731595
149731613
149734560
149731629
149734547
149731582
149731783
149731671
149734542
149731765
149731715
149731675
149731647
149734540
149731751
149731605
149734524
149731691
149731675
149731729
149734517
149731725
149731683
149731641
149731691
149734515
149734500
149734497
149734494
149731781
149731729
149734487
149734473
149731757
149731805
149731725
149734469
149731797
149731816
149731838
149734459
149731813
149734455
149731807
149731810
149731997
149731989
149734441
149731985
149731975
149734431
149731925
149734426
149731885
149731955
149731836
149734418
149731897
149731937
149731853
149731861
149734410
149731885
149734402
149731939
149734386
149731951
149731975
149732004
149734380
149732034
149732102
149732072
149731975
149734377
149732000
149732066
149734364
149732042
149732010
149732052
149732038
149734353
149734342
149732107
149732140
149732158
149732188
149734336
149732140
149732116
149732176
149732056
149734326
149732143
149734321
149734310
149732326
149732316
149732110
149734299
149732290
149732254
149732266
149734292
149734291
149732218
149732190
149732242
149732206
149734282
149732224
149732210
149734279
149732202
149734275
149732294
149732284
149732284
149734266
149732278
149734250
149732324
149732359
149732266
149734243
149734239
149732343
149732194
149734237
149732333
149734233
149732339
149732349
149732318
149734228
149732306
149734222
149732353
149732382
149732374
149734219
149732368
149732374
149732345
149734217
149732520
149732404
149732416
149734211
149732382
149732512
149732412
149732502
149734210
149734203
149734199
149732432
149732486
149734196
149732398
149732478
149732408
149732400
149734190
149732382
149732472
149732470
149734185
149734179
149732456
149732450
149732526
149734176
149732442
149732520
149732440
149732488
149734170
149732448
149734164
149732496
149732460
149732432
149732440
149734161
149732408
149732605
149732448
149732520
149734157
149732595
149732585
149734154
149734147
149734144
149732577
149734136
149732547
149732567
149732480
149732569
149734129
149732551
149732549
149732567
149732561
149734123
149732537
149732549
149734120
149732541
149732579
149732642
149732636
149734113
149732603
149732624
149734109
149732684
149732612
149734107
149732610
149732583
149732674
149734100
149732670
149734098
149732618
149732656
149732685
149734096
149732650
149732642
149732666
149732646
149734094
149732662
149734091
149732711
149734085
149734080
149732695
149732715
149732712
149732691
149734077
149732701
149732678
149732730
149734069
149732713
149734064
149734059
149732731
149732884
149732739
149734058
149732804
149734054
149732874
149732780
149732756
149732870
149734046
149732854
149732760
149732756
149732848
149734045
149734038
149732776
149732834
149732830
149734030
149732820
149734024
149732806
149732816
149734017
149732778
149732818
149732806
149734009
149734007
149732798
149734006
149732794
149732834
149734003
149732818
149733999
149732778
149732908
149733993
149732822
149732904
149733985
149732888
149732876
149732894
149733978
149732886
149733976
149732868
149732969
149732953
149733974
149732955
149732945
149732902
149732929
149733966
149732949
149732937
149733961
149733957
149732929
149732906
149733951
149732872
149732937
149733944
149732917
149733013
149733941
149732997
149732969
149732937
149732953
149733938
149732981
149733109
149732973
149732977
149733936
149733103
149733095
149733083
149733932
149733073
149733069
149733061
149733027
149733925
149733015
149733039
149733059
149733047
149733920
149732953
149733919
149733039
149733911
149733904
149733896
149733888
149733882
149732953
149733879
149733878
149733041
149733005
149733876
149733874
149733870
149733055
149732973
149733043
149733869
149733033
149733005
149733868
149732981
149733063
149733033
149733866
149733109
149733093
149733055
149733864
149733047
149733077
149733065
149733047
149733862
149733858
149733109
149733077
149733855
149733069
149733853
149733113
149733077
149733109
149733849
149733077
149733120
149733116
149733848
149733118
149733129
149733126
149733143
149733845
149733137
149733133
149733123
149733844
149733123
149733148
149733840
149733839
149733837
149733146
149733150
149733129
149733834
149733137
149733832
149733144
149733166
149733831
149733827
149733154
149733158
149733160
149733150
149733825
149733150
149733158
149733821
149733195
149733175
149733817
149733187
149733169
149733179
149733181
149733815
149733179
149733813
149733169
149733809
149733195
149733181
149733808
149733239
149733189
149733231
149733806
149733803
149733801
149733229
149733197
149733799
149733197
149733223
149733217
149733207
149733796
149733793
149733209
149733242
149733229
149733792
149733213
149733199
149733791
149733790
149733786
149733205
149733189
149733213
149733205
149733783
149733233
149733233
149733247
149733781
149733247
149733297
149733780
149733240
149733293
149733777
149733251
149733255
149733289
149733285
149733776
149733775
149733773
149733769
149733279
149733766
149733259
149733273
149733271
149733271
149733764
149733257
149733251
149733273
149733763
149733761
149733261
149733759
149733287
149733257
149733275
149733316
149733758
149733308
149733295
149733756
149733312
149733287
149733310
149733295
149733754
149733302
149733750
149733746
149733310
149733318
149733744
149733324
149733320
149733314
149733314
149733740
149733738
149733364
149733378
149733355
149733337
149733737
149733736
149733370
149733352
149733364
149733734
149733361
149733340
149733349
149733732
149733400
149733343
149733331
149733729
149733331
149733396
149733349
149733388
149733726
149733384
149733374
149733382
149733343
149733724
149733721
149733366
149733380
149733718
149733370
149733374
149733378
149733716
149733404
149733396
149733714
149733388
149733392
149733712
149733384
149733411
149733708
149733707
149733396
149733405
149733706
149733703
149733402
149733699
149733421
149733695
149733693
149733417
149733692
149733413
149733690
149733689
149733413
149733434
149733688
149733425
149733434
149733431
149733425
149733686
149733431
149733684
149733425
149733425
149733422
149733417
149733682
149733449
149733680
149733417
149733678
149733431
149733445
149733443
149733676
149733437
149733441
149733441
149733675
149733450
149733674
149733447
149733673
149733447
149733447
149733461
149733672
149733453
149733457
149733671
149733453
149733670
149733457
149733669
149733668
149733463
149733465
149733667
149733494
149733463
149733665
149733466
149733490
149733663
149733662
149733661
149733486
149733488
149733484
149733660
149733482
149733480
149733659
149733472
149733480
149733658
149733472
149733476
149733656
149733474
149733655
149733470
149733470
149733476
149733653
149733651
149733650
149733492
149733649
149733511
149733492
149733647
149733505
149733501
149733509
149733497
149733646
149733503
149733505
149733645
149733509
149733495
149733509
149733497
149733643
149733514
149733512
149733641
149733532
149733526
149733640
149733538
149733523
149733523
149733638
149733534
149733532
149733526
149733526
149733636
149733520
149733520
149733517
149733634
149733523
149733560
149733633
149733631
149733558
149733556
149733529
149733554
149733629
149733550
149733546
149733628
149733534
149733534
149733544
149733626
149733542
149733534
149733540
149733625
149733558
149733534
149733546
149733623
149733622
149733550
149733620
149733618
149733616
149733580
149733560
149733576
149733615
149733614
149733564
149733613
149733574
149733611
149733564
149733570
149733610
149733560
149733570
149733566
149733568
149733609
149733564
149733562
149733608
149733574
149733606
149733605
149733585
149733597
149733604
149733578
149733587
149733582
149733593
149733603
149733602
149733601
149733591
149733582
149733598
149733600
149733587
149733598
149733585
149733591
149733591
149733591
