265584842
264775236
2551292
2628998
1391934
263918328
749848
876690
263383730
1424432
11008592
262606381
10828746
6977498
8881822
262039439
10597818
9026842
7697514
10409652
261080343
9717750
260525787
6979054
259920428
9670422
259861413
6001736
6817638
6549062
259223131
3322880
259025843
11052062
11493724
4961288
10072648
258327566
257342107
256597905
255702082
255557926
254941682
11911868
254156369
960428
20728106
19797780
18934402
253736153
17588318
16199284
14458406
13055186
253214982
15002312
11957770
253199939
22720261
13244064
252701676
21924733
24356238
22423123
20136972
252652097
17997188
16671652
252286011
15958732
23376642
26531042
251899361
21803675
25329634
17910140
251135261
250672429
250186755
24611520
30235347
24031934
28263111
249202168
26552577
30400152
20919323
32453816
248384861
37743727
36656092
30465422
39025509
247448332
33739642
246773786
37227214
31140612
246656247
246146538
32765947
36697075
35710354
27327243
245485999
34378429
245225526
244433067
30541854
39336419
34644286
32773822
244187609
29380629
243913585
44405773
41756781
34508158
243209296
41386539
42734803
242997788
42702115
41898545
39782583
242223888
40966122
38110469
241530422
44695939
42942453
241217077
50865124
48872858
44082157
43525025
241147830
241010173
46940280
46691912
46029386
240178438
54431366
45053168
239451832
239296572
53018848
51034758
238731209
51692864
50683752
238396776
49107408
56582179
49782388
56381681
238294672
237793027
56067035
58160498
57855826
55778891
236901861
53399604
55770897
236752934
59471561
52000732
236140876
57748004
59237339
235151982
60259777
234423213
233846074
61406787
67630867
66791873
233377190
233160079
65830975
233156205
65440777
65304773
63330379
233111297
232484490
62719001
231857052
61635701
67922438
231699358
66007645
65067285
64848853
60377223
230963668
230826615
230213840
229312720
68993558
70945115
67939050
228850334
69642323
69050911
66282785
228306257
69009229
71542858
71251506
227853323
227016356
78410139
73542447
72262583
226684146
71658475
77741497
79482669
72025887
226387239
79316989
76878863
77418727
225897771
69734767
225172146
74956093
75272763
224541172
73600595
80857961
79924941
71679187
223565451
80910390
223282570
79530661
83213131
223056250
85011921
83156257
222435683
85072203
84616187
221927661
84265097
83049208
84487605
82535497
220955932
220840332
85937135
81228181
85884270
220681147
220259022
219928302
87641785
219890768
87336163
88365942
219734931
89066106
88832946
88107110
219426979
88722006
86756387
92448088
219008811
89691238
89347858
92163772
91310838
218723863
91065544
218531569
90815770
90309734
218314554
90206250
88201070
95112912
218050130
94529138
217564461
93525718
92456658
92997438
217430432
92989450
93481056
217313905
90755964
91238204
91137180
92962650
217268968
217166335
90760596
217048795
97427287
95617546
94683192
217009804
96660377
216905761
93602576
96237271
216396383
96656573
95241092
216179511
92932098
101124936
100177016
215972877
215705452
95688461
99226090
215218638
96199925
98928552
99041402
97730628
214698763
101172395
98474962
96781073
99530090
214622141
214441142
97443100
97061465
98655332
214205430
106143508
213957934
213581735
106028972
105927448
213552246
105579686
105156278
104595214
102950010
213211067
101579122
104540362
101263970
212832993
102564142
100947962
104201758
212737796
103178618
212298112
103250998
107731804
107671222
212164373
107305618
103196852
106613322
105922516
211707033
104108196
102023722
104002820
104534412
211650559
211462247
110084987
211067557
109168407
108096381
108804007
105460792
210790215
108151003
106497902
105906792
116409955
210561937
210375812
210214928
115507411
209929801
114955215
114255083
111148127
209793284
114190427
110177559
112974451
109021459
209504222
113168133
111184539
112040263
108563243
209288324
112394255
209044698
209037161
208753937
111336911
208633902
109722195
116052541
208159756
116003657
112355137
207697348
114485981
112658373
120017396
207592146
119615966
207564600
207163169
117568364
206689396
118918968
118263224
118157522
206319051
205904725
114495729
205686792
205684993
114256049
116971424
205469163
205013836
122359437
118987034
121566017
121402545
204646435
120171845
121025773
121000073
204596742
119064122
120693549
118577482
204521428
204179286
123570328
203836622
121342247
122770852
122884342
203783974
121641761
121997903
122430139
203308278
202899980
121226775
122889564
123104384
202539531
202278162
127970420
201938634
124162822
201479795
127840118
124252622
200993526
127683888
200576343
124026154
125898828
126934000
126887096
200314151
124826794
126128234
124335978
125886092
200001035
121514411
199486318
127450840
124933416
126303552
199457704
125600874
128616193
128992333
199275470
130373690
128008243
129854458
129500684
198891109
125656854
128148724
198602440
131678374
128886415
131620180
198087043
131150798
131002162
129546442
129156574
197866376
132717065
130791886
130266146
197803111
132649557
197754425
130651696
129022534
132193829
132137795
197599780
131624448
132058233
131653156
131479704
197379135
197316479
130729832
130394448
197133723
134002344
132337535
134777855
197048321
133780208
134591301
133402570
134082751
196883719
134056325
133963050
133186576
196712160
132405567
133940882
196463189
133042222
132696291
196240578
133529050
136311742
132966926
196037428
133238782
135881706
138118949
195979708
135409248
134524553
195757066
137918439
134894492
195662878
137451085
136674515
195453622
134573777
195200217
137275607
135152256
195048814
136603823
136766473
194921078
136033424
134980552
194773145
139572277
136542179
194603909
139319963
194453068
138610379
194204515
137754129
139165679
138922609
137174441
194117613
138903879
194113497
138221777
193866470
138986255
138480189
138270317
139736809
193680923
193517462
139227201
193493051
136718681
139814723
139878797
140204616
193294813
139871583
193084587
193013005
140776423
140708099
140333287
192998573
140657555
140591975
140495677
140405503
192947196
141214556
192875704
140023542
140813006
142110149
140893136
192773360
192686447
142904486
142007793
142528184
142717096
192625266
142073207
141891885
141811631
142597182
192620552
142435016
141428901
192364761
143144301
143083391
142189226
143692319
192329725
142740460
143438393
143008013
192077224
142673584
191990413
191892947
145141164
144722416
191842211
191731066
145463353
144681070
144277818
191488466
145146455
144813810
144602054
144448622
191439869
143636557
144424200
191182165
144227722
144178686
190942543
190688106
145468469
145536622
145230969
146898833
190488322
146795127
145212653
190268223
145748355
145553875
146347587
190248144
190211173
146077675
190207498
145708083
148656762
189988242
145978167
145497384
148565330
146604047
189949089
147800158
147369526
148444346
189872746
147922490
146116903
189679198
147697886
189477578
148658873
147286522
153042359
147320534
189347578
189098482
145947047
152985195
145986495
188926534
148670765
152740221
149169437
152520495
188892516
151237745
152362661
149045249
149731077
188741405
150703917
151852015
188577292
150034725
151709235
150012433
149748777
188381170
149399353
151433303
149031521
151201957
188283931
148484512
150622437
188026001
150946733
150351765
187923985
150752021
150109653
150086869
151247513
187852010
187708640
147854224
187704550
150229477
148927273
150963865
187685667
151750763
152498553
149207945
187615680
151960085
153110516
150450733
153104656
187599679
187599517
153507400
153470494
153208879
153348593
187511782
187455185
154071846
153951354
153677452
153739844
187259631
153743152
153596070
187141716
187062469
154602745
154553603
154300421
154319273
187039352
153743788
154788723
186954218
186859748
153705260
154923174
154785773
186760972
155092432
154831626
154688515
154884462
186693536
154821912
153419312
154688281
154907289
186565660
155176319
186504557
154585509
154499037
186436072
155106457
154431141
186415047
186288127
156121609
154253445
186276683
155384797
155349765
155942669
186183381
155346221
155864911
186072754
155586261
156229316
155730749
186058724
186046746
155943791
155635127
155656597
185940527
156430381
156343294
155645679
156551663
185820486
155607571
156179984
185785631
155503585
158424054
157228688
185766189
185729108
158290158
157116608
158232836
185693061
158103692
156448151
156728249
157893334
185589851
155618423
157645478
157618050
157089053
185588100
157541746
157384984
185558631
157363966
156695633
157908352
157441028
185517857
157482660
185430432
156903758
156618614
185409851
185301202
157396612
185197313
157670460
158444492
157056122
185165975
158065190
157618236
155941607
158581399
185071475
158305966
184991078
184947569
158677930
158649759
158670468
184885977
184775626
184653600
159303222
158500371
158439002
184639245
159184534
184511113
159115310
159031860
184396542
158777948
159024088
159451994
161131282
184304972
158950192
159785086
160958692
159340772
184276901
160819138
159540402
184259048
184188993
159855734
160604354
159556422
160509816
184065288
160468050
183984644
159543126
183909501
159475286
160290968
160083396
161650360
183907275
161082022
161057990
159860678
161623414
183851012
160148190
160137822
161610952
183768904
158954242
161390664
160278106
183736176
162411329
161328506
183640011
161200418
162160511
160587814
161144902
183566031
161974731
161489982
183551724
160152310
160464874
161718279
161289686
183462938
161265054
162322551
183342124
161976615
162237655
183240658
162429893
161808139
160713170
183182395
161658783
161370318
162363789
183068888
162543097
162767143
161565734
183065801
163509419
182937291
163042083
163404965
182883760
162723169
163170499
162586027
163122131
182816808
163077297
163027591
182703390
162971887
164000437
162950119
182645098
163525793
164059538
163753287
163757463
182546849
182443461
163538051
182414052
163125491
164258039
182322468
164322214
182213262
164134223
182210510
164144485
164758157
182197836
164640781
164598333
164536879
164796173
182134570
164386041
165208747
165435891
182128867
164968342
165534348
165296837
182068508
165402089
164995987
165234245
165978730
182063484
164911279
165507832
165079276
165902576
182054884
165900484
182029771
166159850
165882452
181998725
165735574
181900404
165892546
165657346
181845263
166316477
165709006
181790947
181753616
166193529
166264233
166076520
166179049
181740434
181703440
165979896
165946518
181698573
167053172
181688800
166943136
166641822
166441146
181644884
166170389
166912660
166446266
166838064
181617153
181591188
181567253
181527861
166835004
165752534
166502002
181474981
181430522
166718028
166666542
166369314
166619954
181430382
166534818
181373243
166491498
181328621
167252236
166700648
167251610
167031472
181327297
181298465
166942028
167141768
181292908
167061118
167092504
166949136
181241539
167254527
167096010
166822484
181211191
167071786
167356681
181182867
166813744
181160351
166946416
167181050
167536441
181132076
167468447
181122518
167381111
167364943
181116435
167404935
181052893
167648725
167512807
167766501
167389825
180998169
167734083
167700513
168106297
167723633
180974390
167668481
180944701
168014859
180908422
167768137
180845774
180793197
167952981
167792087
167487181
180747115
167847481
180734034
167637979
168187786
180721964
180682478
168183918
168111802
167853419
167802667
180618813
167782735
168030755
180601679
168049451
168020355
180561499
167841659
180498507
180464729
168318818
168266782
168334274
180445203
168198378
168716674
180425702
168712252
168455358
168511742
180379025
168591310
168409512
180366646
168510798
168507570
168520734
169034144
180338245
168951364
168971174
168812382
168893674
180273288
168903236
168802430
168981002
168774878
180247115
168971166
180184255
180137538
169241903
169072647
180126876
169276337
169115630
180088554
169139111
169086767
169963355
169419971
180049417
169954937
169343755
169888029
169065553
180026052
169297023
169787095
169541795
179963667
169018482
169670137
179909582
169549263
169767381
179905178
179844022
169254377
169335061
169742605
179781259
169810025
169511009
169588973
179751862
179686490
170204017
169506897
170014135
179643942
170144139
170098241
170044083
179642953
169881619
170027881
179585865
170419597
179533625
179474337
170417685
169506981
170415762
179469962
170350425
170307054
170406699
171362767
179437775
170197913
170122003
171233741
179418766
179380687
170645331
171139051
170380647
171118981
179356098
171009599
170442699
170678199
170067439
179328692
170964643
179305853
170486631
170902085
170896377
170817583
179249961
170548787
170506307
179216098
170686979
179210477
179196433
170834859
179157471
171050183
179154305
170945723
179142541
170366211
170693931
170684135
179112908
171208171
170750771
179097047
171091159
171106323
170739971
171427457
179076894
170881487
179060093
171366097
171298551
179029508
179000199
171252259
171573021
171174307
171402757
178972699
171478491
171536669
178964627
171480691
178951310
171217303
171524955
171476555
178931649
171441651
171505321
178929457
171422413
178920751
171643807
171641427
171443775
171517033
178899251
171587011
171509825
171693439
171616707
178883744
178875751
178850004
178834716
171690431
178822978
171892207
171819402
171759873
178818379
171884247
178814983
171735363
171817371
171744996
178786204
171771972
171716319
171717156
171768255
178783017
171971683
178763838
171895433
171938267
178763670
172055751
172021277
172006925
171863493
178762284
172011597
171764016
172000781
178730437
172037481
171978341
171891525
172206608
178717127
172182062
172101280
178688285
172164932
172095792
172163710
178685410
172143758
172107430
178653497
172117330
172103786
178641756
178624484
172479497
172470029
178603600
172229625
178572040
172279503
172432865
172031161
172861093
178544981
172387381
172850375
172322181
172270483
178517220
172845407
172518003
178499493
172809735
172512691
172333285
172283853
178496552
172760523
172368293
178479129
172499523
172696571
172609821
178461844
172671959
178442897
172479593
172646703
172631191
178410470
178404185
172255085
172573105
178373386
172437369
178366457
178342622
172659761
172633587
172648377
178325023
178295749
172716303
172293469
178285789
172884538
172908071
172868152
178254016
172903553
172745307
178241600
172738447
172735643
178211235
172899571
178197228
178196143
178164963
172941583
178163070
178153261
172966025
172924173
178123915
173249091
173212333
173181597
173047433
178094590
178086307
173168111
178066857
173159923
172984545
173035505
178055855
173274518
173107607
172996521
173057791
178044046
173200589
178023648
173112429
177991779
173085605
173309650
177991282
173053665
172908603
173270830
173281100
177958594
173380026
173152129
177955058
173339841
173358564
177946840
177921764
173321154
173496824
173063281
173450720
177895762
173420298
173687122
173355387
173414846
177882799
173650374
177876772
173493496
173610556
173536484
177850115
177817504
173579650
173441584
173537736
173437336
177791639
177778033
173681688
173565496
173630200
177755622
173604048
173770940
173748436
177726353
173730242
173579008
173696848
177706039
173679460
177702578
177696782
173748892
173744404
173514916
177683143
173852172
177681615
173739010
173723346
173824204
177680708
173559412
177673202
173806684
173785056
173833310
173771244
177667088
173846940
177663416
173798766
177659331
177652236
173834448
177636162
173987119
173885967
173964003
177630307
177622294
173909287
173871611
173953645
173936213
177608481
177592919
173865763
173925033
173906401
177584513
173934051
173890345
173889623
177582225
177581423
174024566
177573428
173948407
173990060
173992698
173976333
177560758
173938631
174025971
177554471
174058127
174056635
177548449
174030253
177547773
174165089
174079163
177546158
174063278
174136241
174125375
174110041
177543055
174089037
174102273
174091733
177542056
174217745
174195857
174100681
174118389
177537640
174182147
174178269
174085829
174048909
177522173
174132661
174225217
174191441
174120889
177519437
174186649
174291213
174272591
174267577
177508816
177494759
174243599
174227579
174238783
177482358
174272111
177472937
174226263
174318810
174328842
177467329
174324302
174320434
174298330
174394663
177460880
174564738
174374499
174355493
174554268
177450813
174451056
174326508
174545974
174406560
177442385
174436664
174519720
174368985
174480278
177429129
174508466
174415984
177423692
174501542
174408224
177407702
177403222
174495842
174464778
174602649
174435472
177395076
174579199
177394514
177383518
174474240
174568741
174599469
174433048
177374312
174544180
174542832
174511044
177366294
174454792
174416432
177351729
174627325
174638075
174601217
177346565
174740337
174594381
177337597
174723897
177325692
177310840
174697457
174765217
177309132
174687341
174668357
174661199
174743799
177300686
174641937
174650563
174681557
177291477
174696909
177280196
174831019
174818235
174802743
177270928
174748829
174770423
177260838
174802539
174707785
177253075
174790923
174868932
174792603
174842788
177247763
174791157
177242851
174765561
174772777
177240926
174897788
177231728
174876356
177222851
174821061
174821341
177209793
177201157
177195509
174918792
174940395
174944395
174924033
177181522
174905298
174934338
174911892
177179429
177170670
175159891
177157337
175137237
175125473
177145922
174940643
175100875
175011727
177137972
177127798
174960955
175094745
174981109
177125653
174964049
175076375
177122173
175053871
175030605
175008589
177121452
175035535
175018405
174989507
177113046
175027505
177110644
175165367
175197163
175174641
175098501
177102525
175112181
177091223
175039989
177084928
175162286
177076735
177069235
175247027
175156701
175041165
175240489
177062476
175108533
175233779
175201149
177057211
175077693
175224647
175073277
177055645
175188863
177048871
175220787
175216411
177042367
175074189
175165079
175203449
175198129
177039894
175157805
175261709
177032638
175261015
175255876
175228947
177029794
175288684
175225095
177026327
175194135
175212243
175284774
177019116
175274594
177012251
175300003
177010710
175294155
175269234
175273182
175264936
177004229
176996466
176993790
175266814
175326243
175303705
176990608
176985260
175266270
175323045
175306047
175296433
176977321
175317231
175313229
176975074
175309715
175271590
176969551
175313007
175325661
175319925
175304271
176965226
175324281
175461222
175372460
175446732
176957847
175353200
175378294
175330152
175442306
176955746
175395566
176948972
175434952
175352796
175431390
176944877
175330308
175422418
175399180
175414858
176942945
176940956
176937592
175398796
175344112
175363438
176932124
176927629
175387906
175393506
175373572
176926354
175413252
175371076
175391654
176921705
176920398
176913819
175445050
175407816
175420030
176908262
175427574
175449294
176900168
176899817
176898741
175439242
176894945
175461373
175490993
175485779
175480137
176891653
175466989
175437442
175495160
175477983
176888103
176880656
175554678
175495388
176880310
175553784
175549754
175546932
176876634
175501464
175470159
175533092
176875157
175520112
175506474
175501794
176870014
176862011
175473839
175518286
175573298
175513258
176859561
175557818
175512208
176857008
175553750
176848988
175524410
175528606
176842596
175520698
175561414
175563496
176838119
175561102
175542358
175503772
176831185
175580137
175584156
176829844
176821892
176818752
175582038
175594905
176812595
176806826
175586271
175629641
176802905
176798450
176796527
175621073
175622239
175628385
176790021
175631891
175619991
175586425
175617661
176784229
175616613
175596025
176782534
175633959
175602273
175608953
175605499
176781925
175711220
175663946
175630759
175644090
176777281
175701058
175699338
175691784
176770616
175683778
175673290
175680418
176765434
176759481
176752525
175662804
175645104
176747070
175657308
175665922
175657920
176746350
175739975
175651144
175725105
176744108
175724049
175689366
176740287
176737107
175714469
176729189
175735193
175699566
176725891
175735609
175729289
175733201
175732445
176724521
175714277
175713185
176718035
175778154
175769360
175688870
176712371
175748008
176712162
175753106
175746672
176711656
175675646
175747920
176711502
176710805
175731821
175799303
175744428
175751304
176707524
175794491
175747236
175788055
176705372
175779315
176703842
175782065
175776616
175760844
175766836
176702503
175761092
175758748
175760772
176701022
176700399
176698889
175784885
176695569
175824800
176694574
175822514
175806692
175845555
175814814
176692583
175803220
175838599
176691518
175806972
175805982
176689874
175834893
176688147
175832085
175800126
175825125
176686522
175818818
175827969
175852216
175811090
176684964
175847844
176683599
176679834
175848114
175847654
175831793
175846020
176678568
175846588
175837301
176678439
175884163
175853207
175878323
176675056
176672719
176672639
176672593
175874129
175854531
175874123
175858235
176672554
175866325
175855775
176669364
175850134
175861505
175867019
176669194
175860687
175858719
175853811
175864687
176665487
175853199
175921672
175852307
175848502
176665004
176661349
175917818
176658877
175917018
176655206
175916048
175911074
175860783
176654117
175879741
176652933
175905232
175888386
175898918
176649823
176648230
175887106
175897088
175891556
176645161
175877341
175891524
176642575
175875073
175905138
175897514
176642307
176640809
175925828
175921778
175922908
176637065
175910708
175903502
175927562
175902254
176635536
175932802
176635420
175926342
176633459
176631575
176630279
175922068
175935305
176628140
175938525
176625620
175928120
175942601
176624142
175943395
176621533
176618199
175941287
175960238
176617948
175943606
175949734
175958402
176617512
175945574
175944146
175956678
175951750
176613461
176612425
175960050
175950674
175942553
176612332
176612322
176609642
175963352
176608459
175970166
175967858
176605293
175962200
176601959
175966156
176599476
175968606
176598941
176596644
176594050
175978812
175982702
176592315
175972854
175996936
175976516
176588598
175990382
175994152
175975540
176584802
175989676
175987782
176582567
175985494
175982274
176579097
176576753
175979614
176009139
176000565
176020233
176574272
175992452
176018279
176004156
176574240
175998276
175991480
176011549
176018269
176571375
176009745
176001654
176002386
176567792
176011825
176023217
176564007
176038870
176021523
176032252
176036206
176561570
176027059
176027458
176028982
176025463
176559092
176022177
176024122
176558486
176557337
176045503
176029747
176039986
176051203
176556212
176050821
176039011
176043559
176029861
176554683
176049283
176045239
176045179
176044945
176553572
176042269
176061439
176552691
176551100
176052739
176057499
176052007
176550818
176060191
176043337
176055137
176550725
176059239
176549519
176060685
176051955
176069006
176051471
176548472
176065558
176065650
176546893
176070537
176545675
176066748
176545119
176543381
176060011
176541783
176064724
176073234
176080172
176539936
176077336
176076202
176075348
176538170
176075772
176087958
176073794
176084894
176537041
176536536
176081606
176107150
176082888
176092538
176536219
176536069
176104352
176083678
176534204
176096174
176101042
176099962
176088282
176533682
176096374
176099066
176094214
176532269
176531112
176090418
176529662
176528770
176091098
176101506
176527807
176100834
176115324
176112504
176114316
176526722
176108056
176112256
176106850
176110428
176526322
176109884
176108432
176525485
176108340
176159613
176525416
176155791
176106914
176524733
176126523
176523595
176152951
176107752
176120511
176522207
176521648
176150073
176519754
176118955
176148479
176118019
176126839
176518395
176144957
176128875
176126151
176143557
176517938
176140421
176120199
176116387
176516309
176138139
176117227
176515870
176128603
176110600
176136649
176514899
176132021
176120875
176132733
176118907
176513926
176132503
176511943
176509906
176129175
176130865
176136811
176130969
176508949
176125203
176127459
176130025
176507317
176109800
176506262
176505697
176169995
176139529
176167713
176141905
176504086
176166403
176503550
176137795
176502119
176501550
176162403
176501448
176159755
176136007
176499435
176144053
176148269
176159137
176497982
176158577
176154717
176149349
176147233
176497515
176143509
176170993
176495479
176166225
176172171
176495149
176493299
176162265
176171663
176162259
176162475
176492350
176158821
176491305
176489567
176173707
176141131
176172573
176488816
176488803
176487142
176162997
176179705
176177833
176487080
176184342
176176798
176177407
176486108
176185125
176181712
176184487
176183444
176485205
176181022
176173229
176483181
176175934
176191747
176190051
176188921
176482049
176204875
176202251
176186213
176198135
176481275
176190787
176198725
176193979
176480581
176194371
176478900
176193315
176217731
176207657
176190947
176477161
176205321
176216511
176216123
176214809
176475145
176207265
176208045
176209953
176199539
176474025
176473026
176206521
176471394
176220628
176469462
176209277
176468368
176211949
176218340
176216853
176213781
176468053
176213357
176225152
176467850
176223992
176213557
176467449
176221968
176221816
176221616
176466550
176225214
176224044
176222676
176466241
176465771
176218236
176465208
176221444
176222840
176465004
176225645
176464036
176463668
176463503
176462590
176461728
176228271
176236305
176227221
176230565
176461554
176461444
176235089
176226821
176226643
176460682
176221624
176234145
176459887
176229741
176232525
176233223
176231801
176459600
176231201
176232527
176231157
176459049
176228349
176226867
176458874
176237334
176236852
176231413
176458483
176236624
176236424
176232199
176235735
176457781
176235159
176231959
176457020
176456333
176236450
176455784
176240651
176239411
176239033
176238087
176455252
176454396
176453416
176241641
176240411
176452393
176232343
176241149
176451602
176242142
176239711
176451418
176243235
176242487
176242199
176451217
176245345
176244409
176450352
176244034
176241982
176449631
176247143
176243982
176245573
176448911
176244006
176248270
176248216
176243854
176447999
176249278
176248120
176247688
176447877
176447708
176248410
176250129
176247787
176249695
176447142
176446642
176249589
176249048
176250273
176248344
176446090
176445154
176250298
176444185
176443299
176254796
176253181
176253442
176255408
176442366
176254306
176252581
176252405
176441651
176258108
176441577
176253612
176258583
176255918
176257162
176440900
176440559
176255928
176252301
176439712
176439283
176258249
176255782
176438960
176258777
176438941
176438534
176263762
176260148
176259215
176262118
176437957
176258885
176257102
176260558
176437576
176436635
176261002
176271112
176269310
176262538
176435679
176435623
176269042
176265982
176435088
176434485
176268808
176263442
176267512
176266372
176433801
176266862
176265168
176433670
176269388
176432964
176264306
176264994
176432855
176270742
176283070
176264234
176431845
176282038
176280588
176272304
176280140
176431323
176275488
176430812
176278654
176271992
176270218
176430181
176278150
176270952
176276576
176273992
176429739
176274542
176271622
176273254
176429709
176282188
176280994
176278822
176283287
176428716
176275330
176278354
176281024
176275126
176428218
176277604
176427833
176427317
176272374
176282116
176285604
176427121
176285895
176284754
176426211
176277916
176287989
176426071
176282972
176288256
176286743
176289032
176425993
176284392
176283768
176425497
176291882
176425217
176293186
176278732
176289410
176291858
176424534
176289359
176424400
176290733
176292988
176290247
176292212
176424324
176292036
176288882
176288068
176298007
176424241
176296673
176424030
176297589
176424009
176297041
176295773
176423722
176293697
176295913
176293957
176423460
176294637
176291153
176295795
176423187
176297307
176294887
176296839
176423043
176295523
176295295
176296319
176422660
176295831
176298386
176296559
176296471
176422177
176294383
176300601
176299833
176421888
176299281
176299717
176292852
176302148
176421380
176299579
176421209
176301236
176420931
176303716
176303408
176300718
176420528
176302170
176420469
176302864
176298911
176299219
176420347
176302620
176302154
176420322
176420278
176305001
176301772
176304923
176420003
176304679
176301852
176419760
176304303
176303919
176419629
176313471
176305381
176301172
176419361
176313243
176303729
176419356
176312487
176306343
176311995
176418846
176305255
176418763
176311155
176308377
176304613
176418630
176310395
176309591
176306421
176307969
176418509
176307945
176308683
176313907
176308763
176418404
176306851
176312559
176308987
176310963
176417999
176306435
176309639
176317183
176417849
176316603
176316589
176310415
176316411
176417696
176309295
176316179
176417466
176314901
176315793
176315533
176314725
176417247
176314817
176315185
176315141
176416927
176313583
176312063
176313511
176416499
176416292
176312687
176316429
176311103
176318284
176415786
176314453
176317402
176415535
176318721
176318479
176318471
176315643
176415470
176317726
176314237
176415075
176320943
176414665
176414646
176414212
176320687
176319985
176318903
176319287
176413732
176323400
176319675
176324112
176321588
176413669
176323352
176413461
176323010
176413446
176329094
176322353
176328260
176322971
176413123
176321732
176327402
176322218
176327246
176412697
176320871
176327062
176412240
176319651
176322800
176326184
176325838
176411957
176325140
176322416
176411742
176411641
176324250
176324566
176321306
176411518
176411398
176328788
176324170
176411046
176327288
176322812
176326160
176325652
176410726
176323852
176321726
176328120
176326536
176410548
176322014
176327680
176325720
176410384
176334087
176324880
176327176
176410004
176326672
176333269
176332793
176332967
176409528
176330869
176330333
176331157
176330157
176409127
176330217
176332881
176330333
176408684
176330941
176408184
176334121
176408169
176330913
176332829
176333691
176338348
176407805
176333119
176337984
176329076
176337294
176407458
176336444
176334664
176335528
176407209
176336370
176335336
176335918
176407099
176335778
176336070
176334750
176407002
176334572
176335618
176406714
176337024
176406327
176338695
176337694
176406170
176342644
176342216
176339730
176342146
176405666
176340136
176405344
176341150
176341000
176340832
176405215
176340096
176339448
176405079
176336812
176341788
176339952
176405058
176338912
176340824
176340104
176404946
176338896
176342969
176342302
176404813
176344075
176343634
176341934
176404717
176344697
176343349
176344485
176404695
176344209
176343832
176341744
176404671
176404657
176343763
176343109
176343601
176404429
176344143
176404177
176344475
176403960
176344974
176344760
176345441
176403953
176403708
176344928
176345577
176345929
176344987
176403512
176345717
176346326
176345950
176403482
176403282
176346516
176403157
176346410
176348992
176403022
176403008
176346722
176348690
176402968
176402870
176346966
176348216
176347018
176402852
176402830
176346554
176347914
176347626
176402625
176346950
176345239
176402438
176347442
176402214
176402044
176348212
176401851
176346976
176348292
176347740
176348108
176401682
176401611
176349895
176349733
176349655
176350719
176401404
176349363
176350381
176401185
176348894
176345739
176349863
176401176
176400943
176349163
176349921
176349891
176349099
176400867
176349913
176350425
176350149
176400830
176350459
176350623
176349399
176400761
176400583
176349989
176400479
176351560
176351266
176351066
176400240
176350954
176400011
176399899
176351114
176351647
176352576
176352108
176399794
176351438
176352130
176351700
176399781
176353014
176351964
176352620
176399546
176352586
176351958
176399313
176399061
176353804
176353602
176352702
176353172
176398995
176352516
176398739
176353983
176353955
176398597
176354033
176352360
176352750
176353983
176398595
176354247
176354281
176353638
176398442
176398241
176355825
176398094
176354316
176397850
176356247
176355147
176356093
176354610
176397621
176355063
176397464
176355780
176355853
176354631
176355027
176397235
176355477
176354973
176397112
176354631
176358028
176397030
176356444
176355297
176396816
176357950
176356994
176396779
176358164
176357652
176357692
176396737
176357132
176356778
176357612
176357144
176396558
176356878
176396364
176356486
176396203
176396131
176356215
176359811
176358273
176354784
176395933
176359517
176359317
176359189
176395701
176358425
176358793
176395633
176356802
176395379
176356610
176358581
176395236
176358473
176358110
176395186
176395005
176359929
176358293
176394909
176359495
176360448
176394831
176358349
176358563
176359944
176394645
176359267
176394426
176360236
176360498
176360896
176394375
176394339
176360386
176394214
176360924
176394016
176360800
176360946
176361142
176393827
176360980
176361633
176361231
176361112
176393692
176361539
176393604
176393561
176363382
176361467
176362412
176393463
176362187
176363158
176362214
176361737
176393397
176362277
176363006
176393396
176362205
176361601
176362828
176393286
176362608
176362430
176393267
176362313
176361625
176393149
176365522
176365386
176393029
176365138
176361905
176392946
176362442
176362634
176364912
176363504
176392848
176364902
176363824
176362730
176392775
176364734
176363424
176392752
176364716
176362634
176392647
176364632
176392612
176363290
176392531
176364382
176363660
176363428
176364174
176392500
176363968
176392498
176363892
176363476
176392476
176362826
176365214
176392425
176363814
176364854
176392388
176364782
176392309
176363778
176364450
176365402
176363926
176392256
176392227
176364346
176365014
176364106
176365604
176392159
176363778
176365206
176364790
176392149
176392141
176365446
176363966
176392094
176391986
176365955
176365790
176365712
176365772
176391908
176391880
176366055
176391766
176391718
176366017
176366261
176366160
176391687
176391614
176391532
176366229
176366288
176391412
176367447
176367073
176391350
176366479
176366704
176367259
176367040
176391293
176366701
176366692
176391233
176366761
176391186
176391171
176366374
176391072
176390979
176367511
176390936
176367287
176367785
176366323
176367481
176390843
176367759
176367619
176367407
176366587
176390752
176367119
176367725
176390653
176390603
176368024
176390536
176367856
176390417
176368087
176367822
176368483
176368341
176390302
176368253
176368171
176367902
176367966
176390271
176390268
176390245
176367513
176390172
176390116
176368752
176368670
176368695
176390109
176369516
176390032
176368461
176369426
176369210
176389976
176368043
176389918
176368996
176369050
176369658
176369030
176389830
176369428
176367673
176368772
176389802
176369819
176369024
176369508
176389705
176389674
176369715
176370052
176369946
176369697
176389640
176370409
176370357
176370111
176370337
176389638
176389596
176370185
176372258
176369412
176389529
176372120
176370113
176372038
176369765
176389448
176371976
176370564
176370632
176389342
176370866
176371936
176370650
176371744
176389232
176370662
176370768
176389215
176371684
176371066
176389148
176371018
176371502
176370450
176370704
176389079
176371480
176389049
176388986
176371442
176370872
176388888
176371180
176388861
176371404
176370970
176371248
176371374
176388800
176371438
176371398
176370790
176371382
176388755
176371382
176388709
176371686
176371102
176371806
176371656
176388689
176371038
176371928
176371614
176388633
176371786
176388603
176371888
176371832
176371916
176388597
176371916
176388582
176371512
176388519
176371960
176388464
176388433
176372036
176373058
176372946
176388394
176372356
176372287
176372269
176372908
176388382
176372468
176388368
176372822
176372214
176372786
176372604
176388311
176372780
176372488
176388278
176372576
176374114
176372568
176374022
176388261
176373936
176372822
176372420
176372106
176388222
176373812
176373694
176373098
176373094
176388170
176373594
176373650
176373398
176373518
176388147
176373210
176388134
176373274
176388127
176372926
176372526
176373122
176372706
176388115
176388076
176373164
176372586
176388067
176372758
176373084
176373248
176388063
176388003
176373442
176372902
176373254
176372726
176387983
176387942
176387880
176373378
176373362
176387829
176373758
176374259
176374189
176387780
176373622
176387731
176374133
176373602
176373956
176373594
176387678
176373534
176387642
176373650
176387585
176374171
176373522
176387557
176373804
176373626
176387506
176373706
176374249
176387445
176373690
176374958
176374492
176387385
176374346
176374956
176387352
176374792
176374556
176374924
176374652
176387295
176374898
176374806
176374436
176374774
176387292
176374906
176374678
176374524
176387266
176374756
176374650
176374622
176374520
176387226
176375943
176374444
176387212
176375287
176375147
176375833
176387168
176375791
176375175
176375737
176387107
176375259
176387048
176375719
176375311
176387015
176375131
176375565
176375697
176375337
176386961
176375401
176386917
176375607
176386878
176375163
176375083
176375421
176375325
176386848
176386825
176375533
176375139
176375763
176375643
176386809
176374920
176375003
176386807
176386745
176376084
176377056
176386685
176375853
176376092
176377006
176375829
176386647
176375841
176376960
176376534
176376878
176386632
176376286
176376768
176386588
176376644
176375946
176386566
176375853
176376310
176376534
176376174
176386535
176386494
176376126
176376390
176386489
176376500
176376156
176386456
176376316
176386452
176377068
176376264
176376844
176376800
176386434
176375976
176375952
176376592
176386422
176376704
176376640
176376460
176386360
176376084
176386320
176386311
176377157
176376736
176386286
176377204
176377184
176386258
176386208
176386193
176376988
176377282
176377920
176386133
176377324
176377850
176377534
176377470
176386130
176377506
176377728
176377538
176386090
176377640
176377664
176386032
176377436
176385990
176377610
176377728
176385933
176377504
176385919
176377600
176377296
176377716
176385914
176377472
176377149
176385913
176377858
176385896
176377852
176377995
176377750
176377858
176385892
176377941
176377933
176377882
176385876
176377929
176377536
176385866
176378017
176377858
176385851
176385820
176377983
176378086
176385795
176377971
176378361
176378022
176378329
176385776
176378153
176378213
176385761
176378295
176378101
176385745
176378279
176378263
176378199
176377987
176385713
176378183
176378213
176378020
176385681
176385672
176378153
176378036
176378331
176385670
176385662
176378501
176378479
176378311
176378351
176385636
176385621
176378417
176378283
176378385
176385590
176378561
176385569
176378534
176378465
176378635
176385560
176385557
176378411
176378583
176378399
176378534
176385551
176385538
176378483
176378778
176378770
176378671
176385520
176378710
176378677
176385515
176385493
176378641
176378890
176378617
176385466
176378842
176378882
176378767
176385450
176378722
176378880
176378704
176378876
176385427
176378868
176385408
176378842
176385379
176378809
176385355
176385325
176378767
176378900
176378926
176378918
176385293
176379003
176385285
176378943
176378862
176378965
176378920
176385284
176378927
176385263
176379041
176379021
176385245
176379084
176378959
176379122
176379060
176385217
176379009
176378894
176379114
176379110
176385188
176385156
176379044
176379833
176379166
176379134
176385143
176379811
176385112
176379771
176385088
176379164
176379711
176385076
176379201
176379677
176379669
176385065
176379245
176385049
176385042
176379655
176379189
176379185
176385024
176379311
176379613
176379197
176379164
176385021
176379148
176379571
176384996
176379275
176379515
176379529
176379453
176384979
176379437
176379449
176379193
176384964
176379401
176379321
176379395
176384934
176379333
176380029
176379281
176384905
176379241
176384899
176379975
176379605
176379533
176379541
176384898
176379951
176379489
176379907
176384869
176379855
176379765
176384847
176379425
176384823
176379685
176379693
176384802
176384790
176379637
176379649
176384779
176380104
176379907
176380054
176384759
176379983
176379951
176384732
176379875
176379725
176379693
176384720
176380109
176380291
176380261
176384712
176380243
176380036
176384691
176380155
176380241
176380207
176384660
176380287
176380139
176384652
176380060
176380123
176380199
176384640
176380183
176379995
176384634
176380329
176380111
176384627
176380357
176380291
176380309
176380139
176384610
176380353
176384579
176380673
176384558
176380619
176380415
176380419
176384553
176380499
176380563
176384540
176380523
176380509
176380807
176380359
176384523
176380805
176380421
176380359
176384495
176380779
176384481
176380407
176380541
176380509
176380777
176384476
176384469
176384462
176380757
176380753
176384452
176380747
176380497
176380737
176380553
176384448
176380649
176384436
176380721
176380705
176380677
176384420
176380653
176380375
176384416
176380553
176384400
176380549
176384398
176380533
176380769
176380705
176384390
176380713
176384388
176384372
176380773
176380689
176380689
176384366
176384363
176380729
176380791
176380641
176384347
176384337
176380713
176384333
176384325
176380937
176380853
176380935
176380791
176384323
176380919
176380849
176384307
176380795
176380893
176380877
176380857
176384292
176380855
176380853
176384291
176380817
176384290
176380833
176380857
176380881
176380939
176384287
176380967
176384284
176380979
176380893
176380964
176381064
176384269
176380969
176384262
176381032
176381002
176380964
176380992
176384247
176384244
176380988
176384239
176380988
176381036
176381038
176381000
176384231
176380992
176384225
176381178
176384213
176381064
176381172
176381150
176384205
176381086
176381120
176381058
176384192
176381068
176381058
176381106
176384190
176381195
176381168
176381082
176384188
176381124
176384185
176381213
176384184
176381213
176381195
176384171
176384157
176381297
176381148
176381270
176381309
176384143
176381267
176381294
176384130
176381276
176381282
176381234
176381288
176384128
176384119
176381285
176381341
176384115
176381311
176384104
176381434
176381418
176381400
176384097
176381379
176381420
176384083
176381364
176381403
176384071
176381361
176381388
176381297
176384062
176381352
176381297
176384053
176381523
176381361
176381477
176384043
176381453
176381519
176381379
176381424
176384027
176384015
176381509
176381497
176381453
176384009
176384003
176383987
176381567
176381535
176381469
176381525
176383971
176383965
176381487
176381551
176381787
176383951
176383947
176383942
176381785
176383927
176381579
176381755
176381599
176381735
176383918
176381611
176381623
176381729
176383908
176383900
176381711
176381695
176381687
176383898
176381685
176381645
176381649
176383896
176381653
176383880
176381625
176381605
176383869
176381573
176381691
176381683
176381563
176383860
176381649
176381671
176383854
176381633
176383851
176381601
176381703
176383844
176383829
176381761
176381659
176383827
176381771
176381709
176383826
176383810
176383809
176381790
176381801
176381792
176381797
176383805
176383797
176381775
176383790
176381832
176381828
176381914
176383787
176381822
176381910
176383779
176381810
176381894
176381852
176381864
176383771
176381882
176381840
176383770
176381868
176381824
176383769
176382008
176381856
176381832
176383768
176381998
176381824
176383766
176381808
176383764
176381992
176383759
176381790
176381980
176381974
176381972
176383753
176381854
176381960
176381928
176383746
176383744
176381906
176381946
176381886
176381918
176383741
176381932
176383735
176381962
176381894
176381960
176383730
176381962
176382086
176382078
176381936
176383726
176382064
176382074
176382052
176383722
176383720
176382052
176382048
176381984
176383712
176383707
176382020
176382040
176382012
176381984
176383706
176382012
176382024
176382131
176383702
176382129
176382052
176383696
176381968
176383692
176382117
176382115
176382107
176382097
176383686
176382076
176382044
176383679
176382040
176381976
176382028
176383678
176382093
176382044
176382084
176382016
176383672
176383664
176382016
176383656
176382157
176383649
176382060
176382060
176382141
176383648
176382119
176382103
176382133
176383643
176382145
176382089
176383639
176383638
176382145
176382141
176383634
176382182
176382111
176383633
176382119
176382166
176383627
176383623
176382160
176382103
176382184
176382182
176383621
176382095
176382162
176383616
176383614
176382151
176382201
176382197
176382189
176383612
176382185
176382216
176383608
176383602
176382204
176383596
176382240
176382226
176382212
176383590
176382286
176383586
176382204
176382274
176382264
176383585
176383577
176382216
176382254
176383572
176382286
176383564
176382244
176383557
176382254
176382220
176382216
176382216
176383552
176382242
176382250
176382289
176383546
176382323
176383541
176382313
176382317
176382305
176382334
176383535
176382299
176382293
176382282
176382317
176383532
176382352
176383525
176382289
176382338
176383519
176383518
176382419
176382326
176382417
176383516
176382403
176382367
176382375
176382391
176383509
176382389
176382359
176383504
176382389
176382508
176382383
176382383
176383500
176382504
176382365
176382490
176383493
176382413
176382474
176383487
176382428
176383479
176382365
176382470
176383476
176383475
176382436
176382468
176382436
176382405
176383471
176382405
176382452
176382512
176382504
176383469
176382436
176382488
176382480
176382448
176383468
176382428
176382440
176383467
176382448
176382397
176382448
176383465
176382377
176382531
176382527
176382517
176383458
176383455
176382577
176382513
176382496
176382488
176383453
176382571
176382565
176382563
176383450
176383448
176382555
176383444
176382519
176382523
176382539
176382553
176383442
176382523
176382547
176382551
176383438
176382537
176382547
176382531
176383436
176382606
176382533
176382543
176383435
176382598
176383434
176382519
176382543
176382592
176382592
176383431
176382575
176383429
176382543
176382584
176383427
176383423
176382580
176382575
176382543
176383422
176382617
176382580
176383421
176382580
176383417
176382611
176382618
176382600
176382584
176383416
176382604
176382615
176383415
176382624
176382592
176382592
176383414
176382622
176382607
176383411
176382584
176382622
176383409
176382624
176383408
176382631
176382666
176382634
176383407
176382658
176382644
176383404
176383403
176382652
176382687
176383399
176382644
176383398
176382667
176382685
176383394
176383390
176382636
176382681
176383389
176382652
176382675
176382677
176382679
176383387
176382675
176382664
176383383
176382671
176382675
176382667
176382692
176383381
176382690
176383380
176383377
176382685
176382736
176382694
176383375
176382681
176382728
176383372
176382706
176383370
176382740
176382722
176382732
176383368
176382702
176382714
176382716
176382724
176383364
176382708
176382706
176382706
176382712
176383362
176383360
176383358
176382742
176382736
176383356
176382712
176382752
176383352
176382748
176382750
176383350
176383349
176383347
176382742
176382753
176382765
176383343
176383339
176383337
176382759
176382757
176382769
176383335
176382789
176382781
176382757
176382771
176383331
176382775
176382794
176383327
176382787
176382781
176383326
176382787
176383323
176382797
176383319
176383315
176382775
176382800
176383313
176382804
176383311
176383310
176382787
176383309
176382850
176383306
176382816
176382842
176382836
176382816
176383302
176382838
176382820
176382838
176382816
176383299
176382830
176382824
176382838
176382824
176383296
176382816
176382816
176382850
176383294
176382875
176383291
176382876
176382869
176382855
176383288
176382861
176382863
176382887
176383285
176382855
176382879
176383282
176382885
176382877
176382877
176383281
176383279
176382936
176382910
176383275
176382898
176382934
176382934
176382926
176383271
176382926
176382906
176382918
176382910
176383270
176382910
176382890
176383268
176383266
176382898
176383263
176382950
176382944
176383259
176382970
176382936
176382968
176383258
176383254
176383252
176382906
176382960
176383250
176382938
176382914
176383249
176382958
176382946
176383248
176382984
176382954
176382952
176383247
176382942
176382982
176382946
176382942
176383246
176382980
176382962
176382954
176382978
176383244
176382954
176383242
176382974
176382962
176383240
176382972
176383239
176382970
176382966
176382950
176383238
176382974
176382974
176382970
176383237
176382989
176382985
176383236
176382954
176382978
176382991
176383235
176383234
176382997
176382985
176382985
176382991
176383232
176382995
176382993
176382993
176382993
176383230
176383229
176383228
176383003
176383033
176383005
176382997
176383227
176383031
176383029
176383017
176383009
176383226
176383017
176383025
176383021
176383224
176383000
176383223
176383031
176383017
176383221
176383219
176383023
176383015
176383034
176383015
176383218
176383007
176383031
176383216
176383214
176383015
176383015
176383212
176383040
176383034
176383210
176383209
176383208
176383038
176383067
176383063
176383207
176383043
176383036
176383059
176383038
176383206
176383055
176383057
176383047
176383204
176383065
176383055
176383203
176383047
176383057
176383053
176383202
176383067
176383053
176383053
176383045
176383201
176383200
176383061
176383075
176383079
176383068
176383198
176383069
176383075
176383075
176383196
176383117
176383083
176383069
176383195
176383115
176383194
176383099
176383091
176383091
176383111
176383192
176383107
176383095
176383087
176383087
176383191
176383105
176383087
176383101
176383091
176383190
176383101
176383189
176383188
176383186
176383091
176383131
176383127
176383097
176383184
176383105
176383182
176383125
176383121
176383181
176383180
176383113
176383117
176383113
176383179
176383121
176383178
176383109
176383109
176383133
176383176
176383101
176383131
176383174
176383131
176383134
176383173
176383141
176383137
176383172
176383123
176383139
176383137
176383134
176383171
176383141
176383141
176383169
176383143
176383168
176383143
176383166
176383164
176383144
176383163
176383152
176383162
176383160
176383162
176383146
176383156
176383154
176383158
176383152
176383154
176383152
176383149
176383146
