5000
0 503461
1 760438
0 559375
2 216394
4 772866
3 28482
5 944477
2 786906
4 110473
7 956948
8 198192
6 667327
9 522186
13 727362
2 987209
14 266786
12 575176
8 182463
10 774938
15 643288
13 247583
21 458052
19 926876
1 507054
15 533474
19 970289
7 234627
10 805150
18 355768
26 120507
21 47198
20 369623
0 248584
21 775089
9 905853
12 716798
27 644602
18 821249
24 693721
34 627983
24 379219
12 556059
34 304218
34 800185
3 61594
30 351458
2 710245
15 997325
14 425761
32 987885
42 515548
51 225540
34 220984
26 909448
32 136896
7 456375
22 129955
30 750213
50 841024
50 256433
39 686210
36 896174
18 544362
32 848608
12 668591
33 561780
14 709694
53 906501
36 513863
31 189596
35 333437
70 461023
64 935383
49 378460
7 144526
28 986481
26 666944
23 105225
53 884820
48 607037
31 26199
56 29418
52 159148
31 777421
78 949462
55 426971
24 521549
49 188437
27 212273
25 188326
7 13079
15 305107
61 344661
66 853776
77 803105
79 34557
76 441726
57 401329
44 618175
45 796419
11 273121
28 754531
16 145238
100 598510
97 967170
26 901900
59 439282
74 772947
67 341216
31 750172
101 557500
83 316322
105 415662
101 934326
66 237939
19 676774
35 262118
84 489755
35 853279
101 875825
69 839201
46 232794
86 550156
63 775832
59 407257
7 117131
107 960348
42 190015
10 610506
70 890978
96 116274
121 485665
101 875460
46 590720
50 507979
63 334399
44 315573
81 382798
1 253490
98 67951
72 525955
122 283870
41 654226
71 631373
10 456833
85 284212
68 281320
73 967591
147 882374
47 264603
29 915927
62 841289
30 687704
39 956000
93 66151
15 804124
152 229225
30 38565
147 314405
105 885528
117 523230
49 105446
83 818486
162 171107
42 453322
126 894342
124 670970
98 856640
65 519991
18 670904
154 479238
55 739130
159 478926
156 594468
119 808936
169 858166
81 634805
106 685383
41 600099
48 27411
112 941885
118 541472
181 639756
176 135273
129 313562
67 731900
157 968674
106 203063
101 307227
54 515237
110 37384
185 422606
147 260568
172 674778
168 416757
77 746429
147 84009
160 338780
41 428962
128 855183
43 279443
118 662498
7 348057
170 518257
116 139287
73 220547
125 530865
148 104635
40 396068
78 943548
114 31451
53 127452
47 672439
209 830665
197 83326
32 674524
190 65190
83 251094
10 241316
187 955893
208 598441
6 111952
192 48613
190 38201
25 484806
184 983920
189 133317
150 733723
213 337465
64 444834
220 210793
103 611439
35 581485
67 580727
93 899007
166 923885
212 888179
16 494862
175 486268
180 494088
8 978204
34 609178
69 501010
45 27523
163 684598
30 470356
193 30772
187 69774
141 182410
239 143629
180 451378
148 790410
151 744958
173 70196
113 399440
140 924913
15 946324
163 313277
185 9658
153 487080
159 415382
162 947711
65 399829
123 453179
210 18468
157 633666
168 199802
113 1600
222 886058
98 652046
19 203818
197 42869
197 360850
153 231348
265 314472
265 239448
156 322245
270 913200
180 620622
98 457838
29 758954
51 693652
128 525619
191 289237
227 138679
44 304909
13 470534
171 662164
251 725222
227 320836
147 741896
8 782048
141 724296
130 930955
143 336131
157 303000
31 276765
142 45034
73 167122
234 815514
22 198517
198 105609
184 366668
272 184229
26 532744
58 997542
125 514677
145 837370
281 871147
91 842841
81 792859
295 372617
306 76848
38 230583
278 455639
167 984100
60 838309
135 886263
63 460554
16 423252
249 16302
68 90679
300 89672
313 128391
10 847887
155 321998
155 815385
319 506598
12 777057
283 598865
156 528473
110 144875
213 655340
114 858977
113 195916
198 232642
77 48528
36 877595
4 882366
158 243520
187 624249
268 123276
260 295433
4 367180
244 625457
319 50625
223 172737
220 65325
171 165748
83 120846
233 88648
283 722998
17 916801
236 59559
251 294176
169 875815
137 308714
223 891882
300 173921
37 226510
319 979766
297 996315
60 372311
304 95388
280 153715
34 553400
149 185136
291 313876
74 774462
332 185519
218 907353
362 46479
5 73979
367 51879
73 516775
56 437392
132 219180
224 132951
13 32102
186 972988
192 968988
236 400471
359 257327
71 429595
19 650964
70 61756
145 370427
279 348108
148 227411
134 245493
145 602695
169 158135
69 655908
84 125829
367 158315
214 474004
234 808137
114 941339
394 819368
282 230027
216 672994
160 252935
2 172473
398 424449
222 210100
249 211593
3 728473
155 689414
60 45833
23 686254
132 247831
94 992553
93 270878
241 859920
153 127183
62 287516
278 326756
409 322183
213 725785
251 650909
119 159324
389 879322
336 44106
311 231048
222 612593
242 934700
106 455022
393 157346
385 612665
22 231406
360 308944
422 516837
136 637718
89 99973
310 883250
404 151172
111 199808
367 134168
402 175106
429 155810
177 672616
29 52687
384 530657
432 524014
236 964080
421 63317
293 511656
179 201190
360 38553
5 894205
184 312061
401 868791
162 634360
130 862071
277 534705
245 208602
241 228731
257 241273
77 388802
412 159717
182 107305
355 514489
312 536566
53 38058
243 731200
16 531471
354 928610
60 84319
241 548853
441 710564
346 209907
463 273037
67 530787
296 885534
233 418656
27 625387
369 376261
57 420469
175 1918
58 774958
171 959858
179 385799
472 519493
293 373411
330 123149
147 518989
19 157689
383 242863
281 868029
408 102596
4 621676
9 658630
353 14849
355 47448
299 906565
373 578433
148 187821
87 119909
494 377290
188 351567
63 62851
232 660388
206 501552
49 95577
274 90790
450 964589
456 878918
379 880055
113 352812
492 113631
189 60298
77 650444
54 918073
132 443727
466 677686
188 388803
475 520186
171 831058
504 672851
341 489316
351 82321
353 59033
236 210388
96 14642
440 943066
226 47947
36 984898
302 116012
28 705662
71 402087
85 353315
343 46714
184 353748
401 653471
160 425975
82 416373
492 115311
387 823957
297 196605
240 654785
153 642920
16 860191
326 584470
408 552001
168 100210
410 957582
505 222397
41 564941
256 404455
221 801847
16 27073
27 963191
103 340638
99 560881
536 867278
94 557993
314 220397
295 708224
106 573169
5 535086
385 889049
281 22640
232 844404
142 116060
63 527231
549 243861
133 27454
269 353622
107 325170
290 928642
124 893173
176 357683
332 772139
315 120609
216 438753
378 169000
296 167641
363 6721
270 940417
481 255982
432 195665
35 427223
311 882060
392 39661
492 586698
254 52481
63 849844
67 599296
462 241695
326 865546
98 192685
395 98428
526 687770
337 485668
232 692159
424 673235
502 461313
21 30088
205 713682
92 274401
591 435173
247 74299
323 353049
286 186312
148 47128
232 938216
191 814132
495 719381
482 167539
222 310291
568 218583
496 762307
487 500338
340 516612
382 898796
313 205569
371 362668
7 42785
505 125672
315 65904
252 15095
477 973154
452 242362
148 753387
18 996358
604 314523
432 124443
606 215857
160 174259
121 339936
262 813728
180 572954
549 37401
434 800816
409 619744
117 569061
439 27531
390 147841
295 97326
118 354216
439 100148
482 34557
468 85360
146 319250
348 320054
295 784682
484 240456
372 281065
514 872138
585 915417
64 579750
40 452914
554 344784
612 131567
198 166928
163 245015
411 789406
79 860319
354 757652
47 807670
88 723129
461 60469
323 630777
46 503366
452 358560
112 437007
287 887202
465 888839
152 168335
91 637599
443 586410
186 218267
561 419984
69 77345
365 22318
591 876156
528 49228
8 534711
340 158514
554 483736
621 170248
474 132772
469 362628
81 520970
356 463085
580 970464
317 432044
360 6395
75 20200
630 616255
190 537911
632 749267
554 506384
233 505818
612 236169
216 705867
128 714080
12 641688
325 320781
658 480037
307 375457
582 556099
136 398081
172 51006
358 58491
620 12552
79 916691
308 637118
573 997072
8 149324
523 526629
269 680258
177 143960
173 74902
77 715685
220 34083
618 594077
435 361748
8 419084
50 226967
179 581907
480 265297
612 829473
35 913274
336 92074
330 150822
162 823871
50 531015
555 803366
639 81209
464 36180
544 241032
153 128835
707 945212
385 156692
437 791498
314 5331
429 34317
47 301571
207 102307
244 597892
504 99844
671 879744
93 152956
558 97887
530 849144
470 520216
431 462803
21 766029
660 796294
76 544499
112 987131
28 276289
333 993233
93 174008
99 541055
430 175296
289 774922
232 762593
412 48422
694 533675
268 77234
708 972022
242 129035
563 20326
138 888308
745 410074
414 888844
116 556718
510 456599
144 33216
678 326441
452 658077
432 76325
24 289602
569 226809
699 461822
370 845666
703 648169
450 974075
720 226048
679 251143
470 431029
100 526415
79 588504
321 6812
399 537158
268 149292
395 100826
136 654740
158 298387
399 48022
621 273773
392 86263
29 607851
371 95085
225 941004
327 734836
110 628860
296 771374
731 174775
739 720637
64 355991
650 879032
447 135159
426 756696
460 712657
91 442450
693 346298
495 31022
345 123047
529 394582
714 52288
359 552783
584 854521
317 971398
292 314216
125 733053
6 291386
261 261806
60 17759
194 883724
399 552226
655 122261
778 271332
613 29058
763 509021
272 43766
290 961329
78 465218
824 9413
160 228391
649 315046
71 633089
618 436183
237 921306
823 90422
147 843189
175 919891
224 240308
384 847703
397 44820
568 770161
361 74463
365 340532
478 137462
436 972847
236 491489
742 254587
331 393164
536 830199
619 12333
441 385094
551 535010
163 174619
700 123402
151 122528
89 909446
170 897283
608 370725
258 951565
271 606059
479 872426
694 136054
345 531274
475 732599
308 901069
26 944058
53 506676
281 582468
698 75230
16 92859
503 677436
373 135463
754 54071
497 738179
512 961742
1 870636
615 364268
831 61
393 570018
739 644427
494 354688
34 208904
771 365824
159 389967
53 209187
35 312822
740 376042
708 160098
264 250203
499 37868
425 22870
147 557342
196 525611
845 141231
579 519835
216 26882
671 962364
467 988154
363 869191
839 461594
502 541515
824 58932
521 321640
461 16487
297 115649
490 778798
350 85372
637 38491
222 520013
368 245987
605 671192
751 525832
248 142658
390 193423
326 781092
636 150219
753 131573
177 426292
466 381298
244 789289
103 386854
209 366202
424 95058
835 532297
194 718967
769 98500
667 548758
253 4733
370 274691
362 718686
429 344446
556 78980
49 308570
861 593859
458 771362
262 114184
916 74112
694 21832
729 141553
684 920145
247 125331
830 67751
931 51121
125 949608
457 618823
656 895110
333 952022
922 192489
714 28297
936 124660
810 722950
864 996609
204 592036
219 723041
931 9729
551 984942
711 672203
956 554003
718 440975
289 369044
932 465490
533 712821
845 252259
172 682646
467 821535
859 236518
837 218345
575 13918
705 171901
662 142715
842 527293
2 68213
110 970927
831 19337
929 107329
670 833031
545 314625
966 420428
455 851070
441 632286
194 245546
383 239754
555 541257
259 95998
12 882667
856 192196
277 19771
24 971695
550 197864
918 983761
185 164156
174 395543
198 83016
975 290978
237 775514
57 549971
19 849132
779 349182
212 315397
622 477820
571 982888
86 13951
262 354276
147 586034
365 178413
756 753765
595 130512
183 762389
293 133557
205 976030
326 939043
732 997045
914 604350
904 1694
435 45716
734 390970
171 250794
540 150382
435 818542
971 58287
473 899096
398 359755
69 77858
767 748459
40 207120
538 429276
963 272454
118 403122
999 67181
468 657069
945 227458
124 628965
846 464508
850 582497
238 852138
542 164362
437 161994
298 23882
104 400526
644 34065
507 287470
786 28033
507 82009
145 710787
664 182976
278 264033
490 797318
171 853179
581 120458
518 694883
67 177141
121 348468
926 394605
440 69647
256 65531
826 345086
853 46373
193 393087
323 575642
812 635928
473 420811
838 80143
608 674967
188 54203
756 649680
15 580013
1051 80090
586 32279
919 7100
485 124861
997 434468
686 205736
326 778687
996 544834
440 399048
831 11038
172 10568
521 623912
316 603972
876 272466
184 273978
626 158188
789 45290
1059 13047
963 385034
949 409523
978 322053
9 341755
968 909868
185 406941
902 288842
413 409545
989 222907
519 103806
279 615691
610 310649
1043 34144
403 84154
878 882113
29 933725
446 570178
905 498389
496 444757
80 284023
856 165480
679 151022
226 518057
835 459307
573 992205
989 652393
723 897080
431 96107
168 717431
221 77788
244 492546
888 151867
500 356923
807 137142
800 224780
965 26249
423 6633
1014 277853
75 917259
273 69514
749 434180
833 99876
807 331136
436 323307
860 351492
1057 26608
809 222049
473 95024
766 560587
677 18237
811 178797
713 383137
725 52333
1100 747190
236 991132
245 885823
500 356901
277 902154
901 953816
744 335621
29 118957
61 111188
874 322814
718 595557
583 889370
432 230744
960 991321
229 490421
948 995386
291 348136
1082 13227
542 869362
835 481935
230 234410
887 205972
318 761356
4 808838
737 692201
1095 359419
436 567657
707 966167
841 269222
157 51492
1033 10997
334 717935
1131 103160
782 111544
320 935392
1160 244285
868 455389
329 238778
654 352886
333 741106
1047 98880
911 767576
495 974052
1154 460971
917 875478
459 651433
616 72627
64 821847
942 92236
134 519638
790 201619
792 503936
303 176131
1151 388593
633 53362
261 236695
518 383918
363 320396
368 8401
419 873160
1050 65385
126 206240
838 91543
811 449492
907 565434
356 883753
601 177474
347 374854
1200 986294
1117 469828
428 594852
851 248217
486 181626
374 44440
1102 21621
924 994514
33 899446
491 330425
1180 96343
505 177673
1188 509118
1069 35566
952 253926
301 958567
557 705639
298 99625
831 3625
190 476185
662 241600
1168 953992
28 218989
931 507988
459 965050
812 888609
323 372234
1016 10866
747 238525
20 923794
815 953778
546 567166
552 859793
478 930467
622 162541
279 587668
307 867113
810 664524
1200 998043
728 578037
1214 506190
631 130519
618 707996
869 17271
420 148170
520 812348
645 220498
701 518095
683 756799
471 630564
244 246791
637 41152
750 771017
538 385460
377 94081
715 332141
1007 261074
929 254559
450 160650
784 321999
613 161067
274 172915
956 106602
797 876332
645 79619
100 979160
358 55160
988 13797
1095 753305
982 123877
816 288587
370 234784
355 131795
1078 8574
956 5142
1255 170838
164 704907
184 276285
296 325368
210 277188
63 68223
751 363517
1159 995569
887 919173
619 7306
1082 251146
1056 434792
5 478001
1266 627835
441 228490
343 202049
1106 685787
952 81366
28 70881
31 623107
58 613911
455 516628
708 584541
294 672234
188 345585
1129 469288
194 192395
756 312076
794 284277
1036 229370
620 118975
449 300177
41 580009
1050 754474
896 124182
713 747856
1203 575685
637 17290
677 13880
9 686668
209 555460
137 847205
1058 403649
365 229024
751 843663
983 712124
495 192856
1240 323325
629 28377
453 800752
1294 232800
158 930449
458 651219
269 59877
1113 319598
465 364822
423 48044
909 561750
312 281628
352 301379
1185 146159
826 846769
1250 893090
23 517202
629 196512
734 448365
1298 119957
912 75428
292 437943
8 618392
14 225353
407 381033
271 573590
139 96656
581 133962
1039 245607
615 147470
952 229412
1230 235356
487 289330
993 457480
728 940493
673 216076
647 55867
996 563509
720 370060
1309 174181
1064 22766
63 786479
1264 113439
37 997678
1287 334362
723 152644
749 572409
67 304594
836 26649
77 118271
80 896296
946 210311
944 508364
880 9942
838 396601
42 751234
1378 167778
165 416628
867 848297
427 285225
674 746491
82 435842
353 887286
78 200113
199 451802
887 184958
797 80434
655 584
938 946051
280 923546
361 330628
1163 82795
1024 273555
338 243077
343 244207
960 403519
1283 138698
314 612635
313 48271
423 62351
1369 94848
195 382589
1195 113081
435 53848
43 647480
1236 38141
132 323034
1265 385206
335 161391
807 818019
1033 35244
1207 179386
1048 200433
989 293221
276 79332
262 663736
675 123336
985 559410
1314 280245
14 916958
890 384500
618 610677
203 558272
127 877477
115 214521
495 276895
493 402255
501 98003
1233 334043
1159 658324
262 842712
285 531004
1279 256117
767 501139
593 192613
1124 178714
630 152418
188 485886
794 264989
300 431747
1431 212091
9 130672
616 18182
574 91364
317 726110
416 667837
292 875664
145 601980
697 788021
586 48098
485 615194
191 241100
863 549131
484 139137
639 881967
174 232388
484 70338
57 502061
831 376
578 913446
1465 924079
747 13198
191 309049
893 692587
396 106792
1403 247449
1001 310471
32 135714
1321 8023
593 830712
47 903830
364 49905
1097 289943
280 539659
137 554677
524 487108
53 377283
381 976374
423 58242
1447 394311
1103 738360
256 205584
406 84311
640 879540
506 288283
721 778088
977 231592
992 88658
686 626600
1046 878461
754 456972
140 127992
101 154178
1185 144370
652 853197
673 588399
1011 208027
1223 821988
1005 49976
182 250963
543 22952
254 86908
967 127545
399 318273
1054 785717
1403 27548
213 295007
829 295475
291 360739
1115 524261
1297 98427
871 753747
1013 512266
286 146804
693 326983
1064 249072
791 153390
1126 33349
88 468512
1377 200979
96 341909
304 7646
673 601215
1128 446085
513 387569
896 20936
160 28149
1335 747798
355 791930
210 746599
861 110921
562 742368
1326 235456
1154 164277
98 149932
719 84551
433 142089
1156 238899
808 168143
55 132340
131 491676
719 269585
557 211477
1309 258563
1267 939649
724 871674
235 176949
272 35450
1148 327742
101 60313
385 840806
755 69177
455 852410
530 427910
1256 427499
1321 4545
1366 15952
391 272207
203 312655
750 736613
1276 284215
1065 409447
32 541784
1284 589197
1080 312107
1402 840587
1186 25955
787 23817
164 371649
847 810584
1202 3640
108 308151
1379 897311
640 931614
1083 130305
896 53283
1442 184044
901 295352
731 253397
496 972764
98 174219
131 262199
1575 337259
957 145270
519 84324
720 902284
588 201268
694 400316
1323 660939
256 508501
668 340011
774 113663
1099 62097
212 777446
238 403134
189 215276
772 933293
262 895184
1113 681429
1482 273607
1061 393623
1363 473576
1594 635222
1586 33267
1448 958338
579 237221
495 238854
626 12609
709 409521
380 299398
671 336513
386 890406
1340 784825
83 84166
933 726566
1307 274984
448 210525
904 18784
513 116245
796 337864
37 930151
1378 201244
1104 228859
960 912042
557 703253
666 100405
107 646245
980 698949
154 211530
1519 189464
1540 428959
358 173891
1237 636442
963 340070
566 22140
575 588524
1537 727183
228 620695
125 573528
50 441859
814 277996
468 617243
636 558771
778 508080
399 350443
1238 904794
753 98699
1012 518183
28 31448
353 854152
1072 47778
1450 348379
1354 976340
75 970322
925 314401
237 436388
1071 58881
1026 148203
350 323532
1341 728884
1536 209973
188 980083
1138 273159
1597 558405
948 446133
1471 36867
1304 714416
60 15757
1242 254293
497 730753
891 28858
109 430596
114 595105
862 164453
475 107573
863 295220
1205 24816
593 412869
1206 226711
202 542656
571 116617
7 352601
520 717857
92 359732
1533 97551
281 692887
985 814424
1034 261064
917 731924
291 321912
1169 862146
288 924994
1075 157664
1000 701967
1676 781513
759 920986
685 538312
19 88437
362 101290
854 998453
1455 239913
1537 803919
765 93550
8 751162
89 821971
931 225415
439 80860
1031 910784
75 126058
43 187261
23 304536
979 137924
696 526258
97 498638
264 939041
444 31267
37 354786
1170 2270
1627 12832
880 15085
1583 314759
509 127328
665 25373
703 560241
321 174920
544 137198
910 8827
228 358761
290 321352
364 61600
1002 80069
1300 16988
1364 147897
1676 538442
1733 151565
1643 257986
207 711777
734 79013
558 99782
881 168319
1357 14493
580 185290
410 627101
833 986223
1523 50446
959 512593
520 176990
361 843176
22 275843
1566 3554
1447 12740
858 72565
1071 610767
442 359680
888 848797
67 87536
1704 688453
297 846497
814 447195
456 512785
1032 18748
1010 68225
1483 428302
586 46457
979 212486
93 534014
1596 613590
1266 924213
1648 90424
1344 126490
901 458768
1574 557254
1768 250079
1709 176923
534 688099
371 963700
312 430395
39 257868
1506 102341
1500 794553
290 941606
872 237902
400 157058
1174 678717
864 689407
728 712943
1592 180807
1744 549828
249 373614
883 769707
1180 21630
966 165199
1020 754344
963 340775
1024 330615
1721 44144
1041 131163
1228 24083
971 120379
1789 360471
1082 18555
803 433617
1390 58996
478 115206
341 787403
872 992770
517 272458
1507 635371
1256 283185
374 113501
246 289264
594 209040
966 681809
15 890594
1303 73678
1430 220029
697 147813
1812 435084
1123 10574
1575 151440
106 988107
113 522133
1200 516735
1573 147568
710 781358
881 975022
1463 129777
455 179817
1097 549709
1080 154405
1089 866665
115 841847
357 204241
1323 319875
866 223630
766 65284
274 3655
777 624458
991 210153
937 996497
786 107678
1659 922282
1132 98719
1328 459453
1145 996738
1325 207434
1350 26415
179 555286
47 72932
1701 729952
990 724414
425 587688
177 828595
77 928018
1641 130055
271 529940
1810 42070
410 944669
808 733972
1092 122692
1661 636613
359 377947
649 422224
810 771339
393 380041
794 595430
489 256719
210 290781
1727 15270
909 850037
416 15724
83 475976
1761 681369
816 975325
550 121797
1262 337025
638 81410
1132 33345
1752 762410
176 814525
277 438328
485 563055
471 154891
1774 91846
1820 354363
181 673188
794 803599
604 424119
1466 124968
619 44297
592 37278
482 471490
567 527557
794 488960
1543 877981
865 336772
73 364256
1347 36495
823 24191
881 628783
1303 142640
185 741641
169 450099
1525 65270
1233 169668
766 464800
1733 271783
1171 111703
1817 167620
1291 579412
944 96829
1844 729855
1867 394778
375 603988
1002 206407
355 647876
669 535246
817 127857
987 39599
1449 900595
1081 762279
555 568389
1524 17791
916 56271
501 445046
1623 746102
1095 216513
1636 55297
1545 235571
234 9401
1540 131325
220 513125
1053 624614
471 461279
1306 488877
1007 136743
1900 13144
1327 882746
1604 526844
1324 134349
401 202621
1325 195985
1800 57705
1103 593580
1663 738754
1514 759151
470 494177
1210 788809
204 940077
698 305837
1142 798090
426 743879
1728 5049
548 527133
183 208107
732 200600
1236 49540
317 792086
292 609412
1963 238728
1086 18061
905 394155
204 793188
601 103442
1398 38008
1846 69069
956 217387
1162 104175
1515 201301
1035 86989
1009 327717
326 430371
1817 37286
1001 391588
1742 838934
1619 265382
928 718927
1109 243918
1413 209811
301 613190
417 233565
1746 77013
974 136284
1308 982367
480 174387
812 978689
1432 991161
1001 478040
1903 103578
1905 653068
276 127696
1304 714426
937 734561
532 69565
1735 293085
1906 81233
809 36278
303 683810
21 946897
1966 46498
1266 461085
416 944179
1422 110130
1520 181868
850 551062
1692 56907
191 411831
1800 23143
114 756490
1662 124681
283 997499
541 286204
1583 111853
693 7842
1621 369804
1102 127751
1681 675049
901 437289
1462 625122
846 976125
1897 291484
1537 205910
1042 28348
428 674328
868 105454
2014 714218
1950 910453
600 680057
1819 44909
771 279863
35 667175
984 186167
553 467233
1599 192341
37 933810
2016 350656
1459 1091
1740 20572
655 87586
809 183492
1451 868793
878 623101
1429 360143
1936 471003
458 117835
445 351222
648 229853
357 13271
365 108622
138 781576
1281 4168
655 17245
1872 583900
676 419218
1443 860288
1385 889234
1940 78691
1778 900780
797 933578
117 252413
1674 291796
536 573738
984 69098
80 940841
975 368655
1156 33599
561 416903
429 210777
1778 163380
1113 250041
671 1425
1299 963551
837 93271
966 18785
1729 2379
1661 438341
1637 476748
1118 698900
968 370063
362 223508
72 326474
1646 56671
2089 690824
103 429980
645 214440
413 179455
1714 616929
946 367458
988 113847
499 401269
1702 704356
61 340013
18 174214
1180 85435
449 317071
1624 196292
705 260738
1402 60614
894 393565
1216 166011
1241 473935
365 19659
1631 2336
448 283651
1444 300179
1974 111241
751 162008
945 96954
1944 113325
1360 53512
187 656251
1920 165353
462 915445
1572 823104
976 5793
1589 43494
292 749998
1766 972533
1048 18832
804 494676
598 141112
1192 737737
1031 990847
1037 514936
1554 318966
2096 435091
2082 126836
2 520706
679 77116
1887 38255
152 930410
699 746391
58 250342
635 304963
178 445494
944 47465
1362 694281
586 57483
1443 848038
1441 403819
2070 86165
1536 111655
2020 658115
2021 14721
651 887410
2061 15718
775 887368
1441 8577
720 418647
1796 230057
58 511969
335 138237
955 624838
2071 651481
2000 23869
115 676239
1896 557023
935 295913
2020 9403
1436 211231
1511 35053
2098 16918
1830 909499
524 476224
1300 71587
1471 59624
1338 299938
305 694273
201 65700
1677 498156
488 261741
78 87046
128 169206
40 284563
367 192996
1360 80746
1189 154100
135 691594
439 114742
313 252039
404 374737
1922 56216
433 618885
819 411631
540 488928
687 801422
1928 451301
709 329677
264 772226
190 131113
1658 843481
702 300404
1669 583655
2109 262791
1968 207525
1976 746004
1876 85642
1752 211813
1352 908730
1832 604482
710 573289
1676 766729
1788 38054
287 657811
2185 1569
648 208517
986 117651
1624 27196
1952 6172
1120 861576
1713 24694
2058 52057
50 409453
1955 538558
1127 681893
1051 51192
1160 914146
1764 596423
1025 686479
1187 844408
2002 486517
1586 72743
806 45273
2046 2710
326 982358
794 176487
1219 24736
653 433219
338 405246
981 181149
327 772991
596 362803
2134 768655
642 414268
1986 227795
1168 251758
1937 202845
994 640992
1832 8005
1725 13067
859 328859
1192 222370
1324 668816
77 472016
1444 138880
194 475417
707 963696
293 519146
2145 221352
1909 404918
1172 19207
1055 820237
1848 57929
862 878699
883 995926
153 773219
1552 398720
1566 19239
1416 624641
552 282654
1265 933659
450 769244
2038 8051
805 101122
1648 35979
1805 25150
1669 690946
1923 452972
101 884490
1119 92296
775 419426
148 584072
2067 344167
748 471561
1399 510290
1899 37853
1848 20959
113 320670
206 968438
1555 391639
1693 440271
1148 9453
1706 610569
1915 401483
256 161157
775 6965
1551 758313
88 218507
1646 588663
54 980932
1536 169389
1516 51360
990 122409
956 357245
900 483544
118 34518
645 28788
2195 824135
679 16956
1462 748776
1648 138579
1172 111340
293 137772
1554 364796
2051 714574
738 433261
726 87506
694 503026
1183 450637
2123 441087
2131 433157
1769 500979
190 50441
1414 698287
1209 415552
2164 52092
70 193500
550 251932
1846 251676
1197 766385
474 194810
600 947266
619 11844
1589 741243
1498 867201
955 610337
1925 219937
1743 530763
1574 492914
119 505438
271 774135
1768 76716
1684 292266
326 551549
981 32801
427 573552
694 440105
1471 93245
2080 726044
536 775095
2062 233702
1572 387977
804 800386
452 290238
425 317643
1691 835490
2226 910805
1990 32301
1454 447722
470 395825
2023 116481
945 94096
939 41621
1527 31155
1193 218057
1565 2132
1993 393716
1088 345884
329 469643
2007 137023
1968 478661
1503 216317
1504 759557
1250 605883
2128 125178
1858 286928
542 188452
992 105119
2182 362696
276 167243
1586 45257
2140 136976
372 135658
477 577569
1204 226655
1276 19610
581 65473
1885 180910
1060 193579
1519 118575
474 694616
1398 45168
487 642871
228 937395
1466 68527
1682 806352
1721 28756
1349 15511
2082 44342
252 50928
965 78020
1038 786603
2330 684392
270 70019
1941 431296
969 120545
1135 393020
2193 740481
1930 385336
526 217629
1204 734433
959 322604
2322 468540
563 945844
1462 233152
1265 738399
99 563865
1802 486244
401 699520
2194 640935
993 880235
493 453762
1863 880023
2417 281866
1571 225608
48 231168
2275 8404
2330 23523
991 103492
911 39913
268 19573
1151 489445
272 202370
1938 416802
1896 767142
1127 367576
2214 20012
2313 7506
1432 545612
2429 92397
2130 243134
1722 803421
258 603922
1374 23429
1167 319252
233 411260
2256 7490
502 38232
812 129200
2120 285455
2041 25305
697 187641
1089 605610
1515 434685
1967 277263
1520 61350
14 413641
1746 355277
615 555408
1100 55078
164 239134
862 714442
2339 169078
1108 97145
1586 126525
355 880901
1231 39443
370 677363
1850 41984
338 591550
1719 439629
1008 148584
935 656998
1512 49447
2244 29358
1815 718035
2100 154898
66 155438
942 759432
1421 31656
1826 63903
2097 643814
1847 684249
2167 663903
928 797998
2082 52656
1408 99001
522 785072
1851 699417
1771 212410
351 315554
2113 360906
464 245592
1926 803009
662 20045
612 155588
1030 711947
1274 125539
141 81552
2477 928819
2158 721110
1715 48182
1588 317903
1113 609844
2040 382568
1060 67099
1829 396900
2019 352719
327 635997
123 1944
1359 224203
2069 744568
129 656842
717 114093
2423 417509
223 69483
2302 914172
2097 820091
1213 17460
2379 40201
600 198378
1326 230870
1343 221667
2165 100023
2304 224464
1814 288696
84 515294
1637 413633
785 837227
149 75363
1615 82625
2397 27749
1934 734132
659 468996
771 700681
989 510925
361 847841
1948 24372
2016 794909
585 344098
2131 721325
2347 24799
2107 723674
123 54796
2480 145888
2410 337430
496 224625
361 192060
597 82875
1082 421543
1768 49052
958 797286
2216 241123
1486 905041
706 33863
99 328026
1796 177362
670 311098
1415 35977
1119 235117
162 747100
442 975762
771 433894
1031 858143
1828 12686
229 806438
1117 834185
304 130561
726 724370
945 260537
311 252187
749 894806
1404 123078
1056 410138
1906 112126
1721 34848
1122 22307
16 510669
1842 25138
605 643199
1079 43642
2158 330499
479 790853
2227 296121
79 422590
1837 886518
462 33296
2403 65685
2290 14720
723 768316
843 620239
505 62526
683 680182
2579 549834
2181 288279
1172 72461
2054 538584
816 927831
1160 728901
45 247154
1720 443603
2162 903922
1931 375588
2262 11285
875 938275
2415 131936
813 61912
348 626578
859 798805
2600 847959
1470 819781
935 471003
861 546667
792 134233
960 815788
1541 668238
1916 825434
2461 169918
146 247435
2223 924478
2155 23211
1459 29638
2611 95044
1483 67065
702 822198
2261 130649
978 933746
30 58106
1883 483511
1828 9575
317 458961
316 931312
367 53433
1884 129386
2205 618436
1955 340058
2499 390925
2439 46418
1738 697137
702 868220
168 263237
278 188988
967 386854
909 981855
1608 443990
1101 665578
1187 730034
1905 859912
2252 263135
683 814509
469 273713
2388 95934
1669 418003
1939 312222
1312 310094
957 56323
2485 22283
738 514611
545 286602
84 457524
554 38148
2477 815890
1735 326038
1946 15383
657 309465
2002 560894
1483 511378
860 66388
1918 40845
975 231052
97 290458
1892 58389
564 118105
2304 88840
682 158891
1885 596119
2577 214835
1656 882916
2156 509496
1919 495948
1427 197234
620 111568
1371 378780
2504 198030
1409 13263
1661 313402
1173 9678
2139 8756
1473 884732
1073 218468
1888 476197
1242 251558
878 27489
1622 334253
2232 213685
1189 177319
1386 123300
2308 130814
484 28817
1427 95891
981 523430
781 884020
2093 581360
1532 149038
956 949636
844 880530
2440 951828
2672 16303
961 234186
2152 298278
2017 14770
1733 427738
323 786160
2638 77384
2068 744461
1714 679576
1041 410667
1904 43588
2514 118706
145 411608
411 6507
1927 31858
1211 275220
2711 227682
1497 84154
2318 983236
1737 118414
1855 10884
1416 831259
777 340723
957 82567
927 592020
2033 994303
24 490717
948 325453
348 335956
399 485152
2434 168577
1931 884119
652 107324
1817 157783
1620 158657
2334 98817
2411 214932
830 284996
652 913632
2722 408186
73 50048
1034 838360
2588 545408
761 451209
1388 385992
618 606937
1928 565631
430 260385
2535 480514
2056 101819
2752 946203
2337 769023
874 557577
392 984909
2710 11820
209 21724
1496 260712
2551 275049
1390 872253
2343 813249
2567 19760
1584 786612
2024 417176
2022 227177
1101 32869
2261 437135
2027 173165
1687 252095
2352 508356
916 54662
2708 400235
2364 129056
237 306440
2112 42706
660 980445
900 303681
1645 4435
2057 406777
2651 50285
242 338081
2762 701324
837 103076
2687 8319
2783 985174
520 293735
1554 335513
1275 43687
981 124666
2502 173944
1325 156476
2263 831273
1838 611278
2159 31709
958 487855
1661 508057
1675 6722
1571 207023
2079 835838
1033 82814
2794 418975
2661 318320
1194 38524
875 643979
2469 719496
2730 25554
1538 112687
1185 29142
2674 454298
1925 553691
879 464629
312 423255
204 220885
933 509077
1704 433096
2609 319613
483 447148
792 5004
725 57790
902 229020
657 449572
2800 892212
303 741035
2212 26392
300 805069
2253 351465
2706 935198
27 584934
2825 550383
1534 214203
208 583732
1337 436190
1333 61785
1915 320720
1296 760326
2430 74235
1966 17155
1741 53493
2779 97438
657 184164
200 251346
2190 739346
212 764768
2596 605522
2118 15534
2641 67671
258 943015
166 967820
2219 19271
2227 632822
1630 950305
926 356670
639 787896
2658 61312
395 36255
2654 793069
1960 165312
592 46359
2522 9466
1990 57306
990 833180
1158 445310
1563 799480
1848 113869
2001 255014
448 889315
2847 657476
163 16449
2732 738354
913 909524
430 114012
362 282345
678 906942
668 809422
1346 939739
1565 7282
2260 23966
2282 240953
2201 302232
157 705441
2071 153024
2734 7458
1738 603608
152 616718
1160 486432
1741 27795
1601 34060
75 35000
1193 248733
506 283596
468 489710
2390 287081
603 344645
2633 42515
2536 206292
312 684510
2716 160209
2278 5966
1678 61014
1864 9618
2076 380800
1000 404274
1759 15450
1898 60403
2800 196576
1384 225574
1738 561726
2060 2850
1511 48571
1467 614951
111 827418
2146 827467
1512 138729
2889 498298
2598 80962
2917 163677
1484 686790
1612 223637
2160 248328
913 594653
1668 907990
2421 550954
550 500469
1031 655857
1077 395526
2882 27495
1408 61875
52 143016
2451 88194
2539 521304
2350 197315
2383 226471
415 427389
1783 126310
342 679
2245 327396
673 836520
1613 41303
2879 82784
2808 18798
2672 36994
2938 245391
2798 554965
1546 858283
1205 799232
2326 965225
479 801545
2569 76205
2450 31326
2073 537477
1291 109118
1073 79337
224 374690
2713 90600
1313 51858
1982 90966
2697 42200
749 152854
596 106231
522 433641
2218 11105
2086 123603
122 442588
210 354526
107 4624
224 331967
1560 278205
1007 112316
2042 724095
104 799232
379 198953
1732 194278
246 7494
923 13096
904 32466
322 151434
685 696728
363 525460
1529 334277
656 533177
770 627661
2065 230145
383 494404
136 247008
2527 98305
735 526102
1596 474837
1103 874148
729 446622
2217 153401
2983 276219
1963 278970
1344 215686
803 825630
994 666635
1120 454062
1983 95281
664 447661
2209 570657
1527 61839
283 505329
1140 642954
1914 234563
521 620685
2883 14590
1720 253334
315 211192
93 636692
928 166689
2461 602177
2456 144582
2432 82
776 309204
2691 29000
2269 556016
399 501253
2525 85758
2653 568094
2217 2742
1934 621340
491 901
591 816189
1705 375437
18 868310
1093 333407
1488 27430
1683 670743
3006 322425
2733 175843
1836 43053
319 760011
731 969151
646 403820
1203 318966
100 143124
2141 312438
2175 40971
559 743757
723 578776
1127 724323
898 154456
1520 71053
1272 3962
851 249973
479 164259
1518 247277
2249 34718
429 898065
2065 98660
929 26381
193 176491
2300 64208
729 8269
2148 27345
617 551457
2653 593880
2345 312485
2753 410303
945 217064
2293 437
1058 351625
447 208655
1003 567068
2005 456894
1193 179003
1682 413637
2137 473340
528 23007
627 67678
1867 564877
349 14893
2764 29604
832 83913
1957 996197
2293 27031
625 400751
128 783191
2441 552166
457 298407
2610 229357
2782 178810
1125 932074
1246 507722
420 701721
1941 828219
2986 115244
1794 551815
3024 10859
1482 65074
1898 33933
1822 339135
212 426022
592 4461
860 361532
991 198839
2095 866410
2871 826175
2342 595027
940 816320
1859 781097
2062 81262
639 30538
1266 659883
2291 107019
1719 299394
1792 752906
2478 314734
1168 109089
163 998888
3091 889456
2477 906506
2935 890251
877 104882
1810 7942
1610 66889
2875 148930
605 408955
980 965613
762 130141
2942 459820
1663 368514
1894 232667
1808 7898
110 383144
2478 208978
381 402025
1643 77149
631 338084
919 554029
1766 866236
1665 131884
637 11631
2926 643616
2345 261564
272 191548
3038 531069
74 41652
2232 463966
2624 56475
127 469703
2705 478790
781 537094
621 132439
196 519229
823 37683
3056 160334
593 766849
17 17710
678 789113
3121 249835
1099 1315
1490 592923
1294 148503
2530 111574
1212 217078
1697 373356
2912 815522
645 259317
1863 110239
129 695680
1341 837622
3115 527270
642 691188
567 523602
3069 746300
1340 911121
535 43853
2750 458384
1021 335686
1613 13808
508 884127
2600 702935
2880 303017
1935 82988
370 374675
1189 132559
2498 390174
2374 2241
3157 292353
2090 569883
2532 490931
1478 3068
2919 551991
1908 212886
153 128847
1869 928731
1230 123505
1508 462505
14 698089
1658 186158
2391 186627
627 94746
626 96640
1966 44300
1792 126822
220 950942
269 602901
3081 314194
1279 398580
3002 71268
1597 735353
2452 102542
678 650421
2300 37210
2288 852247
752 211427
2355 866586
2331 561911
40 776816
1062 590470
549 3816
998 167285
1898 21032
410 644588
2039 157327
1575 971893
321 143145
3122 215059
254 103645
2877 427646
3012 42705
1817 65758
1698 829641
1816 786851
95 334759
2808 17219
2399 452213
2690 188705
561 571952
245 918943
950 926302
2996 297177
418 565645
2857 260664
1945 87396
372 11980
1695 221306
2181 828336
82 872984
2850 2832
836 360014
2938 61942
2921 95577
74 66519
470 404732
889 45353
1714 698985
47 89971
1905 150928
1105 836981
2841 59678
688 471620
3118 112049
2255 996527
2429 261679
1207 70211
292 703216
1412 39042
2573 116624
1255 262043
619 8610
334 459671
1584 716265
1578 549297
1729 251
755 151828
2903 953783
2914 25743
2555 379306
850 670889
2541 3752
1003 900455
3271 530290
3124 13379
2877 821203
2929 359980
1367 495308
2074 147462
2495 566762
1702 818400
1405 787441
821 62282
1844 946831
1355 684239
2276 517852
2645 869360
1022 47905
275 89315
792 340973
2139 6359
669 450439
1632 135352
2852 392811
2489 55404
1752 18840
2363 8875
245 595332
1068 301322
2398 50558
2355 490439
888 585461
1169 660303
840 128198
2858 10407
1258 670866
1741 58761
1883 943477
1016 8796
3113 183694
1377 447139
1507 277327
1529 788728
2811 33943
1082 372287
2540 166186
143 97529
2711 390180
2437 9994
2129 329100
1203 770135
2100 554086
191 651574
2744 195361
1073 157795
2805 62040
3215 184458
3050 374877
436 467669
703 501849
2876 923044
1547 118351
3295 4574
815 38264
731 595695
1581 4783
840 177036
3286 311923
2809 656904
2207 501910
2877 220926
1931 61658
3135 452233
333 396807
3276 9471
341 230387
772 824308
2691 11912
797 178691
1190 256351
2483 4835
945 122017
1523 876985
817 710021
1910 215601
3340 385614
2051 226504
651 99265
2216 325055
719 945385
1812 481291
234 715520
1929 340537
2505 101756
3242 824979
801 360883
1849 388564
1589 228451
3174 505134
1424 74235
2384 100403
1093 242713
621 880847
478 737260
1151 42558
2395 852401
2101 740229
2891 13482
534 616128
2065 111709
1189 11378
1426 49453
1510 837531
710 162642
629 236661
2719 728027
267 53491
661 677278
2737 474539
3149 368795
3163 200859
2385 135258
1089 40462
1601 127533
871 269470
134 420165
959 186847
973 124437
3157 122865
1999 255288
1890 151475
111 432956
3334 890903
680 181484
2478 430061
2068 905281
1152 38244
1743 679825
659 908538
3209 4239
2246 25366
2203 295059
1933 19223
88 166371
2410 425207
3190 366779
378 225454
137 988625
1122 62564
2184 44108
1783 340811
2088 732893
2727 3886
2108 140842
1149 984367
1052 969450
779 915099
2503 71338
3276 5578
1983 100398
662 240808
3170 10374
1658 602313
3343 319103
110 660872
20 957892
3035 3544
2775 617370
2971 150649
2044 505982
3033 741909
875 279556
927 954037
2261 267824
215 50365
1462 763328
1699 230467
1523 358865
2648 139622
1756 4663
155 50394
2674 505752
3432 205930
1458 788676
2172 333053
1224 371753
1244 127149
3384 704196
1784 915211
1639 26032
1259 8148
3327 646135
1692 101977
208 715002
1611 196364
1631 36351
2295 821065
1238 142113
2826 161358
587 832438
2863 13441
3255 241264
2793 17420
758 607743
1539 226676
1334 40576
823 324300
2768 666908
2527 395229
1733 40360
2884 182352
1497 241113
2931 9558
1839 642087
1156 40635
795 208186
3459 145269
2977 431328
1667 68608
655 2000
3203 484308
2768 260001
2625 49338
2979 457858
2504 284913
754 795805
654 765596
47 992083
960 479596
530 779276
1820 128716
1844 62432
1759 11299
2844 35329
1558 716127
345 621771
2018 898906
2490 330637
314 282006
1461 850332
3309 31160
348 531321
616 55513
2567 3294
1717 335580
2284 141392
3431 948767
1500 612549
1036 699718
74 43419
215 19798
1055 783547
2361 121401
2683 961151
752 548284
5 641288
2938 118411
1984 622020
1283 161843
1939 608346
3047 110707
511 874040
2790 12834
1110 704463
2585 954792
613 678617
1176 834189
182 490767
3282 222607
1557 85398
1605 946858
815 224385
343 140559
3369 203666
2525 18332
40 437302
1654 507902
2486 6802
2143 284428
590 502672
926 973946
872 616812
2583 825753
163 255154
3076 886624
2094 241955
511 940109
449 158354
3082 555721
1322 993962
3373 504150
2678 481799
2833 293755
3320 51469
1781 82341
2881 1872
3409 116141
1684 546739
3213 927306
615 878660
2425 50263
2534 509680
964 646563
1550 143418
730 316309
2046 1007
2574 302842
3549 217547
1278 696546
727 335429
3106 85013
2859 105265
739 84980
855 493948
1073 17394
569 58355
2172 120691
1545 743211
2234 332833
3131 246748
2771 522450
3028 22430
2342 906287
2319 923587
2810 646019
1996 233722
3107 95203
1780 861520
162 205537
484 41357
1642 278835
2019 244912
1724 221022
3364 688159
2662 147638
1782 76595
2584 827870
3279 18782
437 61220
2061 63891
965 69902
2253 84933
773 23142
2996 143594
14 423583
118 651627
3577 416737
1997 144943
804 337944
718 6713
259 695738
2994 379070
1715 100155
57 929864
2483 468411
1670 30762
3036 693773
2934 12520
857 387443
3352 36095
30 729855
3131 58045
2765 973250
1442 224735
1342 458870
1479 273124
282 898493
3426 209002
2945 13321
1736 15931
3339 118063
209 848543
2102 183234
766 25098
3363 210618
482 426444
2543 791384
3221 284633
500 110946
2362 20993
42 800068
3606 154598
2260 20943
2430 113840
302 107165
3560 110347
1222 14955
1378 209635
3153 65925
2410 55009
164 429777
1772 246873
3079 390611
421 219175
1590 289840
3563 162203
2040 599148
367 77182
170 5008
355 119949
133 926770
3302 893389
1914 20770
2686 15180
1232 514669
3273 8136
2401 12042
2954 20448
2902 690407
1540 220442
3626 68794
1443 962862
2455 28160
3276 9166
1622 376993
1531 37407
1723 597191
2297 109683
1780 755334
2060 3450
652 855584
1827 415924
3316 40140
599 590073
1233 305035
3382 5972
311 941346
411 120267
1709 650463
1862 686645
1893 28028
604 323859
812 601625
1199 307676
3408 129948
2181 842145
91 382740
143 616946
1063 862354
1666 382349
2625 231554
1551 680348
2200 136602
600 667120
1766 302754
622 334268
3376 405137
850 145511
3395 39376
382 922987
794 922744
2763 242777
2255 466673
1675 14320
1391 349734
1893 44462
3 400246
2187 570935
3170 256492
330 442033
3613 222328
3326 446844
802 783528
221 728383
1078 6404
2760 74269
1160 482514
1604 564326
677 6578
2496 399031
427 528498
2640 125602
2794 726407
1603 102667
539 9428
1955 580062
1968 889625
734 455351
2040 650635
2784 172755
2251 225155
3346 503914
3117 683926
3591 109383
1698 552747
1461 373781
2197 14746
2422 67766
1295 506002
830 441541
2544 974960
1008 337117
2896 83552
2808 31878
1643 8137
265 428968
1240 73182
1908 154240
2110 443482
2215 22923
1938 672015
2510 40754
1462 785487
414 272550
1085 6202
391 777260
380 794250
2224 204844
435 3117
1258 696763
2210 189997
2282 196521
870 412526
2561 505082
2557 106459
92 366794
168 938104
2675 16777
389 163723
1270 658941
1268 730683
969 98973
160 166303
3130 88734
2334 861197
1778 899295
450 396571
3454 128873
2077 363914
653 413597
1821 160769
1923 31091
134 169605
3197 32287
1650 155659
1195 113970
2519 15797
3575 53038
505 35550
915 272558
783 39680
1944 7805
1232 521544
1347 117170
2940 59798
171 265651
1213 25294
1099 63057
367 260539
3575 438308
1545 961083
1579 157926
775 528566
1339 7191
2863 31346
2458 88033
2578 74449
1279 90536
1766 182734
3557 55423
1092 929476
2619 306503
442 330868
2654 265460
434 627612
3323 693839
3104 921267
1806 468838
956 655926
776 678810
2264 730007
6 377599
2705 918621
3653 67768
3322 516491
203 469894
1902 269960
3580 1393
2014 818503
3619 413307
3846 740147
2935 706386
3303 28149
1733 824051
2610 298312
413 606324
277 499909
613 828156
992 380006
3083 298874
2737 782220
1997 202572
1938 330465
3604 82206
3580 5616
1287 398796
1761 993233
3539 34669
264 171342
573 390212
1077 164541
2146 756787
3694 4
3847 645762
1013 437015
2353 810817
606 159708
1913 62153
3083 126021
3490 983246
440 160178
3599 196364
3567 759299
843 720367
639 662396
528 18749
2308 54081
396 193744
2893 717067
3064 58981
856 122919
2425 211263
21 493100
1364 535372
2654 921452
1724 957010
1308 903401
3686 115264
3319 56888
2293 239810
2101 908451
3615 21570
3500 288999
1589 796245
2646 437729
1276 177316
3081 82223
3327 986767
964 147117
2776 54695
3058 514356
3527 57640
772 143845
2874 934532
3232 231115
2432 111769
1842 143395
3484 388100
3568 29873
662 57313
2561 987101
3818 56077
3503 765458
2262 6868
1458 166374
2507 164404
2161 96558
2483 227611
1590 56191
991 173467
1899 33319
258 628182
2482 58598
3044 764716
3816 85826
1434 244189
1619 586666
2150 78755
332 968170
2436 582
2662 763119
2262 7055
1480 203635
3224 38969
3582 49485
2173 163235
2271 302253
308 353346
3073 24529
2775 90689
1270 669517
642 674439
245 701234
1263 350540
3929 121952
437 642967
136 952064
228 409203
2656 14799
22 842404
3227 159967
2709 52016
3053 272659
3393 74895
1818 174188
2449 697538
3151 85725
1790 723412
259 781733
3284 221983
820 129845
1635 610437
3542 522183
2469 352636
3034 517109
1610 252821
3621 315645
3024 46028
493 872173
962 929781
3714 72512
1985 44622
1672 121888
235 294806
185 430454
637 43817
941 397221
3957 642837
1143 42697
3813 50333
3503 511801
436 519549
3704 282096
427 821422
1487 210449
103 976869
1694 129067
1353 814876
3667 34462
1030 923205
717 749752
3443 40645
2014 340632
353 299741
1220 81779
2002 166674
3192 805087
132 512621
908 40675
2628 454665
840 47566
214 717772
1204 421545
3913 419071
2395 935696
3623 602220
2261 559998
2977 342005
962 249316
2686 27834
443 433892
1721 9720
2131 72386
752 311005
3751 760371
748 587731
2474 31095
3459 66777
3509 332199
2666 240699
1653 168014
77 835107
3869 3968
3520 34728
3247 125156
1518 57126
3815 81434
3513 5099
757 392339
2478 367177
4014 40484
1762 432129
543 333821
1883 231799
979 5597
3432 518630
2948 473984
1674 275651
816 610827
2162 580181
165 502400
2435 208543
2117 40962
81 618874
110 89414
320 203241
1500 808033
1348 109082
1935 683731
533 579258
1629 36628
2726 975923
2830 835825
4042 88153
70 40044
3204 111729
1881 812912
3544 48488
965 7224
3152 278684
707 293120
2579 908980
593 265799
397 328673
2353 271843
3169 460510
3297 228527
3527 60969
1708 294048
2051 189404
3678 15345
1821 193973
3167 239618
3237 25510
509 250533
280 545111
915 197882
410 968492
3872 78306
1477 660834
986 473907
1098 202259
1427 47623
2574 453166
478 607365
1185 293620
235 383511
3855 692234
2688 849750
3967 170989
135 987910
3476 240032
3162 262996
1249 107811
3399 844775
1138 128057
2355 222390
1712 90948
1588 222317
2429 188023
2200 822849
1106 629953
2023 29983
1479 429814
3707 458762
2057 269344
3413 102272
2137 219055
3142 156003
3848 107102
3587 527702
887 887626
1059 227904
2532 409929
3089 688609
120 283336
1156 49972
1375 348088
411 836226
1660 179187
271 786180
1099 71504
1426 99674
1512 232956
1813 299234
59 215388
2860 1439
1453 61906
3686 170814
179 540421
3743 6867
2799 64333
4132 530420
1852 58182
3179 19986
149 134633
1439 580399
1131 157846
2437 790091
972 107728
1104 149554
3909 608647
4136 46947
2792 988968
1213 52545
1630 280139
3187 3196
1541 924436
666 896788
1294 77480
1124 335649
1959 237236
1588 282649
3377 186404
3445 654006
1470 122344
3654 11035
420 96027
109 961408
500 194958
1767 106396
87 215447
1489 93109
3970 40556
1441 575567
253 960457
782 64577
714 9372
4068 126184
2803 122334
3825 358876
3209 22379
2626 311897
2673 77013
2593 282859
2606 30436
3825 692583
3863 73295
1814 839652
49 556057
3099 100552
2057 58491
2019 174405
1378 216901
3144 808519
862 769877
3898 133864
560 560680
2449 178620
4163 759849
3020 657022
3409 199580
3911 27570
892 345816
807 858786
151 294002
1828 1095
3120 41205
534 682873
3919 22689
69 983898
3123 907729
4025 682305
3111 492102
430 956305
730 743413
3435 55017
1626 338605
1824 220573
2278 846343
1175 669052
242 831770
488 168069
2685 128202
3698 136859
3911 234758
2338 314512
1057 94869
2835 241275
1976 339002
3823 17514
1565 6282
3715 21265
1015 241997
914 351838
2655 97845
2861 774505
668 348041
360 257674
2710 16007
1889 879022
3924 21207
3821 8308
1770 846895
2778 65156
4098 470531
3229 784467
224 235539
1364 471815
3724 6886
1509 328493
2804 477390
112 324604
838 384716
1870 55550
1258 983830
3636 56019
3206 751617
4234 882726
3734 227535
3035 1001
2370 125608
3109 864329
1922 110776
1821 39875
134 32342
1104 805240
1270 895922
1904 277967
3837 242770
4226 26992
2629 5291
2722 289029
4102 744975
960 892623
1973 4819
4077 2913
3140 74484
3113 684637
2813 74903
1441 104325
3702 897334
3872 999650
651 891973
1692 50015
161 658085
1944 127727
324 105131
679 1818
1093 891421
2786 756284
4258 31856
3568 72339
2654 69272
1321 1000
1384 80988
2782 243202
1058 385766
3886 634969
542 350309
2975 414277
2570 471765
2217 28234
569 445268
2748 9561
3712 679895
4158 539712
1394 393175
1354 340938
2315 256910
1515 17824
1780 131107
3508 114656
1798 32774
1963 100951
3750 403927
902 859476
1210 746406
2631 742663
1917 491292
858 75411
3002 242693
63 525789
3189 35612
2612 445709
273 209159
2793 31869
454 323811
1388 643235
3673 933974
1130 974867
2356 483804
2123 172309
133 871362
266 795576
198 194295
77 264295
2342 460359
1472 549390
4241 215549
2974 81739
1412 45314
746 151150
1432 72251
800 587250
1510 815204
1364 920695
2958 261886
163 228244
424 820024
2350 202003
1227 30790
1757 711170
3057 56828
3800 179469
2057 359196
3740 858620
1357 77615
2003 33917
1696 457468
2585 730953
1570 473092
2727 26242
2578 100431
2286 39285
3020 86789
248 204220
3110 107731
60 535410
2 244790
2462 667222
1584 559061
3720 244665
3462 813427
4280 13498
491 570248
2968 47394
630 239621
916 47755
3733 80934
3936 361458
1270 176144
4203 518996
4240 60449
2230 187868
1115 458315
430 870295
482 827444
4134 3453
728 398148
3684 245902
2005 757346
39 742394
4113 236195
2538 102644
1340 854221
761 958403
4388 23597
2045 107347
1553 62808
1197 811237
3080 55230
4290 359580
890 21936
3853 496933
2261 19449
1464 919648
133 755770
3953 1693
794 883844
1202 83813
1411 251568
4093 139565
1045 125353
2275 13119
2578 105223
1437 260672
3360 112895
762 56603
2378 442710
272 83980
1250 324920
139 67445
1712 15107
821 180498
1915 72606
2580 337949
3347 228059
4423 59456
4123 947885
2400 11507
583 895166
3458 310406
860 167936
4170 728069
3033 406202
2205 165715
3852 2295
459 119068
285 243578
4100 207350
161 243459
1325 137577
2999 883314
1987 215891
736 367174
527 793429
347 468372
2667 209238
1323 105021
1270 720478
4359 127384
2635 581724
3103 243582
596 323160
608 692811
743 223854
1717 904496
789 65315
1155 271832
614 126487
2408 237569
1197 819914
691 260364
907 554297
3340 255069
3258 78702
2616 279292
2663 2762
3941 171918
4254 248505
2474 102420
2348 279261
4114 404162
4055 177921
4097 32148
1056 205238
899 909681
3791 316036
1411 94883
3480 29311
2123 79325
3617 557038
1319 255875
1164 337283
1828 15895
2103 32193
2291 425270
264 47246
1753 97158
1786 937790
22 854979
2282 4953
2486 41782
2310 429154
4229 185281
341 915708
2905 4732
747 240722
3388 755332
3806 67664
2379 128985
2523 457588
2843 26371
219 229224
2248 945687
4319 399677
67 464723
400 215775
2943 29859
3447 927106
2635 823014
945 76755
3575 674822
4269 118737
994 210864
1307 142188
3203 765972
2989 994068
3991 190677
2751 229344
869 526748
2562 313182
2510 29104
1597 592800
1847 777971
376 986672
1861 118100
610 784382
294 431
4056 514669
4496 939224
4264 137648
4403 4670
2535 788678
3243 296791
3282 132941
645 188931
1015 455350
3687 3253
1164 657244
1123 16144
3350 652834
640 455023
2068 492656
4123 873424
2622 102578
8 222013
1335 908204
2025 964214
3625 384507
2259 581776
1451 216471
3262 581114
1316 226577
997 414070
629 93716
1496 625116
666 605977
3867 494243
629 7467
3305 580169
3959 990767
2057 491774
4007 915419
3542 479878
3965 1325
2819 225554
4512 494981
2680 187166
4298 491529
1665 484362
1263 27305
754 409435
2591 73384
3882 6512
644 42978
387 754871
2217 94405
3298 150597
4007 661029
1043 29289
1535 19775
4122 204650
2488 645026
3874 441454
714 123301
2080 420448
547 79487
1226 8859
4247 12341
1283 213507
3845 423834
3298 505903
4067 517605
1081 494665
1839 141187
4030 47056
159 404520
3927 373819
3254 454068
4416 83403
4257 638361
784 205671
4438 27760
1329 361498
4264 446167
4152 60637
4489 509934
358 389496
3364 534752
3936 853384
111 496344
3512 132521
2982 552656
4056 505392
1987 856905
2003 30051
3281 20089
3226 17459
4564 710351
872 272687
285 425203
2335 661686
638 47845
3163 81749
1059 150749
3600 80051
3346 152624
4044 221631
4554 893623
1735 37336
4243 83677
614 221776
4498 20404
1014 224170
3569 21677
3115 386618
1034 615551
1866 70570
4016 93167
2864 9033
3640 241322
3318 10021
3564 931091
1916 455401
3449 7741
1424 34394
4342 932691
3387 867313
1943 190149
2509 271588
835 57824
4599 179739
148 344758
18 530986
2734 220102
1944 251364
1221 23062
3054 342845
2640 22868
3538 341395
2640 259208
3671 655718
545 133246
2741 517973
1007 110687
2333 411647
1812 219467
3639 608377
779 712783
3575 257805
2315 140171
452 993836
3341 7450
2091 490854
2164 19818
3277 191268
4109 339803
2698 95540
1379 866414
1676 308550
2542 512398
3460 139282
1023 674505
2189 101532
2817 284751
819 859701
2401 980558
1660 324889
3195 617797
2896 229393
4334 898005
3564 104796
4355 31779
3490 82330
2085 337961
2024 252375
3468 242571
1812 397656
4352 79772
2844 218256
1019 952154
2366 233006
1894 171122
3017 824
1576 26335
4524 55071
2816 149885
582 195103
2385 296617
334 704701
2994 500897
2959 95019
3907 657661
800 844156
1219 3416
542 24616
3115 783447
2291 241911
907 597103
1193 65286
4373 485833
3869 781
426 536423
2311 16662
935 515647
4515 492687
2124 2007
355 110716
869 872683
1465 421202
2803 79828
1882 177456
3440 161458
2493 983117
444 232578
4097 112425
2898 203238
4557 909335
2794 338566
3712 907127
378 105891
1936 338048
1406 12716
2585 529386
1986 496224
521 373227
1649 804304
3379 115437
262 429657
1761 688597
1930 865283
3686 757692
1439 501940
925 30781
587 458060
4337 993363
984 203058
2725 80327
563 67225
1265 741526
1113 130790
241 579613
4500 10758
2454 233020
985 239961
2461 919881
2784 139561
295 417112
2689 29639
1695 487875
3396 706452
2682 207802
288 344675
1708 491888
1536 132200
2362 26346
2297 988424
4654 220815
1482 80335
2217 199631
72 176086
1213 19178
2202 154527
978 421108
4266 589220
3194 330459
2308 24281
2028 314204
3173 922733
3226 45703
1533 96708
238 362268
2972 387450
2515 260795
4678 128980
1382 172690
990 503797
2084 2386
827 41397
1976 690865
4365 763405
2117 115624
906 142332
2694 209264
710 197532
3993 23574
2629 2367
1047 202127
4792 548135
3255 825202
846 384486
2280 787579
4053 11691
3078 96073
414 710097
84 170571
4045 21707
1185 228197
1028 458223
52 853943
3828 5736
4399 45727
1380 551116
3592 551578
4324 182206
3708 489953
4394 618457
389 528525
4411 16599
3729 273447
852 2845
2922 294930
4588 935079
3700 4057
1921 15928
630 474289
69 299757
1140 995882
2050 255429
4382 549172
4752 545174
4511 604858
3532 407956
560 822551
4305 899876
2670 175833
3601 337942
3245 15903
1075 770151
277 574942
244 973998
4076 148004
3427 24257
3406 331967
2684 14359
4539 381798
2137 881527
3645 14666
794 936920
2474 126024
1209 412349
647 125004
2926 782838
4670 249999
1906 823656
903 14935
356 894242
2184 112663
2548 18968
1750 7493
670 667382
1060 148724
3443 109812
3877 897
4072 29864
167 95448
3138 334767
2752 600115
1086 8354
3515 437641
2309 182063
499 632757
2095 592854
4442 444
3173 217181
1261 615869
1131 183185
2071 758214
272 111496
357 301561
1940 257143
176 820858
159 142508
3139 103371
2798 562172
3180 490100
3749 901449
2158 946879
2973 23284
63 422101
1712 86928
239 846295
4572 96217
2531 946
2430 67111
2607 147097
3973 580799
1691 484811
2775 799439
1890 575662
1801 181285
4103 632701
3705 14348
499 907590
2696 11847
3081 588556
3973 440209
3196 119542
413 84269
3165 292345
4539 264207
4059 745301
3846 274828
3352 59935
2845 320351
3103 38902
4371 333619
1855 4621
4356 61145
2197 93467
4419 6053
2090 727235
976 4193
1804 485655
659 158522
213 336736
4127 104799
4636 15631
798 934140
3151 47400
235 197260
3036 165513
4463 11105
4648 1447
3616 401682
408 411169
214 397519
2748 206969
2368 804077
638 59112
1527 43076
1774 121679
3965 25920
1270 834495
4625 612005
3628 510416
1494 801182
1330 301269
2985 611471
1011 180405
3623 485392
2233 1471
2887 197514
3196 117844
4897 111826
1895 333150
2540 339138
3803 279739
4694 348331
3437 410580
939 3403
4306 358023
497 990362
2384 390130
2374 629
1168 283929
2750 130979
3407 60179
363 480659
456 179933
4670 207684
819 362951
2202 963198
3344 78782
4570 228006
1436 805268
4829 220204
1706 596173
1209 29670
2695 127950
4419 10750
2227 209025
1989 471032
4830 581532
