50 50
213672778 473046652 536463894 492506155 17684925 510279017 852999811 808889604 992454690 47903466 477205547 652913052 960340161 374256195 78280987 802791367 897612737 324697089 758898075 259662479 460456140 815980234 672062774 249155113 561037963 685477369 602224011 320109647 80078583 7848732 633422744 803740668 988345732 930705864 328698850 843134587 62969362 380582244 828161011 68518327 128064667 947804913 789006157 728368124 611161907 913054867 147714430 868101711 853848919 
161632945 909555139 936069158 817806059 948764343 869439825 69932858 977711538 518293809 62208676 290917632 98636350 709498573 870139844 680786328 713139714 594702731 468773412 234937106 24043852 196628430 441867348 602378161 713042551 979574281 208610415 717985479 319528605 963904604 344804660 617358072 82793090 731924255 224342195 748585881 538643969 582341292 184100612 955481810 937308765 348888530 990372423 417407230 491339348 575225145 844039062 218136119 809840102 275946141 503271504 
505492831 445072593 520512319 768902920 579139990 676302029 114384213 860258257 233810003 344189736 73969389 337071418 479573565 756414339 399432856 851983343 570175757 573136621 779849943 306634139 781006858 681874881 147245557 309984487 623459547 22129752 849203318 832765120 83128410 828503272 616513633 1161776 637019279 944426650 350037592 880535119 385424988 809308452 25831764 278786677 868086538 355875212 651731055 459226606 373994128 164563291 742488378 845689910 258162340 393053393 
978593879 727178680 753900229 312326949 632388971 717179843 489661584 721473027 549259035 474415198 424206722 759721413 662441532 159447570 239929567 227606033 891496331 798245340 154804755 538792293 817145116 261891120 683954237 89841595 650391732 603883135 357380001 501319540 519293569 966675130 821202191 730841820 637900185 630818074 896902790 476305635 170317188 425827020 619465445 363491288 572937839 570480548 459715496 92483919 85903897 366555594 453086609 779569593 997091822 22380102 
225487607 342733370 102716444 997821450 406007255 287768035 315133805 288076277 899282407 998441176 701121497 562188557 608594591 820420976 26711484 647790353 697958172 376591541 874224966 906713090 750697064 202902852 265140413 284613307 665800074 647317531 757227196 764144476 700598645 414251541 294256194 232986983 986692381 613951875 68299946 85341275 963418021 315570053 556130038 615321956 732340382 245132910 556061068 229570115 816981556 507282196 886776101 576326894 730164893 964641572 
562190496 639744737 849979206 637175367 423317189 605098666 87870981 976793057 964322316 970214940 683003140 611479911 179361967 213786905 99653904 878771105 925626871 875668120 46467532 73120993 995211918 621574264 766214987 459881791 907157282 587542282 746152473 826602825 893235484 886119593 83065058 705462608 29909193 288147744 995188786 380382733 444529519 502978694 813265976 824672934 633334707 286815413 79155837 639019613 674662796 613104015 506528052 817483275 999796955 564327596 
559977211 678792017 658999961 554575865 913901281 673185566 99680305 890835718 851100456 556892625 232728368 685025784 968670179 371164618 734166808 610024592 335328396 919399703 814468163 938271016 285102349 623839111 689502977 659919455 875381806 694621986 477529808 695209050 269364523 801983242 162683892 577211415 624646771 620517155 64845370 914776739 325753354 389675487 623936978 945280960 382471823 140857800 165838855 565645591 310398005 339155379 101749782 102118418 729216451 69878194 
897149798 768397668 655650578 477930670 116827363 650590929 216944235 235918809 523287485 610101552 566475845 101744831 871769136 794784620 130766981 902238600 837885909 497876427 138409039 218206468 707085121 98477848 32887052 737205265 433840775 736192106 341008541 997495348 556233326 275458345 592219708 695789086 151924968 788738146 801186395 387412955 469377210 542111425 890158049 732494684 920184128 233963916 590561001 598490780 46734322 362604310 951752388 193458048 239129774 59423084 
880390461 351973318 782852548 391826589 263845168 581269725 980880875 997486312 857874134 20607288 112289641 803458969 646190412 457665302 949073236 652966191 132943918 733153134 98837057 225702410 544263974 838486728 347068852 839717442 446545735 78133030 356265190 232758748 558547921 859587217 961916333 460401720 484341574 258615164 653527916 138418944 825351077 480555598 737086749 37649854 976077012 21835268 984846165 619822417 512209703 394894628 44961873 322388578 741178934 568970891 
32363067 577262184 639721713 131106887 876108208 204843466 495791194 938365440 886337908 724985229 650455641 161829252 455736600 672281747 999113706 861634500 466433907 945121940 483017325 388423072 358711406 512492623 40991610 825083281 101181863 922086694 276192981 147430246 779034157 461639773 169977812 305295607 491995348 924813843 848231385 389407717 930550706 201584638 858434976 412785899 200557292 676769271 871157163 709903720 286082322 51396509 911878679 244139272 149920213 501118273 
844976644 389602991 899585737 612931346 142100013 809119059 176950428 651427917 241073128 397132890 878732630 873849069 977707061 3989321 177379317 391894925 606748225 395793055 36767177 845762007 510770367 331719336 435053942 460548454 165932206 826912669 521443906 47083768 104739167 607622323 958792097 661621317 30785188 448178617 871960030 476477595 170234412 446848473 178398487 356076074 758066507 148160094 212908110 84250562 508081298 123330212 471583015 867324451 431247583 844903534 
880571712 310336827 286947614 60564687 322337912 112651981 254337009 685879002 657674812 857574948 314125912 826899023 661011915 383103046 587269472 760938363 788031625 694014966 441601063 457963855 201163475 617531105 364731651 271651483 854840144 735940764 172493885 844312751 973878606 649385728 524534857 105082876 270409459 158481607 55274930 567120057 804465035 709849969 153303156 144241 68714298 338178572 823921959 40576538 172801675 597812265 967983914 838506858 564778947 405065441 
902403547 559550726 935905615 310936503 620943788 554760953 285998507 974297953 532329075 316085377 998565776 471822829 614877684 749821832 827667553 857779199 775030214 354296832 567287101 673368162 842589711 6599971 344122546 585280428 618020194 776075116 939338672 593102766 538148997 179829721 805850573 540101464 622813182 910545692 652211077 636975148 524843079 395009055 660248958 357481927 314228372 996039080 512981398 644735900 779021770 138148439 961730784 903201009 495802690 983881021 
460022301 364170879 873157241 610869602 161129975 791023865 469020738 630267340 254810080 58800103 622690659 153535128 687487668 998384609 567623308 792281707 107506463 156470129 323997525 12686984 520670453 225398201 133675762 860311977 459090884 518110437 85696698 614973874 87680499 755641140 153255976 915862843 481232844 858700119 833190718 837737045 285749109 390583025 464713532 734591036 870104660 100505347 495855239 291152875 508493232 15812793 202054600 439140103 662815788 958809371 
742135497 66422128 792867395 856833997 930676532 419600220 861466463 802002813 234243949 564294017 380009831 736439644 229246000 350419121 747180979 811488704 780428422 517495148 391441957 692597233 195043418 21482349 739001194 921181728 185819657 327827709 866597891 651966333 785478584 169008980 714541895 707811147 863545765 146593658 432703788 743683289 831345010 493209568 723527421 165771368 597271431 151150842 597198679 54906687 296898595 592500789 857567971 555498375 280836379 179814370 
160212388 472642537 386466491 128491929 229431704 272132032 478208073 795879266 633574269 67883212 711585439 707760141 82643069 699726332 120477657 277896827 394287436 428307127 554927469 137282779 70430265 390791088 955032464 930739145 752652653 11185908 504239077 9415695 67295634 422584567 459251766 986064547 330432993 829377529 317652550 82610745 698554212 39525665 844024031 238397362 865789828 369137385 88195368 298976439 703652815 289157264 521395734 729757301 696323543 386297892 
612435769 742913293 449759262 6234957 197036216 804081261 242069091 22082828 217767349 504070124 961562393 315355005 800346866 986893968 366106150 391298169 145723196 255596131 431878106 843392220 710297026 34046784 222503445 34903554 806518296 942342597 416749163 902511141 152615636 756029729 300835641 710195401 636512172 394504306 739055953 346470079 280322238 13803142 642623434 535984240 85625929 669785844 856061322 168524155 704332304 352451109 198212027 986303890 190670894 554520369 
22736549 2633307 265378127 74740012 253794917 155392736 905588997 836471567 628548091 747544407 635327143 742666706 340421717 425940505 510466207 623862300 142322742 251193146 822542629 115583765 49591586 189468243 630375536 890854274 78280735 779006766 746587496 461450904 762358693 927238454 674772374 937803643 563212239 622317167 709779497 445925310 954590647 806421112 315169257 636471419 33052984 699423599 483048127 540948422 17470074 610650605 30867455 831643535 343607513 465536639 
580793323 296946872 763291257 517438111 643602598 165645159 473835651 988895317 139204957 783045715 888268643 548131693 240769309 267292788 667777347 347827130 896056600 68182876 698202199 74140533 834401780 534392589 311436549 60414314 794143144 256461561 899753954 998585906 746493 684749710 586738441 263961402 942864680 412968811 547360303 61819850 565438382 161058675 469005992 159149271 829273140 599647165 927226836 560981364 708577756 468576494 118126624 143410219 319966868 965258039 
625990384 11084661 637848395 796592300 607363814 822930489 20769719 183662756 931548532 639509043 248470486 964251429 198409724 710964004 690852091 32193451 366569075 908567554 413189879 724495939 582269461 4142298 104172728 240180977 805548441 308772313 130163653 468284994 559926387 737858392 971143636 765944679 240030090 173839263 398050448 568440357 129863226 804510395 434541377 386353728 398805815 270573775 540569046 504196045 928970495 156886230 405217692 840831901 548165434 813211476 
404801193 591986795 456730769 643399840 246163008 33255554 724597664 331475396 224969984 606326184 397944530 582258242 483967565 881305078 720235283 609199471 685870562 35289289 130450780 879545555 374711157 187991187 986648262 445314897 127306827 632762644 568038977 854688458 583077012 676595008 491380430 549458873 751253713 794859018 97528849 374966176 916875465 824246831 572897567 73558442 60041256 444647418 400149110 827171151 679340878 917529347 401490567 662317229 766894580 100259432 
1322473 918381743 816576859 820256806 484237645 752187289 662010840 775783757 404704647 67157735 130272621 542515455 430623054 84183573 352122828 127465384 974129235 576770574 316451560 62802203 609915417 160298932 64522598 944877401 720103970 195676892 493546651 477746732 228759142 289963609 193978471 677375969 339137854 917191287 673510833 140041413 397481871 121353572 283519106 955213754 70398094 886364310 168548709 111784239 619214838 839396918 147392324 849130388 621403410 794272444 
376495231 944703711 618566453 855430549 33707822 676760807 72073316 790702240 770095509 730216938 423867281 377665987 701460591 861750456 732284470 188497720 106340457 653273808 299533631 664399384 794089909 392588865 226370870 399092912 991116687 442553869 806120107 594326898 60019274 305817205 116750499 174490965 125513297 974315997 132222691 897074388 705384750 563204766 796660408 466391605 631899557 904147183 240525304 123880589 619051048 985013592 914855158 552862088 379424286 640600544 
356625483 599625712 790268086 852010193 985589954 806644482 73284203 282262762 376079441 90106014 697574430 411875541 437209883 118936270 448288423 535833006 959900444 250756022 617862810 402464381 906378841 82296608 170212354 796692074 429791753 87314587 149026733 587581023 981123705 595658405 526525495 315547298 395696942 202864350 8422817 566498968 464040122 449383247 654247574 698889175 13284792 855685749 422886514 257151490 120453506 124421647 808955034 617158062 815631115 334314949 
929796698 771169 763955746 696170727 783483058 994058490 696579242 288203970 676937754 639249492 930694870 650456394 285922739 625188383 323390198 207353616 567432608 694389790 502619915 739052990 567484952 165693617 937444693 125042514 369075608 196860443 734990706 86350892 187263221 439467997 919152463 113998134 295119322 281495722 793675959 182547328 864161768 228814853 740374870 542040759 908422873 780872194 303359092 322590487 938542657 36309240 957241168 53144105 477203515 184367915 
9152858 34926375 711795488 261677816 365797475 681585479 969289866 456690502 220873606 152401643 948265161 646674572 511476798 686794789 259303695 372320380 352622243 401627959 195457686 135531923 298783427 117015592 525068438 774872953 599766013 25980968 438541124 13414826 104301131 826827271 738548195 135064607 496337662 673122485 916392656 873072949 704563225 122310757 723011633 387046538 9834702 957702136 775010894 495810354 837291372 380954901 744889241 475091997 509065673 367882745 
216981000 7578679 618403650 909470151 674850006 730521756 725297617 848940601 571874112 281681667 953811485 145575745 999784258 858088313 832967694 707012001 644043313 388615128 322124626 623049503 448854686 668899614 885105490 753465284 692495455 809951660 525056397 825810939 695690147 617964656 750863557 164570455 264074724 645413963 464832231 228008588 114759581 345316103 238521631 636949920 381570578 311627686 162093626 906814143 219331929 958517027 522620157 360615369 564127054 388912947 
548083447 815391835 467352226 375570906 219295037 280451228 418805409 834832652 84719600 244734462 180716758 125743444 35982083 663926684 724074609 460745663 387251480 664783778 220943834 180244728 965316780 616219920 46624012 927784070 606746697 340934642 133140356 25154209 538692190 270650188 549699181 866613746 407170418 800139888 398648785 769595152 410179935 68679818 679672470 742032191 479909201 368171283 146666987 402853702 274369290 973254938 127929940 490209008 458032123 919483918 
232599603 886317482 473018048 244016612 936213049 3109415 508426069 360310548 624011518 394293683 526274044 231284089 225762863 402086810 908637977 966898587 893003501 51577847 927870670 204536019 829532465 405144608 652558410 561104472 755870880 107579587 447635138 331293538 975246878 688499482 987000593 199105558 289467263 697245105 145937002 909754051 82551148 426806891 805850331 89078293 263323196 820708358 644598798 820532326 895425302 782386168 737706241 373593337 757877075 943328719 
947825117 120311242 508744494 453036469 879254541 894011950 57355092 533610476 762732971 992641887 36635516 180837105 56245569 458204574 501216744 935923134 72032915 993751654 255714241 577440450 45003698 828562934 619644797 726806455 330242835 244520641 217792358 563082280 203898651 733035299 867415687 933369467 709178233 156762271 328500134 643442402 837305723 286674778 23182621 780474124 835578871 510309929 808542330 163450971 897464931 186551322 353296832 717680116 867250906 741260420 
569785638 816166926 687206237 565886468 827917009 554617993 503096497 319232976 927896535 570753845 327193979 889120723 283487473 318238776 52079276 953907952 707736414 111062647 816363919 667937773 920133103 27139699 59198761 379447828 302488578 86259226 898438986 98062119 957246684 686467255 976766810 64596132 211646000 244803827 967032497 843372715 598497099 841639472 500338045 755967204 747660565 627816061 266391857 185690290 894717778 49688468 922899614 302989920 339853546 844228344 
128980367 307055487 791675195 755384731 276364605 556894838 22376684 297730506 640824283 360464919 695736595 575822531 896369875 741415816 823392203 496933696 127832679 526352404 455312020 972039916 960159719 276331966 283582572 337150946 854060195 788023538 25016592 621162372 608511356 135120218 555413773 373011726 863480688 55062618 795186826 716799377 165060223 735017565 226947135 667359479 627317094 437221416 615993317 907567873 195688195 906006463 505065912 39289966 261916862 768510239 
862864658 289272948 176058895 930554443 996111429 600469483 667018406 601051424 227385932 262245754 269105104 800543647 552531313 62650889 62888549 530636552 80827033 41376810 849848652 142299796 90352721 945876476 73342314 319926189 273318300 637495769 566860118 482146225 476714217 899397223 462443967 845204343 911059949 407121244 838283717 698333195 62482265 7697021 870523806 731299631 403498379 61291207 392775629 784006994 321588978 685768186 565988342 118360446 697474289 128198144 
489276550 582071162 79457001 27181887 10805402 929322453 857673023 540915425 741346284 241366141 167538694 357545105 539741995 75339390 179853719 7696298 993805347 645368862 594702744 460412443 990260005 602035942 529975388 535699131 695814916 698523701 504347163 946365615 3313566 834414227 955098302 681671269 467469219 997429986 289305450 516135645 482173515 369343071 88253957 53775489 723168535 531913897 858046383 862801072 36647354 170899328 543763204 557815409 780653476 408041525 
765845379 59361329 168118563 67268801 210705843 482011738 72697703 604127515 531200532 947745599 402359543 831586980 575723278 677920835 309491834 331162144 277379767 940332074 411870971 796648250 925442309 859960469 459542503 528264817 934027712 651126663 918124687 935427220 770705482 119346470 15663561 808970103 475076136 590271941 258496679 850853107 325997871 870217395 25040568 868595536 683709160 116361255 689292101 361031382 480192433 922592485 374858555 567503803 216577852 730036593 
555791337 159184617 662458333 896060116 116724932 45336046 644981743 455187452 160906600 46058099 570022075 432310898 903689433 798412815 24600810 226101911 529049879 801930306 30928499 254362955 717317643 324993464 286917702 474012619 303165705 145851937 210784420 515233672 231296359 816086613 265047689 513319003 784457250 278927571 243150772 959547421 52200344 91073088 808350525 578942052 714698403 269302520 852103168 80960844 763936179 458740148 507978864 252982081 564741456 137997654 
27998684 12683429 791748516 764825467 750787369 753819486 173190621 139962038 892565412 438460217 35587094 842756285 222277808 635088462 257929907 951864571 985444474 719649509 516327499 987537641 169782637 102904586 842696986 455417086 434189564 417301 601062725 533839773 140417651 591299407 291669265 65490047 795273881 751602213 419899813 879338555 580944149 760242599 639909709 921335543 283043309 456366975 161477802 495819477 723631550 644336278 24329559 384474983 785137287 96878756 
713061239 530582670 546031399 498403111 86805354 742412996 689717687 881644874 441637548 781838001 137237040 514413053 234318278 900307282 504942560 125814825 500330146 131795001 341172898 717524181 186238462 950670434 788589447 566761488 508558622 486915493 671372689 637268405 959351678 540735472 27660848 894768852 478398057 934130175 686137780 638621988 474903179 656487291 278325094 522399516 647792301 266328360 258769211 399971884 152011747 605702222 663625697 41645893 226485177 272532095 
439259745 661822539 652453293 436585192 423444860 802400016 455182029 993296565 352392140 302945163 308016513 991499302 79637863 39655040 864510682 162785539 361279645 481772168 267679347 735400159 663580415 400020089 461825827 754091619 646738817 977649910 292967011 293501998 168061247 636357731 18579339 990481610 46798134 869987348 166992391 420146063 337667374 838971737 451431366 406267327 595596142 945910308 974880275 221247299 995691115 796335219 467850139 256909480 745887519 202966628 
759467025 343359526 280604222 338237893 880098271 355058531 116998353 632168867 617855537 353225794 643326553 491974972 426205438 787637007 479150970 590164804 621951791 848025055 575236526 125856000 357478158 96664770 576158517 289772892 177365813 101310653 551003103 81857747 634782335 510156473 162023635 164059437 553144312 20014212 563075812 958121911 330660196 436778631 663513262 188351412 291324064 125223046 509960756 590241666 825957353 25634411 691325957 837048029 36287828 927530715 
644673042 145969688 253726417 633972484 461130514 400934713 79017041 467275690 880174804 662851639 973331342 986959456 816519937 567555408 272401475 147887895 129713166 589398214 453336282 405417025 822106265 716582654 744694994 666754870 218482147 177900354 998659717 948460842 508775157 564989040 870634217 839578877 707427860 658699222 178695214 235678084 385019353 263371621 804249292 928269406 431114115 810460714 119078005 51519578 242757930 391158177 144924888 516792762 445146712 5116705 
362806795 41181602 998285230 876823723 688226206 488930881 578712782 716770443 747160829 680037985 864030268 238822768 290516061 268964020 383577690 552153592 304298765 439020423 161365068 982739730 282981901 42987499 143699726 237118671 800263961 74360267 721937721 407143682 329726512 983983959 950058323 658555432 30738351 479379413 84496934 884581708 873071053 945177659 385031786 464815078 226883758 859856997 481438839 124043169 528645650 946297892 753291680 992476924 23331994 146874452 
404841068 843303248 89704052 332077729 421976068 767744240 991448851 139792673 720132429 809199418 935681739 269988220 379864854 368333323 647288269 679119201 638753706 293122862 912531179 819815415 914288578 80509450 229088780 28911693 924845239 280059210 156367422 266659902 847583887 493744898 84794484 150454241 556512163 564931980 792470273 101462638 563811510 473733485 661467196 760310106 808782521 893801343 289559601 830733762 881143564 920522723 957430678 486208421 433888220 194377351 
179207477 53760267 315957079 92896912 938779180 589752521 186427637 815678825 283316493 228448139 344626144 531274135 949706094 584336552 965679472 661061212 629165754 558447482 495528309 554948670 248281545 801156387 267424286 595792812 21696338 659064410 212284221 495676106 325174062 338187707 298146822 542261896 98201998 203541229 86505492 760259341 724601656 398499060 213606904 159559070 345553636 815462337 190654543 523787036 860255492 715543338 571156650 694841344 878646965 729018112 
275999525 314115211 836514814 124501699 671434635 992059029 603210513 493487208 134368621 651099524 449330894 675256547 202319846 627228149 952171229 261467673 485978906 880945811 643527528 861428719 752280521 211072472 256535978 843274554 482172344 962192196 660793815 485159306 756081226 445268949 517682192 666302689 256733701 398491730 740947752 789156405 180337811 173761529 593985300 303787980 134301217 699563420 401339447 238238015 743967688 277788349 655476743 232650732 135915110 543549859 
556613546 865015557 449067642 662262448 757300508 777063370 447806426 977801074 840043368 589899301 812520690 546928080 441277533 641493552 152020051 537470071 525678354 944633011 206716939 891443008 362111390 186866033 994217334 859082895 468569656 214821315 526842504 421691961 635307308 732301298 557673595 821853912 977381778 298417669 302006830 534786469 963971091 21371526 637574100 165192593 719922691 704965100 783691796 213675646 122425773 588352379 593071636 974612136 561249030 894160069 
176992382 168603501 767374134 567071001 719001525 863695182 500953417 234662541 148809012 283078677 985303231 697422583 246801304 544559472 844000701 150776587 762764419 172703319 247774256 398357818 158058443 424043435 402262207 417827700 178216455 349238048 105388381 542179119 592176286 76697515 105413425 727103439 952652208 746074696 806359055 595106237 333998184 605215200 220979126 499580836 156614127 792565609 137389517 203162258 487011905 411615490 741436560 521389401 24684496 756438689 
98246833 439517045 709462826 864469007 540074459 418618750 647222102 994468341 372219215 658028055 235946510 70850958 134997420 758673150 196676813 836267213 17270190 825690675 504438809 981499492 24624066 304100683 221110210 787987724 483910408 537521654 926525712 92536236 536857549 758775695 298899505 693193270 288826719 326300198 643323816 281373785 192073319 759296174 792431114 21575034 789951001 979518785 401607069 544877365 152880153 64225089 758711533 467480046 110111422 931056270 
856097550 814682516 895975139 866011394 113786062 722396426 163571590 468752635 571064564 536999293 130519593 487106371 675480024 981950884 992696483 390309422 721783901 909307143 168815827 978451252 256720488 708564690 213132442 131439520 360443386 691585491 187369858 608546539 327294186 988486669 301999442 326626043 816917803 315228991 460618825 377486736 830133667 788382331 769990937 266503240 324663346 294875458 347950656 365033656 541522594 511746911 570028715 973184597 985171593 302230497 
446692641 279008570 472909782 904392279 606116466 371739091 347787503 465445876 650859570 371502684 111418584 654861165 604912340 843969773 416142412 68550152 756488096 771436496 740320805 870317378 600442616 587753770 363295859 138339989 959581994 63905589 291455579 20423653 869323331 300133415 346008820 946072151 759154898 97180851 818969186 174708079 535884214 565519815 478652972 503195948 958101814 442182753 367624288 902690859 832553689 689426931 729188427 648366046 327389920 620020519 
477496462 441822715 920832762 197682086 903038668 657768071 280822049 423845323 701473132 661696441 269170080 539430434 687163644 193569042 819100833 52117314 243542634 887948789 253594442 527126908 363257321 350986618 618739792 418131264 364100004 150035895 406630227 785204035 133471770 568028247 381295042 296523443 338343057 489746518 590414492 710997924 308247168 414830749 403893725 214502990 401374127 361968782 46761276 330610903 591556842 559022096 244793124 420668382 248464878 273652622 
