60
165
424 402 354 482 0 404 415 291 316 195 69 162 193 260 246 83 100 119 343 366 359 466 90 368 241 378 419 490 48 66 73 263 369 288 303 293 108 299 46 357 225 231 478 326 10 156 290 224 457 236 249 265 192 253 215 421 205 381 242 31 251 285 113 497 473 333 475 99 109 272 314 340 8 135 15 460 174 348 219 227 44 50 309 13 160 213 492 229 377 114 392 443 124 147 129 237 35 120 261 320 67 281 434 141 435 397 180 2 183 438 451 409 276 152 374 59 149 34 132 24 346 211 447 503 102 247 401 55 307 371 134 450 266 388 453 121 82 169 468 191 433 142 342 489 353 26 445 221 106 22 255 18 71 96 275 203 189 463 176 188 477 198 488 161 278
154
92 61 157 400 42 231 20 68 118 451 361 258 216 5 456 267 291 453 463 163 159 184 35 270 391 52 409 101 237 147 341 396 177 137 172 59 133 81 166 363 213 26 38 110 503 288 482 87 380 404 415 509 104 115 114 0 277 141 390 153 343 394 282 408 198 18 446 22 210 78 471 127 66 497 13 145 128 422 53 502 251 304 327 458 244 205 429 250 298 412 378 505 77 285 295 402 483 37 433 440 93 30 308 64 347 108 176 490 493 85 336 28 485 214 247 131 27 349 393 220 253 180 365 60 155 165 96 11 469 196 47 275 74 384 382 307 398 351 221 273 135 319 188 443 310 112 368 498 263 481 100 241 318 312
177
329 320 234 442 195 447 290 419 15 27 252 260 233 31 250 228 35 396 377 75 111 142 266 115 347 65 10 424 268 243 398 430 26 281 186 393 490 245 496 349 355 206 175 13 86 334 371 467 285 177 270 316 20 56 99 197 124 273 460 36 139 356 469 144 461 242 132 466 499 163 39 368 323 363 97 341 147 478 29 462 438 302 431 283 382 157 129 486 154 205 216 203 8 439 456 501 92 148 445 319 93 43 165 225 404 74 213 51 178 130 118 247 208 453 201 116 502 412 120 292 390 309 32 405 0 255 262 248 90 409 286 72 343 238 422 151 489 437 143 387 373 346 198 236 337 464 67 78 321 48 54 395 136 2 107 5 433 231 257 128 69 307 134 82 218 338 381 434 33 227 156 131 45 221 109 457 140
161
436 430 496 252 405 261 483 428 332 248 177 413 67 49 316 265 450 370 385 23 183 6 52 461 71 85 300 196 129 119 352 475 87 169 115 421 362 218 210 242 174 186 136 254 26 95 32 354 389 145 41 127 124 410 57 256 257 110 125 157 194 28 148 178 180 61 149 249 152 262 484 189 343 427 77 93 274 309 432 91 358 407 66 378 236 350 500 80 326 339 241 473 356 29 269 98 490 277 318 479 102 243 151 135 65 468 506 106 113 167 485 442 488 465 360 324 367 271 452 212 205 486 230 281 386 263 160 322 392 294 416 51 331 219 69 306 505 314 36 501 335 341 510 20 399 457 470 223 185 25 123 199 208 336 82 11 84 21 440 79 228
173
194 79 156 225 423 195 222 446 500 164 69 393 504 238 487 354 109 302 129 503 351 431 44 60 404 425 289 231 185 259 274 81 113 158 6 66 205 136 471 278 390 400 71 475 332 268 46 460 155 508 50 83 319 369 142 246 197 47 451 434 67 311 210 358 249 174 94 82 218 472 255 288 253 38 380 443 161 235 481 232 14 382 206 435 10 409 464 208 397 502 469 252 353 167 386 267 421 398 24 233 28 441 95 427 244 506 336 498 372 104 11 86 339 140 264 173 58 57 375 387 183 307 27 226 482 73 190 87 338 215 334 306 266 126 121 25 2 402 364 182 178 112 189 22 318 438 458 132 97 224 275 348 62 283 131 341 391 377 489 169 270 356 1 139 491 315 479 53 436 495 261 292 483
158
267 447 111 109 485 23 203 129 402 481 132 42 140 341 292 283 152 471 456 441 56 115 74 316 404 18 238 339 206 257 350 492 229 458 457 25 38 431 253 363 217 10 466 463 440 508 147 310 71 260 439 196 282 360 265 118 136 392 433 244 407 92 226 201 357 103 312 177 39 379 369 385 377 410 134 5 295 425 95 255 131 472 173 464 322 398 66 3 319 184 258 59 157 183 79 120 2 337 449 354 417 491 262 29 288 197 333 396 467 461 474 230 323 352 428 205 75 275 293 507 489 421 17 191 159 394 381 34 168 54 387 355 155 248 89 218 21 14 146 272 91 408 37 420 470 153 148 271 495 181 166 298 67 362 328 261 192 53
153
119 392 417 98 459 255 266 85 287 48 62 197 117 492 155 67 190 405 131 489 140 173 146 508 97 464 355 127 125 65 158 31 330 228 476 153 487 244 174 305 18 497 406 312 114 486 348 217 473 220 13 43 51 81 310 83 373 383 264 110 115 297 410 317 327 427 4 503 6 505 238 290 433 428 398 77 15 365 269 470 295 335 411 257 352 182 250 478 423 462 200 87 253 338 437 80 60 453 292 469 208 280 368 78 386 71 36 326 94 38 233 444 319 216 213 306 241 315 160 28 262 56 425 109 343 194 434 40 145 296 42 415 68 147 443 341 156 455 225 466 498 388 403 218 210 378 480 168 254 268 25 20 8
176
98 20 466 329 227 223 194 211 170 317 203 70 62 134 247 373 377 83 91 446 32 301 325 15 389 463 281 255 17 246 155 272 369 499 55 374 72 238 162 429 506 29 467 221 417 346 403 75 1 474 405 196 469 21 264 138 400 145 505 418 140 398 283 341 102 88 121 46 77 166 350 135 419 327 64 290 38 157 386 357 282 390 142 128 491 24 191 115 30 303 449 192 44 22 57 150 421 65 186 410 185 93 183 108 268 407 447 293 129 95 273 314 101 220 266 147 479 188 307 279 4 412 241 385 489 451 231 47 119 251 459 380 144 79 311 123 423 319 497 427 399 81 473 168 394 61 483 320 353 175 305 214 383 68 298 10 2 424 8 202 259 475 392 27 76 408 242 367 90 235 58 388 60 478 296 190
161
452 506 57 326 47 209 43 185 292 167 428 437 192 285 210 315 170 92 212 475 467 205 347 301 174 385 238 190 296 29 194 204 163 462 100 61 54 220 117 267 228 256 68 484 450 447 389 493 367 339 489 265 34 87 490 306 119 70 388 187 376 483 321 184 312 239 105 504 419 206 94 142 82 442 472 226 124 103 76 433 104 395 16 250 49 95 277 480 253 384 180 259 341 165 32 505 497 454 445 98 336 334 159 435 470 403 166 134 81 242 319 350 425 360 160 469 343 323 39 50 116 111 108 41 456 331 72 414 271 478 261 406 287 501 60 289 67 394 495 440 162 6 457 173 71 172 132 443 509 131 408 252 476 455 84 129 262 4 421 345 373
158
146 379 495 3 415 84 300 421 256 301 177 43 500 289 138 497 197 13 309 233 173 287 339 334 336 384 503 461 284 433 89 397 235 467 172 504 403 35 297 40 267 344 246 290 8 279 48 19 362 187 180 141 145 482 291 248 91 281 98 94 502 239 76 340 480 270 404 361 106 477 374 24 38 128 67 254 207 134 78 426 410 122 31 449 108 6 99 130 247 458 365 64 175 150 401 97 92 262 469 437 296 66 269 158 371 330 220 508 462 225 149 140 473 308 202 484 120 55 157 385 69 123 392 432 326 277 377 418 306 179 80 53 163 198 443 447 332 190 16 408 313 320 412 294 60 56 263 28 50 357 183 429 214 251 436 162 194 353
148
250 11 268 132 378 136 216 147 197 499 435 262 455 154 151 9 194 139 396 259 162 422 474 36 303 323 7 387 304 225 471 357 43 47 400 208 336 2 148 318 126 404 272 159 112 228 408 484 167 311 222 106 29 285 389 38 265 309 433 119 182 54 125 239 81 237 287 13 283 266 244 390 302 169 430 52 310 253 158 350 295 319 301 111 210 95 257 156 270 504 506 115 330 489 465 278 248 94 463 127 360 275 375 326 135 402 359 198 356 213 338 497 373 171 453 201 45 85 423 88 315 415 418 97 461 76 32 426 286 35 491 0 83 190 252 185 314 425 297 142 219 214 66 71 130 117 80 26
170
80 370 59 423 31 147 440 388 192 257 5 83 293 267 486 13 411 135 478 420 206 216 223 262 496 268 275 419 389 365 374 254 219 418 24 255 313 359 173 377 149 68 120 152 432 225 269 352 33 156 171 28 65 16 82 445 424 472 381 44 210 30 344 179 325 392 252 406 3 499 229 467 403 125 167 333 144 484 88 481 505 215 231 6 241 204 470 197 342 454 415 222 347 73 57 349 114 301 67 50 163 22 294 414 191 70 8 372 265 335 391 115 461 76 320 245 500 102 61 379 164 386 239 181 118 198 273 280 109 131 86 438 394 355 98 362 103 310 436 290 383 285 178 123 278 444 350 251 111 18 458 160 238 81 433 112 187 174 426 422 121 298 308 259 510 48 457 337 213 138
204
451 469 395 88 506 332 128 366 263 89 407 153 441 5 305 152 99 61 127 249 15 146 110 420 482 487 446 505 47 279 291 422 303 462 450 35 193 93 259 370 432 148 334 383 502 233 90 125 77 24 253 55 464 115 415 503 142 156 358 300 257 275 170 197 381 30 133 434 176 7 235 26 443 191 418 228 496 363 71 255 484 400 206 242 401 286 350 427 281 18 510 313 362 202 40 357 470 70 297 264 273 444 389 136 474 210 12 186 207 106 44 404 352 359 219 337 425 475 221 448 436 201 167 86 494 391 188 9 172 322 129 304 100 205 261 430 227 216 354 222 177 158 368 75 375 52 150 53 489 356 29 372 112 225 21 189 500 66 393 325 97 68 92 301 330 84 295 340 387 64 320 298 62 318 173 329 397 437 472 103 459 270 292 285 145 113 294 277 149 180 131 212 477 412 38 203 453 491 327 50 194 309 138 117
186
52 446 20 7 302 461 332 433 259 106 158 41 291 25 173 317 394 129 470 449 468 357 138 217 146 427 276 315 413 448 244 133 110 31 221 88 495 125 457 477 58 85 75 218 415 97 198 471 161 105 472 96 90 253 44 490 149 452 444 208 89 184 154 67 176 142 281 331 382 8 211 227 335 18 261 46 269 285 45 351 35 483 79 102 225 509 235 163 305 375 463 454 100 250 391 6 165 488 504 132 465 70 384 92 405 2 112 81 214 10 239 334 135 475 278 256 324 459 62 178 487 223 114 166 42 379 194 257 306 344 94 386 115 245 502 497 210 456 191 54 127 372 29 425 280 328 237 182 491 309 390 187 12 314 356 358 252 150 157 402 144 493 26 385 321 152 189 404 274 307 60 121 387 203 485 412 206 429 436 107 84 247 185 263 230 343
215
173 200 489 227 273 84 497 261 397 508 249 25 229 31 195 79 1 443 246 502 162 322 222 485 176 302 354 91 283 272 268 170 142 51 49 108 287 340 440 270 479 373 98 120 241 448 383 505 37 467 89 286 9 53 48 460 5 471 252 21 60 337 348 106 231 40 183 350 449 446 263 399 431 419 157 338 437 503 413 428 343 135 38 457 177 366 386 76 201 113 408 498 240 291 256 56 378 259 352 439 411 100 44 209 14 41 296 193 341 187 144 205 312 357 156 370 23 0 362 234 151 131 251 236 356 3 97 368 376 78 326 141 126 63 494 492 421 281 134 423 237 407 392 103 293 159 148 388 19 258 80 43 221 244 465 129 331 94 130 82 444 11 380 167 149 16 93 18 115 468 436 284 308 336 218 359 13 333 329 59 180 58 305 417 224 188 65 314 470 71 213 483 456 243 7 216 361 389 279 491 403 253 118 334 344 297 123 154 463 85 248 274 459 204 427
158
215 328 290 408 66 84 218 299 69 462 264 508 354 274 143 316 340 8 0 412 333 347 108 245 426 415 9 289 307 76 255 461 285 32 365 136 236 432 147 295 165 498 49 468 404 302 382 203 457 374 121 368 390 497 471 23 488 111 70 170 409 449 407 197 34 51 173 18 442 429 271 434 332 371 348 130 26 10 298 311 345 134 177 241 85 486 145 98 128 492 126 37 157 101 22 208 58 478 56 384 192 270 401 17 472 294 179 357 232 194 135 268 437 446 115 222 104 276 329 418 183 257 186 419 282 60 6 253 211 91 67 247 336 168 3 117 422 452 30 509 79 250 480 148 138 326 266 100 413 24 125 71 284 243 191 425 304 112
156
111 495 349 189 118 358 64 394 422 457 201 121 289 351 138 176 337 440 365 411 488 218 224 62 230 6 300 403 290 35 392 304 505 330 15 326 350 248 43 374 378 360 493 156 278 220 486 208 97 315 469 249 354 297 491 153 398 275 466 27 301 428 267 367 370 470 448 32 384 161 386 449 135 42 19 390 372 193 503 94 328 380 506 108 137 314 259 119 98 61 439 410 346 210 103 286 252 340 272 508 335 467 433 430 74 501 443 22 158 322 217 361 76 319 226 197 419 453 400 4 303 88 306 177 283 171 416 478 180 393 274 462 260 320 129 296 221 71 149 17 174 238 421 80 126 228 33 436 36 435 292 2 405 264 41 311
178
107 314 393 368 38 134 451 195 287 25 427 53 387 5 405 295 76 22 182 2 489 310 156 91 253 307 32 417 140 242 151 42 96 172 29 410 187 383 430 320 503 294 236 487 244 409 148 480 160 125 478 81 381 223 362 127 403 443 277 386 77 509 426 414 82 342 0 326 19 10 230 385 167 325 289 264 50 266 344 350 497 372 432 203 255 93 89 262 333 329 506 86 211 72 117 30 440 335 120 471 435 322 447 348 274 183 200 199 448 504 68 219 61 118 88 218 469 209 285 484 316 463 157 49 418 481 369 434 291 190 64 400 336 220 129 184 441 152 328 305 194 260 477 102 80 145 300 8 40 162 416 62 402 141 97 17 269 35 397 453 473 170 340 365 115 85 375 154 318 330 111 168 411 95 498 457 15 7
173
114 167 18 276 428 387 253 198 273 222 446 385 333 75 347 119 46 256 471 344 48 430 401 123 296 400 431 176 362 71 13 409 489 76 365 134 331 225 498 64 305 288 326 239 247 105 254 180 268 284 455 467 433 381 190 461 449 62 182 86 188 371 315 496 251 325 487 373 22 28 202 179 443 94 413 54 366 354 159 341 205 177 259 383 313 235 227 398 200 424 237 376 25 17 281 473 488 290 319 141 404 478 483 212 90 216 120 350 241 450 210 391 234 157 97 421 504 337 257 318 377 510 345 459 279 442 426 10 297 4 501 163 193 144 128 457 108 271 204 42 149 249 346 23 80 211 162 34 244 506 41 73 412 109 330 172 224 67 369 5 7 171 194 51 262 307 36 155 142 452 82 174 479
181
414 396 415 46 29 453 326 148 391 25 153 305 213 295 363 418 410 476 154 247 314 274 19 201 297 329 365 471 342 380 7 147 17 78 188 21 378 73 245 464 156 14 402 116 165 184 336 175 262 332 477 100 492 487 488 197 486 239 240 283 401 398 133 424 407 360 233 302 91 135 306 417 485 193 299 291 211 406 421 445 367 128 83 199 115 393 31 385 437 52 383 340 428 509 226 431 194 171 178 446 457 10 221 403 278 49 289 204 112 122 225 369 440 200 434 270 251 489 334 355 159 151 359 26 312 290 41 150 386 361 317 36 281 310 465 480 161 28 322 8 337 353 142 120 229 325 448 285 160 66 438 267 469 81 498 141 308 374 293 387 260 382 33 268 459 45 70 212 223 348 473 72 38 180 50 241 196 207 371 505 249
146
393 461 481 475 85 165 320 145 441 465 307 495 470 47 432 134 242 208 412 278 239 109 503 183 187 87 154 11 70 167 96 68 136 178 421 237 8 489 293 130 387 487 327 4 248 173 35 373 455 168 37 309 174 56 59 499 207 44 106 49 10 149 177 269 230 399 244 202 223 311 292 277 442 159 29 379 21 54 505 305 17 194 446 91 397 336 324 199 359 456 506 329 295 473 464 236 272 298 471 61 63 100 382 172 388 490 46 253 374 410 226 32 190 372 234 498 351 163 113 189 110 246 341 76 205 460 98 43 484 296 64 400 274 405 314 349 259 443 430 452 144 361 357 407 138 39
186
106 178 233 211 206 357 272 157 130 164 503 269 12 236 469 472 328 201 507 169 194 235 383 64 439 385 26 88 263 241 461 25 285 388 22 148 278 296 261 254 479 15 293 444 436 307 77 79 41 508 125 335 203 373 212 379 251 363 407 273 483 404 333 180 46 176 283 414 463 166 417 289 458 325 280 190 426 364 431 340 318 3 282 23 465 129 98 375 0 257 135 174 287 416 55 353 116 498 449 395 53 102 454 369 392 252 286 390 473 310 478 57 70 44 50 266 140 137 173 451 313 440 37 94 247 501 484 122 427 408 121 67 467 312 344 14 306 161 499 34 85 505 66 75 220 419 350 91 92 491 245 72 152 354 386 132 486 29 10 294 184 368 81 371 227 341 494 149 380 63 104 191 248 100 405 337 31 119 159 154 207 49 424 87 209 239
157
168 276 98 63 265 471 158 426 47 350 59 432 66 26 399 183 155 363 398 114 101 317 139 42 344 244 430 268 485 260 74 396 375 459 393 307 263 171 208 293 13 36 448 21 476 300 235 456 20 281 298 58 493 45 190 246 483 206 431 232 423 199 43 193 440 311 41 73 277 185 447 201 140 408 505 5 507 427 111 296 345 335 332 497 174 379 14 288 325 10 225 166 359 404 279 8 261 271 256 162 383 444 464 416 105 370 269 453 395 500 469 367 504 187 16 273 475 209 103 442 439 254 184 172 250 219 502 329 212 30 110 414 283 313 365 361 438 38 257 355 381 49 322 3 129 112 79 411 96 331 133 19 305 422 81 488 33
166
305 505 477 127 438 323 118 20 281 422 428 55 402 29 175 332 254 73 135 446 413 293 326 240 201 454 362 261 22 489 356 18 179 163 370 27 191 51 389 131 341 132 300 257 102 445 141 74 484 17 276 439 207 414 345 15 195 3 328 485 319 189 491 139 57 133 89 509 145 497 168 265 409 82 224 67 250 314 295 279 125 333 251 424 442 456 310 242 196 431 321 258 0 479 494 315 62 208 396 91 371 218 199 382 173 5 263 459 267 166 186 411 330 49 215 475 11 463 348 8 81 183 176 336 410 64 228 441 231 157 234 377 448 420 480 457 229 307 467 360 30 37 342 99 508 171 72 435 339 77 182 346 24 137 487 334 202 114 381 193 502 473 36 427 100 65
146
7 91 327 41 21 90 19 66 81 436 434 459 292 491 83 223 0 217 303 447 186 60 65 320 408 330 331 474 38 286 18 249 124 168 506 278 219 452 478 227 229 411 97 288 428 390 323 154 198 260 113 115 315 47 27 368 316 396 419 424 75 5 335 438 244 465 501 220 498 337 15 161 35 351 50 100 1 345 382 132 301 88 265 235 127 197 266 121 261 422 364 254 192 322 362 215 57 394 173 239 313 54 414 242 420 208 461 386 221 392 454 398 159 107 380 464 140 353 430 268 453 16 104 171 484 276 31 102 237 348 503 441 310 67 241 142 246 22 271 450 341 416 489 309 480 51
173
292 346 308 502 94 467 279 42 169 84 64 13 182 280 105 96 488 122 230 282 314 99 276 163 191 148 167 186 445 359 456 39 108 198 173 244 20 9 322 305 62 74 45 312 57 463 500 226 56 505 185 102 168 504 391 256 438 371 208 0 319 316 306 310 51 41 54 439 375 354 217 171 417 379 174 237 409 86 125 240 499 295 425 443 490 183 348 38 297 414 395 177 219 23 16 365 479 104 254 330 360 59 30 22 249 265 272 478 68 460 179 2 149 340 197 470 474 434 117 326 49 78 419 362 349 465 404 47 25 28 71 154 33 79 298 363 128 1 495 344 135 447 89 242 221 406 235 268 132 472 253 220 269 31 293 300 259 6 223 110 337 72 290 260 510 264 140 422 427 200 4 216 211
176
238 95 316 257 501 454 175 196 58 204 33 479 318 359 465 126 67 307 393 490 361 420 259 15 201 205 135 105 54 396 422 494 100 141 276 369 441 188 279 387 64 157 169 178 45 304 83 355 97 79 382 221 99 425 192 482 290 172 390 363 113 496 56 401 484 89 75 73 156 349 271 88 358 345 311 29 137 274 114 251 217 330 103 60 212 408 76 344 328 415 442 405 14 417 432 339 310 247 447 436 107 453 443 17 437 289 478 471 109 342 423 136 333 159 144 498 492 50 249 124 225 409 326 146 354 229 294 419 500 2 143 510 98 434 480 161 87 477 23 412 449 184 84 383 487 152 377 314 244 270 62 346 232 219 287 154 451 42 72 186 6 149 352 122 462 263 65 129 162 168 502 214 148 120 426 430
185
178 65 325 369 191 433 186 179 122 240 309 403 459 478 274 372 365 198 266 140 257 129 5 434 271 67 103 29 207 21 351 441 496 152 262 27 17 237 288 190 59 380 143 401 448 474 93 291 160 390 488 81 108 501 260 396 175 56 484 435 297 88 323 125 411 163 275 119 86 337 358 254 2 263 243 100 173 183 453 483 344 458 230 328 382 31 375 33 338 72 113 258 144 267 238 157 273 456 193 235 225 251 233 189 415 63 37 227 367 444 54 377 314 392 24 308 462 57 132 156 348 241 203 495 111 79 162 491 94 126 74 135 466 469 217 60 356 301 184 220 6 339 76 285 127 430 149 362 114 91 221 500 171 503 269 139 117 408 194 424 472 196 394 19 136 69 450 431 99 62 25 224 98 352 423 354 8 311 0 387 35 13 164 384 51
142
33 330 186 182 116 241 457 276 181 326 472 366 348 204 440 53 45 263 230 184 418 222 92 317 489 82 388 508 141 166 134 174 153 402 297 491 122 319 245 396 458 80 101 37 382 4 334 377 257 378 462 327 293 84 428 238 413 43 206 15 425 431 486 347 469 124 26 384 178 314 108 323 463 422 210 195 239 292 66 171 353 48 252 495 249 235 391 201 274 139 227 340 52 23 498 398 111 266 87 466 161 167 126 352 205 105 369 0 321 198 259 130 89 433 278 212 35 406 19 373 215 415 371 379 136 424 148 312 394 410 381 58 399 193 73 445 94 464 262 506 151 22
177
88 218 488 210 156 485 353 174 414 407 226 304 97 79 339 220 328 495 3 177 114 147 201 194 354 344 57 65 53 355 47 422 119 319 312 124 139 236 91 100 367 310 54 426 180 255 232 315 396 380 398 231 428 487 204 364 172 144 395 442 170 75 297 248 411 43 475 108 21 270 439 456 95 449 168 182 102 372 247 254 455 8 63 73 440 208 9 125 340 253 333 374 500 362 200 154 243 129 277 420 31 20 213 137 451 72 273 2 249 192 281 384 295 392 6 215 465 169 133 126 290 196 330 28 377 251 401 259 264 502 498 186 228 209 145 326 61 421 468 35 150 298 506 458 12 445 382 318 349 117 510 289 490 483 106 237 234 476 175 368 356 104 300 120 452 336 332 436 68 219 474 42 77 188 121 239 157
175
495 479 74 288 197 180 44 83 422 231 453 185 299 300 307 489 157 264 393 241 249 233 228 260 346 170 76 329 131 381 49 98 379 8 153 438 440 186 30 375 155 308 46 193 239 460 481 310 23 443 213 219 301 316 164 403 277 457 50 214 445 399 469 162 215 27 400 133 142 419 146 412 289 237 47 140 447 92 79 294 476 177 373 256 54 247 19 171 77 252 322 21 251 108 415 270 128 370 292 218 106 103 246 127 61 391 65 130 111 206 387 405 112 397 427 100 283 208 207 210 126 7 347 195 383 483 222 324 90 497 211 366 341 254 63 472 105 326 12 198 351 409 368 263 173 119 363 464 508 320 160 468 96 45 334 389 359 26 52 234 432 407 183 344 435 42 408 257 318 372 353 267 451 18 72
156
189 503 49 123 51 75 117 141 440 13 57 320 306 375 459 82 296 339 23 487 385 235 324 145 5 187 311 179 435 395 36 505 376 256 301 409 331 414 452 0 489 474 24 79 261 97 196 114 231 259 338 234 139 286 68 450 183 186 258 16 315 266 227 270 18 398 485 254 368 221 110 397 81 506 260 267 85 497 309 447 262 426 383 293 149 86 171 181 208 495 292 155 70 457 9 280 406 46 135 345 119 430 116 74 240 318 211 349 204 362 303 247 28 507 370 239 361 483 401 218 67 470 40 191 382 308 332 373 165 317 131 305 509 460 295 278 248 10 418 99 390 246 73 273 481 275 454 37 501 7 138 200 493 237 354 363
164
21 194 105 440 456 236 122 89 464 350 190 387 321 226 268 247 458 230 284 222 396 418 325 324 19 304 111 191 136 505 462 290 31 70 142 151 370 218 238 279 255 36 72 433 225 93 357 224 297 358 109 154 333 348 271 15 335 317 213 450 294 413 416 169 167 55 208 327 205 344 138 259 466 119 430 13 346 29 258 241 58 369 497 127 442 206 61 143 444 499 312 217 407 47 106 287 263 386 448 82 412 475 149 468 120 508 25 38 201 406 408 100 129 22 166 130 309 188 501 75 67 376 134 181 302 10 71 84 60 489 471 57 210 361 96 50 472 395 97 9 310 308 452 251 378 64 438 174 253 318 315 101 276 382 24 377 392 283 148 425 352 177 410 51
173
24 20 405 327 246 80 188 225 95 356 278 138 504 509 36 451 382 491 431 149 445 170 421 462 97 401 116 209 159 239 303 169 37 41 58 313 298 125 72 228 51 5 361 275 183 231 195 161 73 289 63 394 273 223 252 152 197 429 292 413 101 157 450 115 16 271 441 178 345 407 147 181 415 251 339 128 14 261 67 481 8 90 255 316 309 305 403 156 193 368 377 387 428 409 395 75 447 461 440 109 263 168 134 242 70 68 132 391 141 240 30 166 276 130 381 351 22 65 302 9 76 69 113 32 210 386 493 311 426 301 172 203 508 353 216 59 510 307 221 365 397 112 433 144 137 165 419 218 84 439 315 50 496 318 3 281 306 372 320 247 489 106 25 12 337 280 190 55 98 290 350 432 364
160
309 64 322 87 496 88 357 233 488 295 311 413 500 426 491 420 33 375 423 444 155 292 210 168 68 406 382 367 217 114 145 21 349 15 206 469 341 171 390 157 393 503 185 411 129 100 125 96 136 330 509 278 108 91 343 12 152 127 465 53 172 265 182 140 17 298 355 66 464 471 174 227 167 270 248 277 475 218 85 489 436 0 452 46 338 77 473 481 284 143 314 276 389 236 158 407 317 378 462 297 370 23 243 80 94 169 508 442 424 204 211 467 262 240 363 1 119 205 62 369 305 11 336 39 107 104 186 313 191 198 281 89 269 115 249 408 302 74 329 470 366 300 118 27 384 138 477 252 446 49 451 344 492 222 412 419 261 380 194 505
160
237 259 413 40 506 181 282 14 486 484 125 243 471 391 258 308 148 310 135 356 325 235 226 396 56 114 285 221 379 106 342 155 305 66 429 318 209 315 463 273 483 10 411 353 364 358 378 69 349 295 388 176 306 139 170 46 239 454 179 428 219 328 368 350 404 156 99 392 140 157 89 249 370 192 188 438 144 208 91 345 83 78 25 164 168 53 20 172 245 242 467 101 481 185 63 456 504 105 489 16 361 375 444 75 488 477 322 301 21 262 494 339 41 247 152 312 407 177 31 86 384 458 191 34 160 82 119 473 13 425 383 118 154 335 459 435 128 279 35 402 122 110 194 451 503 174 121 84 372 277 495 386 62 491 49 437 130 409 501 450
168
211 202 69 398 489 222 89 267 378 458 209 119 377 306 418 503 156 191 413 129 357 361 265 97 235 338 479 465 198 247 277 7 359 32 386 134 123 148 219 179 442 161 106 463 411 333 466 275 393 415 140 495 487 497 390 349 15 73 457 9 236 21 174 311 136 316 28 53 459 447 110 160 445 204 432 176 273 226 397 205 494 228 137 194 372 308 367 56 438 345 158 139 505 25 421 348 321 508 429 190 249 471 485 242 108 128 323 302 343 154 305 488 478 115 394 233 36 207 389 263 170 337 376 339 287 289 49 330 483 449 75 510 169 239 310 455 144 20 79 401 352 197 46 117 167 366 186 437 423 327 51 68 468 40 318 493 425 450 58 313 195 475 164 159 95 499 166 130
177
60 254 448 445 331 117 384 57 416 185 272 46 20 192 441 180 63 350 83 465 453 246 286 186 166 319 39 36 419 110 153 250 316 44 238 255 352 143 54 487 159 120 240 481 439 297 356 80 220 123 243 119 139 200 226 202 329 349 393 128 264 372 30 11 314 434 3 69 475 137 293 49 127 97 73 450 494 87 59 400 135 391 134 147 126 17 19 112 233 6 412 280 170 22 37 409 1 190 51 108 129 167 103 148 312 15 222 10 205 176 339 85 93 257 498 370 301 75 41 309 359 231 162 0 405 344 369 307 505 183 25 477 392 456 473 94 397 270 414 432 29 68 496 218 295 2 447 211 427 415 223 461 503 292 191 479 164 364 144 322 398 241 348 106 376 385 160 459 267 379 132 451 355 172 374 346 157
182
43 153 272 391 300 124 281 121 201 74 463 414 337 35 267 411 322 352 107 155 447 53 412 202 480 355 280 232 506 156 475 236 112 75 2 400 47 165 401 41 323 72 407 500 465 29 389 318 453 363 83 329 505 18 115 150 64 383 139 22 78 313 264 82 106 495 378 441 432 254 198 491 473 227 396 91 80 225 105 301 26 207 248 117 216 51 69 484 67 421 144 233 403 163 180 278 111 497 188 381 102 297 161 221 44 356 351 370 65 366 328 31 140 374 510 55 154 86 245 192 89 57 316 85 190 469 258 122 108 307 345 456 429 347 209 28 346 211 488 142 365 222 287 438 241 194 349 489 257 405 392 333 394 320 95 162 178 145 152 195 380 185 290 398 134 132 478 304 298 99 48 410 261 183 253 502 476 212 498 249 471 439
147
442 5 9 142 212 105 155 249 506 199 443 356 491 135 235 328 239 272 509 87 67 25 258 11 461 483 508 353 427 488 107 53 445 134 266 205 363 182 403 456 133 158 88 79 419 93 273 338 70 478 400 485 303 410 115 364 216 315 162 264 38 297 412 459 233 62 425 357 90 50 365 453 452 203 261 58 178 222 123 78 345 276 339 388 95 101 186 31 402 470 500 173 475 447 438 76 448 29 176 166 263 82 474 110 341 125 252 324 224 219 28 192 424 379 371 59 198 170 247 286 12 201 117 386 36 413 432 298 206 145 74 15 406 33 440 280 56 333 184 417 73 40 189 306 241 16 7
187
374 230 266 3 510 318 286 125 458 341 492 289 449 159 86 149 307 297 262 95 436 150 211 113 219 56 475 447 176 207 181 390 38 294 397 94 400 59 4 7 223 67 334 319 282 206 47 36 91 415 162 469 153 378 255 250 357 410 328 326 143 479 198 291 165 321 22 268 452 78 429 97 329 419 192 229 498 60 285 212 215 412 101 360 367 147 505 134 355 363 503 290 15 423 280 42 65 495 310 424 9 269 336 73 352 463 107 233 33 11 382 387 156 13 272 235 456 172 154 461 257 139 52 121 204 350 472 428 5 459 306 54 254 209 259 354 83 389 27 106 432 146 485 404 28 343 68 293 252 454 323 128 61 413 45 114 248 381 178 234 51 279 482 398 260 166 484 151 376 25 64 17 238 296 161 29 37 225 277 253 111 348 185 437 270 499 242
163
246 467 323 319 361 480 286 1 421 251 98 291 475 196 473 414 42 501 380 438 298 367 269 333 363 416 321 34 402 165 247 306 390 426 450 190 110 157 10 174 176 448 159 248 195 258 218 436 240 471 317 228 260 100 504 207 311 53 469 397 67 187 8 279 4 107 404 488 223 154 204 205 76 433 446 358 300 192 336 212 168 393 400 276 477 413 371 152 63 236 60 185 44 137 90 326 122 441 350 71 349 22 32 290 106 172 86 357 36 301 489 48 142 210 231 498 342 466 62 486 50 485 370 377 274 139 213 77 304 283 94 163 17 29 334 202 266 395 443 82 145 124 303 59 445 18 199 365 186 111 144 14 39 217 270 102 352 113 463 388 209 93 417
169
232 8 292 194 12 56 447 237 201 277 82 205 398 367 113 438 405 421 272 258 301 260 424 107 173 388 462 264 183 509 118 10 206 387 440 249 281 334 191 471 328 500 426 139 384 418 427 112 245 507 482 24 458 235 352 208 313 395 406 222 382 303 164 446 7 318 220 348 466 180 116 341 156 45 491 203 485 355 390 198 275 451 503 246 468 168 358 202 496 338 57 115 104 373 488 89 505 22 110 339 2 16 132 127 37 346 124 425 145 170 77 212 169 193 283 142 410 255 449 36 403 214 270 96 343 307 359 44 378 162 217 219 262 345 299 25 479 66 362 484 361 49 490 289 295 32 34 122 333 370 28 53 78 429 416 350 15 433 242 43 230 435 38 128 469 248 81 59 253
136
483 181 354 16 116 63 29 319 335 389 352 161 87 284 192 392 443 248 441 433 348 246 331 268 361 254 114 372 252 312 136 172 201 20 310 258 403 339 76 291 457 140 66 494 396 285 275 152 83 444 224 349 194 3 11 270 55 426 79 478 46 38 203 454 236 244 501 292 419 28 141 370 353 151 143 393 318 492 131 341 123 374 366 86 409 466 94 204 362 163 397 429 99 243 257 439 263 281 96 278 53 102 72 48 314 92 505 31 450 460 386 477 481 437 69 255 266 303 108 58 321 146 499 154 445 323 199 128 106 214 166 467 306 179 464 344
177
39 142 418 47 153 18 309 60 156 280 231 420 256 50 108 389 320 101 58 274 65 307 73 495 56 459 154 213 232 452 475 44 368 52 111 310 345 374 386 86 168 267 162 385 151 445 204 473 424 362 75 297 465 244 100 92 277 383 218 447 103 177 159 12 285 341 150 212 23 113 20 7 410 391 246 398 425 402 468 263 225 250 192 352 38 179 504 203 501 68 64 187 98 61 116 158 457 211 193 164 215 130 481 174 180 69 28 372 21 235 315 269 491 90 139 441 370 110 308 146 2 366 317 282 439 219 357 84 125 227 422 205 120 305 171 387 71 236 234 301 94 295 41 461 375 160 265 134 499 503 237 122 118 198 449 145 80 407 242 498 241 365 415 432 201 8 343 338 136 45 138 326 0 288 222 471 185
182
281 110 410 267 188 282 96 72 333 195 136 449 268 214 178 405 349 290 185 360 61 98 357 420 417 304 451 399 101 112 1 127 230 425 234 167 216 487 134 55 372 159 42 222 476 69 367 155 447 250 467 429 379 337 64 220 313 440 423 245 374 140 505 508 229 273 22 295 19 105 190 430 264 322 194 204 90 158 145 371 472 187 203 446 352 434 227 43 116 4 236 315 258 192 147 364 444 479 427 345 376 183 489 32 490 460 238 309 16 249 308 36 57 75 78 17 280 47 288 92 403 59 501 326 486 129 120 68 65 368 12 142 331 124 380 49 414 396 10 8 391 163 261 180 208 38 466 160 85 507 319 82 122 87 176 181 143 361 244 342 301 33 338 382 415 477 302 407 224 277 496 321 284 468 211 27 255 438 443 473 484 73
147
34 457 209 398 417 493 328 463 169 293 117 331 482 154 422 470 246 272 112 277 126 448 438 114 405 232 148 240 140 447 354 89 450 0 432 471 87 211 171 7 213 66 229 5 414 35 193 416 260 281 348 466 49 329 509 27 58 3 317 487 133 124 236 390 91 320 55 265 326 257 134 421 178 250 393 380 275 253 273 434 400 188 128 234 107 53 205 382 374 13 39 464 291 366 340 23 50 267 106 231 179 146 486 454 262 290 363 307 242 4 263 119 147 72 161 375 99 342 228 298 264 338 442 498 85 429 384 345 16 479 309 314 25 301 97 427 480 207 244 388 8 20 83 174 33 41 223
161
127 231 246 320 57 179 493 226 313 33 138 115 503 29 200 507 184 303 285 345 23 117 396 252 277 9 8 357 363 133 298 238 248 391 341 288 175 474 169 77 267 413 64 443 13 395 37 152 271 140 106 362 431 509 433 359 376 479 188 207 278 217 437 118 407 165 1 326 476 214 333 460 319 384 305 370 373 355 204 168 20 334 372 467 174 243 114 354 335 5 444 18 193 428 329 387 46 66 219 132 58 292 244 38 367 43 471 269 478 96 68 381 510 54 211 415 259 445 160 382 94 3 272 255 84 67 422 27 418 321 417 487 158 466 102 212 485 215 51 260 98 151 342 81 347 469 311 325 349 262 123 375 60 456 338 264 323 229 195 156 72
159
464 420 417 444 158 255 363 338 180 178 309 477 105 33 471 440 0 415 509 115 298 500 134 388 17 457 185 361 428 480 268 433 91 203 26 391 316 413 357 116 174 376 100 347 494 259 405 227 410 162 90 61 120 145 447 38 21 402 53 218 263 386 214 427 8 51 408 266 96 368 14 242 25 275 233 248 82 407 211 156 261 206 422 205 342 212 340 258 240 430 13 152 279 332 321 396 246 121 424 5 27 193 456 276 401 137 300 57 319 446 84 113 16 160 442 243 43 450 503 397 34 22 1 189 283 345 506 125 166 197 491 355 310 270 470 94 72 192 483 73 252 36 196 65 95 30 69 337 150 182 273 271 384 163 374 42 236 365 377
150
207 82 5 247 36 115 432 67 362 419 156 394 348 352 392 358 463 145 476 211 336 364 495 299 46 243 496 320 216 220 79 275 86 88 158 237 49 194 368 24 426 254 76 377 255 308 356 132 433 376 506 104 92 262 231 274 499 60 371 184 306 53 179 314 177 63 203 334 367 323 373 442 215 439 94 438 280 249 125 385 69 420 199 269 33 414 312 34 58 21 407 223 258 189 272 0 328 19 103 395 114 457 196 35 473 129 164 399 6 166 505 266 118 182 470 300 107 139 325 474 410 227 329 11 354 466 109 210 504 293 111 357 462 30 430 445 381 345 202 510 482 263 390 146 281 502 403 187 72 493
162
180 288 453 377 425 262 407 107 272 510 234 248 366 463 266 349 363 467 111 301 264 187 64 81 67 444 50 426 350 455 120 122 327 18 201 143 335 20 154 53 101 184 235 47 171 72 317 56 442 258 293 356 165 421 129 80 315 298 228 412 441 336 343 347 430 33 92 173 458 307 199 479 251 239 323 40 382 389 16 406 109 241 177 73 157 141 410 147 166 1 397 6 321 106 188 206 103 448 338 78 311 401 460 305 98 113 360 354 95 456 490 30 232 281 383 330 82 13 211 25 4 156 52 333 119 85 494 436 77 29 374 482 15 415 256 476 249 220 341 238 169 193 61 65 284 399 27 474 124 503 115 176 191 472 420 128 473 371 319 274 150 395
166
243 287 204 424 312 0 361 295 448 240 324 115 364 150 417 227 63 464 58 279 495 156 181 460 164 128 168 369 211 338 302 388 363 188 147 441 372 406 162 316 4 403 470 434 249 65 394 320 414 195 444 141 311 395 113 385 443 14 54 317 281 2 173 436 480 462 35 106 121 177 222 352 171 64 81 430 482 497 274 212 130 80 8 401 12 432 373 499 500 87 206 238 78 102 457 477 506 109 490 392 294 389 350 412 374 453 421 380 377 21 94 220 270 83 193 468 33 241 210 409 85 107 98 26 153 452 278 225 253 158 386 336 111 11 397 256 266 90 268 59 370 398 343 105 192 133 318 49 101 416 24 31 37 30 483 23 382 472 502 334 86 285 70 321 488 467
155
39 492 68 235 494 136 283 2 166 240 496 177 396 385 349 156 12 400 217 326 465 360 168 160 358 354 227 74 493 164 378 297 263 293 406 376 340 506 271 312 25 455 259 348 505 485 510 298 446 237 412 128 8 382 307 161 99 344 224 196 22 395 32 10 351 206 437 189 467 231 79 19 281 316 460 338 472 157 131 300 80 454 87 88 6 198 418 152 282 44 137 503 439 501 65 242 172 169 31 384 62 143 248 211 204 468 288 473 277 52 310 163 304 461 325 475 34 195 150 337 153 75 366 58 428 103 346 470 238 23 286 101 273 94 77 120 207 441 415 232 261 213 69 134 313 38 17 109 368 200 187 469 46 221 331
163
343 121 8 267 406 16 383 68 340 111 259 174 479 275 52 40 208 24 496 356 509 407 279 2 13 4 28 181 65 400 20 473 70 115 445 302 140 501 46 18 10 107 288 217 194 188 268 471 317 197 360 437 97 113 454 493 244 90 334 384 408 298 414 442 233 45 389 82 332 189 229 308 220 505 7 291 227 106 271 14 375 162 168 378 490 318 419 11 393 363 261 49 353 136 191 446 108 428 282 380 457 399 421 71 41 463 329 123 336 225 508 94 221 312 280 412 325 250 409 126 434 492 30 61 212 175 337 164 354 245 365 170 341 477 253 21 157 167 331 377 264 5 452 273 1 311 159 179 152 344 231 289 178 260 63 76 390 128 322 239 359 114 285
165
59 370 181 169 342 411 231 2 131 508 213 118 328 115 458 56 311 399 365 210 54 50 423 154 266 13 239 246 505 259 361 431 237 251 248 417 98 113 250 395 468 418 199 35 67 345 96 117 294 284 25 227 194 300 32 351 3 306 367 260 129 421 388 254 440 184 150 451 177 140 159 349 480 457 62 267 403 409 334 176 261 121 191 37 219 357 207 257 359 264 375 432 53 339 7 43 317 92 270 291 378 90 95 287 41 233 285 510 172 392 69 324 406 11 489 394 314 30 374 147 290 51 221 183 444 307 302 497 434 469 280 137 443 243 23 86 355 401 21 187 383 165 72 205 446 200 241 146 136 102 214 283 315 325 386 47 173 198 344 156 162 112 152 464 27
171
112 4 499 88 121 462 448 378 173 274 304 352 327 165 98 233 105 210 380 206 278 265 439 130 336 96 100 421 256 296 90 24 425 372 341 18 405 261 288 216 125 156 205 252 456 33 402 61 38 271 204 174 335 131 473 118 70 360 236 159 82 190 62 501 169 73 458 262 444 338 281 471 7 325 386 303 99 282 496 371 245 41 376 320 452 140 2 1 407 15 428 434 348 11 343 94 297 506 14 114 485 12 26 357 249 268 222 212 126 187 482 242 316 422 393 56 359 285 225 353 228 381 430 215 111 52 508 392 324 183 454 315 330 307 202 366 493 219 66 465 416 427 138 172 178 29 356 397 79 232 246 410 498 132 170 239 148 84 259 350 185 399 322 20 345 332 117 361 244 251 23
161
297 504 455 420 145 502 155 42 132 217 305 18 171 41 3 64 96 250 296 189 71 55 114 160 147 66 57 382 100 200 392 317 350 258 480 176 425 183 243 443 340 253 438 143 351 26 483 182 174 494 380 102 402 255 177 485 413 24 459 289 22 107 134 244 447 238 129 2 415 462 347 196 97 153 251 405 225 288 263 482 119 327 506 456 266 276 172 190 23 323 11 81 13 442 309 461 126 203 32 157 27 453 496 279 365 301 180 36 381 344 34 291 215 329 72 489 20 311 336 368 120 500 465 357 388 123 448 497 376 205 401 491 240 68 77 475 105 99 16 508 339 14 63 92 359 84 307 69 44 472 185 501 398 78 89 445 421 112 48 223 257
149
83 495 71 275 148 429 37 111 41 33 247 114 69 252 244 112 306 116 173 332 227 378 318 504 481 185 16 394 282 312 226 23 364 420 170 4 475 63 146 43 60 283 450 464 123 373 230 90 180 270 108 372 65 256 93 296 438 443 414 199 359 501 251 74 447 78 410 118 397 322 100 329 30 368 174 26 412 328 152 325 233 339 468 388 224 194 6 286 79 109 423 50 221 470 422 490 13 337 55 216 431 57 189 68 437 235 266 380 406 433 385 399 294 254 237 453 278 134 408 102 292 508 489 267 477 97 144 382 361 462 259 303 403 153 228 191 343 129 178 391 440 331 269 172 310 49 436 99 155
175
230 109 313 368 182 23 473 200 53 76 363 18 433 205 111 304 426 9 146 11 358 193 220 101 456 344 496 288 329 269 494 48 464 134 356 21 254 259 506 221 243 267 214 197 366 257 106 369 226 25 278 125 212 72 309 79 458 98 469 148 152 35 208 262 164 421 432 276 439 412 280 346 39 216 322 292 31 49 333 178 41 181 107 321 209 374 129 410 113 470 416 227 132 348 32 390 437 365 165 77 454 237 481 409 353 492 381 393 7 231 57 144 445 252 351 100 142 287 156 297 2 480 498 424 312 33 508 452 413 449 118 293 327 376 430 462 186 427 285 36 489 29 14 38 261 91 103 501 283 510 453 325 183 274 201 45 273 443 395 465 270 250 158 68 402 387 399 94 177 483 471 66 503 170 290
181
5 410 173 303 80 444 268 326 218 374 189 10 311 209 389 222 508 481 145 466 254 401 416 472 446 28 245 0 396 96 56 139 171 33 61 22 201 355 204 390 278 302 238 65 496 419 291 495 392 350 242 39 175 324 256 25 184 76 393 437 313 43 160 418 9 260 229 185 319 49 147 478 40 14 308 340 121 233 7 37 195 217 182 492 505 279 91 450 320 315 258 367 77 119 363 421 352 31 179 498 424 475 198 488 101 108 471 298 358 87 343 427 460 370 501 157 19 208 285 94 54 223 266 504 431 66 300 234 468 63 338 274 231 412 59 151 273 55 487 250 207 509 127 128 183 180 436 109 262 161 81 191 117 406 263 506 293 102 227 422 510 375 32 414 132 434 408 155 476 134 213 83 244 322 383 327 368 169 205 12 439
