2236 2236 0
4 166334363
154 546630831
1 956505843
3 805642254
648 402770531
1 89547374
1292 464312421
985 327480170
1 167870876
1554 297707290
1 507137072
4 358425335
1092 321222555
2 174461489
4 476777849
491 4510481
1131 130580503
2230 823335756
3 490868401
4 818916720
3 147238681
1 657185187
199 533455174
4 140066850
2 923929615
4 914648629
1898 146791787
693 989015465
811 436940003
3 536275061
175 62879703
1 533475007
1720 897026168
3 883841465
1006 137928031
3 983738385
4 308040813
824 926941648
4 341858582
1 206146460
2 824116038
1761 847074369
4 892419115
3 256672489
3 735002978
346 245133482
1 74363010
1 830938179
3 639158713
1 112500504
1151 797545452
1 479150532
2 728105894
3 53143477
86 501190487
4 140325678
987 87360994
2 953173087
4 485143978
1573 399068184
2 391653581
1236 880614467
1806 73101112
4 342236668
1 184894618
397 432558850
1176 630950823
1977 156573685
3 169961339
1 879980107
1 884385296
744 410564539
93 906803793
1412 182961597
4 651049923
1903 298983464
3 683385897
2201 116788445
3 607633224
2108 709403120
975 34857786
3 758308062
2025 328766642
2217 692021108
1252 54142725
1 736333226
4 112125044
2219 458178733
301 798474704
577 998706571
3 813050833
1 597151115
2 698084930
336 699875125
2 377420933
129 1661671
1 673869081
1 856331857
3 446688300
376 459830743
2 351798672
3 464275316
1 794794793
62 424040841
1 804344273
4 122428115
3 841883895
1120 568606922
1262 99492711
800 188268407
3 647805
4 322084839
1632 450353786
1244 562070252
2100 271259720
2 172362707
1 656860756
4 633110764
4 825610332
2 817505603
4 996031173
52 580957988
2 837919663
3 669499020
1659 224520288
2 590301968
1 38439959
1 219836705
2 459499854
1 856311968
99 252679369
347 151515709
2041 743417958
3 916736400
3 374917231
1660 214653705
4 47430296
2 832154975
3 64629209
2 473148066
2150 162453464
893 852576168
2 243843123
432 259832587
3 375767477
1 28821466
3 702543446
1 518478663
757 324813557
4 290889682
1288 223784618
1 909734835
2 272301253
2 335703556
2 531924009
1 849611095
2 599763398
1 496386485
2 69119854
3 798833903
1315 457033632
645 263511363
3 715326205
353 48138610
4 436827489
889 142287996
1 288407715
612 484828990
3 8474653
1 753558631
1 981875162
1 783970254
2 266811039
2232 863767812
4 363551563
1231 254751738
2 497196415
1996 437874288
1568 295119001
4 476382308
1765 551924409
1 957586321
1 222194815
2039 167000780
1555 461123569
3 942270209
1 287427296
3 160515923
1 798550840
2 506546398
1 499650717
824 607855196
3 38574104
2103 471234115
2 727204742
3 351277705
1 540570522
4 481604854
4 165213688
1645 892854443
2 300195304
4 774455423
2110 726112029
377 516612560
3 651960223
334 256779879
9 137125236
4 125974631
4 215469238
958 917600217
3 404555625
1554 882300621
4 913927307
4 707309202
4 741437523
4 447403267
4 733315962
1933 244688482
4 858089781
4 610861236
2 338328882
2 695480066
4 40580512
2 366840911
2 787357510
2 659301772
3 926577173
996 91140078
4 236171662
1875 510996519
3 155394941
1733 304269438
2 997260490
4 511001793
2228 670634348
2 621057966
2 318514088
3 66855462
4 982417322
4 336453918
4 541388791
1 882614194
185 709624456
3 96553612
1 258680976
3 944437096
1126 743137744
3 654937884
2168 249275600
3 92310259
1079 643118923
1 535721579
4 190590414
1 719112914
3 67660425
4 59415405
1097 715145553
1402 45760612
86 932286861
4 484771189
426 562590008
2 689066520
2 826633514
2084 859574305
22 914504897
1 837557672
2 192862062
3 915183417
1 980104810
2 407356085
3 973621634
3 897097274
3 593123743
4 4573534
4 673138201
3 404218210
2 535502223
2 633288835
483 779737296
2 417951223
4 177867742
1808 786918640
3 909282058
4 519239479
188 965007359
3 721750034
416 190235675
1 295698544
117 952766486
2 23342076
2 973977115
1126 612841091
42 44580515
2075 355184377
1 954532620
4 178581990
2 516113090
1492 701544394
4 968713464
1297 942862739
100 877243817
1141 126548753
2 560412883
3 177178853
323 724935422
576 278914518
2 275594880
2153 433062855
4 951815963
357 373763244
2 436850773
739 508632659
3 276468810
414 305701874
3 519814165
1 963965418
2 769085226
1 32919669
4 862474851
2 996478546
2 915527658
3 513958475
2 867326274
4 96870905
991 244077996
571 406132499
3 334635393
3 835100369
2 355777966
2 730388924
1 243366064
1 159037623
2 766175721
1864 833474237
2 739304135
1 682969994
4 726967769
1475 816858827
1 915337755
1054 343667949
1 119412624
2 877697232
4 796009115
952 391380208
545 159190391
4 98890957
4 459787466
4 834205932
1434 974570104
212 666568512
94 434838280
3 83274888
1 629534993
591 913755336
1 238626873
4 687836567
1 766317710
1 346422089
1 932258756
2 869364200
3 376552384
3 345826989
183 279436752
3 297773607
1 962715432
894 66332305
2156 445756609
3 870119466
2061 500199658
4 68766422
46 533394681
1273 108302489
844 189440147
3 635979586
3 531066902
815 309813306
1415 673563839
1 209907497
1 441455714
959 57520143
4 22462254
1920 857423445
4 475194196
515 547285263
3 473697547
896 937695450
2 441497466
1005 176587374
3 814864812
1 578369272
1 765414229
748 174914125
3 154842566
2 726527039
151 417054306
1 137734196
3 265031073
180 693693779
1 734565042
814 788518038
1 534955336
2 168073425
1 801405184
3 295960865
4 237047521
110 666965896
1549 483872251
2 48727129
1739 91032493
2 575910253
2 576156695
2 28794519
4 721535136
1353 233735207
4 637590660
599 113230279
1304 260879790
1985 983350073
1 353090257
1 505611056
1 229967612
2 27521244
676 421392523
3 973927851
3 782380936
3 841127417
40 944109646
3 216763769
1 501298970
384 917403929
1790 891172281
1784 310436230
73 804223058
2 739383508
2164 762870582
1 896184282
1 675312835
3 289611430
2 879731054
4 197606813
159 986038475
2 612338574
1 380443050
1397 138608724
2 315856060
1927 197469775
2 82967232
1 353805874
3 40694628
3 237382977
318 804134750
2 951506178
125 121308247
1 126631762
1 950725423
1712 675323628
4 861948020
1154 489536454
240 368127694
3 23825234
4 70974992
3 840514217
1485 718863914
84 737462165
2 634404129
3 267444993
71 897771604
3 157351786
4 464471161
82 106482486
1 669677014
3 155012881
4 896144687
1739 19551363
764 557568312
2 697268437
920 733843559
4 393012716
1 913059129
3 836729713
3 363518965
1219 230777844
4 982143037
3 88306657
4 367016563
4 84738790
4 198946106
251 218027109
1 766226072
1797 841369977
3 776611626
3 894955077
453 636028304
2022 786604170
3 283607079
2050 816533275
665 744888241
4 541697407
3 151089201
2 271914566
1 76991408
527 881294777
2 228133223
1 717641949
3 807571024
1 4194052
1 255102115
2 586149714
1 77252359
1 940102325
1 719322651
1287 312217050
1424 229679044
1306 669671749
1251 514720055
1467 499604247
1569 358405678
2 246281584
3 423298673
2134 443170269
2 599699283
1 668456360
1 481310673
4 204803878
3 37516736
1 726500316
2 194927402
787 656805319
4 289647346
2 108781753
224 454025486
3 534741404
2 259120088
1 316865638
1 670849301
402 922377756
2 868641283
3 501333793
2 596848390
4 902531878
4 737970506
1557 850505801
3 958938220
4 455335729
2 326078066
3 638038854
4 848276692
3 823414829
919 439744879
2 292223616
2 630923940
1 934656681
1595 168129890
2145 749297183
4 612747374
2 1254805
3 371940335
1779 631979548
2174 304006845
1722 747933548
1 929600607
4 859184380
4 337660429
192 743972626
1 121242376
1 567538672
1788 789379238
4 6257291
1 200597671
4 203694487
1 880972233
1 842954669
541 926993450
4 169640563
457 467565908
3 353862597
4 328623633
1 33807763
2 380503196
2 240816819
419 570701924
4 527074409
189 684108880
3 398569546
1425 167277670
1 710311054
1877 412112392
1 832829666
169 644818850
1 223645124
1 665698862
1709 601101041
2 750031812
1 679819589
4 430872640
1176 109854334
1384 15176267
4 100935654
3 126480844
4 840810267
4 173814448
60 591263785
2 477795637
1 868124849
1339 928195861
2 535500886
2113 632380015
1 697812417
53 268784528
3 533524147
3 278519667
1 850403999
3 411924884
803 827484833
3 272264929
32 621925146
1282 835655210
4 83529252
4 911243263
1785 64587624
1446 309890387
4 934286582
1 363270792
1643 913864183
1 401486708
2 882734330
4 812872340
596 279885832
930 495481870
1022 189473862
1996 449925949
3 268962903
1510 170589676
4 341697781
3 229092499
2 792143082
489 412722257
1884 454561479
1 914669976
4 332715658
2 675493498
471 596014560
4 821483068
904 91641330
1 65420565
1 293379338
2 638800559
763 133987627
4 818334481
1244 138904786
3 417244723
2 906968298
2 767884433
807 174063215
4 774107950
1 509018750
164 765277934
1 713732005
1403 425733384
3 249359703
846 981683724
3 411709389
1057 589597210
3 802182130
1448 362839900
2 555578747
390 136540127
1931 333148903
4 749628659
918 143238270
2 960348494
1 139349835
3 478347105
4 295979964
3 102779572
2 266569974
3 814096068
3 818087073
4 178932327
2227 226248041
1634 222374229
4 413599121
3 200186111
756 491133361
1 506684396
3 454928582
4 240967298
4 59978188
1 736223621
4 922731272
1711 871332379
1 257832395
4 721860789
2 31748605
3 7231662
1 504934423
4 245524932
1 995685653
2 659046820
3 541702675
1 575937444
39 682003017
3 231518058
1615 773588865
1 546387093
3 987809233
519 712876947
2 196926528
1527 832740412
4 549942855
226 236261872
2 424775594
2 946396672
4 57927162
2093 798373489
2 213267125
1 675397621
1 331478691
4 28035484
73 665150065
345 776105949
1 343284432
2038 427840615
3 346127645
1629 133286949
2 924094619
1931 486250949
2 619268900
2162 218781054
1 27132490
4 754130672
4 800010192
323 845687560
1 476486861
444 512800855
1022 967375110
4 709640153
1 820258314
4 729978994
1 652909471
4 631133152
2 78760415
1292 856655908
4 25010058
1206 296218972
4 171533254
1 668792346
719 865393645
3 199154289
4 771016793
2 533694525
4 432424149
2 151992365
2 957213259
1 570812632
1 722553099
1063 339962807
3 769382187
1 246480247
1 930087200
2 400273055
4 948657269
4 13129923
3 172619508
122 205729824
2 983135758
398 806358949
75 434545709
1248 264009653
1 334508842
3 165123657
371 114205860
4 266664212
1 802331246
1916 199719966
911 245348570
3 129180715
1644 446022092
4 871774196
2 697848102
1 692239017
820 137723775
458 285003606
1 944309006
325 976000283
245 470807351
4 716966303
1728 233305807
2 380859466
2 9908610
1622 704747678
51 654165564
1486 992183017
228 446137035
1 153647414
4 647879502
1314 370967621
3 124643168
4 475032502
1 726786689
4 600800470
4 283249445
1846 35787931
3 511528478
1 990846081
1 712101181
3 664986384
4 101916933
3 332020732
1031 994131219
1 872413981
1086 713148475
4 860935785
3 469659622
3 368506946
3 713052690
2003 139613118
2 115632726
2 626778115
3 457832317
3 65704149
1962 308862766
1 280027471
1 181449838
2 87850349
4 841359958
3 942393240
2 219976274
4 423581178
1241 373993151
4 17917772
1326 32360086
1 753685011
4 228958010
2 287088705
2 170855387
1 931547913
2 847276987
3 564601392
4 983883523
979 430138714
3 938957748
3 579351867
1 102431991
1 491569231
4 222948
768 559287759
2 570482543
3 468012369
2082 216305309
2 265204074
1783 25570396
3 13094604
4 310230934
3 95482983
1 361184544
3 701311005
100 126113459
2 192730395
2 534423556
3 827024081
4 706706253
626 228421665
1122 698027244
4 206031189
3 908735584
3 565703183
2 494725822
3 981820127
1 107419169
2 371986092
4 229122796
4 705651106
1 474169536
3 216631208
4 747361936
1406 747413186
1309 246393457
4 504987653
4 797654812
2158 931666608
4 657626130
1 42564319
1 988043213
3 45884109
1 371300279
1 891357090
4 532827875
2 902883850
4 37932606
1 456696432
2 49700647
2 623294115
1223 30256709
3 134545240
1 371354810
656 494638121
3 899993173
2 284256456
1067 444409857
1492 98185057
4 656633870
4 917017786
4 833218466
1639 692964478
753 817678467
3 955014894
2 752177520
1839 237627315
1 529861546
2 505354606
1882 549633896
2 195499959
2 683140349
1 252290846
967 817858662
286 960598154
341 30274633
3 277558868
2041 607086166
1468 903704756
4 220994462
2208 363779743
1 991544502
3 773513025
2 599578571
80 32432669
1 88251143
4 538694664
4 640177313
1395 787127728
2051 294709837
1 256057597
4 987386799
428 936793740
2 299444265
1 995412022
1 346921663
1 795231365
598 624357515
3 679847533
120 683401944
3 819679052
3 555726936
1 235408692
4 9854699
1 722359538
1 761490723
2 77871330
1020 8360188
2 398895403
4 669428556
3 460501709
404 360245638
4 620129735
4 142291700
2 75598686
3 554950907
2 800818141
1619 338751604
4 119686229
1770 656171343
2 734784961
3 164819971
821 916150635
1 224804211
1 149085464
1056 344103980
4 882223807
1 5958525
915 727343618
2 347091339
3 279511975
1 901732307
1 718447742
2 918425459
1 954283913
511 967589129
1 149733014
898 881631039
3 804215355
4 426735426
1624 295061853
1321 647378276
1 838922510
3 326242803
2 895725135
3 219683409
2030 300448453
3 856593114
3 919509786
2 684623740
1 5171122
4 287581607
2202 970782150
1 443214960
1 962093137
1 427443329
727 690023881
1 97358246
2 565102478
2 797831283
4 85234247
1994 332315897
2 540465891
1 947588901
4 450041806
1 542465999
4 7974565
1529 590202235
1 589463888
3 20987811
3 605992143
4 890486689
1 772622134
3 710377628
1008 261552501
2231 491638838
2183 738328033
4 824953328
3 898932215
38 551163926
345 511956080
1 914467372
3 693166855
3 437972741
638 666331051
1939 639186032
4 539004567
1 297197122
2 509618930
1 687030867
1067 494581396
4 80349306
3 832516525
251 627157596
2 360536602
3 588811484
2 378406084
3 58279478
2 986078890
1411 785903463
4 373004819
1 715326573
2 879036247
1 988076990
3 394225037
1757 32161583
763 955855527
3 595085569
1 762239654
1134 414902525
230 499753315
4 295536216
2 483513067
1 85397397
3 273065162
1 517610256
1 219368463
1 708632693
3 933141903
3 706759026
3 427875407
146 846955775
4 524534594
507 922154725
3 584023990
3 877856088
555 649766682
1840 975444875
2 229894107
4 899765759
1 841879315
157 229785209
1833 58585737
3 440559829
1304 545332782
1 133567569
642 809466180
1 639011379
1 212662503
3 35635321
2 124113994
1 329355398
3 771838341
3 559220000
2 144648683
2 494884430
4 316720998
1 732168502
77 529829070
2 420547696
3 694407109
2 707436326
2 821277041
1275 476943207
1 457371616
2 70392089
1837 369861154
3 742147941
3 993930190
1 383914616
2168 884500218
1885 531965267
3 493933843
1 404716482
2 580542393
2 815729539
4 344144068
1 371969022
4 97097016
2 137577302
2008 992962038
2 619531330
1 500919636
1190 518987848
4 47827032
2 15842361
1 239021240
2 729206470
1677 900714838
3 747506766
2 312676496
3 493755414
4 925877631
56 933604036
4 422416691
2 802767502
4 164273382
4 727272768
2 800333038
4 182629059
2 328723857
2 453674951
3 639723623
2 34377064
2 927088425
1296 447799568
1 957523744
1307 823296100
1913 987061113
1 414267026
2 438072565
4 167632507
1946 176028441
2 983883252
1 251058490
3 917382789
787 101225478
2 289393877
1 138169373
3 321865374
1 582968938
2 268493354
365 290857484
1172 682170199
3 543052476
110 794978892
2 210986891
4 726902842
1219 612056402
4 248806926
48 737433578
1373 649631752
2 962084954
1911 208620648
474 361243096
879 705012819
1 563822088
1838 782526789
2 509615044
1 771428761
1807 720485323
2 785543971
181 709500661
1055 605981756
188 767619114
3 721924354
1 677567817
4 907651494
1 483440551
4 175041683
1 795679042
1 908949823
1864 649634674
4 206357156
3 52191776
1 327568104
1842 314267340
1313 553001267
4 680893678
794 745987593
4 524476741
2 223500920
4 333216097
4 718419615
1650 548651418
1429 365001947
2 932212846
4 133172525
3 174209024
1055 185839694
155 843527731
741 580869529
103 750452649
3 929436135
1 734049953
1 322607832
1385 219850441
1 358287217
651 621435556
4 946377585
1 236987630
2 643185674
3 380127320
1720 213360294
731 791590164
4 224614299
328 846017255
1 693524081
3 96776568
2 378892729
3 692635638
3 828905914
3 11895833
2002 606522401
1232 129098073
1 277781578
1 37301729
1970 352238061
1973 335793916
1 60629481
1600 313642524
340 843349495
364 619389273
2 891262042
1 889105019
4 727285896
1 602897306
1 498657200
1846 252893293
1 594318378
1747 373855651
2 623738674
920 29145416
3 675418096
1 440490253
2049 369919051
295 392744868
2 502267207
455 402665928
3 431276209
3 666922612
2 966428323
3 100006374
4 216203472
4 930100151
4 893019243
3 751026738
1 855972987
622 203085975
1731 941563830
756 326504127
324 204976646
1 920796883
1508 264154220
4 79100136
1356 973902162
1 207979203
3 900647477
1319 30543210
652 632202449
1 350994249
2 745850688
1530 425658628
4 747522278
1 835937352
473 352678026
1 305954817
2 895436436
2149 155805062
1 958424465
552 130259718
3 113040994
685 41022678
1 999727170
4 727640504
1 343240796
4 726584204
1794 296542252
3 292066804
2 149317108
1 107429184
416 854877894
4 381899494
3 420291683
3 785992856
868 427032801
1408 117583841
2021 711373676
774 356977639
3 406044232
1904 402224955
1048 704762284
4 986213
4 128904935
3 581114609
4 720172974
1 100821955
4 481443522
601 621249222
369 780499295
4 842608949
4 65784909
3 295948630
214 196404928
1842 200049950
1496 789325822
2 683367946
3 836079220
2 348920622
3 841142459
2 413810488
1 843042969
990 680548975
1 395132425
2008 104780031
333 217584441
1649 341267266
1 938962857
4 964936305
2 474745068
851 913849641
1135 842674324
1 806005071
103 352729464
4 205285428
4 617853744
4 770173503
2 182455534
2021 88237821
2023 179421272
1 817502567
4 173152022
2068 829772698
432 50887456
2 743848653
1646 491906147
3 787311561
4 672240887
1539 924659537
1 581988171
1 406752403
1 650987560
4 877977530
1 801171561
930 455557290
1112 838530011
353 635691857
1 909921860
3 709668705
4 67912980
2 99577994
1840 462899426
2 435637415
2 2588734
540 61377433
1302 670597994
1911 694924750
847 929397368
3 388006628
1140 357059256
2 769223114
1 538594697
888 417299806
4 469005381
602 66237468
909 495319431
1 680644386
3 386278484
1 463956600
4 793038514
1734 193590613
607 458236057
4 915769047
2006 895779981
1782 645825204
2079 624118967
4 350074815
2 398503651
3 40682871
1093 1755369
1 291711748
4 417321679
2 34080283
2 886420391
2 421870864
2 837409849
135 567878152
1 733709242
4 804171327
3 221639762
4 638773586
3 484672268
1210 768831256
4 95098384
1722 550259671
3 432304932
4 133633020
3 428044972
1188 89357886
4 682660713
2 509995812
3 331519019
3 731369953
4 107149647
1915 237128622
38 706029643
3 97100922
1 504013748
2 590645209
2 482919276
3 939099816
689 308646527
3 457255950
309 885859270
499 256365776
2 715524923
4 837126399
1709 554617618
14 41637505
2 332677884
3 358208757
731 492593924
2 833117881
3 859447165
1084 781766693
1 748887876
4 943117085
4 855886692
1 791373413
2 762113474
3 871372254
33 998704492
3 113742163
48 138757198
3 432428353
2 835275780
1922 314775412
2 273498792
419 114708148
4 388628255
1 178154074
3 952867134
2109 319644052
1 909833511
3 484278435
4 479788051
2 234796857
1 80211567
3 27253241
3 49092385
1 828001750
1062 185808861
1 956468563
1 449111625
2072 832526143
2 564738669
3 600855678
2 104635554
3 312192236
549 260557614
1 481741255
2 327780653
2 905681822
3 870895379
1417 496794667
4 242410183
4 425942494
3 595371821
1505 53194806
2 190290508
4 68558884
3 611895617
4 840062484
4 828411165
533 885649919
2047 50213981
48 452108444
2 306487410
1 36128386
1 240279911
1 376242483
3 308868761
1 122640216
1653 494941548
1913 858797967
3 962984853
479 995988364
4 388179994
2 5729860
1 447124873
856 686682114
3 474168127
1 801422686
2 653799927
1 241406521
669 32164820
1 777685459
2 236915284
1379 422867014
1416 917612661
3 518733801
2117 406388517
789 491741900
1 75727146
2 833841632
1310 296727322
1 184702356
1454 420656679
3 768740135
4 757140146
1277 296692907
1869 591361321
3 54933422
218 847888553
2 914104392
4 18590893
1805 775163733
1 493993700
1 159030561
1110 805216499
2 404655559
4 476236765
3 720063584
2 264765111
903 105386203
2 963016614
3 397018547
850 614576246
234 521828864
1 121468997
4 451519746
3 496819313
2 240213659
2 50248087
1 402735144
1 956670838
1 119796879
363 258141238
1878 33560838
1058 359894025
3 262065357
608 190175866
4 956211014
3 89578220
1 709094265
4 864906565
2 528119897
1 806129660
959 453016968
2 808889476
4 404625195
1004 3531098
4 294449446
1573 432490615
4 260048514
3 473955048
1 293740570
552 346119895
1414 685129853
1608 496923244
1181 460426011
2 857878041
935 687419848
4 433189517
2 322462924
1115 599532339
1 79104153
4 143227402
2 741372395
126 468912987
232 370902988
1 155579488
2 438325212
182 323735625
4 398591399
1848 306669265
3 90649067
1070 299699988
1276 38148315
1 518748107
2 739757320
479 569987083
1260 926615992
1036 739267479
2 312275339
1 168229842
374 804786270
2 20269325
1914 508930302
1 991131316
2 437032791
2 646449357
1 769053398
1197 350223061
1705 515703100
1 530612553
2 310717367
1979 899437126
1 72367569
3 698949956
2 126211586
3 984557465
3 339969470
2 175266753
4 719817044
1876 77601714
2 400764598
2 703824579
1211 157366344
1 275683300
3 157646562
2 310830800
951 93507016
550 852334840
2 875973757
3 259905037
1 500851599
3 193052988
4 376706271
3 406892617
97 650706178
1 933637942
1 602495621
2 433553382
1 270205647
2037 307782701
4 54651442
3 76659678
1 303739340
1 448471753
4 99672849
1662 539192581
1192 239876679
3 326936634
1 565464378
227 511680373
4 396195982
1 937284295
623 849916306
1105 945324843
1 840974366
4 446799055
2 826389456
249 413649314
3 262954149
1116 405441800
561 911816890
2 487745987
3 846470679
511 194646277
3 772298509
4 358154158
3 403747901
1 616450061
2 34944569
2 46868795
233 862607732
2 300277239
4 683536328
1 733047547
4 72090015
923 520011400
4 202658730
4 638786314
944 793037126
2062 924089852
4 881965594
3 528456847
391 402685568
4 723779110
3 933224848
1 962704780
1069 671828474
2 763039104
3 134492886
4 152494440
3 658068892
3 781689088
2 295466430
1 765914444
423 919714912
1 468361586
3 368811451
4 715164361
4 630063344
2 772678396
1 967005032
1388 274378268
4 280071517
3 683983495
4 903766649
2 877835547
1230 530249124
1 735435977
1 241752638
322 239216473
3 874813336
1 721855437
1630 318626974
1735 17955784
580 669532255
1635 41471617
4 521807810
3 788363277
1707 455468749
1426 594953904
3 333852763
4 954176256
1932 731400826
1 902525842
4 643971319
863 374395228
2 720196205
2 666211654
1 193776555
436 307411719
2 35025513
1 20219630
4 844001548
1488 919106599
2 855506563
2107 445617578
2 243788874
283 970422062
4 605969307
4 564647947
3 964383722
4 539097903
4 303281870
3 632696782
834 705074
2 647337583
1 478130139
4 744568114
2 108087503
1 489164953
4 360519044
1371 90419589
670 727813675
2 46638773
3 70444585
3 290292580
2 639708941
3 746345904
323 207358400
1988 565918534
1 673546132
2 1225554
1 468639004
455 785462044
2 307229996
304 348865579
3 671000379
3 70241750
1584 610628195
3 284894674
2 212243857
4 353643553
1 114514095
712 713907672
4 122389960
4 54420723
508 769729529
3 668192948
3 738112041
2 297870523
1 564732096
1 550241972
1 196191365
3 575900784
1355 903887527
2 542409279
2 380053097
1035 233494086
1 726543482
826 89520170
3 842009233
4 687258200
1 898065762
1833 753951782
3 330100167
2 872190015
1 74747689
3 794999896
4 574917749
4 383975602
2161 501338572
3 356785094
3 437531720
668 201428050
2 846823394
4 959304183
1493 867190195
3 873527007
4 150490147
1952 779424702
670 541941906
1235 712625740
4 307085163
4 74921291
2 36624288
3 660013086
3 956478966
1273 85131691
4 980606940
4 229210298
968 241591713
2 718115342
1 793804025
2 716155538
1 227756749
358 784488860
282 732682892
2 563809344
2 451278078
232 972341012
1032 920596150
2 728643888
3 224428655
1194 177351225
29 687718137
3 428388576
3 556760636
4 433416184
2211 683550586
2 469173252
3 993150792
1 327372144
3 454773781
2 827054093
2 49519127
2 204764814
3 716122046
1709 296202237
448 345437084
1 12455387
1 134871633
4 236280366
4 290089249
2216 294660397
4 630269804
42 291275220
1 130334913
2 850119301
1794 683847428
4 607065021
3 677451918
3 75617418
1094 364624126
737 830003893
670 311228798
1 103627048
1803 698973377
2 954957791
1312 143145642
1 751461180
2 491801440
3 451776585
1562 8556092
1 33205955
3 132021738
3 47020945
3 471593574
3 717595331
3 189001773
1 364719302
2088 565444171
975 450457606
1 454884481
4 204909024
4 452967397
4 297283504
1 196915623
1286 15178059
3 56783400
99 915077494
847 120039508
962 335647685
4 132280244
3 936350631
1762 595587549
4 738117244
4 437862114
4 114520012
3 296782565
2 461941906
2 549312017
1 934317590
1 73740570
1151 601834325
3 42159806
2 554305532
2 464765323
2 162460848
903 875407077
2 256749170
550 791420563
1 912842364
2 157521406
4 52875985
1 58664634
2159 706111808
2 765367382
2 458696010
3 430462180
1 989657485
4 941130146
786 671171353
4 793158508
2 600744212
4 354555063
1 90974554
3 183067109
1 907145803
2 92171483
66 485821424
3 155568060
4 727316624
4 816382046
1 182215350
1 591853141
1045 969652208
294 732435531
895 150104959
1183 235254759
1 703405080
477 346997103
3 850995165
1 334448075
522 189375165
4 276255393
3 40013940
2186 282944287
3 189743825
2 400069547
1 555760135
1751 715097332
2052 279282510
1 842395120
228 171714777
285 32637458
4 591566693
4 32416511
2 876379975
1 39821413
1 206657478
1 58119771
2 127873978
3 357481845
1555 606274567
4 509450464
1783 701909829
1090 126466239
348 839452626
2 584210738
2 365772083
3 394360979
3 559680014
1 972770851
448 315709511
4 420800639
1067 771981124
2 354754262
685 686633009
405 133889597
3 354326912
1362 451917903
4 735786562
30 329839098
4 526687080
4 761373594
3 303665241
4 833538280
4 137766602
1 503881125
2 660396789
1 463754577
1 285334748
1 844427452
2183 819730130
172 598649145
1 56276500
1 699156620
4 523498422
1 286799015
3 352320323
1 893117563
3 454640280
4 981440268
3 777060309
1 281474524
2 95040571
4 527655679
2 512268797
4 818921511
3 591992088
785 898575601
2 497434280
1 938568376
601 93454285
1549 267876483
4 53422118
765 995985566
1177 482296284
4 747291468
1199 2358588
1337 879234087
1 859376534
2144 418536497
1 862455704
3 63149771
1 931571086
107 709221469
4 570557797
3 628150100
4 270009855
2 561851154
3 455548103
1 141192340
2 281618797
565 690733569
4 234501331
2 245938111
4 476001392
2 572095211
4 958469528
445 622730547
954 846715395
950 895690507
1757 772750305
4 157687017
3 462395941
1 672874342
1 250098999
3 314035977
1 124106470
4 942382125
1780 642845765
3 757366649
3 240243723
763 588699839
1177 369986876
1 776593981
3 211269079
2 293423425
3 854235277
1 533774865
3 111180769
4 605478949
1826 855537387
2 68663946
1209 966912259
2 197283468
4 973673095
4 671033445
4 232928718
4 627686697
3 309044058
3 197005502
821 172241399
2 926028345
4 388288674
2 140353276
2 889504337
4 607305810
2 532069209
1844 766302847
1772 454764655
3 646255453
1 175607991
141 917618742
2 946532423
738 160933634
536 489665562
3 633764682
4 513405007
2 757290901
1 868479200
814 79062433
677 916563657
1 415335342
4 941724106
1 411023673
4 671593585
1940 517151031
146 600590865
2 840662303
2 140058781
191 43266027
4 658459419
4 823467276
1585 542847968
4 880316546
3 494833821
3 219789744
1 871077429
880 29287741
643 775333869
2 70832877
2 719354390
1 587942071
241 204657833
4 894877336
3 933590790
2 338046324
2159 522088621
1484 515779771
3 338725962
3 52539533
2060 470085620
3 239443103
3 570980797
1 768313026
846 548601235
3 843853174
1118 754822222
3 676980736
1 109863110
3 930651706
1052 816702672
2 102822921
1 732084343
1 861460584
3 587010391
1 436478372
1 212917784
1516 617324519
2 593388536
3 85529504
656 592298670
2 457463372
4 737963580
3 187269589
1 330821964
2 741279002
1 781058329
2 542948326
4 403815768
4 595071464
4 185689626
2 909579661
3 106600765
1 681048245
918 835420953
1148 326673444
2 999366821
2 234240520
346 524980511
2 541724036
4 843854552
1 71381520
1187 704028913
3 653323645
297 504342153
3 498637832
1 207010428
1 452817597
3 56045513
1 497031897
2107 621561382
4 338655366
1732 406375493
1841 822587523
684 441478327
422 244438174
3 642515910
2 545278268
2 238198853
778 971994923
3 49360091
1681 538326906
2116 209105211
712 957296622
1 27694435
1393 711278906
1237 768652261
658 61782186
3 510544004
2 746574868
1 150184874
4 934913215
2 736370616
1129 241999347
3 627463471
3 474458504
3 287983741
2 408728095
3 69920639
775 392609549
1 503758938
831 550469805
2 29064267
3 321108116
1496 467224584
4 586492197
1562 405141037
4 170525642
1 313474947
3 861536094
865 497866168
4 301120186
4 927952801
578 913290438
4 29589099
1 26508405
2 127437832
4 347101180
1 802581606
1202 733419776
1 116499369
581 541321383
718 894670228
2127 264413879
1 259072040
1690 11670408
2 83101014
4 133450236
2 561594466
3 423239523
3 744727212
3 353866216
1 875999263
1 308173553
1 334552805
1 1 1 3 4 3 5 7 9 3 11 9 9 14 13 8 8 6 10 9 15 9 6 4 3 13 6 11 4 6 27 15 32 1 13 24 24 1 8 27 7 6 7 10 13 1 25 34 33 17 40 25 31 35 7 47 53 43 57 47 5 17 9 36 45 30 5 45 54 60 25 66 49 19 68 66 20 10 29 70 30 31 82 12 71 66 41 25 79 80 24 45 49 69 66 68 79 53 49 83 3 95 101 54 46 31 46 77 104 58 96 3 81 104 107 83 113 58 88 68 75 36 32 71 27 41 105 37 97 31 37 71 128 43 10 84 122 76 23 45 101 114 87 97 41 52 119 120 79 57 24 74 135 4 17 77 76 121 48 113 84 153 25 151 28 61 68 152 101 152 115 98 74 107 175 174 167 121 164 44 51 136 174 43 16 106 97 90 122 16 30 160 19 14 59 107 194 40 89 20 153 23 71 182 41 101 186 78 179 208 121 159 165 168 192 182 120 33 122 166 59 36 222 8 9 226 200 23 136 161 191 229 76 130 85 144 165 208 99 131 57 192 84 120 144 217 31 88 245 94 106 56 66 65 33 166 182 125 148 34 250 54 171 81 207 189 149 63 269 43 38 35 219 14 115 49 9 204 271 30 183 264 40 16 280 48 265 77 242 156 13 76 107 20 259 3 146 42 121 252 46 160 264 40 269 166 75 266 120 300 75 202 6 76 22 250 38 191 119 41 244 267 6 26 27 226 23 31 205 82 230 265 191 252 6 42 270 16 89 24 243 208 247 32 290 126 230 292 349 168 158 260 108 140 307 270 259 50 107 219 116 323 165 297 181 181 64 296 69 104 274 152 314 243 26 190 354 194 140 7 364 256 227 2 23 52 313 33 57 386 237 115 225 57 257 287 294 117 341 212 45 37 88 325 345 232 262 208 397 319 397 386 282 141 266 361 322 417 49 156 353 44 29 359 399 259 325 81 217 6 142 219 260 363 307 129 159 187 247 78 415 126 418 349 387 12 298 420 406 252 205 36 182 357 209 19 204 69 1 8 153 339 191 292 102 185 225 34 392 232 313 367 305 225 194 73 203 211 230 30 114 234 427 149 267 44 267 306 279 40 418 292 216 80 454 198 112 489 459 354 242 113 434 228 495 177 64 301 364 182 385 409 171 463 302 289 90 472 155 23 395 384 115 22 451 385 19 58 439 308 164 155 413 287 386 181 276 380 20 21 31 62 26 526 227 415 265 18 109 6 316 176 375 77 471 412 382 237 40 439 251 323 118 510 487 561 88 265 415 19 363 97 305 351 95 197 42 531 432 263 260 335 167 231 98 417 499 533 574 123 447 65 424 465 142 594 456 433 452 317 345 304 532 415 166 322 21 68 447 456 125 495 193 496 509 582 569 400 24 37 613 27 253 306 608 165 490 569 447 171 558 32 96 453 78 213 120 463 148 607 450 201 123 503 68 580 630 86 158 146 86 629 552 534 649 348 27 245 417 140 492 272 135 146 210 580 460 491 533 646 223 618 107 554 597 145 458 111 115 275 109 11 32 653 94 679 273 32 234 449 69 557 583 690 348 60 365 494 303 584 480 65 130 107 463 571 681 190 394 394 626 422 442 366 73 583 313 154 162 504 57 573 234 84 473 611 381 472 359 72 586 68 639 387 594 356 447 699 36 430 671 378 231 706 242 145 12 283 572 660 707 649 390 709 232 445 119 25 628 513 458 295 662 221 180 174 352 283 485 247 616 400 507 504 291 766 437 651 118 472 396 285 125 26 593 633 726 294 749 526 754 165 403 221 452 661 519 34 444 772 350 220 667 680 338 186 441 423 391 603 135 281 152 487 449 296 182 195 170 286 552 821 301 766 390 566 434 283 141 310 98 370 217 701 612 707 81 225 630 559 528 631 184 406 809 414 688 417 565 706 383 190 459 478 332 776 251 788 444 544 782 563 357 735 487 342 8 44 277 440 665 681 744 205 627 321 818 40 568 591 817 620 271 669 183 500 43 85 836 513 562 295 471 421 344 540 220 763 271 594 424 38 622 578 307 300 740 395 399 724 152 133 882 444 58 543 444 851 641 685 147 513 20 318 532 665 56 386 610 930 776 23 622 118 1 74 70 8 649 420 42 242 536 660 795 512 370 941 120 93 625 396 618 397 331 543 424 177 744 590 577 589 684 641 735 456 786 683 466 770 863 936 747 793 470 216 623 962 231 705 19 726 600 802 842 271 61 482 763 585 305 274 286 570 285 272 850 231 665 394 443 880 620 77 565 965 524 182 322 300 71 724 555 607 857 214 339 647 128 967 781 871 811 554 686 809 725 327 314 763 228 273 555 39 197 262 952 592 603 919 107 443 643 650 365 381 568 445 870 630 802 682 1032 217 823 964 707 893 63 753 343 124 1022 863 637 1034 418 903 860 269 408 930 706 373 327 793 360 597 217 482 852 873 707 582 843 363 589 608 878 22 289 1067 347 936 660 265 781 920 489 464 41 539 263 219 707 749 485 338 206 885 40 641 287 71 361 810 927 358 1107 84 346 396 475 1107 825 705 486 530 443 259 1015 286 498 277 1129 977 813 696 606 742 21 275 692 127 682 958 759 588 1008 383 720 37 451 78 585 99 347 796 26 860 409 1062 614 429 13 186 304 781 725 431 634 79 848 632 958 475 890 1101 218 76 705 362 146 68 754 775 990 441 1089 201 926 425 1055 494 896 21 625 631 782 1049 408 780 503 979 1147 36 123 388 44 23 1206 25 721 1055 454 333 880 413 253 622 553 794 68 439 1017 543 559 874 108 263 737 563 706 1213 793 809 930 221 984 214 1233 212 845 812 1167 912 805 1242 204 777 151 864 382 473 77 1098 614 598 635 876 603 374 470 1239 1007 971 230 259 508 362 583 361 1032 121 983 1055 352 1030 728 955 568 64 1127 1232 188 824 1052 617 743 342 581 106 433 535 218 936 369 284 640 1012 1090 15 788 601 1071 1055 1033 1107 970 378 1223 872 428 1242 1 25 665 555 493 770 1226 208 469 1321 586 669 393 409 322 768 955 340 585 323 357 94 1305 594 311 727 517 13 858 750 117 799 1254 1329 230 1061 639 557 563 462 1099 648 513 1343 11 908 599 1280 1249 1187 824 826 575 1363 719 1017 1300 587 928 699 519 974 514 127 713 820 983 504 1057 490 405 776 1206 724 675 1267 557 159 680 1335 40 583 583 508 1114 660 626 785 644 158 1357 771 72 457 125 1098 158 530 42 488 680 753 832 829 262 244 21 142 1154 100 1061 122 355 1055 453 1355 1100 627 540 302 265 465 764 771 463 1432 738 1266 327 1243 512 1401 913 1105 904 798 1178 520 289 390 1014 51 1339 408 553 1447 390 350 569 727 879 312 1178 1250 63 1188 593 212 160 162 543 91 1248 1399 1385 704 507 1279 933 96 315 224 396 792 33 353 254 175 157 1419 731 434 407 850 199 389 1128 1427 1094 366 276 468 658 1438 656 363 64 421 377 704 1335 1011 40 1337 1502 1000 1016 229 1067 94 415 1189 1520 179 231 117 351 584 935 1252 1244 1475 1530 1229 963 324 1135 1394 1048 1275 1478 745 724 1238 150 177 1440 656 390 1135 110 597 196 365 423 243 350 1250 1168 228 677 1322 485 1502 700 619 486 30 1182 33 979 514 1342 1379 1260 31 1551 1545 835 1173 294 1106 48 242 1436 501 1398 72 1463 236 426 1032 1105 231 1227 542 442 922 125 705 1489 977 548 202 747 53 1479 541 501 307 1174 1567 1389 190 1429 914 1112 769 847 862 111 433 181 1006 524 155 1596 166 902 832 1602 1454 1034 914 657 1486 1318 842 1112 804 891 599 121 386 1110 1635 148 843 362 860 814 1093 539 1408 702 1344 209 64 1555 1619 836 1335 1007 673 520 1387 776 1551 482 77 1133 386 17 9 235 1391 918 1192 1425 796 668 1605 74 501 1364 543 282 1337 718 1220 1590 859 488 527 914 108 710 236 1299 474 1578 1237 142 886 1636 502 1104 330 538 1207 187 1358 714 8 1657 1164 613 1167 1055 1125 1173 814 649 753 1045 934 8 659 1541 1517 189 806 290 1099 706 518 1636 519 2 953 1176 77 1681 78 1227 428 1394 868 1268 1273 323 1540 1105 637 1417 1256 163 1572 1094 654 681 928 96 788 783 1653 776 1440 555 125 127 511 1524 368 1312 1213 1494 96 1636 642 219 562 1559 1286 936 885 1403 106 731 7 862 786 284 1640 298 1504 1481 1514 673 296 785 1491 315 1175 1440 1404 53 1726 630 565 862 567 1203 1508 423 995 1004 1279 1238 681 1710 1721 1781 1119 1255 539 831 1262 1754 1573 507 861 1071 1747 506 1558 1507 1583 1085 204 1798 998 1410 825 1264 1046 661 948 274 99 1344 822 476 1107 1708 1624 1152 1808 285 1848 1846 668 943 470 1861 1021 1419 175 1588 763 118 1132 564 571 673 1241 739 1527 1181 1287 1154 1048 619 266 698 1604 1579 374 1071 639 1656 533 1464 1728 370 1876 649 834 1571 1588 1473 723 1139 347 475 145 1142 1382 668 1501 1333 686 1891 252 1493 206 655 1787 1500 1690 694 935 520 1353 1272 1124 1553 637 1163 1148 602 1499 1473 1545 1028 1342 11 648 378 1401 1670 867 922 980 1474 43 375 881 465 1767 226 13 1764 896 1164 1665 955 706 423 565 713 530 1936 1105 1204 631 1003 264 1286 77 1591 101 567 1921 1278 907 1329 943 288 1978 194 1022 1433 1098 700 523 723 933 415 1017 753 1460 457 1027 1008 444 1893 570 511 1505 1479 850 70 1815 1949 144 843 513 1513 597 1737 1844 1167 741 795 2000 1240 1887 76 1767 547 1021 435 448 410 929 845 1391 1059 235 1851 112 1265 989 1069 426 1016 28 1863 682 2033 1656 376 89 1678 312 1412 1150 882 14 1655 396 85 1690 304 1868 482 1972 1304 1113 219 675 806 1295 353 1529 1120 1616 402 212 1302 211 1698 1254 130 1606 121 1123 251 1050 167 1506 1854 1294 497 1755 788 658 1089 1548 1605 1414 2004 559 317 652 573 1168 1948 1015 346 293 675 191 219 1424 897 1273 364 1696 1819 1413 40 1302 1306 8 1094 1145 1011 2115 1508 692 1662 1335 240 1705 839 538 410 1364 1832 1180 295 166 1195 202 924 1288 1237 416 1511 1694 1653 1202 842 1987 2148 151 995 157 397 412 276 1878 1379 355 1082 445 334 1378 561 1413 1884 1922 1692 1834 1440 876 1415 1470 158 902 868 1132 443 445 1203 956 2130 1659 1828 142 1471 2100 1348 97 508 1254 1160 45 577 1659 944 537 1012 1385 1310 1664 1503 1441 198 472 1017 782 1767 1861 131 406 39 444 1664 527 1496 288 2214 1370 1362 810 1560 917 1670 216 517 1819 1945 1213 1108 99 1568 958 933
