3161 1 3161
3162 729834249
3165 221655538
3162 316606565
3163 206963137
3162 536737132
3162 377925260
3162 564596697
3163 411381568
3163 390045535
3162 73758744
3162 689172642
3162 31662149
3165 264322135
3165 581798676
3163 643311114
3165 718835253
3162 980274444
3162 782039549
3164 694939288
3162 21701305
3165 259780708
3162 844231707
3162 996318601
3164 662079953
3162 152899561
3163 27135842
3162 723081789
3162 399671812
3162 445938947
3162 49327062
3165 298070987
3162 759768767
3162 427845484
3162 646925969
3162 835070463
3162 382842001
3165 464322098
3163 211172027
3165 391620351
3164 177901691
3162 140881118
3165 505531799
3162 14384237
3162 418662387
3162 14351856
3164 595436968
3162 451982614
3165 606518661
3165 781966376
3163 550645708
3164 305206321
3162 847834658
3162 581316629
3164 300989209
3165 991319452
3162 676518224
3162 106295115
3163 685274102
3165 603116778
3162 745374302
3162 190421214
3162 672887300
3165 761823639
3164 687011019
3162 665657796
3165 461921215
3165 8855034
3162 721099202
3162 325566121
3162 416938347
3163 26927245
3162 33477032
3162 71259882
3165 753315734
3165 836146080
3165 801897137
3162 168416176
3163 173975464
3162 55584086
3162 99505852
3164 755322970
3165 339749652
3163 679125716
3162 902419887
3162 832709814
3162 124065854
3162 593482844
3165 321424305
3162 752268693
3162 378642080
3164 802245973
3164 808765380
3164 270561586
3162 442386741
3165 377024434
3163 882664027
3165 298113396
3162 966935770
3162 675899895
3165 844119139
3164 596239361
3165 841438386
3162 813275385
3165 178409530
3162 45407406
3162 811082357
3162 136607581
3162 372525384
3165 366647681
3162 262482040
3165 110756748
3163 411700166
3164 571385280
3164 69169186
3162 722636256
3163 558359067
3162 674646901
3162 741262521
3162 443793830
3162 342898685
3163 941700991
3163 837276308
3165 626328078
3162 32815341
3165 474109369
3165 3414011
3162 100202131
3163 360083662
3163 891141492
3163 673187593
3162 711774136
3162 112541381
3164 675189635
3164 200164700
3165 949974129
3165 259406906
3164 51345671
3165 704095597
3162 893444750
3164 478029173
3164 242435862
3165 222273649
3163 801066377
3162 645877605
3162 949875108
3162 567620958
3165 72239664
3162 456234394
3163 321560241
3162 951269601
3163 759827822
3162 676625020
3162 507840280
3164 153233329
3164 789814230
3162 571003707
3162 617472498
3165 218123959
3164 305914975
3162 417665212
3165 932564177
3162 686722078
3163 853634838
3165 226526352
3162 254862974
3162 980471745
3162 509899534
3162 806948246
3163 444397528
3163 97962300
3162 480095684
3162 258468167
3162 990672140
3162 303291203
3163 634521781
3163 489561302
3163 740435543
3162 233022911
3162 921806698
3163 722055927
3162 572514038
3162 740654253
3162 946100329
3164 911027005
3162 566488562
3162 246532360
3162 156155741
3163 917823827
3163 649599858
3162 493499453
3164 839726545
3165 312134133
3162 764585545
3163 177164161
3163 741324646
3165 385879526
3162 117953238
3163 114279140
3162 502447585
3164 555582296
3162 284551155
3162 893904431
3162 154536694
3164 269336080
3162 823537033
3162 477827104
3162 731731770
3162 709448243
3162 387614937
3162 837229426
3165 852404907
3164 661488264
3162 860889295
3162 894279417
3162 699918545
3164 718225847
3164 908515669
3165 269175271
3165 525262914
3162 787779608
3163 309796001
3162 517383437
3162 163402610
3165 245258007
3164 41195803
3162 424416746
3162 123818638
3162 645573150
3162 328012844
3162 487524964
3164 991084988
3164 854206720
3165 387263159
3164 682607224
3162 478671886
3165 264226744
3163 501315381
3163 164981834
3165 679278411
3165 549324388
3164 877011217
3162 729143482
3165 573346692
3162 24765799
3163 182231975
3162 929576901
3165 402771843
3162 5377773
3163 399893845
3163 892042575
3163 496593181
3165 265562025
3162 379607005
3163 581425193
3164 992176600
3162 437903558
3162 11386014
3162 353698924
3164 157532168
3164 445654674
3164 811271218
3162 336008050
3164 125543347
3162 328467018
3164 294484975
3165 315579309
3163 356639680
3164 325443904
3162 315596316
3162 515241422
3163 942791743
3162 681896813
3162 975739834
3162 193319774
3162 618114474
3162 149526674
3162 706516680
3165 117102086
3162 171374949
3162 366070724
3165 721675189
3162 708780463
3162 395114294
3162 182886176
3162 666659257
3165 713784865
3162 539750477
3162 924895915
3162 564352494
3162 607384850
3163 128634110
3162 373119274
3163 472927840
3162 927676367
3162 730021569
3164 11845161
3162 952028767
3162 832886057
3162 112603907
3165 374018140
3164 519493596
3162 461640547
3162 814454767
3164 630916355
3162 706572964
3164 722838580
3162 177843985
3163 764022291
3165 659203129
3162 120218828
3163 890035529
3162 996886613
3163 776273217
3164 462110577
3163 378474951
3162 838383392
3165 584762967
3164 194427736
3162 964768879
3162 78974088
3163 787784342
3162 913803196
3163 388939468
3162 883680467
3162 339784577
3163 388709058
3162 414681843
3164 213662537
3162 741451658
3162 912670433
3165 909096862
3164 767694272
3162 113946705
3162 6968008
3162 272330861
3162 964023990
3162 104677447
3163 296697922
3165 446679637
3164 424253382
3162 814673788
3162 356158193
3162 909285754
3165 881768817
3164 262332369
3163 330535032
3162 576891350
3162 5607093
3162 672871332
3163 133674282
3162 509252497
3163 434233599
3163 308272202
3165 266961369
3162 140191528
3162 116541978
3165 329119509
3163 999263140
3162 838957935
3162 683588075
3162 519376044
3162 540303245
3162 675911459
3163 109172526
3162 444592371
3162 58138109
3164 683090899
3162 226242854
3163 101494827
3165 984010758
3162 324337610
3164 698881758
3163 536316987
3162 146227299
3165 405960364
3165 316555284
3162 875489659
3162 448859004
3162 872496984
3162 230993326
3162 273386957
3162 334200484
3163 113597653
3162 329077176
3162 391597166
3162 654717381
3162 625419752
3162 401792204
3163 194233085
3162 950233959
3165 986561955
3162 826245207
3162 572110164
3165 518695653
3163 498681992
3165 458703349
3162 360973922
3162 554272033
3163 545411963
3164 389741906
3162 526482146
3164 629487715
3164 119576577
3162 132438986
3162 479491132
3164 919278458
3165 697947421
3162 633366234
3163 627745149
3162 525253898
3164 237060515
3162 155775037
3162 805967874
3162 56181856
3164 490289942
3162 804737751
3162 276639382
3162 385036038
3164 463790329
3162 448133050
3165 972377370
3162 593394254
3165 126410684
3162 95352282
3165 721318211
3165 470589178
3163 717122254
3162 230565896
3163 866895739
3165 607254364
3162 125375304
3165 650240554
3162 568888336
3165 517989652
3164 246493083
3162 324140237
3163 544723017
3164 561015121
3165 102640543
3165 123199646
3162 555561542
3162 283620415
3163 928710027
3162 114413909
3164 61974115
3163 909985744
3162 530588995
3162 896874505
3165 516347199
3164 275137128
3162 933011589
3162 543278450
3165 139399664
3165 619582891
3162 292071316
3162 466140610
3162 279374822
3162 97472067
3162 759288846
3163 639372646
3162 52259866
3163 248554678
3162 638915504
3162 989687488
3163 741498484
3162 987146941
3163 897596958
3162 632015260
3162 834131334
3163 238866940
3165 850501369
3162 286647463
3163 709279912
3162 586037986
3162 405929158
3164 498608145
3162 962383264
3162 215194118
3164 10945124
3162 28116214
3163 827766072
3163 45148953
3165 763567179
3162 319629241
3163 902729952
3162 679673380
3163 45051044
3164 171983690
3162 840927970
3162 771520801
3164 597285846
3162 213573875
3162 551966407
3162 496645301
3165 181183855
3162 639067524
3163 972507835
3163 949403038
3162 20598441
3165 118432380
3162 980129055
3162 288123523
3165 576303054
3163 540165428
3163 79923871
3162 322711950
3164 20259253
3162 650394182
3165 437407545
3164 229430463
3162 359651685
3162 131681299
3163 516051099
3163 713275097
3164 569964587
3163 655009488
3164 599660986
3162 609703606
3162 41305848
3164 512670926
3164 530944533
3162 606254512
3163 723416211
3162 644024213
3164 356549200
3164 682230485
3162 646654120
3164 575642729
3165 941730788
3164 73633870
3162 335023096
3162 23374820
3162 88804899
3162 596337105
3163 847200782
3164 731266683
3165 939327822
3162 733634995
3162 667657645
3162 503646693
3163 405984565
3162 551240637
3162 335296473
3163 833198333
3162 791177179
3165 383706239
3162 477970842
3165 474328826
3162 701305082
3165 245322240
3162 917135361
3162 844804676
3163 857318419
3162 467584371
3162 441103233
3162 503271141
3163 249800921
3164 293811982
3165 696794310
3162 696174568
3162 95288870
3165 331473387
3165 396906765
3162 211007362
3162 33087356
3162 892985808
3164 333115011
3162 164409466
3162 72468588
3164 637192994
3163 523901291
3164 882438212
3162 72879444
3162 634016420
3165 477807632
3162 876257208
3162 882413469
3163 954333559
3162 97895563
3163 975834737
3162 817854415
3164 37352550
3162 280997149
3162 101982617
3162 247811984
3162 628484267
3163 812464411
3162 140400574
3164 312821122
3162 62493888
3162 289944102
3165 730039445
3162 889553295
3162 122940381
3165 648860658
3162 581749919
3164 453923496
3162 546639037
3162 129319449
3162 814153403
3163 874210841
3164 331108633
3163 332446669
3162 197257701
3162 252158380
3162 843669089
3162 579902738
3163 864878353
3162 913436163
3164 879344286
3162 747204100
3162 517519426
3164 44960060
3162 356211096
3163 216694344
3162 595384461
3164 674478377
3164 670243700
3163 962190631
3164 187246864
3162 657355684
3162 8810698
3163 796994349
3162 678446181
3162 649179465
3164 779623356
3162 25128235
3162 136058805
3162 596468752
3162 609484733
3165 447241159
3162 625000560
3164 482914045
3162 723896108
3165 702632617
3162 416717090
3164 464375944
3162 759095981
3163 842698089
3165 949866887
3162 743516664
3164 960380173
3165 925623656
3164 118031250
3163 631460962
3164 741791381
3162 940249611
3164 797559778
3162 531010348
3162 223112674
3162 974901396
3165 831882204
3162 732630888
3162 685189490
3162 846819342
3164 729566845
3163 731091837
3164 302323712
3165 634126982
3162 967197262
3162 496903425
3164 123601046
3162 308603926
3165 525903677
3162 171676578
3165 93563850
3162 980391215
3163 732176650
3162 750721272
3163 429728580
3163 387306378
3162 404538717
3162 670867400
3164 949944244
3164 27907057
3163 648424867
3164 987771089
3165 88833446
3163 595246714
3162 483871131
3164 27869864
3162 232113970
3163 920255779
3163 983360475
3165 218522579
3162 560991057
3162 986684258
3162 501846985
3162 651427546
3162 46442721
3162 65062853
3162 350027058
3164 629991496
3165 844482933
3162 172941201
3162 863948134
3165 648724231
3164 410007454
3162 716570353
3165 355174446
3162 889594167
3164 332217904
3164 974851590
3162 800281604
3162 64814777
3162 996435703
3165 352462875
3162 649983906
3162 325113346
3162 175559015
3162 31218294
3165 994809645
3165 207332988
3162 992966279
3162 130534526
3163 724896923
3162 402307924
3162 885239292
3162 451702615
3165 741263857
3162 969128266
3165 343512747
3162 108974511
3164 206294908
3164 379458048
3162 120633797
3162 315773721
3162 398954710
3162 761000238
3164 633276252
3164 866743272
3162 100113896
3162 308017989
3165 849882931
3163 209787330
3162 306896398
3162 40636142
3163 454891173
3162 972374394
3162 748685817
3164 18813356
3165 867337635
3164 660855568
3165 679506263
3162 492977817
3162 964386941
3165 447178526
3165 674576022
3163 525991849
3162 988816525
3162 682852205
3165 449663261
3163 337932913
3162 938352105
3165 33206153
3163 33880286
3164 281567762
3163 222520212
3162 65909253
3162 391213508
3163 833781640
3162 915246124
3162 998517113
3162 865662159
3164 800016459
3162 290017319
3163 250341753
3162 401697776
3165 409186847
3165 663934974
3162 773516545
3163 299262703
3162 129224615
3162 66685325
3163 312721726
3162 761675160
3164 234478662
3162 78511125
3163 363311075
3163 190703873
3162 670644972
3165 55226286
3163 20197580
3163 85669673
3162 551529871
3165 124779415
3164 762603981
3162 990050933
3162 719479347
3162 937414977
3164 162292082
3163 692783166
3164 527631628
3165 539554249
3164 504240067
3165 71960482
3165 242277255
3165 183558590
3165 938989769
3162 4956053
3165 788721845
3165 386561425
3164 891568939
3162 69911409
3164 384545569
3162 201380440
3163 433065746
3163 990429433
3165 274865172
3164 9061660
3164 119759928
3162 54765930
3164 314940350
3164 559228026
3162 509654743
3163 704380725
3162 678635763
3163 477075943
3162 132417876
3162 390960072
3164 249846761
3162 118957567
3164 815344947
3163 901883218
3162 418443413
3162 614276450
3162 709908831
3162 967422291
3162 634069727
3165 561099558
3165 512913709
3164 869368552
3163 307421901
3164 308642272
3162 913888971
3163 609562789
3162 90296760
3165 431865432
3164 477228379
3164 924956332
3165 558830739
3162 826005161
3165 551821477
3162 710013157
3163 194866232
3165 51716198
3163 145523614
3164 626172446
3165 784908139
3162 796052655
3162 287796183
3162 105144563
3162 368629694
3162 413133609
3162 448297892
3165 631192835
3164 299540918
3165 343057486
3162 80039587
3162 870127071
3163 634903989
3162 237511128
3163 616986978
3162 258495500
3162 775331431
3162 596445826
3162 216431771
3163 260239056
3164 449913511
3163 184355463
3162 972037606
3162 547857107
3163 717376754
3162 664408606
3165 472048743
3163 766645134
3163 268338575
3162 968325557
3162 561154678
3163 133682514
3163 238240989
3165 251857895
3162 717976903
3165 62228376
3164 558670713
3165 53018446
3163 163171252
3162 795601411
3162 162356588
3163 708095152
3162 366632940
3162 604705872
3162 820025732
3165 283159723
3164 407816261
3162 284749098
3165 836562072
3162 416257370
3162 818036822
3164 68692473
3164 45047117
3162 516330098
3164 93073307
3163 75170416
3164 584067829
3162 601252252
3162 542795957
3164 785416079
3162 391260587
3162 809685468
3162 786997166
3164 705262990
3163 182635527
3163 764983149
3162 38479311
3162 400947943
3162 857771943
3165 297230296
3163 815294492
3165 687019948
3163 683943658
3165 405463513
3163 928740794
3164 818252593
3162 197603193
3165 933413212
3162 117048959
3162 791338753
3162 425199659
3163 736341663
3165 306043076
3162 910637367
3162 577518473
3164 928216083
3162 258307213
3162 966734007
3162 797849362
3163 688209074
3162 396839479
3162 404081034
3165 568060463
3162 670447487
3162 678611578
3164 151242546
3162 294193688
3162 964903236
3163 787948464
3164 561627402
3163 372138246
3162 502566053
3162 516560704
3162 953370390
3165 631503333
3164 253080340
3165 543333738
3163 525274119
3162 415266237
3162 141026702
3162 159946425
3165 206865433
3162 382909478
3165 835550134
3162 767773330
3162 515263718
3163 781296870
3162 191567020
3165 472346964
3163 270826178
3163 532870517
3165 807181029
3162 243648544
3165 391430712
3162 519090840
3162 50193847
3165 934074231
3162 499953562
3162 744363697
3164 744422744
3162 249145198
3165 399071880
3162 519551613
3162 219686730
3165 684498015
3163 27718111
3163 965662406
3162 871380633
3163 430791403
3164 809769570
3164 77588014
3162 229852039
3162 919272210
3165 768700705
3162 569961969
3163 674964157
3165 846114487
3162 282233454
3165 760581153
3164 377547885
3162 306502641
3162 953906542
3162 374226280
3164 94278121
3164 879089993
3162 549996172
3162 369454462
3162 16631618
3162 48998038
3164 561734222
3162 454857113
3165 897463065
3162 133716396
3162 789628401
3164 293127470
3162 610330145
3165 779753476
3163 337278419
3162 153581693
3163 975000565
3163 637369068
3164 752674296
3162 181973681
3165 704328307
3162 466777221
3165 183654880
3164 751522373
3162 23663478
3165 910206617
3163 594750543
3164 651981509
3164 128754551
3164 99928803
3163 751436797
3165 583228218
3162 565548412
3165 617393163
3164 728940701
3162 614045282
3162 500614432
3162 735040598
3164 606156462
3163 75503759
3163 511376547
3165 314937754
3163 112298581
3162 909194587
3162 719946674
3162 142404656
3162 894858751
3162 315540888
3165 955938908
3162 882821126
3162 503093599
3162 730022583
3164 788301333
3165 768465554
3162 968800222
3164 745457992
3162 351166520
3162 150953253
3164 459583977
3164 968986819
3164 123061341
3163 727836419
3162 923146122
3162 151391139
3162 991146732
3164 980267139
3163 284675999
3164 988908631
3162 207081526
3163 871631630
3163 217239402
3162 821846350
3163 839890928
3165 940212398
3162 376772245
3163 976053979
3164 842289492
3162 146920680
3163 83868927
3163 795755898
3164 543920374
3162 100786854
3164 319339164
3162 74416677
3162 343688983
3162 396012826
3162 465512844
3163 739040944
3163 66201430
3162 498922439
3165 741270608
3163 126732123
3162 21562734
3163 292308186
3165 380822647
3165 51786692
3165 882204498
3165 921696175
3162 417485826
3163 172581948
3165 744650689
3162 944316336
3162 502185791
3163 704578263
3162 486613413
3162 992458104
3162 862663927
3162 66125543
3162 521616859
3162 22278499
3162 900994037
3163 892141264
3162 554862285
3165 824341405
3165 320978270
3163 324868024
3162 73888873
3165 508599341
3163 218930555
3162 844079738
3162 477328549
3162 155147478
3162 688786236
3163 138211692
3162 355584512
3163 913619385
3164 694344449
3162 918422540
3164 372391903
3162 770261042
3162 872622410
3162 319394500
3162 998839731
3163 304057574
3162 367462796
3162 997564044
3165 627542284
3162 465846485
3162 408602882
3162 390113278
3164 785602365
3162 987593856
3162 428581701
3165 480236249
3162 582038713
3162 561179823
3165 416755994
3162 780341564
3162 608924953
3164 716851
3162 124231971
3164 110067152
3162 177445679
3163 272893773
3162 806259725
3162 835331761
3162 316583543
3164 816889461
3162 221336475
3162 532997765
3164 488237212
3163 735652441
3164 246421501
3162 422785406
3162 152294431
3162 681896080
3162 941982327
3162 907604540
3163 603176880
3162 321636529
3162 514113664
3162 444596673
3163 303420046
3163 102937623
3162 378909978
3162 180253374
3164 960701527
3162 246082191
3162 505007246
3164 82073628
3164 838023602
3162 218638348
3162 739207155
3165 925586391
3162 411604721
3164 355591474
3162 807379110
3162 763825876
3162 603769390
3162 681394241
3165 334562989
3162 5376256
3162 605568833
3162 803840276
3163 254365853
3162 228902315
3162 634163838
3163 319069100
3162 100869820
3163 118346273
3163 621515433
3162 715652694
3162 577201146
3162 752188301
3163 283553992
3162 925980184
3163 789939537
3163 754298431
3162 900733569
3165 675704367
3164 517822324
3164 529899350
3164 809690200
3163 20216009
3162 259607406
3162 504379340
3162 743314647
3165 336856784
3162 561624947
3162 135340606
3164 356495189
3162 98715559
3164 271710857
3163 672741252
3162 257973405
3163 611010163
3162 307157880
3162 351255922
3162 280387340
3164 536035437
3164 263090990
3162 13437496
3165 963240338
3162 585179959
3162 98893576
3162 414131419
3162 846307579
3162 998445024
3162 457305439
3164 540418154
3162 809097812
3162 617308770
3163 888646687
3164 267385214
3165 151777363
3163 517058171
3162 9721719
3163 703429774
3162 125066868
3163 741321985
3162 263239465
3165 210189217
3162 405132904
3162 467469105
3165 586566338
3165 613572982
3162 82778304
3162 832235946
3165 638923744
3165 941400772
3162 817138163
3164 40605100
3165 225646275
3162 975203382
3163 776038744
3162 413353649
3162 354107648
3162 57560314
3162 212473022
3162 390944094
3164 918978332
3162 40473300
3164 800549671
3165 13617700
3163 950464152
3164 257959684
3162 4264223
3162 758991590
3162 85878749
3163 832388500
3162 849678427
3163 860807294
3162 326969788
3163 600198670
3162 83116996
3162 759245502
3162 832252248
3164 801115228
3162 630318477
3162 605924330
3165 384940014
3163 463254079
3162 989378995
3164 164016981
3162 244821623
3162 884056503
3162 93384001
3165 598677178
3165 486031370
3164 509810336
3163 507039773
3162 997059404
3163 65937697
3162 467110012
3162 976584748
3162 654448140
3165 626060495
3164 392294869
3162 365786494
3163 687946017
3164 995489512
3162 446974507
3164 650040401
3162 84337491
3162 85288839
3162 439003732
3162 149748866
3165 649648221
3162 492205856
3163 10241398
3163 993031262
3162 539007152
3164 484164817
3164 423715689
3162 731882208
3162 769146363
3163 245798279
3162 351640414
3164 51318386
3162 717441583
3163 697431409
3165 134164678
3162 348659866
3163 35748710
3165 866016977
3162 298471727
3162 466954077
3162 354758387
3162 686374590
3163 803403472
3165 548161519
3165 826038645
3165 963526338
3162 338971415
3164 504191032
3162 123538817
3164 145522347
3163 708454408
3165 762091719
3162 640479209
3165 925245593
3164 896873131
3163 500381009
3162 24871195
3162 710130140
3163 147550488
3165 781603188
3165 695549428
3162 170793258
3165 769671780
3164 317361484
3162 605767395
3162 696219263
3163 950350160
3162 607746280
3162 542562839
3162 560265017
3162 796924225
3164 776044157
3162 592270422
3165 17031107
3163 606572464
3162 823117126
3164 103743704
3162 665117522
3162 353295720
3162 99859646
3164 525002544
3162 987573254
3164 763850559
3163 761090333
3162 164871091
3164 28538379
3164 511517462
3162 499354517
3165 394837424
3164 571730664
3162 957361976
3162 813771605
3162 103795375
3165 457752854
3164 673222575
3163 291671030
3165 949218377
3164 645264845
3164 983444430
3163 105912889
3165 534940059
3162 431215666
3163 960490641
3165 394208970
3162 281655675
3162 281591010
3162 501700596
3162 600644276
3162 913668888
3165 902661669
3163 753476117
3165 815834399
3162 340894552
3165 190570573
3164 998606653
3164 122964348
3162 558021053
3163 736362936
3162 956979666
3162 283547804
3164 808415264
3162 907884235
3163 318077220
3162 661246521
3165 379239926
3164 88507748
3162 224226423
3165 654054464
3162 772257130
3164 196690109
3164 155670255
3165 977857349
3165 441623319
3164 503829218
3163 296943859
3162 806430951
3164 182764910
3162 714754896
3164 952312236
3162 809255338
3162 754366503
3162 325777189
3163 50692407
3162 781861149
3162 442013366
3164 160811986
3162 959671781
3165 34770508
3162 511278153
3164 303461226
3164 648165386
3162 923379313
3163 845779003
3164 927108140
3163 117231259
3163 76608282
3164 166393407
3163 535495299
3164 678952541
3164 256531690
3162 351004979
3165 52367394
3162 810347143
3165 627350274
3165 547274835
3162 77489935
3165 975376865
3164 309690150
3162 798878810
3163 377504129
3165 277211535
3162 136782461
3162 787534844
3162 600861181
3162 855026444
3165 487393591
3163 81953836
3162 830775436
3163 724320939
3165 885022157
3163 902160199
3165 152371248
3165 722811636
3164 910303157
3164 106096768
3163 152165458
3162 325979270
3162 455494455
3162 805104262
3162 719275526
3163 725345097
3162 795813921
3162 131267492
3163 1386912
3163 202996625
3165 626077993
3164 110263789
3165 188071805
3165 795032437
3165 903247679
3162 70872886
3163 307954526
3162 570947849
3164 192584529
3162 474587383
3165 686246933
3162 868166043
3164 167375754
3162 521800860
3162 390791702
3162 173002211
3163 557314689
3162 587599609
3164 587473575
3162 242153544
3162 551266270
3162 847730147
3165 771707947
3162 903692975
3165 245034925
3162 915846537
3162 862785247
3165 546007269
3164 383846080
3162 554425393
3163 775603320
3162 611392856
3164 178322333
3165 597790380
3162 747284142
3162 955514883
3162 102580922
3162 503829476
3162 247033357
3162 451790100
3162 320582141
3164 148617208
3162 827644690
3162 777857322
3164 814156215
3164 821114213
3165 877143807
3162 709404496
3165 726550019
3162 527713803
3163 879610393
3162 789773391
3164 537358406
3162 463995751
3163 911372974
3164 791257761
3162 468318161
3162 369611
3162 109730719
3163 870586344
3162 532535228
3164 109265455
3163 438485083
3162 131963080
3163 454335665
3162 553197551
3162 458245319
3162 355084664
3162 994816699
3162 745302452
3162 757246705
3162 676679767
3164 865093140
3163 580991832
3162 70097890
3162 354848069
3163 494855873
3162 446483398
3162 1439328
3165 740803235
3162 85178710
3162 197745831
3164 246699838
3162 461331048
3162 7676813
3162 673532520
3162 712888986
3164 867634191
3162 599726
3165 28702829
3165 533065502
3162 629888447
3162 188610435
3162 223082929
3162 400322860
3162 190207980
3162 355163274
3165 328224650
3164 328793553
3162 490945960
3162 939589943
3162 34556221
3162 977922873
3163 57450186
3162 733573446
3162 633729401
3162 823298260
3162 981706064
3163 327062025
3163 762887856
3162 531405342
3162 830486014
3162 413606482
3165 570799318
3165 864720769
3162 905424870
3165 202231521
3164 691411085
3162 988598090
3163 921330147
3162 717786132
3162 625195274
3163 28358785
3162 870261259
3164 493388130
3162 892645651
3163 783683096
3162 492713341
3164 388285540
3162 277418042
3162 95515636
3164 64852710
3165 300867040
3162 562274030
3162 302552371
3162 137049077
3163 426037118
3162 5172251
3162 949761896
3164 393599415
3164 994809318
3162 641322453
3163 590271670
3165 815891404
3162 474161436
3163 432104277
3162 156586790
3162 371816896
3163 991892290
3165 707479673
3162 880189605
3162 209651664
3162 745109468
3162 940387322
3162 478964728
3163 894055903
3164 762525125
3162 283840373
3164 235200080
3162 176423779
3162 679946211
3165 698762468
3162 796063232
3162 757799805
3165 49286063
3162 828624618
3164 615318062
3165 844594087
3162 627637048
3162 485172965
3162 833285420
3164 425277846
3163 134209087
3162 247747538
3163 475930623
3162 469957759
3164 187405983
3165 974902945
3163 228700466
3162 723797300
3162 558274835
3165 808671292
3162 560239357
3165 631136705
3165 805871551
3162 749968779
3163 984174887
3165 884453240
3165 641981131
3164 802259944
3162 178003190
3162 400867996
3163 925767331
3163 164592447
3164 847908143
3162 771518186
3165 343068196
3165 747855544
3162 138630027
3162 147221460
3162 948365480
3162 935397132
3163 709140008
3163 207860324
3163 526182973
3162 420196022
3163 390756196
3162 530956752
3162 539069540
3162 996645121
3163 818478690
3163 468193928
3162 37475768
3164 544430546
3162 885572167
3164 532005924
3164 628432874
3163 519928849
3165 655048860
3162 970259227
3162 780968924
3163 434202138
3165 501717395
3164 238282478
3165 592268163
3165 453824913
3165 87066995
3163 769133443
3165 995410204
3164 186440452
3162 582446113
3165 398750651
3162 977468408
3163 836853819
3162 834461146
3164 869508608
3162 276976124
3162 710730036
3164 567859216
3162 202691547
3163 686804970
3162 347043780
3163 501541551
3162 533903402
3162 844649970
3165 369462463
3162 153983026
3165 604901553
3162 553634114
3163 425203357
3164 932805212
3162 178638392
3164 183372130
3162 187890393
3162 81886111
3162 109097007
3163 224358660
3164 929336119
3162 545758312
3162 773292264
3165 756541708
3162 294566290
3163 623525063
3162 198877889
3165 355413592
3162 658360366
3165 490703045
3165 951196985
3162 156080908
3164 700744278
3163 389654653
3163 738413559
3162 527393198
3162 182928793
3165 162732498
3163 498689452
3164 93417434
3162 560298887
3163 348076440
3162 359071192
3163 858962386
3163 458289679
3163 986516463
3162 972721837
3164 410524800
3165 374813272
3163 96135290
3162 84363440
3165 981531443
3164 445245156
3163 380497693
3162 826139785
3162 993617670
3162 251474387
3162 939707497
3162 537054685
3163 948686598
3162 498218890
3162 970978197
3163 51125558
3164 440978563
3165 24879971
3165 733427490
3162 370311807
3163 188111668
3163 819132688
3162 28138381
3163 350837792
3164 136859207
3165 489339971
3163 965584724
3163 770306265
3162 389257213
3162 382186600
3164 884886366
3163 700109583
3162 958836879
3163 353327054
3162 263360452
3162 746295921
3162 422589713
3164 111329723
3163 931015545
3162 925341595
3163 521503385
3162 703963160
3165 722721916
3162 812551808
3165 946777531
3162 337943023
3163 867175551
3162 763979362
3165 945221292
3162 989570368
3164 281144197
3163 884358583
3165 620814044
3163 135577392
3165 250039280
3162 418186682
3164 35941293
3165 422507586
3162 837195762
3162 894310724
3165 4211664
3165 813502426
3162 208251005
3164 993483661
3162 71832891
3162 988096958
3162 291619284
3162 905347186
3162 514436534
3162 730396913
3165 189668961
3165 169431274
3163 82097616
3165 125445509
3164 547346205
3163 731688097
3162 844843954
3162 763681967
3165 730269674
3162 511418993
3162 266572328
3162 484714814
3165 146914494
3165 368698068
3165 235063689
3163 539655654
3164 150598751
3162 780550101
3165 842486420
3162 22499645
3164 212212986
3162 790675359
3165 966689325
3165 128439790
3163 619751449
3162 329771342
3163 502714563
3163 765869313
3165 920242484
3163 689270081
3164 751803899
3162 278854835
3162 975702193
3162 632267403
3163 432174280
3163 950542570
3162 803769738
3164 316657562
3162 348869756
3164 669348247
3162 902729750
3162 258725402
3162 507633132
3163 344062686
3162 792319935
3162 241806883
3163 447967358
3162 417986137
3164 178639026
3165 125358101
3163 422067715
3162 983263792
3162 894566818
3165 711395196
3162 184729735
3162 584759544
3162 358143228
3165 724530161
3163 590391427
3163 861290173
3162 290834827
3162 268493981
3165 216429923
3163 163223598
3163 575218719
3164 505403509
3164 897836302
3164 216831386
3162 634591569
3163 717170111
3165 398269385
3162 442822822
3165 706186357
3162 73724939
3162 950940872
3162 539156450
3162 383933376
3165 526350748
3163 362009841
3164 404451758
3164 518810633
3163 906811895
3163 114744987
3165 105573496
3164 140150418
3164 101785096
3163 806053750
3165 63935589
3162 58121589
3163 630424812
3164 996806582
3162 460984372
3162 288068822
3162 726500314
3162 539624494
3163 875488110
3165 47340839
3162 34337731
3162 49658069
3165 889962226
3162 431425241
3163 862710078
3162 148603488
3162 155631219
3162 948726167
3162 59010415
3162 802910472
3164 931903331
3165 995007527
3162 636315901
3162 959773531
3162 168153271
3162 807984688
3165 152861889
3165 122510848
3164 46226713
3162 895977790
3165 737573102
3165 892677093
3162 683803203
3162 489711142
3162 757507102
3163 349399533
3162 836255886
3162 76994758
3165 616333721
3162 879550730
3164 563312161
3165 50651729
3163 128482007
3162 568173740
3163 497679711
3162 238190346
3162 148226455
3164 818707576
3162 810871019
3165 873853538
3165 268387351
3163 323742914
3164 185338359
3162 614469995
3165 988669719
3164 133902491
3164 893332960
3162 656228395
3162 699772471
3162 493222774
3162 243739583
3162 624600574
3162 145286684
3163 439419384
3164 239523546
3163 800905613
3162 25020249
3164 934397399
3164 104662438
3164 22974574
3162 307414544
3164 347402846
3164 183402022
3162 6620847
3163 664703031
3163 401161104
3162 384456997
3163 958174241
3162 407859641
3165 687994529
3162 447262705
3162 443076213
3162 569705695
3163 918847440
3162 930953568
3162 133946437
3162 446960717
3162 842428610
3165 59043849
3162 805673195
3164 110479712
3164 273571588
3165 597947618
3162 496958294
3165 735592332
3162 780529393
3162 459652965
3165 404314469
3162 376811523
3162 247502732
3163 418559368
3163 654766865
3162 978890987
3163 284236261
3162 466683715
3162 323061874
3162 461559032
3162 397423379
3162 836398600
3162 182594605
3162 481995738
3164 559190157
3162 191410366
3162 626843951
3162 594109289
3162 659251114
3164 374284376
3165 580315734
3162 881107721
3162 893882844
3162 295677739
3162 837358079
3164 528927656
3165 319795161
3162 793208234
3164 712871136
3164 235576572
3165 446066763
3162 441725379
3162 727498453
3162 191994875
3164 298327804
3165 77304228
3162 955853029
3162 553401293
3163 852657534
3162 233725947
3165 744632292
3162 931146625
3162 476236687
3162 110664762
3162 204933795
3162 911824585
3162 615825685
3162 687411103
3162 744798576
3164 585079635
3162 520501238
3162 854070826
3164 348477222
3164 308187212
3165 466056187
3163 558854395
3162 543823669
3163 821222344
3164 115781896
3165 699350954
3164 113527531
3162 281317613
3162 559640100
3164 244973951
3162 988951810
3162 731551676
3165 783543336
3162 914279677
3165 653601102
3163 639918316
3165 89227822
3162 134690201
3162 606745579
3162 933523823
3162 221556705
3165 928288504
3162 680377889
3164 964188772
3162 978412925
3164 334645890
3163 217236478
3162 792577344
3162 583803673
3164 536873956
3162 837231907
3165 30280857
3163 893104674
3162 91247566
3162 649195695
3162 475714510
3162 259245166
3165 347446352
3164 990139575
3163 657328895
3162 911155754
3162 596501018
3162 409439938
3162 851869825
3164 24024232
3162 87958642
3164 265126924
3162 55423278
3165 33890443
3163 45181809
3162 4799347
3164 732980424
3162 450209146
3163 692067837
3164 391221260
3162 502267923
3163 870078430
3162 901650985
3162 529702435
3162 166188761
3164 292135310
3164 831990588
3162 733203839
3165 662335868
3162 698272213
3162 658559456
3162 746163412
3163 813365812
3164 175653006
3162 592127678
3164 350754075
3162 31184709
3162 148692947
3162 201698066
3162 850364768
3162 681909691
3163 877585712
3162 517486411
3162 830618453
3162 316798806
3165 597632072
3162 116682128
3163 353180735
3162 217581164
3162 51534196
3163 437127416
3164 321220164
3162 974824601
3163 265267706
3165 482072346
3164 769305029
3162 218083717
3162 426212580
3162 892584790
3162 694385182
3164 662220117
3162 255876047
3165 157728113
3164 874288558
3163 882157452
3165 102766123
3162 726932692
3165 73557945
3162 542884624
3162 232863267
3162 182041052
3164 354862807
3165 914505260
3162 272152512
3163 429875366
3162 829030932
3165 134067111
3164 373710642
3162 270241991
3163 342324181
3164 170455479
3165 398447998
3162 421797043
3164 330971493
3163 825882709
3162 104311294
3163 203656114
3163 378725670
3165 330926681
3164 74169490
3164 902260116
3164 807632164
3163 834804926
3165 227962566
3162 117561205
3164 688337310
3162 864165813
3162 188538316
3162 315354756
3162 648646449
3162 284011924
3165 196337520
3165 374197418
3162 398044306
3164 332174359
3162 956697217
3162 338555962
3162 664791661
3164 73831187
3165 424868185
3163 855190153
3162 912876107
3165 819857039
3164 395298168
3165 967519075
3162 764806265
3162 690293189
3165 525143655
3162 585097926
3162 410303408
3162 630099290
3162 679914965
3162 848801333
3162 383166662
3164 472518830
3162 279686679
3164 577219999
3165 632476731
3162 169021655
3162 143169447
3162 701065261
3162 820192018
3163 974041940
3163 346355805
3165 46509497
3162 55627597
3165 156764742
3165 948763045
3165 806589075
3162 813925548
3162 993911731
3163 682475914
3163 431918675
3164 439031302
3164 608417253
3162 529368439
3162 844507478
3164 956846839
3162 60748160
3163 776840488
3162 597564113
3165 734322975
3162 342248459
3162 763226715
3162 73830183
3162 964747506
3162 441811841
3164 618908204
3164 902985774
3163 439448978
3162 432572447
3162 470601174
3162 435500471
3165 123643756
3165 369841790
3162 486391014
3164 377043764
3164 841171166
3162 189310907
3164 519484656
3162 470830370
3162 765636232
3162 466655081
3163 12664626
3162 889919412
3162 570644734
3163 409301611
3165 931669352
3162 833159773
3165 943666171
3162 721366184
3162 899267440
3162 439661130
3162 975606308
3162 77207227
3162 360904845
3165 154175105
3165 244248479
3163 953743554
3163 464256477
3163 602021764
3164 976487071
3164 309075409
3162 989682862
3164 51996178
3164 255328021
3162 34008314
3162 871941570
3165 916679370
3162 955562999
3164 4854564
3164 796552984
3162 414776865
3162 281177830
3163 341205432
3162 549225849
3164 593982028
3162 708011263
3162 153638071
3164 596131086
3162 917719018
3163 70669259
3163 777594015
3164 344565770
3163 64023410
3162 176272681
3162 832656345
3162 490933749
3162 629365053
3162 107826945
3163 568078027
3163 959211588
3164 130936426
3162 862404441
3162 486113493
3162 781656797
3162 278703573
3165 259051861
3164 705362255
3165 720344322
3163 824980043
3162 505061119
3162 334659457
3162 350592350
3162 8483028
3162 720850232
3163 123315039
3165 159591738
3162 214293543
3162 77279383
3162 393651258
3162 771098785
3162 562161377
3162 521534485
3164 294767895
3165 621911271
3165 361560806
3162 799261733
3162 521980256
3164 564955652
3162 381440992
3162 607446727
3162 400317994
3163 268004374
3162 207096557
3162 301665583
3162 125102961
3162 579438829
3163 832408033
3165 924221250
3162 97972969
3165 330194864
3162 362656500
3162 40638432
3163 762539064
3163 903357787
3162 454219852
3162 609335794
3162 974615737
3162 618394526
3165 168596454
3164 360419037
3162 325363441
3162 755248845
3162 354015393
3162 714109607
3163 57720332
3162 617566746
3162 990433250
3163 554203514
3162 655179438
3162 30892825
3163 669823457
3165 708527512
3163 447244926
3162 651132403
3165 404229235
3163 572850241
3165 650103494
3162 612500419
3165 57169215
3162 253308057
3163 402852964
3163 844607610
3162 657630502
3164 770577579
3164 904243779
3162 185625485
3162 959039465
3165 710474167
3162 212348224
3162 369220722
3165 317080381
3162 380492068
3162 136537415
3162 86408198
3164 819055815
3164 662315277
3165 540996505
3164 406469635
3162 18055316
3163 881584934
3162 895892961
3165 963214499
3163 428488864
3162 727385687
3165 73841588
3162 736666476
3163 371880717
3162 682675310
3164 529028350
3164 483106121
3162 124363914
3162 938699220
3164 767214586
3162 309552072
3162 73434802
3164 145356175
3162 49859347
3162 563437216
3162 150023501
3162 727600865
3163 772590415
3164 42144336
3164 584048155
3163 210479994
3165 879354095
3162 295125067
3162 291588733
3164 160873809
3165 406465909
3163 58957916
3163 146624198
3162 478348368
3165 528006129
3162 389704468
3164 418304607
3163 12158719
3162 706459364
3162 613815382
3162 193866888
3163 309071721
3162 304530211
3162 951552583
3164 48464444
3162 81677257
3164 42017368
3163 142803985
3162 420405936
3162 520712824
3162 121937289
3164 584356306
3165 509077371
3165 722500207
3163 270229321
3162 813824671
3162 728089044
3162 4079405
3164 333558787
3165 351767237
3163 250088080
3162 610624572
3162 802826113
3164 505931465
3162 207371481
3162 442582666
3162 463486499
3165 189322778
3163 337220697
3162 349180400
3162 880123404
3162 919324064
3163 105984090
3165 504941573
3162 458803578
3162 302541808
3163 907435634
3162 901690300
3162 735287811
3163 134184389
3162 494207491
3164 674039687
3165 796463644
3165 705770717
3162 958865518
3165 120814310
3162 591491610
3162 78983917
3163 57683185
3162 243673847
3162 943176585
3162 835853439
3162 639064347
3164 418835890
3162 905289941
3162 403941372
3165 864548799
3164 207722806
3163 400552295
3162 945284306
3162 66418732
3164 943113853
3162 534545389
3164 999702293
3162 953118962
3164 541673211
3165 657970060
3165 973743167
3162 574729257
3162 161485477
3162 115538050
3162 993401313
3162 870455770
3162 502913719
3164 5918896
3165 230435947
3162 288685726
3165 934754635
3164 495396877
3163 648231735
3162 936451992
3162 604035615
3164 401738373
3164 148482097
3164 499431247
3162 545308287
3164 659640934
3165 386132652
3162 681816778
3162 464770213
3162 713234790
3163 841537240
3162 748651776
3163 824709078
3162 861181899
3162 480234863
3162 733194747
3165 993047698
3162 299875211
3162 696619771
3163 88024062
3162 765831816
3162 669405311
3162 12583932
3165 910140306
3162 237061711
3165 436048745
3165 930939270
3165 441023079
3162 434494907
3164 101838861
3162 247785330
3162 258022834
3162 96032027
3164 283205248
3165 230319631
3162 301772503
3162 561846137
3163 361946436
3162 445345912
3164 658061503
3162 283556226
3162 824472558
3163 417252172
3164 677946793
3162 112040710
3163 796986975
3162 495672707
3162 783257826
3163 419573143
3162 952805769
3164 699640874
3165 646307724
3162 772064402
3164 402051151
3164 402976278
3162 604229261
3165 272926755
3162 179156337
3162 765195894
3165 489767245
3165 996293560
3162 965070250
3162 76061663
3163 959740113
3162 108247723
3162 412314618
3162 457601550
3162 120402667
3164 960251052
3163 741469140
3162 951381142
3162 949135214
3164 700175420
3162 55093440
3162 754095847
3163 611522371
3162 600142145
3163 873282896
3163 73641295
3164 727963303
3162 486468108
3162 795211768
3165 214782315
3162 159811937
3165 512699915
3162 983851860
3162 49872133
3162 152164357
3162 306808787
3162 632439846
3162 407878399
3163 356658627
3162 903456171
3162 34727837
3164 762162322
3164 931452778
3162 167343398
3162 717464305
3162 468757460
3162 679336089
3162 341415274
3162 303035578
3162 696854694
3163 345606550
3162 595135455
3165 313644872
3162 95351596
3162 218512425
3165 528685849
3164 356621599
3162 468551492
3165 424058632
3164 512171964
3162 700274699
3164 470195018
3162 391943546
3162 207980350
3162 724953027
3162 916868442
3164 803588829
3162 191668342
3162 529346829
3162 848480418
3162 656025110
3164 181695051
3162 844536363
3162 431223853
3164 969107880
3164 102768112
3162 4638961
3162 248759197
3162 390152274
3165 580807057
3162 284212663
3164 440915665
3162 106207184
3164 33960267
3162 678317812
3162 578486550
3163 81347782
3162 314586555
3165 288165059
3165 416048162
3162 357385675
3162 903929359
3162 725743640
3162 142837797
3162 756025821
3165 59548304
3162 541252276
3164 946540222
3162 262200061
3162 244619054
3162 645162758
3164 467445874
3163 723046111
3165 362639227
3162 298556702
3162 76879683
3163 228295333
3165 993834541
3162 540607434
3162 21734161
3165 864921935
3163 882898405
3162 667484419
3164 957128577
3165 12149304
3163 768105702
3163 661759477
3162 299833731
3164 658153430
3165 914224464
3162 760409496
3163 56236334
3163 56363901
3165 809492113
3164 319314665
3164 543781921
3162 567371396
3164 270266751
3162 182439846
3162 747729823
3162 758264442
3165 508214899
3163 819894557
3164 768366546
3162 461403093
3165 53256696
3162 799205222
3162 990309882
3163 851757201
3164 258168943
3162 33752588
3162 912331473
3164 676061148
3162 320898084
3163 429238501
3162 652655843
3165 987971935
3162 713084605
3165 793710072
3162 471578709
3162 135424989
3162 641047397
3165 318086559
3165 416794496
3162 430690545
3163 434434860
3162 774179954
3162 519201380
3162 481697701
3165 793741476
3162 892184450
3162 724823090
3163 896442281
3162 372571823
3164 163874482
3162 554719233
3162 641505067
3165 841632126
3165 233070734
3162 243585987
3162 675988741
3162 41507595
3162 643296165
3162 743821731
3162 88814310
3162 352945190
3165 553949737
3165 908909789
3164 403761210
3162 515083555
3162 45555387
3163 665117786
3162 385614630
3162 193175759
3163 286149965
3162 43423245
3164 395306325
3165 499102938
3164 111848951
3162 36883869
3164 300424789
3162 490239607
3162 320889425
3162 516390366
3163 629540804
3162 272211728
3163 993584771
3164 401643074
3162 779790140
3162 713535251
3162 806744825
3162 276377758
3162 710916917
3165 180430904
3162 106309199
3165 99918625
3162 737508398
3162 95177363
3162 331581119
3164 22513011
3165 212838687
3164 552205186
3162 427748580
3162 669072711
3163 663466222
3165 131805708
3162 737125103
3162 447678828
3164 892530735
3162 900861792
3162 832638322
3162 869723181
3163 176934033
3162 60421461
3165 532709259
3162 942054870
3165 986522141
3162 917601411
3164 388132389
3164 37176593
3162 824112784
3165 424535993
3164 381109184
3162 796735723
3162 321163616
3165 128916292
3162 684090756
3162 354955351
3163 548543433
3162 525990044
3162 247154776
3163 157591319
3165 869997841
3165 955216157
3162 131596354
3162 341519914
3164 129054223
3162 622577305
3162 473762900
3162 953937882
3163 522015348
3163 100699080
3163 310462116
3165 763130141
3162 189891590
3162 764306511
3162 725687277
3163 939286690
3163 760818925
3162 381535728
3162 143989568
3162 826866981
3162 788808040
3164 326420220
3162 215249466
3164 103319317
3162 339426156
3162 445943463
3162 451850505
3162 680711831
3162 160912763
3164 700847654
3164 49881844
3164 602474156
3164 475832769
3162 62972977
3162 120224710
3162 110698117
3165 163379805
3163 770362260
3162 92853501
3165 659468974
3164 901819340
3164 10373794
3162 697271922
3162 414495682
3164 416019162
3162 764602527
3164 551285858
3162 359653159
3163 102442475
3164 148269051
3165 893619572
3162 389570889
3162 949759574
3165 865585527
3165 299330071
3164 98909041
3162 244146713
3162 524520169
3164 87549838
3162 814802279
3163 150636006
3163 196023904
3164 758417539
3163 229705249
3163 128472037
3164 702319448
3162 183739245
3162 338807224
3162 708515020
3162 49333722
3162 593370915
3165 792026434
3162 676459807
3162 736150388
3165 36484477
3162 358776918
3162 970441316
3165 706436475
3164 360014825
3165 110452015
3164 731388433
3165 326519220
3162 703988958
3162 348871347
3163 516925361
3162 278965555
3162 560037333
3162 311913957
3162 294323094
3162 857835390
3164 604830507
3162 10158170
3162 474190891
3162 546386104
3163 626655511
3164 854366342
3164 954052276
3162 93030067
3165 404690639
3164 914049901
3163 729521132
3162 52072309
3162 418776711
3162 233366917
3164 323718869
3163 395452829
3165 532297840
3162 700228381
3162 640099277
3162 10300084
3164 974362570
3162 18868697
3162 375321448
3162 575010525
3162 92305409
3162 403878199
3163 895581476
3162 294530056
3162 725120078
3162 557269810
3165 854455656
3164 650801189
3163 5237075
3164 514482380
3162 972969155
3162 255549558
3162 362314882
3164 749866915
3162 609059916
3162 930737442
3162 427591900
3164 421769694
3163 862471861
3165 465531915
3162 582075683
3164 756161140
3164 614066055
3165 146695068
3162 312249724
3163 645783590
3162 128136847
3162 390917248
3162 548366815
3163 815298124
3164 868645460
3164 931269401
3162 271224436
3162 33487450
3162 648160649
3162 126535996
3162 340504540
3165 59647450
3162 7629976
3162 279875975
3162 18523345
3165 468931414
3164 138509741
3164 144816311
3162 573044806
3162 698541651
3162 204310369
3162 852455332
3165 796900302
3162 305522612
3162 695381915
3162 704291582
3162 777129234
3162 542565005
3162 782622843
3165 887354592
3164 87438834
3162 300672387
3164 255737258
3162 57650966
3162 33467301
3165 467492765
3163 171815385
3162 398823208
3162 391048840
3162 419520963
3162 707841157
3162 482040318
3165 554806569
3162 432017819
3162 543610032
3162 329577318
3165 104432476
3162 660319694
3162 253801055
3163 340782139
3164 824466846
3163 253301965
3162 498203184
3162 295836227
3162 694026102
3164 78602503
3162 637945365
3162 988295422
3162 760240676
3164 108367811
3162 574824209
3162 820435374
3163 343343087
3164 483683113
3163 46513986
3162 974767359
3163 625042330
3162 116830587
3162 631656070
3164 878587241
3162 599537474
3164 417143698
3162 748485230
3165 980977414
3162 271141676
3162 166876425
3164 548032674
3164 539379480
3164 126326724
3163 222208203
3165 251506530
3162 224037946
3162 683446642
3164 696581873
3162 773464849
3162 60875078
3162 87027629
3162 372225841
3162 407765892
3165 564831356
3162 43770158
3162 160754287
3164 271256737
3164 208893512
3165 603956844
3163 247583282
3162 274764952
3162 128972257
3163 671320509
3162 837140799
3165 880376905
3162 660215482
3162 441966607
3163 339012076
3162 43955885
3164 467217612
3162 574435040
3162 304430935
3162 692678549
3162 815426118
3162 181907313
3165 713238419
3164 599345297
3165 824681085
3165 422103026
3164 185048070
3165 522169608
3162 335180459
3165 965762537
3163 761879739
3164 446108408
3162 121060655
3165 237204408
3164 47757924
3164 839477787
3165 3266518
3162 351812507
3162 979286799
3162 668094570
3163 659654073
3164 385429132
3162 702892221
3162 884704120
3162 678466836
3164 695435661
3162 59636332
3162 6175351
3163 767350966
3165 423792950
3162 87428423
3162 871253672
3162 707065405
3162 119741381
3164 172167153
3163 476050700
3162 615657
3162 212933890
3162 748787612
3162 340548738
3162 503770480
3162 811112441
3164 4896858
3162 326631814
3162 956556473
3163 235571566
3165 137924204
3162 553357546
3164 452822662
3164 804416938
3165 438386296
3162 375180575
3163 553559667
3164 918823735
3164 278264870
3165 389802124
3165 469759456
3162 266285252
3162 618463618
3162 34614054
3164 166564176
3162 693286189
3163 784347259
3164 482776264
3163 700231101
3162 21613244
1 1 3 2 3 6 2 3 5 5 7 3 2 7 13 1 8 4 14 19 16 14 2 16 7 20 12 28 15 9 9 12 5 29 11 26 6 4 12 3 32 40 18 8 32 30 17 42 9 21 29 30 6 31 29 35 49 32 46 20 38 47 21 53 48 9 17 36 46 32 15 38 58 4 24 19 53 27 72 71 57 8 13 66 24 4 68 63 62 30 62 36 35 43 89 47 23 21 49 3 58 22 40 58 51 56 101 29 87 99 87 23 27 9 63 90 106 65 80 10 56 19 112 60 99 49 23 108 116 125 114 50 76 89 99 122 67 93 102 92 80 90 4 67 106 21 10 60 139 105 111 63 106 76 101 139 82 64 122 14 21 11 157 3 89 92 9 149 82 10 122 16 99 13 99 165 1 63 140 36 87 142 175 153 57 79 171 50 144 132 100 92 100 72 86 95 164 74 22 99 189 167 132 69 33 80 50 69 7 98 210 24 45 55 48 132 49 126 142 123 39 96 185 204 161 113 51 118 129 59 99 13 182 44 136 231 132 194 147 158 62 111 145 238 115 141 104 150 135 142 13 230 65 21 187 196 205 25 96 176 159 156 41 188 18 13 102 169 167 22 186 272 254 218 162 153 241 51 114 76 251 84 11 52 127 244 92 27 263 20 51 191 223 210 249 15 196 12 97 138 62 167 70 89 80 191 139 2 160 42 82 223 99 152 171 66 152 224 99 132 268 12 104 256 231 20 263 199 115 323 239 255 25 43 62 257 19 156 23 275 39 107 332 57 295 4 42 59 61 21 286 107 27 3 105 88 167 207 304 269 76 193 83 288 92 258 256 6 364 191 14 301 213 317 218 8 45 295 347 369 335 58 221 201 23 58 304 94 83 286 193 126 93 229 66 12 191 211 53 294 305 3 257 282 157 349 304 13 51 13 146 153 213 246 199 205 155 114 94 336 102 71 219 250 170 339 353 348 253 138 124 230 365 153 164 369 375 151 379 172 292 178 322 330 69 434 12 61 142 405 400 302 346 229 47 154 200 284 125 8 119 454 194 437 275 334 290 386 115 40 39 325 139 69 17 298 49 461 215 119 409 23 410 273 97 153 483 30 419 44 463 90 279 355 193 362 78 457 437 339 278 106 379 164 296 421 311 171 3 211 139 510 401 267 185 128 88 315 162 436 451 103 463 130 362 135 172 425 266 376 356 239 218 520 5 370 411 210 414 247 128 409 123 312 106 278 327 431 539 123 394 199 540 464 492 552 422 7 107 118 81 336 144 38 97 167 198 414 68 264 569 372 495 515 201 552 218 403 387 262 272 157 301 465 85 485 513 516 211 397 396 565 79 18 448 531 288 522 320 280 241 381 185 74 478 180 95 147 92 170 394 305 431 575 613 613 256 504 336 425 496 238 481 483 132 305 76 185 356 342 245 45 612 460 384 292 263 436 487 14 262 625 641 352 413 463 560 255 381 523 368 12 439 595 221 249 504 572 112 196 346 368 340 480 604 658 249 248 264 536 467 439 216 492 279 526 598 262 541 369 56 95 550 300 555 405 451 299 449 8 691 614 555 298 116 553 206 176 464 331 216 483 701 311 433 691 509 517 432 665 70 705 603 221 592 344 274 592 697 165 278 588 585 617 342 173 238 716 149 243 727 546 610 112 376 637 297 250 267 395 714 690 737 63 711 454 26 272 491 173 405 476 744 549 690 413 529 586 632 27 169 646 633 317 448 101 572 346 174 142 359 396 412 551 549 231 639 310 454 504 483 735 346 319 454 339 344 785 315 324 743 344 672 330 34 442 648 231 348 653 320 496 313 128 204 518 704 266 661 628 345 174 549 805 601 326 371 381 486 512 31 277 683 248 131 805 666 599 816 657 293 246 591 557 567 179 316 588 717 359 101 657 139 828 626 138 81 694 645 23 460 24 184 376 682 374 526 827 600 694 595 287 814 739 566 800 329 285 302 376 277 525 856 440 270 769 765 300 161 91 572 214 725 169 624 742 663 695 453 555 215 775 582 60 800 384 324 650 730 547 621 503 404 498 730 385 718 82 163 146 607 419 867 107 787 494 436 160 523 88 40 536 905 915 609 606 79 894 261 449 94 625 408 592 128 433 930 859 16 453 855 225 740 395 846 2 123 594 576 346 600 772 358 280 855 591 421 177 836 597 597 210 911 780 68 368 10 944 668 275 598 616 505 346 304 451 25 840 826 340 452 297 912 114 69 115 867 136 82 241 452 453 989 757 682 150 944 255 905 711 906 77 669 848 401 784 175 633 444 262 216 747 958 484 594 969 17 875 922 815 419 289 862 323 390 882 368 144 997 701 619 353 962 529 884 539 6 563 12 876 555 1012 311 581 206 249 847 14 790 441 549 959 886 141 918 215 644 419 338 755 119 561 8 396 477 602 786 929 126 865 153 643 781 405 723 827 499 836 344 189 189 133 167 344 836 520 975 587 877 592 615 967 736 359 313 66 613 514 573 1009 540 1058 519 940 704 18 243 156 416 359 483 170 954 516 134 332 388 1114 824 647 674 824 627 563 993 1000 217 109 810 742 831 640 67 777 968 976 366 255 819 128 1122 1008 160 297 978 219 71 389 422 904 349 157 1031 461 155 909 772 536 566 810 644 768 671 446 910 1088 277 1147 130 698 1146 339 674 1149 1035 1034 350 922 634 776 607 874 135 892 1045 845 231 804 959 903 446 205 550 716 44 450 1080 209 987 184 1155 205 86 584 928 539 1177 236 825 97 1187 748 1194 635 707 1154 944 884 828 302 85 668 313 333 73 115 517 1077 972 278 771 590 965 830 420 501 148 524 388 201 132 666 394 753 4 668 1138 757 86 915 548 376 1084 869 1244 658 425 737 201 1206 1023 399 1 730 613 172 1259 898 252 392 935 686 786 1137 287 60 420 620 107 129 713 444 741 261 1245 1090 115 484 593 908 113 522 80 533 18 248 1296 686 677 1171 24 911 657 733 1210 200 1193 869 914 1297 74 463 1114 700 1301 380 756 110 1038 1117 668 285 560 1189 931 372 136 636 1101 254 317 139 79 154 900 1228 1219 25 1256 920 729 39 34 45 1147 166 161 426 339 1163 752 95 287 1 470 130 135 170 1116 254 790 472 333 1272 934 965 935 344 968 1061 1035 868 778 264 803 1314 176 850 161 857 945 580 1179 496 1130 227 1310 219 865 1367 954 958 294 1289 1097 878 299 1286 81 1309 1338 1186 122 631 967 450 188 10 713 651 1174 682 1184 123 1029 1114 536 221 744 946 411 525 656 787 932 731 178 1300 1260 1231 1359 895 1185 629 353 652 365 813 1397 770 563 233 1112 455 201 576 104 1273 301 397 1396 1398 154 68 914 933 1314 782 670 334 1424 434 838 863 377 1082 61 40 397 875 1307 468 1169 626 911 468 535 1200 1208 897 1102 338 1188 465 557 87 849 1422 750 396 276 366 919 501 1371 1118 736 1347 333 816 448 762 21 50 794 488 1429 1422 522 1043 1311 314 403 1235 1284 1194 144 56 259 390 147 1318 498 513 34 768 1245 1424 482 1321 1378 254 710 509 345 1386 702 5 918 1117 622 112 802 1360 1215 860 99 505 50 670 1281 387 1464 23 1078 640 647 1323 614 18 928 483 1241 480 119 1455 1034 1230 1497 346 1442 729 768 611 1567 1202 827 986 1533 106 1189 1459 471 705 638 1466 1118 811 349 237 1078 663 209 347 1128 345 1456 525 1489 832 601 736 1402 86 569 1248 1347 1062 147 1130 1380 623 1154 560 34 479 615 1259 632 1543 1401 1038 1432 1356 416 1235 1156 400 891 739 20 250 974 1135 919 1315 1038 1031 528 1160 703 1074 1058 444 536 1368 347 1523 264 986 1135 1111 1003 1180 1354 1098 291 1569 1441 318 1016 502 1065 338 317 922 1235 695 1242 615 1132 1242 1083 1258 1442 940 946 635 1141 1542 1617 503 968 1578 759 1618 593 1657 732 1583 1478 1251 1635 253 827 513 194 1654 1215 525 1597 1619 357 674 981 1027 1601 504 1210 1316 1333 1611 64 1518 591 348 12 367 434 1010 915 458 715 1674 16 1684 414 860 190 1312 1579 358 1260 1509 653 325 1196 913 1458 1192 1640 15 1663 656 1475 1687 936 701 1507 1119 259 168 1044 1168 899 443 1432 766 372 553 1399 1434 1250 685 517 1674 615 24 1358 1323 557 1292 1238 102 1505 763 118 930 1268 652 1403 1423 329 29 701 1243 1369 1148 1172 435 790 1123 744 630 695 1084 993 605 1258 882 1477 957 881 348 898 180 1332 356 17 622 1585 1353 184 731 481 1771 874 876 1292 1575 755 783 1676 1313 916 940 1534 424 12 110 1023 126 393 1100 1194 844 660 1606 1739 1606 1729 1766 262 1426 386 711 1289 1497 801 1307 1336 1016 1720 127 854 1387 207 1218 1661 1153 243 1828 259 1213 911 1786 928 617 1250 664 938 479 380 260 1275 1661 1292 515 1000 819 537 1344 788 1273 1552 1290 9 1642 1548 110 104 1096 1145 1035 797 725 1683 262 635 388 1524 367 1029 501 1550 744 197 1369 260 1574 1616 995 218 1543 1596 705 1563 1026 569 161 425 1625 36 1447 313 702 1311 970 606 605 570 412 1298 1374 1186 648 1508 1191 605 1886 1405 1884 604 898 266 1481 507 369 843 88 1765 607 371 1914 1090 663 1640 298 917 50 1357 645 27 1546 1673 1039 1887 543 1895 158 1641 852 1662 126 882 686 554 354 1898 1201 1363 516 1021 1390 1804 170 1967 175 1310 331 1251 1682 1985 1144 1647 1038 1795 1886 1623 1462 1684 601 26 1660 320 1849 1183 1569 1686 1809 309 1918 463 1332 1889 707 1969 1881 810 770 710 599 1260 409 707 1225 867 101 774 625 29 89 1504 414 1518 687 1575 263 1624 583 378 1944 1584 1574 827 831 1523 720 1873 470 1832 284 1718 968 751 619 266 1542 1337 228 953 165 1498 1057 1857 519 539 913 1413 1203 1224 62 1827 2047 171 1072 1436 758 1743 1996 66 271 1926 1899 1273 362 116 1976 2020 1052 1687 2007 1898 124 1273 520 844 2002 1307 1757 209 1685 1425 1804 1601 2092 323 200 716 1481 1177 717 1763 670 1341 1573 1242 1128 503 183 478 1686 1610 447 507 499 196 874 1701 155 2127 2055 1107 1075 1071 1856 1292 1948 1434 1646 246 1265 16 654 930 1681 611 2093 999 1145 1780 165 1653 132 467 1760 722 299 2019 535 1710 2027 1671 277 1310 1910 1776 2073 544 917 565 728 1739 1069 2034 1377 86 167 920 1546 1408 1622 202 367 279 1404 1367 94 637 242 1023 2151 1079 1758 2097 2165 1430 1196 1654 1936 1589 1091 1938 1964 1767 717 1288 1244 1567 1104 1872 2106 2131 700 974 768 416 637 79 346 1320 239 566 150 1028 2020 1645 1957 717 1362 48 929 863 843 891 142 161 1166 1122 2101 2118 1490 125 1499 1063 148 1656 1530 368 2158 1348 1990 2092 359 211 1913 1064 993 1075 1548 574 2214 1791 785 1323 1787 692 1784 1953 1511 1915 153 233 1007 2111 1155 310 2031 663 701 1748 1771 872 1816 1149 1451 2236 1992 2172 1448 463 1792 1305 628 1637 351 2278 1050 1249 958 1507 763 849 1474 1158 752 1558 1245 657 1354 864 1220 1825 886 1139 822 1081 2133 1376 642 782 795 1064 1250 971 1767 650 1588 1955 760 517 867 2135 2191 1096 936 2300 1796 1516 1489 1085 1190 793 1437 1919 857 23 2242 1407 1430 1194 1749 1852 333 308 19 659 1451 748 2253 2028 1773 1125 1226 2254 1129 1867 1685 552 2252 824 1277 1187 2028 633 749 805 2092 2273 2156 295 548 1158 526 1080 2320 1991 1982 1098 681 1557 302 648 853 1986 1132 1897 1621 741 490 994 954 1169 1749 1023 1797 1995 1712 1731 551 164 261 1463 1682 1413 1571 1170 1587 2103 784 121 1798 1297 1039 679 1529 1946 1943 1407 1008 1717 1688 1669 1833 455 154 625 1817 2250 231 283 1499 1648 1341 1787 1682 1206 2108 775 2227 551 2119 1881 1704 1362 136 602 1560 533 304 1418 2109 1618 626 790 2104 1842 2048 2153 227 402 1619 1754 26 1002 1129 616 1078 23 139 1835 374 622 1193 1268 511 1058 2301 71 454 495 2107 851 2325 636 2261 227 1938 1315 1012 277 2433 665 997 585 1972 457 1286 521 375 62 492 955 997 2099 572 1887 174 1606 669 559 1648 523 1805 224 107 335 197 1253 2442 363 1706 2510 2402 1246 769 1536 2169 1217 2481 2064 1243 2343 1476 2129 1816 127 323 1961 19 1702 435 2293 1692 192 1587 481 2250 2225 554 69 2022 698 733 2224 826 2067 1995 1137 390 1138 155 999 572 1121 1696 661 847 2536 1676 2554 972 298 423 375 2086 684 1565 677 2305 698 820 1193 1070 651 1912 822 1218 1353 1315 2544 637 516 2460 348 243 1974 184 337 1213 478 2548 2500 836 733 610 623 1076 1893 774 1892 1745 1032 111 2042 1695 2464 887 1723 1492 376 581 247 430 557 2406 1533 2504 1657 182 2104 176 2249 1064 1077 2412 1699 942 1515 755 782 2212 1273 1779 2200 823 2639 1996 2343 1991 877 1050 2462 1318 18 1490 928 207 973 1351 598 83 2373 2270 321 1895 868 2601 2008 1644 988 4 811 990 1717 1432 1113 636 284 422 1953 2034 2447 13 665 2573 476 1498 2638 852 1877 364 1390 1545 1669 1006 1720 1491 1568 1287 1784 2296 457 2405 1690 1128 1689 1600 1668 995 2175 1017 954 1765 1107 2630 39 177 1038 1111 669 90 595 1757 1164 572 1877 1164 360 465 831 820 2436 565 2500 1007 511 585 1268 1847 2317 1180 699 2593 2421 1080 1533 1608 372 1203 1972 1150 514 1753 574 1123 121 829 2331 861 2349 9 1370 1427 1235 604 633 1827 274 463 1848 1029 615 595 1159 2009 2301 2638 2576 2788 180 1635 2653 630 2218 436 1440 617 2510 1569 1421 1940 2454 1531 775 1187 1729 113 1968 1140 824 1553 2021 308 2468 747 980 36 598 1408 88 1377 1084 2219 941 1324 1531 231 412 2534 1992 966 605 1585 1477 828 2677 2585 331 786 2268 706 1565 771 2006 175 733 2470 2076 1070 1542 204 2541 1893 2078 772 1141 598 2492 2813 2358 2061 808 1282 2293 1541 1680 1506 961 2514 1654 1167 844 254 428 2042 2077 2031 463 723 900 923 151 1719 2661 460 1315 2069 2617 2850 742 991 40 2373 51 1547 2626 2075 2629 2130 1074 1997 1750 277 1925 1905 2367 1994 690 1819 2712 551 220 1997 33 1484 404 2890 2761 934 415 1165 149 2214 2683 902 2636 1021 1327 800 707 2148 1533 2085 2266 2208 339 150 306 2405 1597 676 2509 948 1327 1355 2271 558 1195 2443 2202 2636 2381 802 1435 867 2599 1213 774 2088 2073 2852 2805 827 1749 1190 86 1298 2853 757 1957 1695 576 18 2470 1968 1379 2401 415 641 441 2467 1203 202 1302 2659 2779 1547 2945 2341 1667 166 1774 2734 2491 2096 1554 1414 2163 2701 2404 1294 1939 2341 450 2176 1625 2197 2954 730 436 2593 2093 2770 1292 2188 2221 778 1476 2936 1390 150 2959 1744 1521 767 225 903 1928 246 2764 2821 978 1845 2811 28 823 2242 1164 2436 707 429 1352 1551 1664 1169 3011 1330 1884 747 205 1114 2921 681 348 1324 1572 121 1267 629 2065 1527 1379 1069 110 1182 2227 2482 2490 181 2612 1092 2148 2928 1825 143 1981 94 805 2819 527 2391 1949 1249 2435 2119 2818 363 1529 649 1910 1551 823 2113 1762 579 1909 2037 1235 420 1693 2770 1894 312 3039 2537 1588 1191 3073 298 2236 2706 2751 1977 2904 2783 2637 1410 2491 1362 1720 1144 303 2517 762 1139 2540 3049 2189 1596 562 1067 891 1660 2639 2424 2145 1230 2428 741 2300 1500 1888 2700 1337 1274 705 225 1362 3 2497 957 296 1580 1143 61 17 2855 27 1482
