67 3731 3
7 501625179
4 477700930
7 312076658
13 254109213
10 844408645
9 714195643
4 542461441
10 751590857
3115 590171135
6 732974744
11 201259996
8 828861129
7 827005197
4 834401604
10 591423317
13 59542131
11 493738639
11 731990133
8 782670477
12 184852038
3155 677178479
4 474417937
12 444798911
9 272012163
8 288586985
9 713839594
5 381392532
8 665975382
5 876073745
10 826750689
9 144575629
9 831320098
12 307584923
1913 174654051
4 582041971
10 112405615
6 447617147
183 852542314
12 851219234
10 442839008
514 208703549
5 691464195
8 368415496
9 159078385
13 229112767
10 770697518
7 665021873
10 645201952
1181 894167897
9 903285576
11 969037701
9 563762321
8 843466420
4 870507151
2832 908574639
3696 370815513
8 184863665
13 825653866
2646 87822358
6 953209479
4 275395962
209 987683090
7 314924601
11 787142239
13 468030991
7 10164377
10 131286993
1 1 3 4 4 4 5 8 2 8 9 4 13 14 10 11 3 8 7 18 13 19 22 5 5 9 1 18 18 15 31 15 1 16 23 32 4 18 12 19 20 9 38 11 29 1 22 3 40 31 42 27 19 49 25 31 26 41 50 38 31 21 44 60 40 39
