100 100 99
103 277870468
103 863868267
100 887451278
100 932473353
103 72109099
101 67989650
100 207337997
100 441397279
101 535363222
102 75836278
102 92530007
103 72685352
100 962880188
103 562850303
101 136462550
100 59450669
101 383592567
102 991634651
102 897546225
102 11860616
102 404847947
100 254220521
103 713421371
100 256651629
100 860019309
103 342356367
100 475574978
103 246835985
102 762716710
100 946894284
103 353256187
100 155419639
100 721189948
100 8088731
101 774604643
100 287417585
103 963244034
100 115357819
100 168507854
100 699052711
100 731723680
100 271981527
100 926279792
100 867027352
100 334788637
100 350381849
100 316727214
101 16224605
101 383470155
102 473368268
103 600133256
101 727525703
103 280782432
100 690806173
100 150286992
100 306245488
102 727425789
102 547178094
101 267488500
102 436129137
100 868499897
103 385301799
100 909658880
102 432022588
103 77981499
100 804194291
101 275726094
100 754770326
103 632092978
100 529398906
100 569107177
100 944468108
100 6013999
100 496217087
101 921262165
100 937184169
100 935110167
100 581714003
100 443246528
103 164444824
100 405661805
100 374359481
100 400624801
102 617831409
103 894469519
103 156751709
100 949655710
103 691543269
100 357625512
102 974521812
100 51558451
100 10592191
100 308199793
103 373722916
102 244154600
102 63537920
100 10717649
100 606108339
100 429033113
103 331555782
1 1 1 1 5 6 5 1 8 5 1 2 10 4 2 8 1 2 9 19 4 19 10 23 23 19 24 8 26 20 18 27 24 8 19 13 27 14 38 28 18 20 30 32 27 7 37 17 47 42 44 14 26 48 33 12 12 16 54 4 36 9 4 42 33 49 60 41 47 3 41 61 59 57 15 28 72 54 39 26 18 47 78 32 20 15 43 80 85 12 83 92 84 72 11 19 97 10 39
