40 8928 27
30 753435581
31 390340623
31 624512101
31 463053759
2771 566435920
30 999093
29 174080726
28 20297528
28 23558042
28 418383868
29 977395531
28 534387872
30 878113410
3443 804540191
8745 968301916
3951 869961527
30 51944067
30 779179278
29 751363173
31 287914855
3278 203293216
30 994578024
30 279245685
31 291934471
29 309215072
2454 263784906
30 854729013
31 438158521
30 15118005
30 91612809
3412 375507068
4673 596342129
28 162484059
7230 726607626
31 237182502
30 122310995
31 61685420
8362 913448706
31 962693331
29 264128696
1 2 3 1 1 2 3 6 8 1 3 2 10 5 12 8 14 3 9 16 11 11 6 11 21 20 1 24 11 28 23 10 24 27 26 9 24 10 23
