40 8333 29
33 799736562
33 381091637
30 947229176
33 619703136
33 178104722
31 100535946
30 436691238
2957 72022262
5458 402679408
32 199919671
32 414414974
32 781829448
5659 511618801
33 567789863
30 122674491
31 427995034
33 491685859
33 657830312
32 525123471
5470 175430980
3776 205737215
31 363497934
32 846043262
31 298557884
30 217965718
1460 621245216
33 671730242
32 171646616
30 512969144
30 236327241
779 530947966
31 778193006
31 188712371
5599 242579968
6163 227149391
31 58748279
31 157265999
2379 254909273
6257 477922497
31 881804607
1 1 2 4 4 5 1 4 9 5 1 12 12 3 8 4 7 2 11 19 6 14 12 3 7 14 17 23 6 12 19 4 24 34 6 1 10 12 6
