4983 1 647
649 919037569
648 995248111
648 501147282
648 53540615
649 822287993
651 126618669
648 880035433
648 183318595
648 234652794
648 159811017
648 773687069
650 589004357
650 437584149
648 20279493
648 647278083
651 830190624
648 150286230
651 748298693
651 175334260
648 262203479
651 175527804
648 251752394
648 297298429
649 437919133
648 564543574
650 868055434
649 811002833
648 796331821
650 398042609
649 79416249
649 243275928
651 494724727
649 735997178
648 646454857
651 529106171
648 249654492
651 329838666
649 395443567
649 627057035
648 987944350
648 455557198
649 390928755
648 835675892
648 930272637
648 890842694
648 78862008
649 315670689
649 884339814
651 446716553
650 738329476
650 414091912
648 443048931
648 261643681
650 174608485
649 156734466
648 718990066
648 464969708
648 943691878
648 447510520
651 570901452
650 306319952
648 706252229
649 816592945
648 687472223
648 890405145
648 599437655
648 182984297
648 986805661
648 789660291
648 771572365
648 170712514
648 568343812
648 156239582
648 553167447
648 829937115
650 403895179
648 452320520
649 310305402
648 207422738
649 23345984
648 657299830
648 79566177
648 871394015
649 596452613
649 210627459
648 42699698
648 86235013
648 514755279
648 439594916
651 738693485
648 438954766
649 225232152
650 455776940
648 583296620
650 471713764
648 400259796
650 963910143
650 553289886
651 65806489
648 424125701
650 357894031
651 697817298
648 712880442
648 39196573
650 583957243
649 756531765
649 993960830
648 661214207
648 200660400
648 993477442
651 619417206
650 850893376
650 311872073
651 405726125
648 484062191
651 117351912
648 649191177
648 734256495
648 488979630
649 466343666
649 233059403
650 146988200
648 841165043
651 131063371
649 188326492
650 265412661
648 456403714
648 816981989
648 236374349
648 874851316
648 399741758
648 7043093
649 353539069
650 709625523
648 31929246
649 867919437
650 529651315
648 892551314
648 623561968
648 871982614
649 11514502
650 760897725
648 593910352
648 481713013
649 227766102
648 85770673
648 315557462
648 235985468
648 699469625
648 506871407
649 958435355
648 800581343
650 430636391
650 15275070
648 971177771
648 245909295
651 290845252
648 704852358
649 643106148
651 814067858
651 172771912
651 2002890
649 870946916
650 375212020
648 428842341
648 171279196
648 171774624
648 247880002
650 766139690
648 434840325
651 277343123
651 11697460
648 480863190
651 448081099
648 296868832
650 258457802
649 653573893
648 829961464
648 260540571
650 64732106
648 53445481
649 95029969
650 359101078
650 711623828
649 429979108
651 837981836
648 599819700
648 431589935
648 731426701
648 732410098
648 731829358
648 665604681
648 771424004
651 925218278
648 267783624
651 313318282
651 51545385
648 348003109
648 504950408
648 245893857
651 411795217
650 572648465
648 683811230
649 22683677
649 518412883
651 44422131
649 832761028
648 344744315
648 139542087
650 713905818
648 442218959
648 316945209
648 20079861
649 820933722
648 25369314
648 605693760
648 613920321
648 469009854
650 607544091
648 331363221
649 444995413
651 10263625
649 189201755
650 426242316
651 592027527
648 145893055
650 599880530
651 49911579
648 584152756
648 809835790
649 957126946
651 586118495
648 702933584
648 594526421
648 469076416
648 239845690
648 100989360
648 77525406
651 513412627
649 498483673
648 753668125
648 730705177
649 866319962
648 367987320
648 375314759
648 90881144
651 520747536
648 91454203
648 513755388
650 3845157
649 954573687
648 262411585
651 368523110
648 924192479
650 823896906
648 677494658
648 173589286
650 74764575
649 564318865
648 743582532
648 664684887
648 288413296
648 861290099
648 963749950
651 463837913
651 321654950
648 580317613
651 734010694
650 472663402
648 170293943
648 339484407
648 586923315
648 419538765
648 498800583
648 602248107
650 400350053
648 440358076
648 43683464
649 110929478
651 660715675
650 402153983
650 351215019
648 871526641
649 495935316
648 652385357
649 684271047
648 894775659
651 270892475
649 669348838
649 363983727
649 844781247
650 120316267
651 646373
649 704389473
650 995193787
648 292749137
648 511788317
649 728982723
648 697840357
648 777402499
648 834401567
648 92695913
649 579666947
650 744702246
648 144151490
648 909928486
649 168503973
648 63441017
649 824493348
648 425618873
648 892384659
648 629008509
648 867326746
648 943387063
651 893190224
648 83398884
649 533071043
648 983551373
649 400727482
651 839951759
651 412236020
650 885105655
648 677973586
649 842304346
648 796311376
648 57063149
650 895168466
650 500940802
648 44291282
648 133968089
648 532138146
651 489415403
648 348216454
648 395864291
649 563219150
648 897323069
648 324507671
650 942878500
648 267329290
650 314382311
648 891854118
651 119790996
651 906378146
648 593114351
651 229158734
648 914151012
648 188016702
648 998680714
650 855034462
651 534030485
648 843704436
648 253946815
648 344282445
648 766401893
649 787055964
648 975682823
648 767607620
649 844661967
648 393907906
650 799858827
651 492517166
648 555803201
651 905207710
650 817170557
648 992690858
651 927566279
648 795361251
648 979106793
648 219284591
650 676658485
651 687988284
650 445749493
651 391626326
648 74352837
649 387124670
648 734436794
648 78626806
650 656138723
650 236992882
650 401167212
649 60153880
650 236000228
650 110996292
648 616226939
648 284403401
650 289721949
648 532555694
648 383259643
648 734538909
648 98739582
648 826313341
650 468564000
651 141190680
648 577607757
648 601446394
648 471355097
648 3794756
649 190232179
648 869243249
648 380101287
648 289514020
648 374031939
649 796791349
651 544104293
650 708258782
648 865830247
648 153582953
651 854252172
648 596861531
648 938027104
651 425798191
648 47599401
649 255416974
648 926392831
649 630389023
648 266636684
648 775297980
648 104902486
650 116657090
648 311812989
648 362208478
648 991652047
648 265307297
649 869628634
648 870333324
651 645308023
650 298143213
648 218888244
648 884075118
651 491708787
648 104124341
650 219335179
650 947883516
648 143409608
648 195348240
649 398440441
650 558908868
648 372084424
648 925016548
648 284412909
651 145521279
651 625741012
651 366577137
648 851101498
648 750275579
648 294458064
648 542800478
650 913558537
648 922414783
648 107652225
648 535665344
650 606606581
649 747824462
648 225420134
651 15197042
649 698500107
650 793600087
651 213969231
648 116562799
650 875237515
648 129980763
650 500522094
651 908633606
648 124317159
649 920624428
648 242849682
651 957572418
650 276814913
648 984309218
649 300646294
648 596879849
648 717500087
648 466310396
651 355776432
649 988202525
651 89645981
649 619958678
650 141644717
648 604708546
650 808104544
651 198904011
651 872101287
650 182941812
651 102067646
648 508451581
650 609262733
648 109503758
650 54532564
650 521219026
648 523416554
650 22972911
648 605901440
648 159200677
648 108141114
651 229576406
650 596022755
650 157915770
651 114106933
648 678385175
648 92492786
651 875820718
650 420473675
648 870377459
649 160003633
648 745754110
648 18574240
649 15603049
648 423847669
648 957375195
648 98922845
649 373197625
649 319415593
648 176062433
648 367136617
649 544458064
649 730790413
650 380903927
651 369239110
649 731432035
650 261138827
648 755827186
648 288538525
651 136896429
648 504593423
651 147551477
648 41336568
649 936928834
650 995643891
650 244128819
651 105905685
649 427443711
648 854495504
648 540475750
650 592493133
648 309370370
650 278940112
651 419796752
649 280543367
648 474303001
651 124964495
648 86860253
650 426439617
651 588753716
648 406439808
648 15581303
649 435719861
648 364263211
650 173038965
651 763580072
648 187396411
648 917479106
651 796349205
648 938599260
648 553790242
648 305087480
650 872057759
651 703563534
651 958372963
650 154885759
648 381182340
649 305639882
648 894602765
648 356710760
651 381137935
648 525877627
648 29320188
648 173818617
648 495234950
648 847955980
651 620848786
649 503192189
648 241056833
649 708871488
648 365010858
651 886978421
649 21721455
648 301011496
650 750381467
648 875850960
649 71735569
649 707824190
648 728818805
648 728857078
649 989596140
648 661009256
649 873484387
649 897392981
648 365437368
650 550089441
650 79335980
649 990037866
650 365069541
651 888254583
648 870161488
648 320480917
648 723520539
651 491174806
650 384792120
648 56867086
649 610706012
648 47857501
651 603714868
648 57504855
648 63914257
648 810261854
649 549269718
650 902940701
648 963457951
648 565737447
648 917524321
648 320161222
649 399242696
649 483979201
648 765008627
648 797584500
648 425756005
648 772297532
648 372636763
648 227218294
651 381707552
650 209643072
648 335176338
648 904948036
648 224998604
648 793123329
648 360721762
650 939385384
650 559928170
649 618805289
651 361017862
650 552683698
648 45950136
648 56369052
648 862245012
649 782411959
649 780245111
651 902569707
648 623496355
648 785001203
651 962541024
648 831896562
648 950497258
649 354067033
648 953259357
648 578668919
651 863129363
648 50367907
650 872659073
649 515172881
648 869862583
650 975243257
648 420422921
648 201225451
649 82470168
648 777557676
648 867346799
648 460770564
649 882015793
649 708790749
649 828104003
649 888972183
648 327753339
648 943921040
648 936084303
651 621168461
650 710993374
648 139161552
649 120928049
651 54091413
649 536592846
648 626886601
648 861856076
648 560258801
651 306154475
648 884459899
651 773553947
651 905640829
648 652925014
650 146376876
648 491991035
648 919385869
650 34319813
648 614081927
650 326697034
648 459880597
648 55027707
648 293392246
650 898421308
649 402710110
648 438680433
651 639095686
648 739015550
648 190153871
649 448394666
648 494508012
651 31826008
648 787083055
650 324009530
650 637495986
648 506267367
649 582909154
648 275616487
650 718037801
650 317361628
648 873221978
648 390361731
648 762144568
648 804369467
649 294910356
648 146988519
648 53139279
648 656291182
648 467491071
648 745132632
651 574570096
651 182633085
648 727281683
650 102004120
648 216704658
648 265026813
648 300654438
648 169330941
648 343624411
649 423901715
648 794722321
648 560309031
648 778529497
649 461110497
651 56110757
649 143921
648 16192081
650 793090874
650 383811759
648 531945882
649 41005294
651 242504535
648 133211632
648 809970822
649 194665827
649 77075160
648 608071868
648 594500544
649 940291276
648 884940768
648 66011849
648 676667794
649 727469163
648 385742682
648 658373188
648 495007703
648 70591840
648 833278705
651 820411880
650 552440272
651 740550229
648 586997673
648 227939267
648 608459579
648 12151101
651 32922418
648 165812664
648 518942191
648 317855926
651 491002589
650 85993334
650 584856089
649 532222319
649 655328453
649 225783366
648 150703227
649 316188599
648 804197169
648 845254648
648 842029552
650 421138130
648 673593200
648 977362687
648 706684867
648 250033417
651 102448451
651 98878232
651 729864858
651 736058214
648 145401800
648 391984092
651 321422857
648 923595621
648 182622066
648 178955127
648 130627968
649 593583755
650 431505865
651 256790821
651 939309093
651 175858516
651 303673110
648 585489419
649 731256639
648 656707981
648 728844792
648 803817714
648 419837480
651 233283794
650 661366048
648 333529091
649 25081956
649 846745784
650 524726903
650 211655791
649 717352486
648 123507494
648 715249677
649 976627437
649 896045782
648 657139522
649 529047495
649 896141745
648 849754050
651 90257519
651 776268425
648 559675369
651 961841065
648 86590933
649 991805037
651 766200767
649 490084843
651 243472539
648 670264174
651 201287971
649 47948483
648 887114311
648 685979199
648 441148502
651 899805913
650 164242524
649 748652358
648 826769917
648 303069911
650 428939541
648 950985228
648 997771273
648 281800888
651 388292158
648 846132914
648 626863907
650 82383475
651 190100028
651 555380083
648 185781295
651 961177978
648 547305392
648 710648290
650 657097930
651 102269874
648 616871207
650 557401172
649 555652875
649 26551830
650 26795828
650 447181566
649 386933468
651 157993949
651 772011218
648 237203819
648 652367291
649 636762065
648 424210117
650 390714374
648 751514799
651 100094365
650 94609669
648 615079734
648 377826550
649 62360693
648 872195157
650 764872575
648 756788090
649 859625633
651 443558117
648 504761347
648 675149540
650 835267857
650 996956984
650 51118410
650 875486605
649 518369686
648 835764355
648 31294784
650 294509397
651 806113804
648 270305346
649 320557711
649 153097298
648 882833780
648 39402122
651 245428750
648 777609550
650 976057703
649 66392633
648 203482260
648 271777249
651 318477955
649 844950769
648 428746748
648 862417154
648 191082315
651 418258180
648 638006062
648 224762396
649 948703228
648 342022759
650 264105964
649 441366584
650 504593254
649 831745435
650 793914940
651 95223250
651 769754333
650 956974994
650 950137877
649 571621891
648 631772783
648 995397654
649 847489086
649 94899737
649 284117916
649 751271836
648 993596640
648 547423884
648 377742503
651 306624474
649 209618445
649 636200779
648 971750745
649 271746820
649 950549822
650 632268956
651 903864594
649 364571453
648 19512806
651 83423268
651 896990810
650 744057702
648 675237942
648 616263722
648 716360710
648 361686180
648 252175208
648 577286936
651 802195568
651 196433591
648 249583874
648 299626855
651 427012295
648 37275401
648 944822189
649 926045284
648 510015390
650 989809610
648 80625380
648 359897737
649 350895919
648 418142604
651 822891029
648 537455373
648 245446477
649 91180712
650 542882038
648 822006717
649 418284075
648 180112016
651 216906882
651 439545713
648 589365937
648 220674739
648 577509440
648 726802628
648 374797032
651 586524021
648 199156499
648 208970358
650 287606724
648 644399207
650 870032280
651 478836957
648 613263731
648 614482669
648 675762857
651 789470606
650 11601444
648 104805542
648 59588392
648 906576855
648 474106480
648 407120028
650 300234521
651 639638189
649 282342705
649 248570313
648 655554478
649 403568736
649 442140678
650 350356749
648 679742175
648 955606102
650 775871532
648 709311400
648 907040954
649 297082453
648 401485168
648 108282092
649 744860952
650 959069522
651 348182766
649 699825377
650 401330472
648 894680694
649 545428023
649 956730939
648 22538095
648 428703486
649 427580842
650 902979335
651 121220742
651 237685241
651 402259035
651 606551083
648 87224923
651 33384280
650 228624233
648 34646622
650 315247507
650 673396685
648 845331529
651 919942515
649 51318472
650 594516928
648 817526553
651 939075210
650 531642978
648 492958641
649 802741234
648 723533754
648 379629854
648 119555848
651 588994339
648 49044388
648 615764010
648 299497358
650 248717160
648 583056302
648 218632694
651 645290874
650 635712787
648 923786764
648 425482744
651 630392385
650 84914333
649 905851723
650 766838150
649 719456465
648 121936095
650 947500521
651 793643074
648 983031573
651 28948790
650 514890289
650 55436681
648 375335097
648 853992575
648 232328860
650 553211284
648 299902243
651 580358836
648 462715188
650 713693895
648 85922147
651 239911687
650 335836666
649 997330680
649 782043621
649 82650533
648 83559188
648 307414261
650 306602319
648 23007652
648 558485196
650 789568450
651 853994610
648 52856337
649 273673605
648 234300962
649 735561927
651 745261884
648 686708060
649 75741873
649 36256787
651 456196455
651 575563196
648 269255867
650 569136884
651 205418705
651 470784736
648 917376397
648 879334362
648 177887192
651 515204344
648 700827872
651 410972590
649 29186687
648 950813917
648 109038424
650 478460934
649 184069101
648 964331759
651 91595068
651 618439977
650 236849907
648 91660632
648 875181590
648 467061240
648 525112421
648 188979246
648 348815280
649 701321924
650 556027005
648 420560452
648 598801826
648 723161970
648 234281564
648 739828853
648 922002051
651 716643200
649 220237835
650 380584957
650 939623583
649 75295577
648 944023736
651 497973921
650 535459190
651 990508499
650 627882484
650 597940178
651 101577965
648 594560075
648 295898656
648 745707964
651 9708438
648 582718372
648 244542628
648 871701397
648 644062307
650 204142798
651 389582539
649 664015089
648 153977217
648 443072736
650 426068068
649 236192206
650 443616843
648 648769705
650 862799925
650 396963385
650 301953283
648 335462125
649 599001041
649 354713930
648 776943742
649 572390684
651 384152065
650 167489168
650 733309347
649 296593611
648 901659471
648 858714751
648 489853843
650 884284117
650 837579819
648 337000351
650 926012220
648 772937993
648 605020704
651 115522751
649 640181517
649 916665490
649 974208751
648 198318352
649 476436290
648 553595486
651 247182471
648 32235825
648 176507796
651 855325698
649 340182463
649 147191594
648 848630688
651 360514264
650 623522312
651 372444926
650 683991166
649 212598236
648 489668008
649 344793655
648 677298983
648 302517654
650 487671283
649 942185056
651 318687216
648 816829970
650 51796265
648 458674023
648 817431168
648 640753370
648 578475643
649 521816193
649 328862130
648 196869283
648 27109777
648 43539803
650 676375210
648 685008746
648 412618192
651 650117562
648 258641625
648 635077367
651 174435628
648 960203036
648 9343501
649 840995139
648 672890320
649 954490408
651 222688826
648 944511965
648 600897883
648 357962038
649 806591799
650 468888686
650 64588709
648 596455990
648 579857901
648 95556748
649 205750977
648 476753342
651 260219232
650 787908128
651 899883216
649 969588218
651 340502911
651 364394184
648 837653700
648 647452057
648 308909819
649 15598159
651 237315249
649 615419586
649 167711279
650 27199288
650 207354880
648 362740560
648 478144587
648 889071833
650 246495246
648 773782318
648 463161792
648 554760582
648 74912899
648 60005102
648 281917191
648 359990702
648 227357156
648 898599231
651 898284633
649 258241701
651 621351424
648 97897750
650 331730666
650 191188124
648 740989410
648 31714576
648 735545618
651 750631505
648 58256867
650 492345146
648 451551492
650 829563532
649 854948257
648 241819714
648 223597651
648 725007697
650 301504172
648 303692239
651 716650706
649 629473102
648 962625242
648 506109751
649 618407973
650 406061418
650 508631955
648 201215472
649 737939959
649 637439951
648 748909466
650 389268679
651 145689643
650 370073823
650 175399471
650 762991428
648 36041007
651 12823115
648 75966680
649 115835825
648 761947478
648 103234037
648 843546807
649 359393415
648 518851694
650 528123018
648 355557396
648 290961152
648 344510941
651 34723876
648 993737457
648 209722353
648 851640229
650 685715648
648 319528271
648 169468521
651 670380139
649 56452777
648 5549677
651 657623038
651 906777038
648 998608916
650 5139121
648 822115299
648 971045949
648 953124922
648 300541423
649 476560552
651 659768651
648 319852757
648 206523907
650 473991196
650 960639910
648 757333646
648 942348311
648 833398697
648 514373361
648 681374003
650 174470480
649 758967728
651 994218501
648 234783523
649 820143498
648 461923196
648 230335541
648 957842806
648 391256201
648 647349480
648 302924621
651 405047730
648 5591709
651 945227798
648 657207409
649 814787725
648 628427523
648 371373825
648 839098636
648 607459759
648 809602462
648 492374995
651 886706432
650 843965628
648 647484489
648 187972129
648 382787651
648 415787134
648 614938253
648 366423801
648 391352999
649 550754452
650 93948891
648 370306882
648 951697656
648 667017981
650 831005771
650 307496447
648 325349193
650 324569039
648 886764257
649 596296147
649 918733814
649 930316455
648 986592434
648 349203650
649 41733969
648 301390837
650 468259147
648 827926668
650 69509371
649 36970576
650 892941821
649 354965209
648 120293573
648 345913829
649 704776589
651 211581670
648 645636954
649 553708584
649 471138954
649 531961120
651 82789693
648 604595103
651 429474292
648 394824801
648 399206346
648 134579049
651 279062059
649 132539010
650 37198997
651 82505228
649 832848098
648 546813434
648 820225019
648 533278516
651 377106339
650 581437725
649 330859416
648 50501045
648 995094545
648 439615793
650 867111997
648 507979801
651 507801911
651 903674657
648 909924003
650 92253707
650 723224186
651 455975966
648 445081854
649 789897372
651 230297307
648 470736517
651 591665671
651 207249178
648 748322932
648 310417309
648 433394810
648 566133583
649 915253473
651 610398812
650 94378081
650 459800253
648 970184248
648 892692219
649 665546673
650 17774021
651 451755879
648 936091586
649 895507862
651 711414384
648 643279487
651 703620236
650 931298545
651 463228455
648 805473457
648 536632382
648 828782455
650 385396272
649 773659788
648 246872236
648 399249632
648 908243527
649 428345345
648 372295114
648 949028347
648 369529818
648 212698913
649 607218936
649 805425461
651 391441194
651 806695143
649 456536353
651 748378986
648 449401344
650 393191967
648 636484664
648 661339543
648 14776708
651 614100352
649 34870067
649 470329466
651 979523765
648 991758125
649 272329475
651 788985374
648 846072264
651 970605868
648 828147809
651 852862876
648 838423381
649 203356877
648 630031806
650 531138124
650 83365803
651 426150951
651 30484100
648 803684501
650 395830897
649 219808812
651 178725709
649 654144311
648 780621057
648 673244760
651 449747639
651 831487093
650 167596647
649 871347559
649 618017226
648 540597874
648 339374061
649 104963326
650 396599311
651 649338548
648 695132825
651 571633501
648 782605605
650 271539
648 229569176
648 770400582
648 359338714
650 327995337
651 978816725
650 416142665
651 961921427
648 108616013
650 111433637
648 469302852
650 449776962
648 289279347
651 920297447
648 309400664
649 679018459
648 746246630
648 383258694
651 646866734
649 449129452
649 532274746
648 95017647
648 435936806
648 879296513
648 782903042
648 242207049
650 658421157
648 801497430
650 993193494
651 892958869
650 783548500
651 641753690
648 346883345
650 433926018
649 534885740
648 355583814
649 433235105
648 601133073
651 970283246
648 120541950
650 813303101
648 67258534
648 588913259
648 636061431
648 311912609
648 813182343
648 663607420
649 374416976
648 898003908
648 656396903
649 349259256
648 770886821
649 570220505
648 467978311
651 18699040
649 607084681
648 710016668
651 728852202
650 448325426
648 406090161
648 770145451
651 253881953
648 862957666
648 703094720
648 822583906
649 396074544
649 507061527
649 978087034
649 406795107
649 481445552
649 575013182
648 312422152
651 191987748
649 700661954
648 229130138
648 962559243
651 770034709
648 607212916
648 673005446
648 660415968
650 287316811
649 873964193
650 17807183
648 641485714
651 95249737
651 209655971
648 467948765
648 662801906
648 245048680
648 210388024
649 192107169
651 654701384
648 907111689
650 499428756
649 340710100
649 287161326
650 466976647
648 133327450
648 603972218
648 682522737
648 638030822
648 683958653
648 997245152
651 572245192
651 31860691
651 173750549
648 380019544
648 46729144
648 907718127
648 729993704
648 207288426
651 352035799
648 703361620
650 769724397
649 715001902
651 890317379
650 988198760
648 235686241
651 942091318
650 911513433
648 115601776
651 474517472
651 80211431
651 726304370
651 757471765
648 904013714
649 524394675
651 59952043
648 907840885
649 800438263
651 49151950
649 589790989
648 696489683
651 383503105
649 474886892
651 679894662
648 338842100
648 449585009
650 596753128
648 674167862
648 562800264
651 548550181
648 358197178
650 346926461
649 29304426
648 280397620
648 201964920
649 640879819
648 169340650
649 994767086
650 876102559
650 592385296
648 3910756
649 899582075
648 105849665
648 256526209
651 693265144
649 694632652
651 184592132
650 240167408
648 575470500
651 190369442
648 476847279
648 783925350
648 720556053
651 947102683
651 375831746
648 69842364
648 161526042
648 902379615
649 800845718
649 97279104
649 384844537
651 833456106
648 762135980
648 342732697
651 163351783
648 168918993
650 622015825
649 145464932
648 938022794
651 763388180
648 526702920
650 416486620
650 329133951
648 41219252
648 945477064
649 369859397
649 929379901
648 532885397
648 875317663
650 405842612
650 462307892
651 907897207
649 604074474
648 71029743
650 455498466
651 183675622
649 327148904
648 496850489
650 612866734
649 7047938
648 714042112
648 257775606
648 704268878
648 410156677
649 652995796
650 820718609
650 495707871
648 22758781
649 335536417
649 18079770
648 562436251
648 7896136
650 84883232
650 712789411
651 645697481
650 338768226
648 44833093
648 993202675
648 28081846
648 378866188
648 35410179
649 525494196
648 540861545
648 304346648
648 518347629
648 106959567
651 843845330
648 246125748
649 417417089
648 83054558
650 940973014
650 373343932
649 907031577
649 404067436
649 372497279
648 444269073
648 233477764
648 728579461
648 470191707
648 476502792
649 390987787
648 792666600
648 419491985
651 295210453
649 762095126
648 250395319
648 337553908
650 785161056
651 351987451
648 743966221
651 789780175
650 555766378
649 654960303
651 115886568
651 255347676
650 811232609
651 243275343
648 131511286
651 671664193
650 354799122
648 99062370
648 590161695
649 721409271
651 81697497
648 587045455
648 106473283
649 638506755
651 561225490
651 294504304
650 583412714
650 85306541
648 382062991
648 635817274
650 700523527
648 105772564
648 2167873
648 54498584
651 65482028
651 534795109
649 942149356
648 782689384
648 851710528
651 256681620
649 821857358
649 17466353
649 419707044
649 779682438
648 165494928
648 134302236
651 404152941
651 968465694
649 718456548
648 405827737
650 332736830
648 578428454
649 856829093
650 617110331
651 402999003
649 615137081
648 257321513
648 134298785
650 253629743
648 136874967
648 91605859
651 821734896
648 420115030
649 477036585
651 970782556
648 873718437
649 829104215
648 901164783
650 991268418
651 546599467
651 203481373
649 836869324
650 753613091
650 301020103
650 623094212
650 563846352
650 228393756
648 173078958
651 988775248
648 426743760
651 605200726
651 72709010
648 82331461
648 641013622
648 501062988
648 88391649
651 811998042
650 935773873
649 860655602
651 90829164
648 13240747
649 611180703
650 586465168
648 812781217
649 455314496
651 942269789
651 61430233
649 173442785
648 279203155
649 53537369
648 408940376
648 756825381
648 637523640
648 262882827
649 627773179
648 201469900
648 394714475
651 312381695
648 19645153
650 113190859
648 651658135
650 707221497
649 35528828
650 808889308
650 511660874
648 875945850
649 623099400
651 677021355
649 50670790
649 499920773
651 48757711
649 81975372
648 123713066
648 759844636
648 503761008
650 95567802
651 557264127
648 892233716
649 331910513
648 293302025
648 787747590
649 190541741
651 266890622
651 147087790
648 144654072
650 455638292
649 205099692
650 971521903
649 142463156
648 375545095
651 5654031
648 534705733
649 88982229
650 376917145
649 567467126
650 586695399
651 704010990
651 376389998
648 955208089
649 518842726
648 972406736
648 760524983
651 99224822
648 294639024
648 146783876
651 501614236
648 330785576
649 998898671
648 533587255
650 283460475
649 95645183
649 282871820
650 627025089
648 722394674
649 959729154
648 753898841
648 863751111
650 287335572
648 79745438
648 357749773
651 87170992
648 352447464
648 298483342
649 369522349
648 277820596
649 845709666
651 158073223
648 97194854
648 577063208
648 725256221
649 370962790
648 829161145
648 998098288
648 708524792
648 367280754
648 694181554
648 548145653
648 477979280
648 689478222
648 320489118
649 765471455
651 614833229
648 782119716
650 651488523
650 569289325
648 291175410
648 154290124
649 663340487
651 526879674
648 812335549
651 514176274
650 191452699
648 344992133
651 877685247
648 302340012
648 974410145
650 678443626
649 3489837
648 152546036
648 351218150
649 230547977
651 472842298
651 11570399
648 67856792
650 796879010
648 116316834
648 143976749
648 149172483
649 882623667
648 808165239
648 197314686
648 64162277
648 122531063
650 624318680
650 244920922
650 956729166
648 901240274
650 447181994
648 932175858
651 76150138
648 340773270
648 57713566
649 318365050
648 529357308
650 31440704
648 753417253
649 923890495
650 674938319
648 201384174
648 65119872
648 50067559
651 142090479
650 187248425
649 49693956
648 37723933
650 867902393
651 450415040
648 217036925
649 48596334
650 306119931
648 135040098
649 205411416
651 911123187
648 63606778
649 654699460
651 508656899
648 985155141
648 105976698
651 260506869
648 85812725
651 492817331
648 733266224
651 155485740
650 426239831
651 379649554
648 831876687
648 315898680
651 184397330
650 313082022
648 942367003
649 879078615
649 651640129
649 12192217
648 680665543
649 179626899
651 366256798
650 964295863
648 26167570
651 47067236
651 477452009
648 654665260
648 603785977
651 995603178
650 945593201
650 497318229
648 883393785
651 559210201
650 359241513
649 89046770
651 866075726
648 909157944
648 836364104
648 843663673
651 915017609
648 558029291
648 673946112
648 560760803
648 546432440
648 934857300
648 985949031
648 919270615
648 88281448
648 357046715
649 849891869
648 419900362
648 639112021
648 358619676
648 86729239
648 1380100
650 607065968
650 459298868
648 871610673
648 654593886
648 683220772
648 862812646
650 385894866
648 143451796
648 608860713
650 988893014
651 547685825
651 940971892
649 204677888
650 422808893
648 605787408
648 67433287
648 129143784
649 239438046
651 402779095
649 20448628
648 194606314
650 570798698
649 294357812
651 801630310
648 356455045
650 525679920
649 789496473
649 242956571
648 449026182
651 945679185
649 308471586
648 415048712
650 949869867
648 20086534
650 136011139
651 82797490
649 842825769
648 385053410
648 391535813
649 99643908
648 286675825
648 327121244
648 941952313
651 933750236
648 443761869
648 837485186
648 442612064
651 388534170
648 346735012
648 905076931
651 6423207
651 250621522
649 556707834
651 390762157
651 834923824
648 539463487
649 705341958
651 777351248
649 211963779
648 696676612
648 375662130
650 347438962
648 37337055
648 534755391
649 891076012
650 452917012
651 585198536
650 360915095
649 663533876
648 642593947
648 552407357
648 562192806
648 248736642
651 283943277
648 74072659
648 531653056
650 198925915
648 912842642
651 827871930
648 234718509
651 675638527
648 634072765
648 867763080
648 445777398
648 516952302
651 570611365
648 107952191
648 969147838
650 742901673
648 725926767
649 362624542
648 881210705
648 844694523
651 835499451
648 377038062
650 348453084
648 384068091
648 219246139
649 395255353
649 914547616
648 16659406
648 873861913
648 57831188
650 250568126
648 678686526
648 576471679
650 672398145
648 941097
648 917551534
648 492714457
649 841831245
648 899861929
651 460011752
649 138248490
651 360923300
650 765653301
651 217066545
650 354413307
648 467346536
648 278463473
649 357366609
648 690198280
650 500534145
649 763728616
650 996110018
648 503791544
648 612228501
650 557948341
648 226851705
648 149995206
648 496417442
650 427861033
650 903500155
648 132160603
649 891185787
649 565692188
650 804422704
648 62226186
650 31642688
649 8955865
649 808258100
650 114643161
648 523042676
649 291883477
648 961039697
648 924968150
648 410821265
648 837447592
648 979672073
649 845958493
648 339373768
650 392305289
649 770142996
648 738579165
649 813704046
648 157374781
648 664320337
648 358654366
651 347690286
648 227255559
649 789437817
649 438425109
648 687736155
650 931446077
649 675214693
648 83421900
651 680558584
650 831503212
651 668896911
650 170067769
651 399811757
648 451712469
648 223613073
648 914929364
651 624479098
651 685053734
651 377096692
648 72826999
650 283941512
648 816857572
650 199825571
648 73760346
648 894241298
651 185790008
648 424623752
651 978519578
648 723770464
651 395084166
648 151877776
648 861274523
651 379468361
648 861788110
648 394078137
648 858623788
648 794655222
650 222392026
648 832719766
648 114619063
649 568679526
648 653090230
648 403326773
648 561581141
651 446235736
648 782712636
651 842618871
651 950965038
650 915799484
648 924236046
649 966777644
650 690773696
648 118232343
649 161643131
649 21757396
649 567983640
648 562128408
648 945089825
651 155123927
648 744741913
648 908116151
650 23414307
651 992958430
651 473173012
648 181196846
651 389107460
648 129020988
649 102716370
648 554770410
648 704257742
651 402825724
648 306985406
648 228710226
648 989635474
650 412354155
648 475951595
648 286249213
651 277034974
650 467958363
650 507316999
649 407528241
648 994462598
650 249538062
648 218819372
648 477257468
650 404332373
648 81735610
650 855184409
650 213532906
648 969109555
651 607835729
649 588515482
648 607097770
649 847599320
651 197946643
650 104993108
649 491587371
651 870921242
649 325951781
649 414604259
651 753854740
650 596827218
650 990302404
651 873136819
651 662623595
648 408558157
650 799199692
651 597525955
648 146614740
650 834694466
650 877789281
648 784984622
650 420604935
651 263923074
648 223748637
651 250223860
649 110214118
648 727013152
648 552637349
648 157805756
648 947096163
650 486360049
648 904898471
648 204394139
650 101220788
648 50042674
648 310389816
650 651179616
650 881034104
651 675435078
648 824500433
648 476629720
648 458424198
648 466541030
650 22827772
650 352670044
648 480091580
648 451334854
651 597682332
648 33479443
648 107583119
648 73602889
648 844323519
648 494686746
648 949161061
650 814531516
648 656377520
651 994158042
648 997644987
648 514937572
649 605206019
651 279307429
648 824890864
650 983993623
648 676312451
648 274353176
648 972712008
648 407495807
648 517674210
648 62539360
651 145564519
649 683798697
648 202101828
651 891569129
648 42097464
651 661586715
648 888091746
651 696796815
648 678357406
650 159785508
648 385857790
648 598355372
650 364705382
648 203295208
651 819397045
648 201706084
649 824493234
648 989955498
649 159887802
648 485564945
650 70774184
650 379550187
648 161345838
649 507128351
650 816154895
648 906566243
648 286953530
648 4695967
650 845436829
648 632009606
650 75689875
648 297724492
651 941722760
651 369031266
648 227737441
649 867812577
651 816333172
648 75276917
648 399833842
648 267754481
649 1160937
648 199247707
649 892076105
649 817063776
649 726530501
648 580482996
651 339659809
648 47981432
648 822692298
649 838489963
651 908475121
651 275345645
648 293176677
648 90129856
648 607354494
648 931518803
648 182128203
649 797293263
648 981113920
650 747836054
651 720910253
648 550784077
651 238444900
648 972428275
648 35394702
648 584344427
651 524269993
648 750920414
649 850384422
651 797639366
651 494582768
648 546332469
648 640245179
648 234013122
648 750479430
650 428607783
648 848861268
648 94951213
648 656321022
648 569347404
648 65299072
650 479129728
648 839591255
648 725322685
648 924106573
648 822435764
650 381313604
650 957962850
651 411149128
648 293273105
648 560048743
648 632621958
648 924022866
650 583670649
648 383139623
648 584249094
649 142457283
650 510817093
648 60839053
649 609682355
648 588842577
649 555024182
650 287608595
651 383493412
650 931946356
651 383739456
649 266118941
651 468338178
648 481280226
648 425845949
650 35114240
648 465909705
648 702649731
649 394747646
651 671196717
648 91493104
649 397731433
648 96767819
651 700082006
650 911847625
648 112568917
649 80609499
650 549505887
649 762144996
649 43832882
651 594280084
649 515510883
649 889713025
651 157792893
649 712116841
650 859732198
651 667561785
650 860235094
648 386980796
648 329694211
648 441062795
648 785376063
650 468216761
651 315756537
648 50683354
651 158586192
648 61171755
651 822816227
648 689399057
648 477553532
648 171960596
649 355191449
648 781896165
648 690460619
651 558154463
648 158890745
648 356925531
648 826069907
648 749118103
648 270883383
648 710276421
649 208008694
650 536522572
648 477586704
648 875484905
650 652707968
650 772906500
648 481363456
648 124095476
648 793092160
651 859436248
649 105864253
648 622443025
648 655893210
648 17241299
649 144992554
648 302486627
651 941097626
648 171665603
649 313621349
649 978868152
648 130127219
648 126969514
648 690045383
648 893016525
648 242292684
648 795054505
648 984642775
648 945859724
648 846413734
648 808180513
650 654661602
650 204717541
648 209664258
651 408962492
649 967069407
648 733093412
649 499071568
648 182792364
648 641849029
648 76118994
648 153096718
648 473055041
648 594767784
648 277210274
648 983917853
651 743436254
648 703065478
650 546456203
649 638606387
648 650309255
648 66056498
648 830006463
650 646665394
651 396872061
649 607889608
648 590575674
649 937249943
649 871318606
651 324128249
648 908935999
649 621994143
648 714515271
651 665391326
648 954528728
648 998803297
648 630193705
651 637137238
648 916573105
648 816056956
648 876928663
649 919984915
648 662147209
651 984568315
648 767346517
650 932368659
648 186605445
648 444589515
650 471765526
648 308842045
650 593794890
650 641170146
648 749079380
648 565071027
650 309300335
648 760111820
651 78643486
651 416613456
649 896664614
651 996498748
648 796200163
648 885571706
648 744513587
651 98687110
648 598376283
648 387939146
648 71869359
648 389913763
648 671976493
648 467314786
651 900156923
648 112400529
651 189056370
648 455121105
648 230859253
648 117359985
648 756712697
648 749996034
651 45758829
648 200994087
649 367699307
648 972938393
648 121164427
648 273282889
648 8441650
648 831191253
651 613590794
648 510432137
651 385761576
648 529686306
648 327354710
648 19324804
648 835162322
648 456802429
648 241623968
649 513883315
648 998723164
649 827930774
648 456607571
649 613691587
648 38227642
651 843673835
650 47909194
648 239742723
649 289501232
651 340608807
650 531545397
651 851810790
648 900963746
651 980159904
651 210894847
651 923312503
650 2312720
648 804464963
649 744996815
650 526023837
649 293868560
651 811470777
648 272266804
648 398342983
651 956459318
649 691376799
648 149573695
648 744571409
650 334242530
648 837865548
648 194244945
650 136368548
648 653848745
648 315642218
651 118553792
648 576665449
648 236529569
648 682880752
648 651630555
648 638475463
648 270068772
650 803502735
651 235211961
648 253153019
648 650072379
649 282615158
648 281384535
649 934763760
648 714865405
648 708886314
648 523526652
648 656398976
648 883191901
648 253233971
648 164458135
648 980435105
650 538163891
651 497409589
648 177246143
649 412448645
648 534182335
648 241913377
648 539546180
649 75487965
649 197660075
648 85027771
650 557387384
648 567892849
649 912039546
649 412493680
649 692524500
651 366487575
648 475448847
648 885922799
651 505543618
648 796361445
648 58541700
648 525030688
648 78295070
650 166498483
648 53842288
651 403898010
651 740838096
648 974367513
651 215302130
651 532080668
648 127654824
650 332736398
648 212422417
649 229315096
648 299505932
648 671575948
648 410446507
648 711656446
649 249946355
648 961369891
648 986196796
651 40656707
650 573288338
649 734313970
649 70336033
648 381550207
648 67566906
648 612332370
648 363182484
648 260669097
648 896831835
648 592962809
648 906040807
650 102000212
650 180037192
648 530826642
648 725729582
648 313558210
648 830913352
651 106903377
650 784533806
649 497156753
651 709813325
651 782499348
648 3848359
649 250335269
648 869573465
650 559681600
651 126350060
648 589638317
648 168753068
651 317327505
650 639753085
650 960835112
648 578458989
650 869715342
649 764979895
649 421805548
648 945872327
650 437159278
651 949413317
648 517551401
651 843019753
648 893699095
651 558173732
648 752556271
648 455058024
648 850609678
651 911965578
648 303848172
648 588630253
650 913905872
650 846387715
651 571051163
648 355796655
650 438608167
650 964874066
648 36542254
651 345322949
649 562804133
651 875263688
649 964286487
648 556322075
648 330624610
648 16079746
648 337318136
649 49150449
649 595250936
649 410487412
648 818650997
651 534341902
648 523831399
648 375704124
649 264593034
648 371597083
650 918497311
650 833331137
648 280679702
648 613775147
648 627108705
649 506990426
648 58598517
650 9773807
650 341688907
649 287486395
648 463251613
648 768848315
649 195316484
648 579493792
648 220661234
648 577311192
648 711092173
648 659214101
648 942718191
648 840953143
648 421312003
648 776728846
649 20446979
648 372726352
648 306840912
650 71224558
648 738516146
648 170590001
648 601644759
651 275359694
651 494717431
649 954414191
649 990759008
648 1650895
648 884962079
651 786298206
650 49451592
648 567082410
648 233214423
651 355980507
648 679333523
650 314919324
650 976488230
648 13097503
651 838557414
650 876053906
649 965244973
650 328590263
649 652425738
648 753116255
648 796166377
650 409811102
648 174784212
649 583828079
649 299045763
648 90175143
651 966743766
648 407534026
649 201675500
648 377924463
651 186640428
648 584350773
651 513583692
648 915302858
648 805601525
650 226551189
651 860963451
648 129426624
649 28382488
649 61774966
648 592322869
648 930318230
648 746749994
651 841533342
648 273297637
649 951455571
648 128298723
651 208024816
651 813778483
651 164586496
649 770243673
648 192620061
649 550017424
648 646813484
650 554739424
650 938233101
651 518364086
649 687130077
648 251720302
651 484900490
649 44418979
650 306015769
649 129718202
651 869590442
650 206756865
650 93524286
648 572093389
648 558072655
648 367552242
648 950086171
651 355754309
650 17076348
648 93989935
648 325120416
648 596966242
651 169182165
648 640671149
651 79804143
648 581664959
648 68043298
648 135743329
651 476778763
650 952656372
648 349450450
651 64539486
648 199138952
651 739138162
651 362175655
648 952547027
651 579328477
648 841676880
649 51866641
650 777033818
648 54446134
649 682708531
650 755336549
648 13208198
650 872451398
651 452117737
648 340168868
648 492796847
648 25844868
648 529761282
648 650362615
650 436183231
651 697172363
648 851011842
648 869179364
648 802536712
648 889359109
651 771162141
650 68369187
648 648090500
648 46630371
648 645046704
648 549831647
649 536553359
650 302711280
648 903663564
651 956021773
648 222209216
651 678051309
648 329337111
651 26789259
648 16307782
648 316723973
650 220192360
649 712013442
651 332530751
648 269565562
648 668883489
650 765871289
650 407770118
648 184923976
648 992932015
649 610095264
648 512967563
648 255367685
648 228903287
649 707829682
650 171484920
648 840701967
648 780352565
649 751344318
650 13677847
650 885759952
648 747687839
650 174279596
648 918640010
648 620596410
649 762586133
648 953328329
648 985723428
648 522158739
649 497034202
651 317190317
650 811483384
648 326079257
650 862307127
650 581939136
648 284391186
651 52597714
651 317490754
651 846158139
649 672083335
648 369339960
648 684212616
650 633174602
650 357875267
651 571100029
651 672319054
648 930695561
648 157353501
649 260221647
648 783766894
648 317747664
650 149886082
650 134001112
648 389986178
649 533941233
650 606989407
650 391911355
648 249476281
651 672698687
650 153371114
651 965947510
649 954698756
650 838377087
651 255217175
650 387742368
651 682412273
648 533005722
648 947740732
648 345253511
650 40076332
650 388240491
648 928950619
648 267505180
648 395375098
650 80347680
649 248591805
648 877166857
648 659994809
648 418251260
648 22068610
648 702832659
650 871192871
648 484243538
649 901794597
648 3874722
651 129284916
648 824005946
648 574507451
650 728124173
650 437541590
649 255706860
648 164415148
651 696447453
650 397527521
648 18100331
649 539655296
648 925592642
648 474414580
649 43048024
650 157851352
648 613530018
650 326806416
650 947818748
648 390336728
651 876033675
650 65959921
648 802269359
651 62483510
649 115646160
648 972015407
651 569747524
650 598663593
650 348326760
648 36448354
651 355982707
650 280075817
649 949431030
648 351876724
648 752520127
651 506257751
648 89862034
648 420418463
648 72396654
649 609713001
650 908664959
650 513657469
649 56481672
648 756974717
650 114916237
651 160038670
648 577952492
648 241135965
651 748966408
650 225556146
648 196655974
648 273102834
648 836601698
648 789906926
648 248677248
650 657365134
648 212088205
650 549906800
648 833030360
648 331479701
648 871176553
648 968791953
649 545988429
650 317823947
648 368018273
648 320635265
649 672762505
648 940127101
649 775439092
648 896119692
651 233739245
648 701140111
649 408780599
651 358085032
648 944425051
651 758475941
650 839745501
648 341479601
648 46337785
648 207030235
649 701872701
650 520613981
648 851345936
650 363732583
651 477927537
651 157743477
651 884444595
648 250384150
650 148345035
649 175995830
648 443236310
650 906902132
651 803264754
648 188127333
650 143141457
651 393944170
648 727884203
648 70943607
648 308261779
649 85608955
648 171003057
648 916041315
648 638841060
648 892686925
651 658232022
648 795230977
649 895883785
648 637723448
648 634367710
648 297629092
651 72415525
648 865852287
651 594853289
651 24105582
650 734322894
651 540623631
648 387343195
648 359527351
651 388644832
648 855643474
649 473222825
648 340786117
651 648722356
651 722372104
651 667240069
648 782287393
649 634088380
648 285182718
648 364386558
651 456785064
650 621985775
649 266247184
648 99484986
650 168391503
649 788105901
648 370847702
648 172697940
651 17361648
651 263660958
649 41251045
648 358568243
648 195733978
650 7583268
648 702972365
648 442663408
648 2619847
648 151759849
651 195899938
651 699841853
648 434188803
650 815907880
650 49809639
648 446992833
648 643657365
648 101978894
648 323006427
650 676358565
648 342848555
649 307473979
648 435471233
648 997209502
650 126866588
650 837309269
648 941764398
648 696657763
648 692402595
650 501514207
648 876577721
648 888021169
648 62447693
650 644547807
648 707155636
648 359858308
648 719768079
649 620716354
648 364091091
651 486378358
648 997597686
651 932453253
648 763954989
648 620720344
648 65364904
648 445568298
648 916916324
648 147776855
648 933442828
651 399815398
648 260163040
648 89063545
648 443717146
650 64934334
648 114759790
648 600907760
648 473648933
650 738473148
649 898602524
649 779029714
648 978631250
649 868264451
649 745112247
651 373779211
651 389982438
648 971313616
651 15771137
650 17949364
648 779822225
650 618465992
648 773137483
650 495642435
650 857238132
648 775626763
648 139653919
648 511451394
648 500454857
651 33022816
648 885390493
648 791512028
650 304773247
648 622664030
648 622526493
649 533085089
650 283395574
648 959429837
650 381642388
650 377034122
649 384119536
648 691768084
651 729330490
649 560992270
648 665178741
648 427002698
648 211448087
648 526560903
648 564100869
649 188458157
649 757654497
648 586871025
648 78211731
649 21523416
648 250525255
649 792326241
648 108178591
650 124412642
650 995799321
649 398110400
650 742485544
649 342504224
648 687171822
648 341990919
648 166646288
648 648170987
648 860699212
650 992646336
648 381042283
648 725794785
651 368767292
650 140171542
648 780881187
649 89188631
650 813287119
651 616444065
648 989610125
648 440875537
651 609860970
651 295726842
650 218639570
648 219411880
649 421732710
648 562162790
648 984810532
648 812043281
650 855121097
648 182098334
648 364931305
649 151075985
649 540888370
649 210109952
650 426427530
648 157689469
651 861325036
648 171935076
648 751344480
648 215025196
648 379703639
650 419386150
648 636018944
648 416163062
648 160365196
648 691592807
648 674483445
649 379482656
650 465398136
651 813692750
648 228480307
648 630254231
651 669318250
651 708323370
651 872921040
651 878478170
649 818956220
650 197172487
650 704688929
651 328031113
650 140482571
650 512594250
650 548339988
651 971397056
648 839627775
648 74602944
651 903129559
648 875581579
649 191591457
651 544615473
650 681498669
648 254096772
649 991662022
648 427323507
648 125803906
650 806875984
651 97687897
650 944893847
651 443804549
651 487862240
648 282781706
650 957412088
649 196410042
651 493753410
651 672075744
649 991469321
649 821229954
648 569582317
648 356189579
648 749822665
648 847068569
648 460985827
648 504966153
648 45475193
651 975044256
648 224250628
651 548983406
649 625632662
648 241897236
648 937020584
648 693428289
648 718444995
650 548855538
649 692053046
648 49410947
648 475249826
648 468310776
648 100811516
651 11614393
651 482519605
648 859971759
648 289124414
650 630754553
649 226212461
648 819629583
648 406256797
651 518159769
649 960377595
648 215765110
648 867210997
651 888117145
650 16754781
651 563312382
651 183108513
648 849643810
648 255155892
648 733930463
648 262610629
648 341723950
650 331593745
649 571206701
651 764483383
648 297339936
649 646975476
651 768458924
650 185955901
650 7993625
648 833979888
648 47692416
648 891477107
648 55351606
649 318929399
650 278239468
651 705397224
648 684862853
651 622840566
648 658478155
651 243115648
648 170713735
650 8746987
648 198640460
651 516672733
649 681243825
648 531398328
650 590161944
648 571002188
648 742166280
648 197620368
648 366842374
649 818865260
650 45587510
649 118772709
651 855674552
651 465424651
648 451644143
648 82599483
648 868792361
651 802715331
651 542063668
648 639040
649 214890564
648 893026609
651 660343692
649 502819750
648 475317794
648 651199998
648 925113857
651 274222937
648 783222619
648 464037428
648 909821266
648 370065795
649 596774721
649 788462346
649 726831512
650 550241683
648 355617484
648 388914089
648 832454152
648 443316647
649 179608591
648 594183220
648 319220556
648 535428943
649 126454424
648 364122604
651 927958445
649 506525786
648 86432605
650 592957708
651 343280421
651 457670773
651 946022709
648 889153518
651 96933801
648 834994461
651 116523727
649 605701769
648 629452981
650 279096583
649 669090852
650 401362141
648 683286164
648 49092303
651 73878019
651 351208602
649 319670793
648 215378780
648 552596318
649 822518803
648 372761571
648 673742637
648 32461045
649 565249398
650 647958733
650 660210211
648 879047488
649 298156542
648 182077221
648 103529959
650 128800327
650 851824222
648 3295205
650 319173301
648 372262779
650 441488426
650 442801810
651 237643740
651 449920740
648 204412610
648 385812483
648 109634313
648 984943686
649 797655438
650 899025669
649 409680833
648 112820664
648 563277155
648 969427640
648 374326265
649 419981374
649 526095601
651 98295522
650 884352456
650 826846391
648 955081994
651 330569078
649 170887764
649 251827095
648 551004657
648 221580985
651 741950141
649 654085653
651 720595956
648 311458582
649 248688066
648 839925300
649 375474280
649 577103844
648 756273059
648 755964496
648 177019398
648 857842429
648 795012431
651 730728471
648 407054774
650 286315921
650 304310447
648 236864220
648 651302394
648 257318622
650 739904108
648 519119691
651 767007948
650 787905510
649 526507039
648 826246723
651 912668404
648 5299191
651 824053036
651 18122805
648 984080705
648 840118913
648 65638481
650 725734157
649 779401513
651 34910547
648 790413889
648 545543891
648 589602753
648 797307024
648 419231945
648 50056687
648 474410177
650 66317833
650 864230548
650 591993059
648 9722810
651 546629033
648 199421066
648 387990427
651 563985010
649 313149896
648 710342118
648 391765238
649 784180614
649 519401190
648 793638011
648 945006124
650 136179946
648 582224403
648 151665880
648 768634899
648 426449901
649 406747382
648 972071816
649 577011841
648 824870834
649 143677259
650 424041407
650 638972097
648 510448378
648 427787117
648 784367003
648 93940610
648 967760373
651 343326879
649 402644528
651 433001682
649 598387639
651 744210623
649 327101944
648 501259671
648 807858814
648 798740263
648 420814146
648 890131512
648 435598063
648 496512542
648 984594632
648 158292561
650 227972577
649 654967235
650 977662920
648 437333392
650 899096512
648 878588165
648 903674808
649 717624506
648 233774838
648 950845674
648 225991307
648 442194042
650 954681156
649 307847749
648 590474739
648 14817784
651 276830380
649 131383110
648 688918985
648 485459047
648 177388962
648 537882063
648 875516891
648 920112544
648 18273306
649 83865288
650 366449737
649 457078328
651 420209000
650 235650989
650 644797607
648 375200019
651 829083926
648 960986908
650 116739626
648 331651493
648 545496697
651 366979119
650 951802996
648 680421874
648 237681768
650 891686269
648 786521339
648 715868005
651 465124686
648 86587907
648 936270716
651 757186975
648 752842415
649 641270306
648 321970063
648 954182599
650 803749074
650 717285010
648 944870839
649 173278463
651 694604688
649 959477023
648 40949490
650 371376898
648 338192558
648 990702547
651 756799811
648 273860384
648 118795483
651 429558946
649 469885852
648 445139298
650 611067886
651 226388270
648 945679356
648 455365429
648 773847272
650 277176350
648 354281440
650 922279205
651 958593347
650 352937262
648 532976920
648 159960764
648 803476583
650 548420881
648 387887600
650 261446719
648 775945033
648 464158169
648 744870201
651 664672467
651 915651744
651 432181432
648 972181966
651 664996741
650 490754570
648 683270483
648 983032488
648 168622988
649 556560918
648 907030839
648 712008699
648 765933392
651 133336844
651 9332011
648 992992831
648 364999174
650 765668361
648 285318072
649 439698169
648 660139793
649 406060967
648 601043435
649 388909292
650 378638225
648 963111772
648 8178829
649 878218564
649 676972261
650 747984158
648 543280589
648 910908716
651 777304
648 10951824
651 101315592
649 348596464
651 287172893
650 523503698
648 774998449
650 483147316
648 824541726
648 382734132
650 986212155
650 309424617
651 182423891
648 356809748
648 342869097
649 521164415
649 90071759
648 903412607
650 682166105
650 750055222
651 812387052
648 240492361
648 965155944
649 976455997
649 527282585
650 930478069
648 193520851
648 855347341
650 747918136
649 8642274
650 846300929
650 968362135
648 500763502
651 183995178
648 550658276
648 813842928
648 199228896
648 503902
648 355964131
648 231944283
650 986541620
650 130610516
648 544555106
648 652916651
651 143158931
648 80367477
648 491658605
648 161462731
648 948496772
650 113270123
650 483046718
649 50022480
648 163334797
650 167070091
651 161213846
650 432846047
648 568349864
649 431799390
648 385227971
649 997044305
650 672139331
648 54759185
648 179210535
648 283548121
651 4427106
650 739364741
651 934495992
648 717868163
651 501894460
651 918773951
651 247869868
651 703860086
648 875277097
648 221477057
650 840106039
648 375034798
648 577058520
648 964284246
648 923020599
649 102652369
651 654873455
648 100083001
648 991021070
651 379413073
651 287383959
648 349964178
650 740791449
648 767871080
648 257179389
648 587076793
651 314351238
651 205897371
648 708274299
648 884698323
649 558158934
650 117920119
649 772202868
648 154693218
651 539513008
650 603549665
648 333100695
650 742227634
648 227529679
648 172223205
650 934272058
650 559788085
651 422652193
651 146256569
648 960953722
649 844972573
651 906069984
648 6086523
649 571445554
650 335261442
648 78836360
651 459459838
649 11654728
649 200721725
648 765763725
650 92925521
651 843755069
648 882608886
648 812154863
648 338794212
649 523385606
651 284569777
651 469475677
649 407704491
651 167894955
648 130227394
648 979706424
651 759250922
648 440239220
648 630401030
651 841338192
648 86510854
648 578451075
650 778597679
648 710590342
648 673445184
648 921157117
651 854557808
648 979103108
650 523816646
649 711898160
648 248548423
649 939486471
651 131912081
649 103385200
650 188484586
648 966855660
651 431116822
648 916153483
649 497037073
649 50857955
650 815821089
649 392695588
648 261422150
648 972356187
648 593095849
648 438933754
648 612650514
648 981051027
648 21530236
648 642641177
650 819015619
648 925629893
650 598526
648 173994744
650 904990993
648 78459884
651 323997765
648 316815235
648 61470184
648 316933151
650 707812543
648 794815386
648 61205694
648 162499610
651 625192157
650 760915014
649 832901660
649 900251217
651 628793809
651 780021937
648 24116685
650 457430374
650 717401826
649 579935940
648 304625558
648 367560531
651 317354203
648 561797217
649 435730237
648 868980490
649 585909039
648 893796972
650 698792629
650 697800238
650 229577390
649 391184001
648 782359921
651 544495093
648 99257765
648 440064205
648 160050036
651 904864881
649 893982411
649 757749815
651 723693414
648 160618633
648 224597447
648 708920816
648 199736581
649 930694913
648 498729372
649 986114876
649 809696048
648 406016610
650 498691418
649 603839711
650 810871324
650 619282755
651 614597288
648 996668588
648 999966776
650 308671050
649 278202576
648 134042133
648 462497255
651 565563271
650 358873404
648 592105977
650 619373230
649 111970654
649 643892817
650 559302567
648 365589889
648 762355792
649 73436307
648 4592515
648 611220205
648 652021597
649 965971141
651 554559189
648 461868742
648 721932727
648 572668520
648 761470524
649 518519220
648 775395226
648 183865765
649 219643750
650 637017434
648 954280466
651 974091079
648 955564534
648 928624951
651 564353722
650 331022559
648 882341858
648 196423330
648 319175578
648 318764285
648 266023208
650 925258130
648 667478250
648 754886323
650 253399355
649 467412012
649 83476856
649 608244836
648 7979249
648 735093660
649 804553748
648 383210260
651 536124131
649 929484170
648 817256877
649 538769897
648 107925663
648 730139019
648 127653161
649 906896811
648 124129111
649 621637224
648 148766266
650 998223940
648 914096555
650 461291894
651 594084483
648 959620753
649 32923130
650 521936587
648 174935990
648 683630090
649 204573561
649 730796326
650 797185984
650 25128739
648 823773543
651 466676481
648 8652869
648 185141196
648 166410483
648 555024823
650 236149277
648 455741180
650 978259493
648 267463994
649 54823650
648 679085333
649 497793564
648 43755389
648 199635376
648 502665279
651 211783212
648 260129845
649 992738353
649 142012049
648 455617388
648 695649544
649 967571683
648 423382358
651 629146399
648 777927574
649 860140021
649 820929284
649 946578291
650 6343829
648 480251136
651 64997876
649 173204404
648 390604891
648 252245444
648 730674924
648 554857457
650 931682778
650 413972910
649 66641976
650 606760168
649 914527151
651 222215472
648 499669892
648 897565099
648 893328514
648 27134605
651 415520682
651 991876201
651 842625425
648 801681327
649 490798859
649 365202492
651 442684000
649 257030820
648 273626656
648 17410385
648 60213043
651 917219637
651 96994659
649 347781033
648 88533870
649 809605441
649 931734991
648 388096450
648 417654425
650 366011021
650 611345365
648 67211449
648 973044816
648 544765073
649 65978074
648 755943491
648 748770562
648 304189140
648 121370425
650 172930040
651 808864118
648 119847946
650 842597159
648 602849438
648 323820093
648 339631649
649 753702712
648 667497583
650 564723565
649 280211599
648 931205554
651 181266494
651 219082507
650 166048573
650 363610590
650 544158136
650 506430478
648 949152994
651 732168995
648 974859667
648 253044890
648 29856422
648 385664702
651 39557091
649 532578519
649 798686219
649 703799628
650 878295680
648 852153102
650 664165442
648 385505542
648 352116523
651 417211250
648 723175537
648 602880180
648 965457598
651 741062569
650 325658765
649 673987235
648 14330719
648 528361059
648 461144818
650 534507360
649 848612254
650 192071676
650 365607185
648 936336090
650 822786097
651 30998012
649 7590355
648 733426677
650 868063354
648 726604966
649 161025193
649 320955736
648 658821646
650 216035045
648 753303773
648 839181030
648 51489923
650 113462448
651 296462479
648 330764408
649 96831443
651 461836376
649 102044177
648 809920160
648 92697959
649 278405983
648 616514191
650 522429707
648 958092606
650 681947421
651 913698488
651 358625861
648 997342989
651 891341507
648 43427963
650 894821502
648 522984781
650 962369982
651 17658112
648 327285994
650 827740613
649 639675428
649 294174768
648 768371775
649 538774184
648 345853193
648 58314826
648 997142096
648 499405185
648 380523685
648 644565238
650 387927445
648 945233944
648 360417624
648 311306240
648 590483765
648 972643945
649 618490419
648 685253901
648 136047848
650 256262268
648 100487270
650 483042112
649 55540601
650 493325577
648 272657333
648 903328599
649 446977192
648 217453033
650 524369384
649 962826509
648 394561919
648 20478174
648 159994659
648 497688157
651 441278723
651 335663598
651 380205253
650 490969321
648 668253663
649 95422583
651 590345262
649 65509552
648 233322376
648 488890643
651 836402360
651 33344867
649 926933097
648 272413537
648 770540400
648 425389201
650 913035321
650 644483741
650 394762431
651 855568885
648 485502449
650 152437403
648 767990053
649 438571895
648 281115236
648 747967201
648 100322102
648 189166814
649 690404207
648 169228671
650 33188351
650 731270927
648 438071567
648 785334917
648 868210036
648 37543443
650 403576765
649 251172250
648 857667629
651 59815468
649 484007822
648 675221453
648 30794867
651 811452009
648 173878085
650 395885550
648 778680813
648 184944746
651 834703088
651 973282228
648 301980892
649 993979022
648 806545055
648 228284196
651 143692128
649 794004325
650 144771384
650 604086911
648 187881327
649 979756163
648 697288748
648 37709544
649 308891226
648 720674500
648 410634404
648 239019439
650 249332150
648 733134269
648 512485125
648 84397593
648 466659016
649 819555703
648 474330259
648 848022469
648 125278539
648 252309012
648 556106006
651 156792456
650 998773035
648 594703927
648 186341564
648 689026046
648 564153987
650 548517920
648 306563059
648 988333668
651 967939785
648 575794125
648 561999501
649 641225517
648 542133337
650 44571157
650 284499719
651 2198218
648 280702768
649 881755147
650 153544111
648 62851196
648 785621152
648 191469010
649 893791705
648 52471142
648 238339995
648 523778613
650 997808087
648 77473797
651 871022626
648 917946774
650 406156602
650 773067775
648 128202610
651 625925707
648 203806172
648 928185606
651 373225150
648 420222757
649 673214278
648 768567714
650 608721718
649 692702054
648 205806485
648 871768188
649 70028370
650 399506287
648 391240602
648 519043031
648 693739446
651 636417593
648 95228777
648 125301491
648 952620911
648 396577233
648 650964844
650 235619846
649 59719469
649 759554210
650 198436342
648 60853173
648 416083705
650 184012527
648 427290468
651 497178652
649 347028643
650 41738356
650 141644159
650 752284878
650 99080887
650 842019028
648 676012910
648 820077270
648 86559492
649 552073930
651 120940236
648 738651434
650 46526208
650 392379119
651 467840427
648 348666823
648 278769305
648 484166424
649 497322843
650 267905947
648 389737457
651 370153279
648 169346899
650 111649409
651 571173792
650 427106737
650 972824656
648 717343261
649 471002319
650 322854843
648 31249086
650 712306939
650 827168295
648 4521827
649 837903667
651 284848103
651 682201052
648 308257732
648 324453209
649 910425498
648 604843332
649 253284980
651 127137079
649 582919040
651 610025584
648 876434910
651 312705051
648 781761308
651 840249980
648 841911474
650 482367446
648 423367352
648 114309085
648 726652883
648 947675003
651 63120081
648 277510453
651 262455385
648 321623131
648 889853877
651 969369078
649 374426744
651 23642508
650 351255319
650 360919059
648 10397143
648 681734019
650 435096417
648 484962567
649 176336612
650 489473964
648 695410442
648 15394912
649 757433522
650 424007921
649 245688180
648 559040838
648 412311786
649 904285963
650 850352552
650 263659718
648 176866375
650 426701334
651 32939699
650 101912
650 989643979
648 305540626
649 784068743
648 277298874
650 578837956
650 879871613
651 981002922
650 295793616
648 158514878
648 737760999
648 992257450
651 92118528
651 262361409
649 857260268
648 225174566
650 222522463
651 68054130
648 878348545
650 121585513
651 314242583
649 813744349
651 59356796
650 962080497
648 569523789
649 813962597
650 362592931
649 903070205
648 252732273
648 34813777
651 907621247
650 797760729
650 894732962
651 910034209
648 314126097
650 925104129
651 175395406
650 128456604
650 307798908
648 754553853
648 935600618
651 221520107
648 8111231
649 195517218
648 907851610
648 927636968
648 623353611
648 113278452
650 509185750
649 596207334
648 438877990
648 966929046
650 224877747
650 73783499
648 226420708
649 698275321
648 661324719
648 875805027
648 71081516
648 786341414
648 123276889
648 860937460
651 259558456
648 63105026
648 603358816
651 52026635
648 32678585
651 674341375
649 327802694
648 639217281
650 877536314
650 586021709
651 267177520
648 288177189
649 171493647
648 103580786
648 454385462
648 23751167
649 30838371
648 734939214
648 182640691
651 264911277
650 214920403
648 331841454
651 434178001
648 309905
649 381619930
650 670792846
650 412204958
648 876760588
650 8598740
651 211327215
649 64950713
648 120902782
648 25772272
648 826677952
648 232538329
648 769723762
649 669241850
648 982391805
651 155034035
649 527005218
650 843162602
651 869467018
649 278748860
648 310388581
649 793636002
649 488804053
648 673333052
648 575325688
648 343039679
651 656883459
648 519146417
648 949140325
650 232326679
648 682307643
650 347463615
648 613331300
648 529371499
648 554626865
648 537496304
650 197150757
651 20657425
648 977249096
648 500159179
650 817928090
648 689425813
651 850716670
648 780736043
648 229657991
648 850061608
649 786270979
650 639309017
651 115443206
649 83582371
650 142266449
649 849620532
650 399499376
648 449326513
648 37545289
648 232062576
648 506554360
648 811136981
648 113877580
648 85187903
648 570995003
651 256778047
648 177216157
649 992977848
651 67199712
649 392034796
649 925221855
649 381283743
651 37826159
648 561175627
648 60706164
648 740551635
650 520658323
648 919689461
650 812136643
648 721083943
651 977769819
648 480426402
650 333594461
648 51934233
649 974257625
648 804870420
648 30580613
648 240898680
649 878697286
649 521137478
648 741529249
649 285203157
651 244020351
650 83639597
648 20435464
648 444738048
651 38661253
649 386767533
648 16431666
648 231929403
649 690979796
648 721495802
648 364198301
651 92849130
648 549101687
649 134609262
648 203797131
648 93356124
651 492042520
648 899988092
651 612301077
648 815079161
648 140136276
651 749334527
648 808814705
648 81064568
648 257229802
648 976543931
648 782034327
648 43219829
648 711468679
649 584263947
649 679779357
648 233851468
648 931510464
649 711407346
648 507693008
651 188268977
648 337357133
650 527158264
648 472933522
649 343479000
648 856536802
649 454734986
648 406449764
650 772687643
648 453602839
649 273046535
650 733249251
648 153926565
648 483798531
648 870448357
648 185073525
648 19281221
651 980369409
648 988466491
650 501822240
649 479516558
650 517539690
648 351413096
649 865400138
648 204975
651 465767614
648 117300710
648 271067136
649 672359829
648 187429207
649 967416707
651 263982118
650 628773034
648 380364496
648 154264618
649 300577893
650 83880233
650 101080542
649 178974932
650 930006432
648 639380422
649 77899209
648 636962056
651 813483329
650 850615624
651 910863357
648 75772768
650 9312925
648 991733088
648 918712931
648 451148558
651 689706068
648 347900122
651 14897030
648 132989956
648 778716430
650 126627290
649 6177452
648 843153810
651 28865916
648 720882309
648 394158951
648 527475562
651 78727035
648 974904672
648 236874974
648 438283582
651 887116405
648 274834852
648 132365026
648 872447978
648 1163099
651 353889118
648 673141412
649 433125668
648 629523324
650 950886483
651 656601151
650 7115528
650 497318905
648 687815326
648 108005919
651 920923649
648 24613983
651 469404514
649 790376319
650 571246471
649 459765539
648 921465545
650 726563430
648 921481004
651 232063615
650 63123510
648 190953781
649 128119877
648 62482096
651 53224741
648 909488529
650 888717853
648 644025291
648 840903359
648 523982085
651 369381025
650 158330159
648 384508049
649 564536899
648 622688541
649 501844257
648 926371341
648 76228119
648 726362289
649 647998037
648 316314270
651 521705044
649 540478978
648 955796395
649 215452288
648 372331641
648 974811211
648 527371638
648 540122955
648 141053353
648 52723980
649 315717807
648 254623961
651 419819708
649 449586705
649 63539991
651 597667010
649 11779998
651 713086786
651 897485043
648 517140273
650 958863490
650 569122432
649 737951768
650 111389248
648 667538872
649 81900408
648 773845770
648 743752366
648 303998724
649 446137169
650 945654961
649 649645985
648 728225487
651 884041844
651 92507046
651 400151883
649 493658157
649 536098020
649 527209402
648 723532437
651 190190070
649 607248383
648 991236223
649 837996031
649 991976832
648 849416373
651 948615155
648 143312239
648 128722735
648 396690868
648 957874115
650 409943104
648 994456320
650 177018521
650 163965925
650 284063697
648 653633284
650 924984947
651 477270526
649 635715263
650 63416051
651 866333411
648 654646137
650 682243621
649 674829060
648 460562294
648 604235390
651 997640969
648 537863033
648 811045136
650 565633727
649 536499283
648 160360638
649 724025150
648 95560187
649 258166278
648 137535398
650 47636064
648 869796699
651 685401396
648 487729104
651 328605437
648 967663288
651 857670017
648 829006356
650 754105426
648 184465520
650 754193944
648 286092167
650 197371968
651 668803122
648 388654175
651 233787071
651 372646375
648 165946482
648 721727184
648 12212429
648 172571119
648 463253526
650 489334292
651 235650251
650 207304301
648 993852743
648 847825134
650 211247504
648 126268620
648 931363886
650 764524418
649 472626627
648 219511598
651 186119319
651 530290087
650 32397127
648 693647670
648 273789550
651 9661079
648 572824557
649 966570353
648 510007021
649 263183387
648 765675624
648 871816358
648 128720785
648 352078473
650 188005139
650 834486317
648 692272183
650 7267861
651 983833404
648 526886977
649 798944336
648 461027689
648 5396133
648 538613679
649 162036625
648 134553260
648 981893871
648 141393615
1 2 3 1 3 1 1 2 2 1 6 12 1 13 15 11 5 5 2 9 6 15 11 8 14 13 24 26 12 18 14 12 20 20 27 11 8 7 30 19 26 42 22 12 17 4 1 5 17 31 44 35 34 54 2 9 14 20 8 4 54 35 26 16 36 59 3 61 69 50 11 65 32 66 40 13 48 65 31 23 10 24 79 55 14 14 73 56 51 82 71 91 30 33 5 96 18 79 84 5 70 3 27 92 37 64 87 26 18 43 78 99 54 80 68 109 23 81 118 51 25 90 76 32 51 120 42 33 108 121 126 94 96 16 124 26 110 128 45 98 26 62 1 7 96 65 94 32 77 147 75 90 131 28 89 49 74 55 17 107 146 42 47 132 78 73 76 5 150 27 128 9 91 110 20 144 21 52 137 22 108 47 1 56 31 23 146 102 47 44 44 158 52 33 61 114 157 194 86 88 185 29 5 76 164 15 1 168 112 8 20 59 86 80 113 174 134 216 58 19 16 170 168 193 73 86 91 73 189 88 49 21 116 157 88 229 124 116 70 105 24 236 208 165 87 104 96 131 246 144 8 68 92 65 53 57 217 21 146 251 199 215 6 235 143 121 9 123 81 24 36 188 182 218 219 210 157 199 83 275 139 150 95 261 13 235 147 46 274 261 111 72 257 208 153 137 41 237 103 168 151 65 106 228 216 273 88 121 72 90 186 221 47 130 67 118 50 88 139 159 179 321 94 85 165 67 42 194 20 150 313 125 141 73 182 336 310 269 30 326 250 250 207 221 318 52 231 139 253 287 119 39 286 58 321 118 186 147 121 82 104 269 68 257 157 203 99 52 295 145 258 247 119 186 94 319 270 291 16 232 34 356 290 13 143 223 85 239 200 101 106 155 368 222 311 267 310 333 81 192 176 262 45 304 395 286 113 298 252 70 397 355 268 183 264 68 7 395 103 169 277 28 402 381 24 32 296 405 195 148 360 423 211 209 404 393 361 303 351 39 190 99 375 111 19 388 171 365 435 84 1 140 172 153 288 239 56 167 164 58 398 297 287 232 342 201 186 288 49 71 180 117 427 102 248 105 261 433 130 156 363 296 139 115 126 170 184 73 365 67 123 222 308 40 237 135 50 134 133 304 377 322 222 16 288 499 398 304 249 311 451 244 477 96 351 97 87 13 247 386 266 1 515 392 426 273 95 430 154 302 446 379 258 52 298 402 254 357 174 19 249 5 226 465 338 303 536 526 217 178 146 263 386 62 343 48 142 255 44 378 207 86 180 551 543 234 196 378 86 226 385 211 18 37 405 40 280 569 104 559 497 113 461 498 302 362 407 252 319 380 173 505 229 346 189 403 241 578 43 280 59 111 586 118 496 579 318 11 199 378 560 471 270 455 368 299 217 256 384 344 94 54 441 237 610 351 378 465 29 95 164 139 231 186 345 636 387 219 617 62 311 140 458 394 537 174 376 556 91 74 376 133 630 180 508 290 643 133 529 377 456 513 558 161 166 271 374 374 181 445 99 377 575 168 439 219 469 589 263 281 238 586 391 277 637 631 599 628 195 589 342 114 474 72 384 406 494 66 174 178 426 18 171 50 683 253 11 538 453 504 531 374 682 125 632 492 393 243 399 682 113 417 7 328 96 511 396 313 651 635 473 685 604 70 282 562 156 252 421 586 460 380 207 487 231 622 381 186 343 606 527 631 34 638 465 598 328 351 9 263 278 384 753 335 364 224 113 727 525 568 474 768 731 116 290 188 603 530 278 34 576 308 65 150 424 749 448 785 5 708 229 563 218 293 691 566 553 165 258 218 475 780 700 180 546 482 549 804 795 209 342 536 228 228 393 286 282 286 82 19 88 800 469 117 287 47 114 433 534 759 146 94 30 475 142 726 311 18 638 205 287 39 780 140 546 756 399 534 129 588 50 266 648 278 441 804 19 336 822 718 546 840 410 197 505 613 102 798 785 747 796 345 529 553 401 421 825 345 172 177 33 737 790 472 433 598 418 797 499 153 213 8 268 727 427 403 639 195 224 465 169 19 63 566 631 73 150 10 692 168 702 607 586 108 700 200 486 624 850 13 732 559 61 30 427 302 318 696 130 268 408 306 826 468 297 770 452 730 281 647 558 161 482 784 243 332 691 325 725 173 243 284 124 393 465 225 41 474 814 786 299 908 668 95 353 206 854 107 624 607 906 635 261 837 646 664 896 245 322 15 860 207 416 527 893 645 164 583 463 187 101 459 195 151 84 793 777 485 363 589 175 923 191 130 540 40 126 924 404 687 976 15 345 108 319 761 641 36 332 1006 347 757 191 949 45 340 888 332 18 955 924 106 600 791 904 318 1011 208 541 138 913 234 841 462 3 183 438 763 289 687 476 937 847 338 986 170 713 786 156 562 134 908 105 697 131 659 2 371 806 37 388 212 866 381 850 653 217 558 309 726 272 835 518 54 222 560 29 237 749 467 868 943 966 572 366 544 17 642 742 925 47 635 511 552 445 192 402 661 476 809 867 71 1055 75 1048 113 605 958 311 618 770 321 207 1094 60 384 153 519 297 933 390 1112 519 160 24 505 989 564 732 774 992 1026 311 414 149 542 843 1096 989 751 130 8 331 1000 468 967 807 507 1104 512 904 268 1063 1059 444 976 162 605 848 229 608 431 283 412 1061 183 600 289 1075 1067 719 812 1027 767 1162 1166 567 739 35 710 768 82 58 743 780 71 863 1130 507 987 907 6 66 575 187 773 398 105 952 84 201 522 758 1206 1102 702 388 373 862 240 1054 755 243 126 375 940 1122 901 229 1092 1076 596 181 270 955 901 319 459 107 541 1082 1000 424 61 1092 1196 788 56 330 537 1151 915 1103 1161 242 1035 1105 1205 133 800 942 359 794 1013 346 629 781 821 787 1073 617 696 191 55 1275 914 554 259 538 711 556 903 179 1104 531 263 535 300 302 1027 581 698 323 916 1116 779 815 223 1289 94 1104 322 635 1042 649 946 969 499 878 1215 998 302 298 729 301 1049 257 275 20 1260 604 929 390 587 168 669 1176 443 600 403 168 360 437 1056 469 569 326 1086 689 1230 252 250 1174 63 362 195 247 1125 370 566 296 1241 553 1125 264 838 718 365 623 370 352 1224 226 286 1256 989 150 344 890 96 1033 733 798 827 266 242 993 726 246 520 314 1334 551 812 1210 681 1314 1219 140 471 53 668 380 1335 1049 803 358 210 1271 894 312 1346 650 971 266 883 1232 1129 1215 1393 869 13 603 1024 1202 111 1287 761 344 1141 243 860 65 444 736 1025 1162 433 782 691 1238 990 1231 1066 1242 900 645 655 701 396 1421 149 892 656 1332 85 1072 253 438 171 319 714 801 715 1345 843 334 329 950 404 1434 652 56 1461 899 929 295 1172 1149 359 1326 437 1389 215 520 1183 1245 1348 988 1320 181 1204 836 59 1269 33 473 863 240 1457 3 153 826 620 468 695 772 970 298 1088 328 1227 270 1124 234 403 939 579 299 681 1349 912 563 1058 1077 371 180 466 125 491 1177 570 456 480 1474 1034 436 1407 382 537 917 123 545 123 434 240 1531 1112 1089 1112 117 8 383 1058 180 639 1480 1256 1304 1325 1403 1224 1327 789 801 232 519 1243 295 1212 646 816 740 122 735 1426 1343 537 900 1008 662 152 791 1510 730 673 200 87 113 1176 1122 465 2 1166 1082 1319 428 64 1228 914 1227 180 150 1196 538 242 51 134 91 749 403 856 664 1514 1517 378 192 538 1533 1539 1074 34 286 1181 933 1176 558 1342 563 164 429 1230 1156 506 185 774 1205 1067 1444 832 817 675 556 879 981 817 966 1014 1207 1002 775 353 58 1305 471 138 669 491 208 1418 315 1209 861 190 1102 275 635 1382 1526 1035 403 1059 310 936 233 701 121 1004 1604 1430 899 306 295 638 527 597 403 399 287 421 663 832 1546 1420 713 311 78 817 560 90 427 116 258 475 347 1118 146 495 657 1555 885 877 1428 1039 1316 1680 1304 671 951 1384 699 1519 1254 1238 1398 544 616 1446 554 1273 1629 751 1599 960 1514 1668 353 98 504 125 940 1027 1423 1313 1718 598 1072 81 357 91 1153 9 217 845 839 1565 1140 619 1235 55 728 218 62 91 607 864 1352 63 1372 1401 1057 805 522 1093 293 739 584 353 841 174 1089 924 52 1729 621 638 1493 1329 515 1573 398 835 50 108 1297 697 348 402 1393 1210 1524 1771 469 225 662 1488 1175 1218 244 1144 213 214 1701 1352 432 1525 91 376 1262 714 58 1056 1299 1042 202 1527 381 1083 1626 1024 918 1138 1769 22 1712 717 1202 1 739 1751 224 601 928 1636 457 1680 682 773 1165 1364 1631 665 868 875 1403 1553 1672 1106 1550 896 1846 1524 730 203 1028 52 245 1843 258 170 692 1226 750 111 878 1175 273 1593 1141 1211 304 470 834 1275 805 1235 1123 978 1530 1101 1023 732 35 1579 968 1708 1007 347 844 1202 1623 1814 467 1166 82 1308 501 59 1235 1531 1129 580 830 840 1786 332 1251 1168 476 807 222 1016 611 197 661 1405 1864 33 311 1847 1274 563 840 1208 1880 394 1709 14 778 949 1167 964 1892 249 1707 422 1327 620 43 966 567 772 1173 664 1432 1321 937 497 181 831 1811 653 112 884 948 1733 158 50 625 1771 97 1911 578 954 1009 1732 1137 428 1856 871 681 1485 1392 1422 1812 828 330 1027 113 1674 1046 504 1354 1465 1805 337 1390 1767 1674 171 289 1193 1375 1765 1182 124 1072 1089 534 773 430 671 261 413 655 306 109 557 715 1149 679 665 1445 338 811 1637 538 1442 1535 523 1828 945 1964 649 434 425 1600 1775 1560 904 45 1513 1069 1415 1507 112 353 308 294 467 570 1905 597 1813 260 1194 33 977 954 1688 929 1356 71 1110 20 21 1355 1070 35 955 62 1287 767 1328 2052 1171 1348 1311 620 326 565 1591 170 750 1559 1132 1797 1392 1057 766 1357 1302 1476 545 411 2041 508 735 2045 1550 1903 481 448 2078 1090 57 2 864 2082 1601 998 1214 965 330 1805 1115 845 850 845 1781 368 1494 1435 459 23 693 1762 976 659 125 1150 443 478 104 647 1087 366 1623 1297 1857 2035 722 589 1097 1035 2035 121 339 1825 21 1694 1967 660 2024 2144 1351 1465 1338 254 1387 362 871 1969 1623 559 1912 2017 920 956 1590 703 1682 761 1902 111 2046 1805 814 896 78 506 2012 1619 1650 1784 1203 966 48 93 2054 684 904 285 902 946 992 21 353 1044 2114 1596 2040 1692 960 735 1204 857 1029 1530 1551 272 350 1168 814 1046 1216 1111 987 477 2061 528 1655 2073 1214 1341 595 1203 809 1075 2115 1241 1389 1532 671 1267 1824 1942 1977 364 1814 853 1024 364 1986 1395 2189 895 907 615 1231 58 543 2042 734 2142 591 184 1456 1311 78 1757 301 1815 1812 909 1176 1828 1425 1660 329 1498 587 1641 1618 868 2201 620 1660 742 1864 1386 1814 1027 1407 948 2187 1876 261 1866 1117 27 1166 2282 110 1670 765 195 289 1922 271 2106 995 1649 103 994 1590 1418 943 1820 1952 111 928 891 1982 1009 1742 1355 113 146 1064 907 649 821 1864 348 1612 1748 1085 905 2219 272 438 1507 1099 522 4 525 2066 1269 1858 1705 1596 2295 1308 575 2132 2218 2290 1805 463 1224 1007 1214 1499 852 767 2225 659 350 1438 2163 947 659 976 2214 430 480 36 1417 1035 640 568 2063 1105 17 733 261 43 226 773 413 148 1805 1512 688 1492 1976 2337 1614 1040 1627 661 1620 481 2092 513 608 307 880 33 1647 1572 1939 2215 792 772 2323 2155 1185 1824 56 1294 592 1633 2122 126 479 1759 1260 2348 998 165 1103 2272 2070 754 329 696 562 2285 177 63 1629 1080 1258 2281 2279 1835 1089 1678 738 2004 1800 359 1524 663 285 2167 1573 1269 1742 718 2200 1058 962 397 282 1086 2387 1962 79 2331 1897 501 2386 2446 1059 1034 1798 1153 1657 2039 54 799 1176 237 389 1361 630 1003 437 415 148 818 1360 2251 1833 288 1481 2279 838 1177 1737 724 1431 162 2176 1326 1796 55 734 2110 1148 2120 1302 225 2269 601 204 2438 2376 1758 491 296 1991 1364 1284 107 86 1919 2352 1301 774 2514 2425 2273 1903 290 1178 221 2071 733 1716 936 1390 977 1660 1357 2490 1938 1825 2278 820 808 1056 2236 16 1869 1321 1732 1892 124 2066 834 1039 2166 82 1334 2433 1888 643 1353 1 2239 2275 1335 1013 132 2138 282 1026 1994 884 1170 246 311 2078 2198 369 716 775 749 1457 555 1086 1228 600 1894 1756 1883 1730 1392 2513 1410 1342 208 2094 343 1946 1530 2126 1737 1584 656 1309 691 225 2289 85 655 1995 1918 1754 1863 271 84 1564 2606 1754 2503 1981 487 616 1758 2107 297 1483 1563 1666 2059 352 1810 812 2541 1163 344 1124 2136 192 2135 426 2426 2470 2588 1080 2114 131 337 25 1903 1565 2040 2265 1480 1095 513 212 2493 1514 127 1293 661 2292 2119 2371 706 465 1282 1261 298 653 1324 353 163 171 111 366 1814 95 1097 707 1548 876 1521 1096 895 652 714 2270 2463 1856 1885 2288 1005 674 1038 1454 2140 2035 1926 1443 844 2121 2276 870 1889 2088 1865 2413 1088 1351 298 506 1315 471 2156 439 386 857 1001 1389 2450 533 1346 2289 2149 544 542 892 911 1454 377 1774 678 5 987 1297 769 1118 1642 2398 2674 511 1600 978 1483 1530 218 1283 1492 375 2409 1856 2632 440 454 1765 737 2584 2031 906 1659 2305 70 2603 1579 1517 999 847 2115 1563 760 1651 2193 1619 1769 82 528 1044 1885 1733 2726 369 533 59 220 2106 1569 1980 1791 438 152 1715 131 2204 1539 1439 2486 2401 840 655 624 2660 30 1127 2100 55 2722 1781 1204 1836 1725 414 2648 701 2613 2577 1406 41 102 2143 351 1871 463 1883 643 1103 97 2547 106 273 1563 772 1987 522 189 143 171 2173 2312 318 1805 1480 1950 2218 2235 473 455 2403 419 249 1225 548 2787 1909 241 2396 1256 163 2641 2568 2745 2201 2698 2334 1384 1166 847 1503 1829 1465 2694 2351 293 1285 1293 224 866 2777 2157 454 577 107 783 750 108 2727 460 2402 1054 1953 1652 333 1724 148 244 2579 1573 2735 663 1057 2881 1563 553 2632 1097 762 2545 109 16 1524 1803 1440 583 2585 163 1184 2489 743 2433 2280 1658 575 765 175 1323 1373 313 1991 1508 1989 1500 388 2523 1101 2375 916 2664 1631 1638 1722 354 633 2738 2155 1814 1770 606 2352 296 915 642 2927 1392 873 1916 2546 323 399 293 2090 239 607 875 1482 1945 510 1274 2220 1102 2912 2460 561 1086 1211 2434 2308 875 2217 2440 343 1355 2683 2818 122 114 2238 539 1455 1311 2517 22 1170 2247 183 714 841 1223 2744 2463 1210 2492 417 1755 941 1632 1759 2391 699 2411 1651 2625 2165 5 1574 1673 1490 2519 1616 29 1868 2814 669 955 2050 1747 2186 2469 2809 134 68 1573 655 2078 312 266 1379 2551 229 2844 461 2804 1323 1891 1397 1054 1544 987 1146 655 2165 2719 1190 80 1591 750 1212 1522 2506 409 240 1250 1108 2437 466 1543 1779 495 284 874 533 348 1590 1713 2576 465 2163 1603 1605 2928 2294 2186 2825 762 2400 2622 2200 2159 2393 1356 1871 756 677 796 2032 238 1544 2408 2716 367 2577 333 1331 688 892 2453 2541 2233 1260 2029 2557 760 800 2314 274 869 1720 2348 1520 948 1880 1337 2091 2532 1922 2369 774 19 1878 1208 2775 1263 1807 1841 2622 2727 856 1520 920 1067 906 634 1561 338 2495 3048 2353 1658 1816 654 463 2598 216 1251 1640 304 338 1497 1365 2118 1481 1095 1312 2248 1310 1548 2013 2175 1220 1907 1828 1130 2344 2376 1858 2552 3163 1798 2093 639 770 2209 2053 1974 559 811 747 425 665 1470 2705 560 1583 1591 758 482 2964 2716 804 2952 741 1358 2111 651 33 1760 436 504 920 1690 3074 1968 371 696 1475 3085 1816 1433 2231 2015 2828 2570 783 801 727 2449 1984 2925 1675 1272 1746 1377 2818 2064 1342 2914 101 220 2910 1612 3157 1433 3051 1892 1435 1017 2730 2188 1051 1933 2453 490 2948 2930 1304 2935 725 1683 2592 3233 741 626 409 407 368 2544 2304 1666 1531 2180 886 2575 1307 2425 472 704 1260 2871 638 2161 1786 54 570 1416 1377 1901 2343 115 953 684 2282 2818 2701 681 660 588 1325 851 861 983 2672 2688 2005 1783 2156 1599 2112 3178 457 2818 2121 2147 2262 1774 288 2564 1851 465 1164 1090 659 622 959 1162 2569 2707 2069 667 2357 59 1995 447 1989 969 3152 2437 3065 2854 156 2988 1774 2058 154 1379 1187 3282 2866 434 101 570 2129 122 2951 535 3222 626 2764 3275 434 796 1034 1051 1924 2221 2993 1488 2012 1485 2287 2214 2385 1739 2002 1508 2986 1357 1476 3244 2072 3058 359 2020 1370 2823 176 1723 1763 574 1363 18 2608 57 1466 3051 1049 1135 571 311 2662 3137 2584 1511 2106 1005 2701 2750 167 2712 2136 1454 395 364 827 501 2988 1060 2741 1205 2438 1062 1207 2755 2843 242 1090 2991 970 149 2479 74 2263 2280 724 2362 84 3304 1884 1194 3214 3243 2031 2849 1734 2733 2371 63 513 1289 1364 1823 2677 832 491 1568 1005 252 1678 3426 1764 2250 2159 2285 1618 1368 2629 1719 2023 2434 2048 2863 738 635 1933 902 558 3094 686 1513 1855 689 2203 1462 1194 3305 2422 773 2945 3149 1377 109 385 1658 1608 3091 744 1428 991 530 473 1660 286 556 1351 917 3167 3344 1189 3140 736 2204 518 3087 1743 3489 2715 1762 2993 811 3477 2956 2334 2602 1704 1084 4 212 727 1992 1493 2514 1800 2942 1948 2832 3388 985 81 3447 2605 3146 979 666 3202 3482 346 390 260 2253 3272 3201 2023 978 3204 2132 2109 1658 823 2759 367 3394 3104 2810 2532 905 56 863 739 622 1354 839 2238 1150 2689 3201 1420 460 770 2050 564 2873 1201 1969 1373 3157 2476 89 1362 1574 1753 656 3226 3345 2043 767 420 3 2812 103 2364 3307 1378 3378 1694 1268 3044 1761 2891 1072 1040 135 1662 3329 3073 1044 2093 66 1676 2448 2122 878 1346 2973 2045 2379 2497 1161 2362 3380 1205 1034 2530 3419 1940 1914 2657 1979 1086 910 1025 2542 3136 89 1511 541 1091 1093 2585 752 2145 2152 2881 1009 404 2214 2256 3170 3283 3420 3402 2812 2500 1556 643 3049 2556 2152 1585 2173 1037 2772 2538 2290 1674 3424 2136 396 40 2811 3576 748 3352 1770 684 2795 1997 490 3387 1878 1278 2863 1309 2526 3302 3535 306 3208 1240 2725 1404 2868 718 3139 2698 676 1067 2789 1385 675 2644 1017 2401 2249 262 3259 1987 71 909 1054 1960 335 1180 2849 1603 785 2838 2936 873 2421 432 56 2308 1284 1038 2877 1047 2052 3639 1511 938 2321 2956 2068 3299 1030 2295 1957 3735 200 3141 3447 85 1975 2874 3407 2663 1917 521 3737 698 3211 1400 1730 3216 7 2667 569 2121 1293 480 1923 927 3312 1243 1829 2124 1396 625 3176 1729 1561 2927 1457 1001 1066 3670 3218 43 3283 1878 2557 969 562 1421 1357 3614 506 2006 2391 1173 1278 920 1844 598 2361 963 2879 3155 2894 1554 191 2738 429 971 3049 3425 3669 292 258 3003 5 2098 2316 2225 3535 2910 1745 553 3097 2011 3403 2386 2548 302 348 746 1682 1395 1810 2040 3246 2670 2577 21 2252 3769 2368 2408 2852 2008 2206 1694 1654 3134 2263 1125 913 58 2587 3173 3049 1682 85 1778 296 1700 280 109 1844 1615 3774 228 2507 3125 2321 3280 1894 3116 1585 2133 51 2253 2743 1595 1256 2726 1441 905 391 129 859 3604 3567 736 1184 2831 3443 3810 3727 772 2093 1034 375 1886 711 2395 3823 98 980 185 479 2856 621 542 3828 1767 3282 2242 2591 2856 2922 597 3087 3472 385 1481 3440 2420 919 2658 2638 1056 1650 2216 3100 1718 417 1761 1736 3585 2638 1820 2003 2146 3601 1167 221 3869 108 2281 1674 2096 3611 2889 3173 3938 1937 2001 1285 3518 3241 3022 2165 2626 1262 2137 1860 1909 2615 896 1458 3637 3919 3259 1442 3656 2717 3833 64 3676 2607 1310 261 1900 198 891 1153 165 2174 3185 1404 3705 2137 1932 1153 930 2688 3717 3437 3355 3784 661 108 902 2934 3846 3373 1074 2079 1099 1800 2215 113 2667 1163 3322 1507 1330 3356 1072 847 1248 2809 648 2991 2145 742 3198 854 1485 770 148 3389 1277 3315 3580 897 1508 463 1601 1634 890 3620 2802 954 3822 1313 1846 2534 22 3928 215 3068 2671 3984 2575 1976 2014 1080 1575 1453 59 1993 595 3120 657 249 1265 658 3418 2761 297 2690 106 3851 1210 3829 660 448 2860 1570 2261 2258 2581 1890 168 1168 1636 2063 3519 1158 4063 958 2427 3564 3564 1151 462 3643 885 1869 2020 918 2324 3528 1163 1746 1245 3963 3307 2192 1569 308 148 1742 2878 4064 1574 943 23 1155 2445 155 1604 2779 200 2652 2348 3325 1985 3547 2554 1010 3356 1913 1399 1257 9 2772 1799 3816 975 4102 926 1175 1664 186 2378 2326 1535 721 1340 736 3133 2120 2873 2059 1190 3056 3944 4025 3298 1854 3903 3545 2558 3179 1768 3275 2872 4049 3092 2967 945 3057 2487 3116 1268 3601 3277 3251 3266 1363 3326 867 1554 2435 3354 1188 4036 1523 1083 2901 4178 510 4054 610 901 3363 1101 1440 1741 1905 2411 871 2468 4024 3213 787 1617 2559 1620 2144 141 2427 4018 2498 851 4082 936 976 1920 1786 816 2027 678 3448 2702 3281 1318 1390 1639 2738 1493 1660 887 2481 3273 22 1348 2628 925 261 2116 1790 321 1384 4138 3721 1093 2947 3847 1554 1615 2918 4245 3447 2286 547 4005 3620 1760 3185 2905 3520 1357 3612 2952 977 2991 3015 652 3543 2132 4084 417 1468 1599 308 2180 2213 4109 109 134 518 1055 1199 4012 878 3435 2817 3710 103 1403 440 1570 923 114 401 4091 641 2542 1558 4082 1652 1453 3092 3764 139 581 474 1512 2186 2018 130 292 1087 469 801 3753 662 2034 3187 416 816 1052 1469 1307 3225 2817 283 2000 2973 2348 3193 4281 733 3277 3885 4093 2755 2081 2026 3961 3565 2712 3501 1308 1826 1927 3193 1079 2416 524 3961 1378 1521 265 697 2439 176 1258 3386 1483 2842 1389 2416 442 2483 2683 3563 3983 234 3189 2564 932 311 1146 777 3376 740 1517 2618 2628 3216 3872 2170 2231 4030 4008 2972 253 4031 1888 3493 4196 1093 2596 3716 3012 75 3958 358 2627 2549 2236 1276 4113 4278 1751 3437 1708 3283 3678 2557 71 2085 1649 3131 2589 29 1951 1718 2662 1450 3418 3207 2079 1404 2258 4055 2655 383 4311 855 746 4034 1094 97 51 4267 3665 3033 27 2640 25 3964 42 1907 884 1444 4317 4256 3514 2290 3685 1892 3340 2955 1245 2913 1973 3442 87 1328 2411 3844 417 2991 2798 776 974 283 1048 2684 3760 688 4231 2278 2371 1985 755 2413 1623 1204 4426 3997 3021 1592 1664 1134 2374 587 2956 100 614 3413 3428 3664 909 3735 3958 595 3968 4472 1782 2380 1377 68 3519 3666 189 366 3710 1083 1108 3763 3338 4084 378 4488 4227 1811 1260 16 634 2802 3921 1995 1610 134 601 2187 4320 1821 1939 1284 989 381 1519 4511 3132 3905 49 172 841 1963 193 3395 3610 602 2363 1824 4134 877 4311 3852 674 3678 731 198 230 3187 786 4526 4295 1811 2178 321 4213 2337 936 2906 3387 2012 2241 2908 2802 1187 2183 768 425 401 2945 3707 4140 770 702 1502 2626 4172 2245 706 69 2850 2637 1170 3498 1258 2061 999 669 3039 3038 546 1001 972 2374 3084 2291 2272 3767 4428 4197 2209 1548 4049 170 400 1661 4149 809 3912 4099 2880 4107 3726 3277 591 162 2044 1379 1317 2939 3963 2397 306 928 2176 1525 3059 2372 394 583 922 2523 1735 4397 2329 2859 998 2797 377 4088 222 2607 288 3358 2428 2151 3791 3407 1253 2517 604 3946 2206 176 3721 1737 2922 3480 222 1322 3060 2924 2316 1147 231 4162 2471 94 379 590 1492 1053 2933 2701 1809 2184 2083 3698 1150 1778 2957 2155 336 2186 2212 3528 1354 3820 137 1850 2161 3794 4308 1850 3728 642 3421 2126 3995 3521 3790 1160 2689 3535 2262 83 3306 4229 3336 3299 291 2609 3439 2612 2334 1499 1356 718 4655 1787 542 1432 184 853 2997 4348 3383 2494 897 2251 2551 2008 499 2877 1357 240 3165 2741 1204 3077 4086 328 2017 3829 1662 1131 2456 1469 1828 2621 4542 1173 1407 4703 344 2436 408 511 244 4001 4189 484 5 3955 2109 2620 1903 2868 2009 2092 3864 2457 1875 4497 3413 2238 4194 1618 2226 1898 2558 1901 3491 3146 2428 4042 4417 1813 1920 3472 539 1581 2168 4330 4131 1216 2679 3249 1488 2582 4791 4072 3303 2885 3812 2309 2970 4766 4655 1216 4710 133 1249 1864 964 2630 1470 1421 1998 1965 4366 3815 932 681 3705 3266 4227 4253 3943 1080 3612 1345 1214 800 3682 1122 2436 1220 3868 486 2049 4286 919 809 2728 4765 3344 2888 1465 1190 2822 2766 1622 1250 3438 1321 2504 642 1098 775 2506 3300 2929 2691 506 920 3258 1431 4751 813 2630 1190 789 307 3259 3148 2728 3617 994 149 887 3892 80 1097 735 276 1022 2333 3590 1197 4716 2783 235 480 2523 1616 2117 4414 2421 4202 3234 3198 3702 778 4611 1227 331 2577 452 3352 3189 2438 2273 4345 3433 426 2869 4065 4495 1446 3153 3891 4783 2488 1296 1268 1327 4779 3254 3912 4812 562 2358 1023 1282 2511 2488 2303 2721 833 271 1818 1059 389 2509 2944 194 3028 2760 391 4346 4497 2338 3603 2626 4775 589 3227 2990 3868 4335 3910 3607 4280 1196 602 860 2041 3957 3258 4436 3661 335 1574 2461 1645 883 458 763
