3092 3234 0
3 2525659
1049 935630670
2 87919398
3 94719053
3 669440551
1 386629466
3 592827176
4 579246233
2 989439027
1 317513018
928 252800339
4 966315218
2 557191398
3 491683948
2887 835327706
332 103569748
1751 490399558
3 590331544
144 872443144
3 607185480
3 494133555
3 220645698
1 960298306
2565 809848351
2256 587386131
3 256356609
1465 99676924
2683 300055605
1 437942682
446 783901830
1439 285150639
1 296457644
4 4235858
1 559620313
2282 24613106
2 141540921
296 129608231
4 314574878
951 56578226
4 57022887
4 827124052
2 585562547
1088 251911286
1 532068741
2383 206548460
1 931002226
2338 158288113
372 983110423
1 110513723
1859 248780303
2 503602125
2 577184142
1601 912289228
3 30102221
2 645920327
1 315878160
2286 676691367
1 16332874
1973 896246986
2 700991286
2682 651811222
1 361960543
3 935724042
2212 81934582
3 426605435
1 987438863
2 539378569
1256 433900340
2 454340859
1 321960975
1 941215644
627 494974066
2 855442217
2 514817322
4 344836204
3 840473397
879 275849239
2 261361591
4 133746123
4 793211699
4 839366092
1 423901225
1 917549911
2458 676316342
3 546312629
2 412210617
1 967202594
2 763435785
4 177370001
3 347831953
1 709988724
3 57005786
2291 894242491
2 597118754
4 960810555
1226 161253518
4 669494279
4 701742852
2666 216811445
1128 346910395
3 659230198
2140 132994571
1 638961336
749 247133591
2 142122099
4 387581962
1097 808721160
1864 550433655
2840 922479092
4 349449277
2 973594956
2193 357427083
1319 824756692
4 300186236
1 535471388
1387 127887509
1 52524045
1 405355163
262 355515342
4 12294865
2427 302346164
2634 444465536
1238 750066733
2542 442936986
4 976558381
4 779061945
1609 87673155
4 280501455
3 287053147
4 262715379
3 17750623
4 129551523
1915 89619328
2 130584828
2 498007311
328 345887897
1 105457100
3 977119002
1 963194668
1 339978102
4 724148929
2354 363037909
4 795027282
1 971456745
57 676706174
4 465556779
1373 793784299
79 957180621
4 641841038
4 657186591
376 492413323
2 730707804
2 953715625
4 699978632
3 584931435
4 79360544
1 813968228
644 493969887
4 676045432
2 347818652
4 296214945
2 463618227
1 794831041
733 254372108
3043 995598184
1 571778533
1 922289684
1 539489221
1 45808447
2517 724888204
2429 6367743
3 329896434
2 369531867
1 232527423
1 534427149
2325 371021366
4 293851935
1 484193152
4 799836360
2 135008552
3 663219302
1 859291003
779 313093039
677 910387479
3 298835669
4 523734915
1555 466088869
1873 622028875
1 238746844
2 344244757
1 181580740
1 802401091
2144 243553085
2 369659344
653 923975809
698 686203862
1905 614388304
91 775359760
3 801783857
3 842717949
2 206138586
2 35643429
3 631167733
2 539552623
3 29445009
831 166227157
1589 776001888
2 649275759
3 803109111
3 529702033
4 354472464
1 496661320
1240 584800936
3 341707063
2 52463361
2 428415542
4 588939619
3155 918915766
2719 274656680
4 283927612
3 745923508
3 434183073
1885 420136017
1 647332736
2788 589054324
4 192607806
2 923244818
3 250664644
2 279601362
2845 860592202
2 501049393
4 826337767
1 339480128
2 733497780
4 141947714
2088 877879437
2953 28522765
2 292992941
2 708979034
2 476269039
971 895963237
4 210463879
1 74322457
3 169871436
3 658053874
3 659510727
597 32176847
4 576203585
1 840584573
4 658588963
3 17325498
3 70982609
732 558544498
2 944534173
644 17405835
1676 19090401
1 99139841
1 511961724
101 236870050
2 956496598
3 778494982
1 840035738
2855 554606565
269 522478440
1 93359606
2823 132665565
1 484272092
2861 797659661
1 364104775
1 243564695
1 199585148
2 188502291
1402 308792805
2933 920036964
3 889102581
3 393852057
1 836748057
1 472404894
2 209210311
1 899412028
2763 433635158
4 836477543
501 436353416
1053 531658493
3080 989273482
2 86208400
3 51272334
1864 194829881
1456 458531889
1823 22958131
1 309859556
2471 476403949
1651 524668250
2498 381519531
470 395222248
2 872410129
1820 141252403
1 908826919
4 446785830
1 330859923
3 178007922
3 333995112
3 47976655
2 65665823
3 601379316
3 7417762
3 198124882
2342 721046681
1 330380664
2 659284539
1278 530341538
2 530489733
3 357060317
1 550528374
4 255826497
2 688775723
4 525552072
732 989236730
779 737587841
4 454836843
2 627187272
824 327424836
2 940550085
3 163393370
3 188677019
4 944069703
4 523380234
4 257608442
2 297062885
675 982683091
3 486500915
3 172546614
2 894297124
2797 900226580
2 142977086
1 276469412
4 630856866
328 44385732
3 328157130
2785 596730420
3 160335669
2 849362757
1 882903018
2561 39225245
3161 7425612
397 65728604
2 738124762
1 533434610
1697 663414101
4 659195302
3 470450308
4 530749408
3051 146466023
2 260763914
2604 908114801
330 38106354
3056 166180546
2415 370544808
4 422650521
4 436320679
1 903083525
3 591206018
2 114841451
3 59299340
4 333851915
4 578606197
1 47099291
1 498539925
4 167110227
1 636672831
2 729220373
2 833800283
4 945136679
4 342398441
1 775510388
3 702145260
3 61302193
1611 418682664
3084 6970237
2872 559865023
1 694478670
1 405436156
3 450005471
3 22994201
2 649401513
6 279192025
2081 885851825
2 28438613
4 102472717
2 543564297
1374 213034995
1 113574074
2 215726985
1690 506121412
2 140757229
1 556258635
4 744409273
1740 890069039
1301 717111868
3 5969706
2272 184096451
1 930895648
3 459562583
4 307693440
3018 941282352
2545 204367391
1 401101458
2203 933194116
632 758509061
4 784142660
3 314173610
1 571580575
3 312745214
1316 144848859
1 782816140
2273 140744642
2685 459676438
2 596728195
50 303076117
1035 148380219
1456 362505249
207 959004798
2 608955825
3 288081168
2 799914697
2800 253789093
2 950093552
1 781963448
3 5007801
801 648061857
2158 263718110
2 713283982
3 697165997
4 813818823
1 52261961
1 950871495
3 987133876
4 573509327
671 466492506
3 292486921
2109 127578450
3 141560450
45 487791191
3 509356359
1 507798967
4 700944356
2905 773387905
1 741498781
2 944095262
521 646697155
1084 67563876
3014 821621558
2 359978527
343 298988159
3 82084639
3 181987557
3 191020455
1505 89468627
1 8504977
3102 537878600
4 787488789
2 429997031
3 873335749
1929 726879411
2 277575147
2 486659673
382 444757561
4 661898000
2 584299960
1843 1774203
2 732028946
250 634352295
1989 215282209
402 563272670
2010 478968235
1 675044333
1 921292570
3 998952830
2832 287222715
1 246491033
2 800368785
1 55935133
1 812833420
2932 954719838
3 351808994
3 466505249
2498 514577531
329 3542106
2 588519180
2164 712402667
4 400792508
1697 985280374
3 25706717
4 801654576
1836 463203301
389 352668757
355 548139984
4 968581872
1 738797577
2236 17482468
4 587599648
2 225588536
3 976400017
3 783619101
1 1283820
1801 550818341
1254 221588690
495 136847142
1719 170450600
1752 278590182
3 230710775
2 346021804
1775 796364529
662 344853196
2 524418740
1 510509571
3 905529312
660 888525685
387 456862579
3 944279851
2822 261591582
1 75126481
2 932905719
2 132452882
4 851522969
886 504572291
2 330138190
2 960575915
1 27895304
924 518081553
2722 697416896
2487 854825293
2 188571286
1 213601700
2 473562979
501 527876744
2329 389687979
3 43787225
3 377278732
4 481028064
1 730847401
1360 495609190
4 402171070
1 520467898
852 287123623
1 815821908
3 477560952
624 789597470
2 551527791
4 118205308
1 199615617
3 974623223
2 752952377
2 515931497
1121 401731471
4 534122579
34 572134753
1052 260026290
4 240273111
3 206835728
3121 89951202
1094 866382431
1149 116319402
3022 757247439
3 694209383
2888 244414751
1 730629369
2 171359949
193 635359811
1794 958661121
4 986730913
3 53463440
1 358461224
2840 204497482
2403 776063682
3 749897864
2 809272311
1 681086058
1 755225614
2242 7546634
2 692130091
266 759528472
1 864417647
1 662804829
2 656736991
1 53562939
603 39056238
2546 526466703
502 384654160
1 153087790
4 367449893
4 216593159
1 155105609
1027 613265409
3 287259472
4 89221315
3 742438474
614 920870033
3020 604890158
3 606493622
1 557352510
3125 660636223
3 316498597
2207 293589638
2416 453326759
2035 612336470
2384 627441900
3 503849250
1 265763972
667 851809023
1 874154083
2305 49718676
3 567906488
1 499843540
2631 774034282
1 819995214
1 88932359
832 112112241
4 141618076
631 768491317
553 170051970
2 451758715
2867 271152646
2 443605084
1092 41354900
4 844558769
4 408121503
2 891750255
2340 742512666
2 35220001
2928 755126840
3 784623193
1 324321368
3 210879736
1 585528639
4 75546742
2008 127468709
1 259124205
1 642841882
1 161538019
1 735248089
2 26927293
4 722928828
1917 640540987
2 567870011
733 274312056
1246 778946018
3 297553455
3 403227586
1 502590449
1021 491462861
4 737874442
835 749504562
3 80010149
2 871122822
3 191027564
4 497961876
1174 617458174
1 142935919
4 972363522
4 185757911
2 682506430
1 119291415
2 153934236
1 888300579
4 667034002
3 584643223
329 626051047
1 852985645
1551 110640998
3 633920971
2068 32171300
2 742969293
2 709799593
4 140166916
2 187427218
3 714694134
4 405847714
1 561511260
2 109826686
456 51658932
4 967355906
4 864307766
2907 86487723
1 75594249
2075 654681232
1 247208
4 318251238
2 429440133
2 304554155
3 471530521
3056 784358732
2 150282703
1706 745966602
2 199054973
3 229150744
141 534868293
2080 479870102
4 798294478
2 822459113
2527 711884621
1 486837149
3 324693165
1159 666600708
4 639495800
1481 421074167
1 47470043
1 519922297
1 665619658
3 844377304
322 380815064
1 611532997
2 693422667
1 168042221
3 994033597
2932 702701001
4 839797069
3 294073162
4 61050920
1 513856178
1 579292964
178 975217228
3172 12435907
2 286356792
1555 195004921
1 420788369
1 924841150
2405 815427181
411 158299909
4 239932411
1 590601510
4 163041514
3 185845466
521 797408773
4 786328477
2117 819798640
2 796673462
4 558387619
4 516579639
4 221084952
2548 107336708
1775 265454716
2 40793025
1 329466288
2896 810879375
2 520880265
2 429356006
2247 552018030
1 459851614
1902 414786756
3 529638486
267 122132461
1 70437063
2 486134317
2343 837388059
4 500926829
4 706978734
4 239010676
4 975590483
4 5819480
2574 159087182
383 737066040
2 900447931
1 542079276
4 406145548
2682 1125018
979 825139881
2 621459101
2 927586656
3 713745585
4 349712813
305 345603633
1 403150645
616 994384639
2 570357165
4 987722290
2 979888769
1510 375711691
3 193569625
3 635230258
1 915515926
1 844179349
644 951057658
2036 641760377
1 566552262
3 305121036
3 43574269
2842 380067934
3 20492975
4 411263944
2 311840958
1241 899124276
3 700597218
3 522423342
2418 795950311
3 807094484
2 403242408
3 802192132
1 6363949
3 410819204
2 267542095
1 292659453
3 616796831
639 689653795
1 771239001
1 795996628
2610 934191105
2 640815301
1 510193680
2 67893544
4 506192119
598 619307805
4 700792208
1902 892543936
3 356020818
2 1308763
231 692543142
2819 881007094
2 533788910
4 577559197
2 393679494
509 975578497
1159 577749599
2 636770792
4 260178547
50 322802422
3085 733672695
2174 978037
3 865482389
1 284710067
4 971805470
3 506436595
4 520774231
2746 386827456
2 163117590
3 354122321
2 277029328
3 596877373
2 304517957
3 915429006
1766 820519753
1 357071279
2174 791361768
2062 567562204
2 980293402
4 680937276
1 602523011
3 799275985
1 463897096
1 834177238
2361 182024523
4 594523150
1 680034624
1 575349293
1 132527379
2546 220206545
4 516970761
142 466649265
1123 155255213
4 230190742
1717 70099423
367 64262002
1 967429206
1 759000427
1467 856640191
457 505503478
1372 362933590
3 879820967
1 637349661
2 496019465
3 735146319
1 827933860
2 449603057
1 52753230
3 102926289
2 762840724
664 956761561
1 801773448
3081 78630727
3 6603470
3 163349673
2 655420381
3104 745439634
4 328797850
2374 697222079
2 721022828
3 595927028
536 137667328
1475 931265700
842 208268704
2227 240981935
2 83787249
2 647526840
4 281001921
3 978416615
1122 117964967
1 996856056
3 437292781
2 701171617
2 57622584
2044 127789567
1 199198848
4 808217298
3 527903544
2213 362460697
3 481959839
4 784695730
2 832046922
4 195496957
3 927666099
2 819471477
2474 259026914
3216 42737765
2 2225682
4 216279115
931 509443625
2214 707701287
664 893455397
2590 665337816
4 733881442
2 708431367
3 42063197
2 621668323
3 954485552
4 781552694
2553 287194260
3 9401761
3 28925845
3 577183977
1 738963859
584 394824676
2 243567851
3103 10004975
2435 765504392
3 223019788
4 900216425
4 798140441
2 292981229
958 950709656
2694 6763685
4 230588167
1 212101050
1983 38781952
1 121421979
2 275897692
2686 800693780
1 286214684
3 962303486
2366 485027762
1298 379872536
1609 433709321
1181 369422520
2940 109798411
2003 914998737
1 180784866
2 348890068
4 149713629
2889 115467378
264 660725038
3 364682052
4 144273938
1186 261618158
4 447502212
325 213992630
2505 289413437
3 135769304
424 674443227
2 346894558
1734 841893997
3 469849249
3 440712728
3 193146080
1 411610898
4 300306510
3 172643049
3038 495411130
3173 139582404
2 134766452
2 192872710
3 682890705
2529 286329841
2119 106349790
4 557108823
1 545971603
4 683013733
1 923452844
2 791153119
30 94691952
4 812063937
616 796098466
1 23330484
1 706684174
4 621942780
3 494046473
3 64862767
2 340993202
3 40926403
1 507870108
1965 650374766
2668 328016252
2163 579902704
1 765525310
2742 875120687
2 98380980
2 81823072
2 802098315
2 893057269
2 414292205
4 437925360
3 994112345
4 317762706
385 184869528
1132 173999603
4 673741033
3 915801283
2 935658475
4 456576207
2234 185464646
1 572982195
3 591846793
1 144343636
3 570156200
4 166767584
3107 156698396
3 153271882
1 822205882
4 604712200
2947 786445578
797 703351581
3 146398702
1 462430916
1 810798455
1 302675312
1 783029297
2 138071774
4 391425322
2117 228033918
1 278443509
1347 106212157
1 173172882
2 134274381
3 481156221
3 653250989
3 536974672
2 885086734
2 13024717
3176 333307592
1775 346619458
2 879354551
1603 642547550
2 763194245
1959 759984264
2 750997759
4 999711695
4 300052781
1114 853716310
1460 957200973
4 842949494
4 462751561
1 910619582
1 497951274
1 198684012
567 619200223
2367 394337568
2 135186743
4 161318184
1 412259830
4 708032218
4 71397050
2 116852829
1 725983998
148 728751663
3036 716330722
3 246541797
1 695263675
2 278931533
1 306766867
3 114150382
4 43834740
2139 666434536
3 709159679
3 363328207
2 101317304
2 40520440
3 861301847
2 616627273
1566 635079449
4 864528975
4 982088266
2 166588405
4 529996316
1 181203092
1 413604237
2 191163691
1 227219469
4 687713737
1 297337896
4 501889324
1056 246697717
2190 304226041
3 928339328
1116 72142791
1379 415795157
3 812956926
3 955006741
1 886641008
1 487233565
544 223729094
2730 859363843
2075 486341061
1 627868691
2 98702427
1 907948187
1 539412787
3 445030634
4 47970248
4 592765129
2 182548766
1 815885517
1003 857198434
2 927937421
206 472647557
2 429254661
4 291585057
3 246404542
4 184270610
99 764656759
328 686501908
2 157134307
4 343340232
4 350664759
4 889639021
1403 839997049
1 453953619
1 353371967
4 935545415
2 587842028
2446 600833966
4 235669359
4 494740033
1471 172275454
1 901484829
1 426323852
4 42728391
3029 986811994
3176 173341218
212 88593852
4 70286778
2 461447686
1 317638913
4 93213786
2 497930290
1 426721069
4 47014304
1622 135200707
525 350059785
3 501129550
1 378718346
1 147802976
3 853338479
2549 385643784
3 4637468
3102 57553422
2 14544038
886 166154026
731 220904620
1137 343245218
4 261408179
1 188906843
3 842758240
41 204881532
544 868956247
2 807862954
3 785654245
1 780438039
3 626429328
1635 862022538
2586 758660461
2 149663007
3 959148742
1 989668719
351 322280561
4 101043495
2446 736683878
1 61162379
1 595364114
2 350302805
265 145414973
4 23850244
3 396752189
2982 424198397
1 15838815
2 975775594
1 957154122
231 646890659
3 322626110
2 18265029
3 526033087
2948 955253679
4 395884726
3 363248070
1746 788742030
1 677492947
2398 262063716
3 811070294
1 181251884
369 185571359
904 376589951
3 299917634
2 988153468
2 887853422
4 495831525
2468 343054630
3 971324256
354 796557666
552 971105800
1088 96321775
2153 315581504
2218 654420616
986 712536497
1 834159206
2 726721267
1 83074482
4 422803416
3 342938679
2272 59846924
1 833697845
4 722570560
1622 538032715
2 515778935
2 795972912
4 250330796
1 338766053
2778 775721679
4 630171065
2874 403752809
1447 903074753
4 935128274
1 22872230
1980 801377765
844 140782217
1048 540794669
4 629796879
2 68260788
1131 88258445
4 848627079
1607 600437532
3 163156893
434 720105239
4 176549807
1395 309356508
4 90318056
3 813940935
889 202419454
3 740073336
253 524428736
2544 394929335
2 639125190
4 7257040
3 263105915
2379 684331072
1 934849938
2221 110814604
2 3732091
1 701013012
1296 198585926
1 954662134
4 230499319
2 307012091
1 920225267
406 233541574
2711 458614591
1358 439179481
1474 615683795
1360 433307616
4 971516062
1 133357891
1 243138957
2 148632075
359 936531719
2 240179621
2 13674791
1 46160199
1438 320445171
1420 42354614
4 157976232
4 472371653
1 14667906
1 659370623
1 969797710
4 635292362
1 679448055
4 649966909
4 985276627
3 488612186
2 262723721
4 282029212
1884 912521575
1847 670725445
3 188328090
3 582629860
4 370996532
3 142191506
2 436710730
1514 263734011
1 356657632
1 286450610
1 909663545
2735 52410432
3 893324609
1944 322488631
2 512075524
1625 541962909
2 631034671
1712 878322163
1 881482028
2 121529092
4 758820049
2 229166782
2 763274824
1 183334578
3 180521027
3 15760356
3 297239806
1743 727160774
3107 582148195
1 275173107
3 709608957
3 78893701
1468 481622065
3159 179687646
4 401501890
2942 895397291
1 332518843
1 189202717
4 338482625
142 488224872
1825 797141569
2854 707462209
3 997878121
3 687027118
1755 180248385
4 741468853
4 911438739
2578 250486561
3 992424807
1 112704613
3 764753644
3050 198719684
4 729606287
1 970639764
1689 909286730
1586 658975988
2 976035495
4 739141834
2090 470626661
1774 703222644
843 665591967
1 90524489
3 850578324
1 521769565
1926 737711097
2319 723952183
2780 93149118
2 779393371
1 666328801
50 44407712
3 385065911
227 165249829
2 268259004
3 365868582
1 325014556
526 968449362
1305 548741833
2574 467489259
2428 540040660
1784 718511721
1 891248231
3052 492234623
1 685618179
3 303593555
4 99094367
2 696733599
2 737850940
4 560643071
1 873330657
2181 452030719
3 151036409
2325 948009268
3 15560048
2 371718105
146 215445932
104 173070466
3 996712233
1 367982142
2496 872570851
4 266708410
2 757416982
2031 533316370
3177 640799573
3 580160475
1 228711410
3 537945595
2447 71476044
4 830150473
1 277205261
3 948385901
1 281459456
2362 15347322
1 201900536
1 523077141
2693 452706501
633 560621543
1 419789418
2 447830855
1 914235094
1 18658710
3 198617233
2 406772028
4 162666584
3216 533362765
4 76405687
3 175856201
3 956314085
2816 726904968
2366 742604239
3 389789167
2 562241233
3 246328109
2 73343398
707 4637626
4 479697578
4 133405143
2 421386906
607 854093444
2 414293627
2 182341890
343 633901125
1 171799262
1 573313645
4 463796698
31 71656477
3 736782836
2114 551944671
2 457346409
2331 273538450
1 324074942
4 301526168
1276 974704246
2 725745801
4 121515303
864 116649678
4 258608029
2 79350344
4 49954837
4 854834845
2 504112557
1499 243416771
1515 954952519
2 935042558
3 695375844
4 887395269
4 630592116
789 961158115
4 798214679
4 272578436
2 490362329
3 131759216
3 782500206
3 761658720
4 361444395
4 162382857
1609 701548662
3 565701264
4 845881741
2 216950084
2 668245092
2 753638828
1498 383416174
1 367265753
4 928066421
1 710157500
1 456483057
1 934051890
1007 673409024
1425 141896417
4 922010246
3 432929768
1 688628724
3 984226043
4 714825324
2 279164550
720 147006212
2231 600776462
2 484139133
440 807735311
3 301232119
1 941538440
1179 58097768
4 429696587
3018 671994253
2 383495515
3 36216461
3 102363597
2 241000231
217 30332814
1602 922157468
3 883148629
4 210400778
1 286233743
2675 992614957
440 861065775
1 843507972
2 593531400
2 962870336
2 250008112
1 113874336
2 397004750
1597 279442520
3 174348534
1468 529788819
3 771422216
2 510470440
3 61723493
1 666661721
2 805565736
1 324523532
2 758142359
4 585579729
3 687924250
2 508132267
3 258800454
2321 756934805
1740 500518351
2104 74597632
1 261453051
1596 548057765
2513 325550020
657 97950756
601 434746459
1256 396743537
1 492460335
1510 847045064
4 563924651
2 363834188
3 261100869
536 529533347
1 60521930
803 949204262
2 722367538
668 888017241
2395 15119884
2226 506989318
3 810033149
2 236211164
4 811530096
1339 953217576
1475 381794946
2 180486564
3102 412193362
1557 88254257
1 755937147
1 437687948
1235 840212997
1 12879426
2 583580027
1 443253296
1060 694249505
1968 194122688
2 886872114
4 942684331
106 750882822
2 947472154
2 526321599
1 970599526
3 340330801
1957 429932468
2942 577859596
891 825795310
1 992673386
2 991124805
4 784029537
3 910087095
4 426687643
2341 852737110
2 675533483
2553 474732908
4 922503508
3 13355983
2 311712089
4 297920296
1676 73494219
209 582034933
3 760398123
3136 938591910
3 746973723
3 318466430
520 755487995
1 539278439
2 547389766
1571 397158406
1100 959228065
1516 395476262
2087 120621191
2664 288746430
3 533947119
2 743286392
1 412720286
1 924182303
4 674895739
3 815306580
1990 696334718
4 254706003
3 980006885
2 190449349
3 749038334
3 609613311
3 586054303
1 262172081
4 252520906
4 701699035
1 281964529
2749 202814515
3 515348437
1185 616353097
4 856322173
2 797211015
1 502992404
3 997577978
2733 718710403
2 751553527
2 625037343
425 300565914
685 675826763
4 828846361
4 497194691
1608 993312634
2 144566
369 446240990
4 352371229
2 609148845
329 868230634
1865 956627232
4 16885268
2 917586665
1247 931664870
2497 811708126
1 418846767
1 507689211
1 401322031
1609 957609134
452 27169728
3 423423488
2 895255962
1 329377987
2 421190533
3 934356820
4 92640639
3 643741905
1129 807973196
1970 571460203
2 367169844
3215 525443382
1 124919780
3 200424114
1 871043231
4 985126244
1 797857797
1402 762243691
1 562310785
3 673071000
4 289684454
3 775651239
679 526778654
742 929508990
1 378252750
3 592164707
4 507121164
1172 521882826
4 462947585
1772 878715140
1376 72721218
4 788073420
1876 155421944
1864 815549801
2 93690048
1 586859374
2 43223180
4 204593706
2 202403905
2908 868455151
1 285592628
3 905839257
3076 414429895
2 348504851
1276 773782159
2579 499976601
3 531434394
1 334524375
3 497146854
4 823257111
4 184877888
554 673920474
2 588982406
2833 413797566
3 830833893
3 796777329
677 105576489
2397 778093764
4 335995038
2055 84418759
3 817694631
1273 633407821
3 283021594
3 952489834
2 372765319
2 255865311
4 332573877
4 583259609
1088 524703268
2 175157313
820 244897751
4 58304984
1 489342096
3 396720243
1 579567728
1 348129875
3 545232102
3 502963398
1 534363288
4 165996714
3 642530603
3 964873614
3087 723255722
4 338799819
4 179352898
1 549360277
4 670315967
4 771847097
2 424854644
931 46988804
1 989893135
999 817212610
2 79827435
4 270113731
2 472372449
2626 656575424
2 805758121
1470 903471998
1078 853432176
1 581363493
2867 447599657
2 646455024
2 414137337
4 181301092
2823 35516170
293 137433151
4 783124843
3 242605775
4 576250666
337 98873163
3 860170914
997 788734708
2 379424209
3 568595096
3 151047615
4 474396019
3 36298872
3 492034950
2 573452969
3 824755271
4 464565786
3 972929000
1474 991029386
2 83141237
1507 588959273
4 264692956
4 87356402
853 29925398
2 787503369
2 360210099
2276 433571733
4 531255099
428 771631985
2 839098624
2 444397115
2 212649479
2860 276121373
2 252171032
4 518066037
3 795258899
2 466396550
2 992850055
1612 734794778
3 163226369
3 97746672
369 574064054
3 859454725
4 15552109
112 215531605
2 850521472
1 370456803
4 348298182
1 476540030
3 705608209
3 947976897
3 368831465
2760 88889509
1 733494691
916 594462357
1127 788119342
2 530612971
1201 25396366
3 103190959
2871 923752484
1 141592626
4 313644882
3 338743862
965 340079924
2395 584859971
3 44287322
2 864563600
2 782769011
675 275973552
2447 266647560
2 1387506
4 87209265
2 472995973
1 630960802
1 896471950
1 280698576
1 266618349
2998 653057947
4 495162440
3 914269124
4 894866687
4 487638550
4 789401769
2 457808155
1 368635058
3 914232804
422 724715191
1984 86029641
891 255483041
4 948456851
1447 781070532
2887 379885764
3 281971045
3 323797401
1 257481646
320 549470594
3168 293609082
3 582466943
1 173191295
2 125513085
1 770003481
2842 347445595
2559 741643460
3 783324083
3 804592011
2 890685285
2277 847457389
3 572269744
2 21625542
2 871884841
1605 403139079
4 161469392
2 460739964
1 668254202
2350 629185614
4 534811590
1 511162125
4 33268479
3 161630168
4 398320886
1 304347593
4 650276157
2 44658140
4 233104513
2 933891983
1 775358858
2 38025191
828 981347679
360 486775277
1035 705784571
4 771164292
1 149671132
3 363749321
2 674473434
1015 504915760
1 246443486
2433 440005260
2 208989478
2 770914019
2 541003305
4 943497270
3 52781995
4 431260200
1 250238143
2 659122819
1837 197780544
2893 586552504
2 164297176
1 907922844
116 555464833
3145 647100632
3 374521421
4 515053225
1 217188750
397 781827969
1823 34121349
278 665403294
4 217831352
1249 408159067
3 413161937
4 539508253
774 674693051
2 800894510
1 400471869
4 480724210
48 271832957
2 982425513
1 685666079
2 792459836
3 642870338
3 333700631
4 371648428
1525 236122849
1 896281071
4 24948657
1 996696848
2 66369269
4 835640866
4 343753045
295 848928919
3 265606688
1 416121854
2907 714387885
3197 732081707
1 595534108
1 537721317
3 845971502
2 103043677
1 666141391
3126 572498039
3 574484411
1 193534400
2 914635401
4 963505282
1 842449741
4 552907661
454 265523149
4 362341259
1 192183691
2362 864543528
3 514091696
2709 901805222
295 15206282
841 503086181
2543 995783140
2 31165604
1 161249166
3 434549960
3 901676135
4 72653259
3171 612383086
4 409766258
3 445780889
3003 493815190
1 481996927
3 475923730
4 718676893
1 106621797
1 13406805
1869 507747200
1373 24373745
3 238325458
1762 743586613
4 912767918
2 812121334
2 246275099
2613 64441259
3100 375262003
2672 649163058
2 913786279
1 57979256
1610 354117640
4 394570070
3212 575771820
3 305004228
1 617466928
4 907673845
3 747671903
2129 405679225
2562 957039953
2094 401188852
2 212901629
1748 183700080
1043 350399204
409 491746307
2 620524188
1701 121024360
2 17399075
1946 178673624
4 428221978
2768 827239770
2 523043300
4 470382705
4 848219397
3088 537151189
3 167592976
4 777758860
2 62851669
3 771294322
2036 168736898
3 526904599
4 255250917
3 999426898
772 580281418
2 225804653
4 342252429
894 511733575
3 515130296
2 842205042
4 231227288
4 579203069
4 761630294
313 852204740
2769 914878714
2 554522624
44 920925618
2 199275547
4 740652080
2 357705910
4 812631412
2 668271591
3 512521391
4 150512658
1 256277700
4 107866365
3 105552981
622 125377716
3 337722670
1 932728810
2 949507969
3 628903266
4 345982881
1 135058855
413 615484596
1816 970705599
2 855910217
231 25057929
4 701456119
2678 66075233
2 600383499
1251 923090278
1492 301087999
2 162077157
334 182171214
1 448059679
2035 146191276
2 296741857
178 996593294
2687 620735318
2 72697680
2404 890248227
3 394154749
4 791187108
3 378649046
4 912149867
4 195414713
2 167170729
2 691818801
1 262242454
2 126620446
4 62415051
2552 476290614
3 475102206
2079 452372006
1096 549276010
199 233404991
1 890751110
804 319321258
1 3159255
1443 697626525
2083 466843773
1 246488217
1 551892946
4 949746302
2209 759557210
3 807404463
1 849430649
4 62761031
214 988808896
1430 210444324
4 990942751
4 619944697
2258 833511631
67 555761224
310 477021210
164 707442039
1 528467626
1 650339619
1 215024099
2010 678649294
253 5148716
4 770107340
2 755459793
2 612419840
1947 197481847
2893 602115510
4 489270092
1 642136806
4 812526277
4 240599951
2331 998085232
9 579009364
2 150598122
2569 629619957
4 905127800
2 292696600
1667 610275533
1 664429434
2 425974765
2 274022075
3 259356552
3 553965924
4 541934593
4 579761808
4 641845352
2073 574416657
2012 887932053
2 614179530
823 576524759
938 934818270
1 296548050
1547 61444232
3 426342006
845 688187860
2 658787584
3 702685040
4 220438920
1 41360433
3 484907914
2 901357265
2 619685631
3 256050509
1 836004818
4 535638970
4 604530899
3158 998903363
1158 846350463
1 796960071
1 441264620
3 580930438
4 28242974
3 656682982
1 918887763
2133 170798516
4 34466500
2 410036482
4 346684287
2427 114555168
1074 607886022
730 832019384
2750 560170331
4 560258894
2 926511699
4 154244830
1663 79835805
2 249542461
3 681065525
2 908520721
2315 4269734
2384 97766434
4 71192426
2 371491135
2342 391152244
3103 218600887
3 681265499
1283 458616125
3 95310699
1 410920934
3 794464734
4 976506884
2910 252207561
2182 495136227
2 424764911
2 423525989
3 643799030
2567 634955845
4 411168824
3 896506633
4 159002096
3 21114735
4 186780065
1 462179050
1040 392514654
2 993047369
734 309900787
4 717590558
1 198808596
2 978605490
4 60636103
4 235804231
1 937406859
1183 959339183
749 849469136
165 205707413
2 277587798
4 491512151
1 403159166
2827 629991146
2889 4731621
3 401649291
2 30381475
666 819080907
560 226927261
3 710250645
1644 960397066
3 215804011
1 656722773
2 572451008
3 705584687
3 969526399
1 629441642
813 558588283
2 152913382
3 154768858
2 774427568
3 574754753
2518 845598675
1 505033736
2 576120656
1 238665931
1 981106151
3 657041629
1 778354652
1007 5305863
2620 760844769
761 905305678
4 154673002
3 237295170
987 38590508
3 190445971
1 644108795
1 319259628
2747 842890053
4 227883714
2743 169880782
2 576401044
3 938823351
3 438642957
1247 106456304
4 165597285
2599 499692898
1 612969859
2126 586089021
3 52786185
856 224940713
2217 230818016
666 244263843
1 674963759
2 248294587
121 341149348
1 72618233
3 660955627
464 815443153
1 156125636
3 423630179
4 718210368
634 451173242
1 122794404
2 415783839
1395 186311389
1 932453346
768 595211310
2406 904518741
2393 794049158
2307 798354641
140 700376266
1752 605935535
2 387892452
480 719674300
3 124528523
1 227373151
2 374362396
618 723892404
1 822974469
1 241862657
1 275840687
1 481894255
650 146405190
2 326055811
2509 904480680
2 560303770
1 208631918
2701 925015833
4 481864606
2 727374277
4 609735483
500 171749231
4 762111580
3 818226186
1 872587002
3 61233373
2145 183499051
3 776558859
2 973242284
4 694338240
3 328520616
2 552207081
1 139755790
4 896771516
2 751120658
1 117693088
2 679133798
3 32266893
1592 41803145
1 643730107
1 188111905
3 74383264
1791 774620312
1 944571687
4 647530919
1131 12419094
3 356688874
2 407025481
2 372858828
4 688573328
3 934118401
4 754700435
4 517970646
1561 679715762
4 75733353
1 587135392
2014 974472929
982 760753672
423 449249469
4 301056211
2 175868564
4 149183314
2947 854750337
3 702270528
3 405704138
1 308442766
4 707499189
1 159659009
432 14355385
2 325729548
246 358847172
3 434464215
4 233066830
2 875400374
1878 432062102
261 664530245
3 973195567
1748 363273255
1559 287996830
1 92732811
4 833532301
2 260106264
3 830535423
1 339801545
1 300723173
3 419425205
4 913501126
4 298372857
2 832863620
4 192636179
4 512839187
2 267247980
4 203097773
4 121591301
1 940152155
1 453919814
3167 609267447
4 267742683
1 940477371
3038 878680292
2 630310797
4 169615236
2 425571230
4 802244958
1 193332690
2414 497927339
2934 13606940
3 931020785
4 612424308
2866 607283156
257 316001692
3 39370825
1037 391804464
1894 532736152
2 664573786
1 549251676
2 600303702
2155 587315495
1887 486118581
4 205986982
4 294149440
1 109825366
4 823727052
1 307654897
4 350473157
2 433108097
2865 490582402
3 993585174
3 135684503
3 109347971
3 42430697
1 174307687
2 73153501
1 858556869
3 36015255
3 431971460
124 923921216
1 332216391
1 764706833
377 110587088
2479 652978042
2751 801628189
2711 854625132
3048 137563129
3118 499279973
4 835571371
1 278388934
3 555935079
1604 752961870
3 640552051
1 129190535
3 71745232
1959 982293453
3 946728755
4 955650414
394 339689253
32 508497886
3006 936398799
4 267223970
766 200895962
237 169451660
1 158804048
130 783514988
1304 218395577
2183 686196644
2 840513220
2326 444063110
1 421859652
1476 327953255
2 88655192
4 567879533
3083 631779000
222 275906415
331 762977685
1 728303495
4 549594802
2179 307490953
3 723627737
4 595856605
4 132696743
3 999432632
2 669555082
1 474356270
2 701855329
179 868169839
513 516446849
4 759882068
2812 288894146
2952 99231637
2515 607056706
2 511794359
2943 981417079
650 233529480
1 264617432
2 138187781
4 79035411
3 403157540
1005 781585171
4 759431924
1 374931020
4 605821266
4 53255073
182 31836283
4 752764349
1010 727347615
218 256087339
4 250368195
1 592979289
1328 727665073
1646 764309309
1 141030238
1 821799032
1029 262286796
2910 144161932
3 629709390
1 450585472
1 687494622
4 606072454
2 739721194
2529 115593159
1 349087171
1905 494599243
848 930777089
1107 985456224
2 561623850
1 960240948
2 416900293
1 617152548
4 5179081
3 70823408
783 749373363
3 612171731
1 975785935
1 171718353
2 657041726
3 468614622
163 335346796
2209 280361548
1 450077835
1338 772115157
2 615622626
1 727569233
4 778803887
3 77561521
4 143186969
2 651905130
4 682688220
4 88680024
2 200260799
993 499282428
2242 933394998
3 981728963
465 459933812
2 371585641
3196 947225643
1 708789092
1 224055423
3 564116257
1 779411666
4 483631634
484 594339451
2 309920876
4 9149609
1 89873389
1305 25271715
2 251531854
2 716004542
2400 931093648
2 560567536
2 300449761
2 824713327
1 49420362
2 941390038
1 774155893
191 143267685
1019 61220349
1 655256542
1 720904245
2 86162154
1 240573923
450 698403973
2528 699204929
1 31612135
3 973650875
1532 458618931
1561 338556060
1996 55303343
3 44707083
2181 809589778
1 360817636
2 479700437
1 24444077
3033 889445722
1 877640328
4 817271545
440 734582691
1 608732400
4 188320350
3 591710788
4 457171177
4 302866872
4 292805888
1201 746817499
3141 85835276
3 788715005
3 966463954
2858 746783416
1 194747932
820 16756357
3088 627793680
1 788325311
1404 128209493
1 514012753
4 620780962
4 937147072
3088 930881875
1020 412802798
3 195935913
4 670143859
1436 705888184
3020 106423756
2 902710825
1 889853331
1 640550026
2399 14770841
1498 275273057
1 212345906
3 922610726
2891 726314565
2014 665222772
4 910259682
1790 974103762
2574 280917282
305 631527085
606 212253570
319 469420738
2955 349356755
3 354948054
4 890589975
146 47138360
2896 482465143
1580 344014468
562 160704171
1664 950454490
2 140636675
1970 942117510
2188 869019631
2 827627209
3 415318653
2412 60411812
1524 837688259
2 480685212
3 431876451
3 962861770
1530 665456634
1 44559144
2 394598106
3 277272532
2 924757062
1141 775589980
4 345670454
2 535755863
3 635275623
3 782122464
4 65738271
4 526948461
2 487461
872 198618241
4 389791205
4 705567266
4 127594523
680 547380746
3064 384433062
1806 994397687
1 577799459
71 347452179
2958 435814650
1614 56429575
4 968939568
2 260605130
3 535151069
3 356925593
2 983867762
729 231448949
796 574257153
1 5664924
2 318929392
2326 964659509
1 360015583
1 640466450
1213 979119361
3 898750423
3 132985107
1 385866859
4 751219588
1 574436365
2942 728714021
2 439852742
2 103954978
3 506653561
2897 963422483
2 216279935
4 617700802
1042 11077666
2 798004952
4 834061795
1 267187768
17 204579443
2 324283852
1535 658652231
450 192892611
2 65747182
3 741213422
4 816590317
2 115451625
4 89580968
4 889817257
3036 977881782
2 701633275
1497 54944733
261 185118557
2811 722211081
3074 130891169
4 145725745
1673 32009989
1 535163099
357 377378948
3 282520305
3210 52786054
3 101367251
1 659817257
4 967921470
3075 244704865
3 51750501
4 8519435
3 202840896
3 616247587
4 599505822
2 218997013
3 103673672
760 120070125
2 340589898
1 74174905
2401 693035958
2070 254192325
2 981293436
2320 506523492
359 666944207
2 287582627
2922 978208851
2 942674067
1 899854208
1 781878073
1813 361522576
4 970432529
1412 271038134
4 569595863
4 153014880
977 871059662
1 956684441
111 494318222
3 368697415
3 920390561
1364 898964528
4 317970764
1251 661888282
3 996832961
4 962053731
3 560716465
598 244356890
2353 809425372
1 937058791
2104 389762855
2 874513318
3 82629056
1 558947902
3 866061128
4 59681008
2 571981542
1272 95141760
3 101906384
3 850857924
1378 707161945
3 98085803
2 299383426
3 20551563
1 761807946
2739 665415291
2 670004637
1 463035775
1 306045970
2 216886644
2549 463191660
2 636969550
2797 476529121
520 922643194
1 742172915
3 203925640
2592 197917182
744 223067179
2437 689713586
3 701967330
1 18920907
3 694950579
700 157469777
1118 952523320
1 555519647
2 804525526
4 182473931
3 718638047
1847 335992414
1 347077637
3 696973281
3 508415604
1 906601765
1651 230521696
1478 117381680
2 579877522
2 325360277
4 67115599
1 251081144
3 374662770
4 423193003
4 178757833
2 450713107
4 762895864
2 970418169
3065 756312134
3 380365508
1 672724988
3 259783838
1 545058092
4 546831000
4 743204920
2 296854679
1 515069680
4 300534969
183 666309496
2189 959803549
74 893537673
4 654933626
2 987889619
2 763649953
3 282281882
3098 219044807
4 534265464
3 254672949
3 924711955
1 912401202
1655 106688739
2 930876954
1 322529924
812 271579133
2 648955326
2 293382577
3 929867210
3 255366857
2 898715331
2 374925002
1 544125270
114 43034271
3 737240568
2882 373283932
3 887344651
1102 250113154
4 344807866
1 713731462
1 333858372
1 240312193
3 714486792
3 540877260
3 148230766
1528 640893912
1 735292351
4 597199416
2 59860309
4 703925360
2836 277039832
2 327085268
2 802593428
4 559212211
690 506841733
4 770276494
2786 275251319
2 126650473
1411 498479892
3 661939533
2 727532830
3 740360459
1 256336213
736 632373685
4 856629699
3 530741135
4 43920972
4 23009139
2 721557910
8 535624734
4 652973724
2 748440852
2 868971830
1057 381783010
2 828118333
3124 280050807
1114 955703715
3 284545606
1 957604254
2 536086667
4 491042825
2 88720697
1 166716446
3 266270713
4 37783412
1 651212755
2 840818102
2 605520022
2402 913122721
2 761757595
4 253704305
2 654794266
2236 412275999
3 545515477
591 273296877
4 103090700
4 498116648
4 916211998
3 524762704
2 664487470
4 867103994
1 399467347
3 463949620
2298 749736939
3 91373016
3 551814686
4 398494855
3 475760677
2 858810191
2 784352921
4 600337422
2258 886493277
2653 159715838
3 611668101
1 963663533
1 282775006
1494 216522646
832 384255601
1 727593711
2 39113328
4 811223033
3 878916129
2 534464070
3 307816721
2 470846735
1999 804990629
1 436320699
2 751653398
817 766764188
1795 6993925
3 623843128
2718 578587260
3 341178412
1 888520695
4 290444257
2026 271717287
88 414569373
2 381555470
2 899140577
4 618240446
6 298225097
655 558839812
3 423382974
2 357276114
1646 82077768
2805 822843067
2 679183266
3 942066549
2 559326266
4 701831421
2 544332784
4 43175778
2984 249742138
1 163404917
1 427343389
1 637175396
2417 890086956
170 349729662
2 75474641
278 208024171
4 795417947
194 795860488
1513 30051021
1 586978959
2374 189120505
1 19920481
1 821191391
4 864099019
2988 689062650
3 486211717
1 497583830
2 879379983
3014 171214548
3 178741436
3 298075843
4 443696677
1 351246697
2 954422750
3 379678059
1 207318767
2 541036733
2231 943808258
2074 769776263
1 908564085
2867 427330868
375 847518060
2476 453404973
1 790664305
1 211448479
903 482604732
2 907643586
1 79806795
1 813112551
625 612182672
1847 622655149
2149 211381289
4 670790528
813 982397556
3 101936186
2 660791941
4 945313221
4 201530309
1 660737519
2 991481583
3 655296245
3 21022777
1 501953947
1923 488609029
2 323935493
1 281926706
2 4329658
3 597899378
2 351047429
1 217737587
1798 396463777
2092 577923603
2029 733576292
2 348834428
1 128563448
2414 993906157
4 434468488
2944 440228135
1 82579887
3 108289045
513 444899102
4 582144151
2 964356679
1 63145304
1 330624262
2 231460727
107 799889732
3 860293369
3060 25214039
863 365665571
1673 248150064
3 978193929
3 244787387
2812 452556063
2 469855588
3 150958972
4 709944339
4 42610080
188 438415164
4 425752809
2 422398251
291 609061094
1 372671283
1 5420177
3 203491392
1 222820466
3 159839559
2303 966014786
3 186231094
3 142251709
1 838834629
2 267204937
1859 461144062
46 406866318
2 141921937
4 733346909
4 129104967
1202 987966419
3 932646608
2942 894247743
3 29017930
1 467151811
3 555864699
2 516263
2663 623432806
1 574351408
4 912234871
1079 749739395
2119 97560486
704 939982947
1399 336624875
304 981783920
1 10790715
3 474455483
2 779260119
1 402466995
2572 343032137
3 879807880
1253 626398132
375 823149979
3 395899604
1 1 2 4 5 2 5 3 5 9 2 12 13 2 7 8 13 1 11 11 7 8 20 20 4 1 22 6 20 5 15 4 11 11 26 8 13 30 19 34 38 42 30 1 25 27 43 28 39 8 45 44 36 33 6 36 2 52 31 37 55 48 36 51 12 63 12 64 61 14 7 18 72 16 43 68 53 10 17 53 40 13 43 60 21 69 78 1 36 65 54 64 81 92 27 73 9 31 45 25 92 52 30 59 76 14 103 107 26 65 93 18 68 41 76 54 93 97 8 82 38 5 113 12 24 117 86 102 101 65 66 1 127 47 79 126 134 112 13 3 42 71 43 24 7 77 66 18 25 96 111 28 152 52 40 109 10 133 30 99 4 73 44 115 85 106 15 55 128 41 51 63 83 38 13 10 17 170 176 117 75 180 126 77 103 54 48 42 49 114 111 91 95 46 168 52 182 15 27 24 53 138 192 192 96 187 140 162 15 204 159 28 174 137 180 146 59 16 36 108 71 14 68 113 21 92 84 25 178 46 157 53 66 112 208 120 151 120 198 187 134 114 155 96 207 77 15 50 60 33 105 16 202 71 7 24 201 5 62 136 103 219 67 229 118 19 256 234 180 246 65 39 137 146 31 211 206 269 248 46 251 103 171 274 92 183 103 103 29 211 97 194 165 201 95 179 129 12 13 268 146 8 196 228 204 219 258 93 236 58 133 262 169 91 161 66 223 263 56 167 150 283 167 308 148 119 227 31 33 258 172 76 59 2 127 94 279 86 71 127 226 102 303 173 150 73 158 21 201 280 202 150 332 228 246 79 32 215 195 51 343 122 294 206 222 5 248 226 72 60 62 251 206 24 239 295 4 187 109 126 286 44 80 222 9 43 198 92 38 294 181 293 163 14 200 244 192 127 55 274 235 163 29 172 232 286 124 393 47 408 120 362 295 72 394 301 213 181 63 227 289 173 169 107 227 294 21 133 312 380 360 238 300 296 348 377 280 81 189 339 137 442 398 406 405 234 401 170 62 18 34 109 345 21 43 410 37 161 258 428 3 170 1 312 63 192 199 2 113 362 283 312 3 237 289 168 122 251 250 25 371 215 418 15 79 466 396 255 478 200 186 207 104 327 330 434 401 95 278 258 2 402 245 452 208 87 301 203 262 229 136 87 312 152 349 46 485 401 60 469 299 242 418 73 135 494 78 510 373 81 105 34 173 495 393 441 65 85 483 48 108 118 522 253 488 269 436 490 40 338 518 444 40 344 415 103 362 275 47 100 386 182 305 455 40 402 338 531 461 396 160 73 166 260 43 104 99 226 468 568 420 440 349 497 251 272 243 147 436 226 591 291 495 520 365 16 327 237 472 587 517 516 26 332 9 228 140 318 570 271 319 155 208 590 276 13 185 393 436 166 175 290 418 575 447 153 2 628 392 307 16 148 477 107 107 142 610 425 275 181 19 129 519 611 77 631 215 96 549 390 64 151 623 482 223 343 258 39 540 513 550 233 81 608 256 272 361 504 643 459 670 332 268 405 94 144 476 601 423 406 588 621 172 341 107 522 26 542 179 573 654 272 135 617 188 325 393 495 307 544 248 372 422 551 641 313 181 672 3 212 345 330 218 301 22 113 492 549 344 151 292 391 172 344 55 375 568 698 570 420 135 389 387 79 491 349 663 135 151 445 173 127 343 95 738 371 259 587 645 66 648 579 416 503 637 373 209 165 605 711 319 552 391 569 762 487 396 689 685 51 488 433 629 70 493 467 90 639 394 373 437 81 518 219 128 241 740 475 267 269 426 123 768 230 34 378 400 623 326 275 539 89 243 796 346 109 314 744 669 588 646 563 737 451 465 164 131 328 556 658 759 88 541 433 794 454 733 245 759 323 635 606 560 368 524 674 544 496 678 641 255 108 510 752 325 1 471 766 220 128 241 387 438 649 344 240 712 713 710 695 33 90 104 549 131 386 93 223 638 313 696 100 33 16 671 637 461 200 184 273 586 229 583 633 637 645 817 296 525 288 879 742 359 174 633 116 762 392 234 635 453 596 543 694 866 85 872 2 189 620 762 538 594 521 370 198 399 473 112 592 234 412 431 412 710 352 650 585 686 82 210 94 396 63 654 670 574 480 851 102 174 246 404 508 692 509 678 877 841 47 402 592 610 916 730 269 102 913 854 139 473 314 778 306 85 426 923 710 313 800 951 125 499 368 647 508 611 236 203 871 12 462 449 849 440 541 291 86 871 795 709 264 897 117 497 124 151 172 514 827 913 769 551 886 305 98 23 230 838 697 949 54 685 6 809 776 563 550 658 644 198 273 171 914 4 343 910 28 679 1 842 399 695 701 564 383 244 568 892 863 691 828 581 675 338 1022 331 628 1005 775 496 841 463 211 26 184 1000 142 1009 632 630 113 82 285 191 118 382 611 105 243 229 655 97 963 512 935 136 681 373 1035 506 282 425 390 253 312 212 48 522 482 1001 914 299 756 569 726 545 609 120 158 668 142 590 816 1075 748 667 748 807 1088 400 1036 996 148 453 901 790 1116 830 329 251 461 255 515 207 896 120 579 720 530 231 661 175 793 317 949 489 541 543 205 440 838 386 398 516 25 269 686 768 96 1088 116 968 493 688 883 322 1011 789 2 1108 98 512 839 1111 1035 194 845 743 258 817 1130 11 1116 326 782 401 928 807 573 137 319 869 562 884 15 682 468 38 618 514 579 528 250 606 986 613 188 425 425 380 813 1130 1185 1074 727 59 289 403 868 884 506 784 433 916 702 995 1009 783 45 944 901 967 294 1052 367 879 713 1111 663 1111 340 442 742 729 316 596 386 780 813 900 523 784 741 459 337 729 438 668 476 1095 615 395 790 661 1237 268 777 1052 306 647 1064 475 28 490 1210 439 302 852 393 1183 532 677 1090 959 346 467 494 121 1037 270 1107 1090 175 1133 352 1168 1238 67 1240 937 343 367 287 895 1027 303 1108 349 364 30 60 21 981 1216 646 461 1143 40 383 397 188 406 1302 791 17 1209 774 617 673 326 370 97 572 733 63 1083 710 768 832 753 1078 930 93 26 53 576 409 913 180 131 52 471 1112 113 826 199 204 965 784 259 128 1166 558 887 483 233 642 500 915 767 42 91 51 258 184 397 682 310 1313 1274 233 262 364 1291 624 445 900 529 918 1296 422 139 24 187 132 257 1224 161 384 310 780 339 1216 1062 297 987 812 481 470 1095 428 1063 272 195 769 432 141 978 874 460 372 273 498 230 1061 212 656 525 922 1245 1296 1109 1203 583 1083 838 62 419 363 682 918 626 1143 546 606 1086 59 972 946 787 390 1119 457 120 494 1250 848 197 1281 314 106 962 402 136 716 554 90 755 1 561 1043 728 631 1312 530 1125 1417 502 1202 1033 1217 670 477 419 227 75 1304 1009 1409 979 1292 533 323 417 822 495 539 895 834 55 1152 1326 1003 1313 1172 482 114 1422 1113 447 1007 1426 67 716 376 263 1008 1284 1086 673 1500 1373 543 349 680 404 978 573 1146 1296 1422 486 584 192 1096 1465 617 25 304 1315 322 778 1252 529 415 304 417 1094 1392 859 765 1032 544 204 1134 1126 894 675 1513 1 1094 199 1094 597 899 1097 1214 1130 1262 805 1115 1075 764 1464 375 1562 501 863 247 1321 1306 1433 1095 544 900 416 1108 1246 1168 698 341 599 93 1462 765 345 192 1558 763 613 1325 1107 396 1249 312 140 858 1014 1591 363 1069 1432 850 1432 661 494 1305 1583 833 1389 651 221 1387 390 1436 1241 1149 232 202 1433 687 207 953 1008 1445 921 146 1610 354 1467 1041 1081 1131 1115 854 252 932 1615 1486 517 616 1283 632 785 727 1318 1451 207 1413 985 983 1149 729 1128 991 800 462 443 1325 1445 1393 297 1626 894 563 877 1408 439 1559 1519 443 549 64 1310 824 705 1126 739 1419 1342 98 894 684 1523 1621 9 552 828 758 1092 246 418 1462 1269 492 1208 32 1377 215 1257 1337 1355 998 129 253 349 834 1636 786 970 889 1293 1058 1634 190 1701 924 181 979 1656 1600 298 1032 703 313 562 1693 1447 1110 441 1154 275 1131 855 291 1311 730 886 276 1443 980 1296 1717 1402 1607 411 330 281 299 1182 1547 1159 993 940 1331 1651 1241 1181 377 1093 1196 884 1500 1165 1670 1292 1738 1357 81 1061 1662 344 1084 825 383 18 1431 1610 712 699 1664 512 1423 922 291 708 1313 364 561 886 266 524 1377 282 755 1686 126 656 1747 291 612 1468 265 1059 1317 1055 962 639 260 4 1565 1229 254 440 1743 106 1460 1512 173 250 429 730 63 985 67 194 1304 304 1606 350 1188 865 1137 426 714 710 1474 19 890 1794 137 1282 1765 1314 145 955 567 1019 492 47 111 559 587 1184 1020 222 1442 978 1271 1147 1482 837 433 1069 147 1515 631 77 1471 4 997 1500 302 1777 387 1855 1691 1479 627 1512 1586 1021 1659 646 863 144 1082 98 1240 1671 446 1652 382 1738 849 1449 562 115 89 1886 1509 978 791 1767 237 893 184 1712 1837 421 1649 1035 664 552 1432 1703 836 372 631 149 1760 1248 239 903 406 1201 1657 1417 899 296 743 920 535 1829 1280 1936 988 251 277 1937 1906 537 1620 1734 597 1193 1748 1822 1816 468 1945 1222 349 890 338 81 1796 30 1232 1241 512 1596 189 1199 531 1252 1882 1860 1456 483 1082 452 428 1253 1273 1469 1510 1478 416 586 1706 1269 954 629 916 1287 374 970 623 1355 175 1749 1634 1631 1004 1387 1361 1497 1835 1014 1069 1552 1338 1746 817 1826 261 492 325 235 627 914 1999 1772 388 1898 719 1073 952 1130 1717 1334 234 1223 1045 1326 1985 131 1977 996 1103 1360 2010 1528 1135 647 893 203 879 2018 470 350 946 394 919 810 414 1873 485 1034 1509 1565 357 429 1791 1996 2019 1049 1315 545 934 1855 1471 580 227 460 1679 1762 399 1595 723 216 1664 837 1376 168 1214 1859 206 8 1611 329 1995 1917 1521 452 2017 2045 266 1266 1507 1005 1674 1907 1036 1841 2027 552 2090 1447 1769 1809 642 1843 289 1712 948 761 65 1571 411 924 145 1940 1933 1186 1861 2079 1501 1938 1584 197 624 509 1849 1970 504 743 1450 981 1570 997 700 1632 1837 1991 554 1789 1055 902 1900 2111 1861 1241 537 34 441 1561 73 1376 1428 801 165 627 2031 423 310 252 788 719 1669 1474 502 1166 1963 1942 1480 611 1859 425 394 1926 445 1633 5 688 1175 1561 995 1273 111 1609 1181 55 1713 864 733 705 48 598 1334 231 1275 1662 30 901 439 1222 2196 480 925 1427 1449 1166 1205 2100 647 345 812 979 875 2004 1615 574 596 1426 1702 1369 98 1875 2014 1502 400 430 1050 2076 580 1932 2123 62 1533 618 1292 1507 517 911 767 1405 644 427 431 1132 184 1315 1910 16 544 174 1915 217 1607 1824 1126 1729 1254 1717 573 1240 170 2244 1769 1669 2052 276 670 173 1757 909 1017 2067 801 147 2064 983 1596 1912 1287 1501 1438 1911 1472 1984 2066 1912 1616 1070 2032 42 449 1525 1322 1660 1901 1245 750 946 456 1643 622 1989 1263 328 646 908 446 553 535 891 1824 885 1993 1687 1646 1847 1767 1097 1524 1455 619 1184 1842 984 1211 1551 686 2308 1792 1526 1211 316 1708 1482 102 1490 1521 1899 1824 377 2315 1503 127 1836 603 1232 654 563 937 2009 752 1955 874 677 420 788 945 1905 507 63 1628 245 2216 2062 2113 1522 1156 1422 1398 1108 406 2133 1800 1581 1241 457 1061 936 764 1942 1150 623 1240 1112 749 1490 1327 467 1500 1534 619 492 1879 1461 1908 1558 1337 1678 1672 597 886 1681 505 2361 1994 524 192 1583 657 84 1845 2154 837 178 2361 1945 1523 538 1592 1783 373 1484 531 1941 828 419 383 1654 1038 2153 2112 1713 1600 2192 731 1871 589 1221 1831 1003 1359 2091 2078 1692 2087 1740 1618 740 2431 1767 1627 1869 1637 1279 2451 382 1602 329 317 169 1180 2406 213 1694 2316 1466 1434 799 1677 464 1058 933 1406 1339 2304 2459 1404 1057 487 926 520 280 1534 1585 415 2471 1192 617 2042 1557 2289 1838 184 882 1486 2358 533 980 509 592 48 1188 1670 1300 1910 1381 1050 2378 1102 2399 401 1890 1078 622 1715 539 608 1061 1407 465 257 1091 1515 2394 435 622 1878 1954 818 1321 2238 928 338 597 1320 94 1006 2056 763 2442 290 278 1124 1105 1358 1017 1573 1494 1189 1697 1531 60 411 239 190 2401 1999 1098 2129 100 1145 1779 1925 509 2269 1005 275 2363 1154 852 124 431 2210 879 741 273 508 1921 244 1065 1572 1198 251 1828 2417 2298 1454 548 2554 2149 519 2583 1685 297 2038 1177 600 1337 188 2178 1770 1442 1077 475 2548 558 1723 198 2094 745 78 765 1478 1891 372 1050 975 2136 1127 743 2396 101 125 107 158 1926 510 1856 628 300 2518 2566 1289 1733 1442 469 572 299 1694 2209 2092 1646 434 2318 24 641 2611 483 376 1276 1418 1413 566 139 1080 1865 2326 2647 445 2284 171 1982 2584 841 802 2529 2650 1505 1281 265 894 2075 1184 165 946 2341 761 1856 2250 325 592 292 1858 715 564 194 1385 617 37 1047 292 1049 1536 1096 2241 1685 2429 1291 2659 373 2356 1162 827 2125 1014 1102 2318 452 1689 2047 5 2462 821 847 2074 1295 2492 881 2532 591 2658 1464 2350 2071 2417 1354 2240 2467 2642 2135 218 1623 401 1050 2625 2564 2248 1942 231 1567 2600 1561 2469 2353 2284 2538 160 1889 983 1936 1556 2533 571 1050 1843 1 380 1157 2109 255 2758 1112 2464 2164 301 960 2070 1475 1393 281 130 2151 2017 1265 357 431 820 1994 1090 908 792 310 1228 2714 524 1818 343 662 2403 1658 2213 2518 2165 1243 16 2 676 1684 1076 2045 2322 2536 699 2209 1955 607 80 1580 871 2406 1413 1851 1762 998 1424 2511 2264 531 1982 674 107 696 1766 1372 1867 1956 2695 2584 2466 185 447 1693 759 1148 1381 2174 1025 290 1806 2735 1914 1583 858 1662 1826 1605 686 2553 2334 10 2613 834 1190 1670 1863 992 736 1943 1001 480 2061 385 2221 834 920 1466 1950 2748 2643 1089 1775 2550 1280 200 923 352 1787 2681 899 1507 727 522 2174 2498 2241 1750 2530 551 2106 200 2479 2615 2561 503 704 1316 444 1867 2865 1165 1476 530 1383 593 519 2853 2404 2646 269 1087 1309 1560 2834 134 648 2131 497 1217 670 199 799 1621 980 652 2002 1119 1344 1751 2048 1448 369 1901 2731 2600 708 1070 413 1057 1002 1549 2536 2882 1058 595 372 1016 296 2296 676 2472 2021 410 2210 1892 255 259 201 2514 1656 1810 1233 376 918 109 1207 395 2706 1084 1791 1755 2177 1445 2102 2449 1535 147 2490 2815 241 1947 516 878 1761 2425 930 2882 1014 1814 2231 1142 2383 1375 2744 2415 828 1809 693 2730 2556 1218 282 889 504 1760 684 2501 40 2044 2664 1017 1027 1748 2415 557 213 725 1770 1637 784 1488 1109 2215 1446 1275 99 1110 2878 2577 1967 330 885 1573 2597 1984 2998 501 1863 180 979 391 1112 506 209 1820 2311 1878 986 68 2339 1118 2633 1050 2072 2630 584 2509 2793 435 2040 997 1249 1062 2252 1911 1621 1354 1436 2058 1457 299 1617 1526 2649 1139 3040 1815 850 647 1762 2872 1695 1634 2078 1727 2009 675 2566 539 2895 2978 1510 661
