3952 2530 0
4 235871111
1 707661294
1039 120068403
4 789627175
3 796813832
3 122623802
2 938193171
3 354989952
1 700239449
2 921564015
1 525624952
3 175240342
2438 797171208
2 307690217
120 858382992
2 65116339
3 695902074
2 30687752
3 916175946
1412 823687628
288 59018264
4 62660527
1 233179425
2 983490809
537 372093910
1 134541783
1667 829577408
2215 385140728
2 760429482
2 178169926
1 495864291
602 681490411
1072 773106896
2369 236546265
3 719171668
343 600432397
297 329430860
2 149143119
1 856351247
631 91391122
1658 868087686
2 495032289
2 156829166
2452 35799189
1 403270891
1243 992838330
1165 124915860
4 352888544
3 827113843
4 996852978
143 38947079
609 704867297
330 694134292
1619 908426970
4 848441259
3 27206725
2362 490108065
606 497586578
1417 109861073
3 65637401
1 899382513
209 698751629
1239 568048825
1 125536336
157 885180453
1 20341558
2144 266368968
3 38021465
1308 531739554
1744 303516118
4 708518257
2 358321023
2 194007465
1 896236402
2 706503758
1 557622986
153 627714798
2 580461397
3 560568263
3 889757937
4 984147476
4 856026158
4 377902434
756 837934998
1377 107809327
820 720036400
3 779061817
1928 911862590
3 329969336
4 885391545
2 851955383
1 302412599
1 561987386
4 669235311
2 726918263
1 680669220
2216 691384427
4 364730853
1556 974354864
4 147304264
3 226688829
2 347084368
336 741216606
1 738517373
4 252964986
3 860393867
946 888289221
1929 803568313
1207 246699002
853 494077295
3 476434032
622 20610317
888 263005526
1576 8676662
4 897590906
1 310745103
1 546523846
3 793967228
3 101843262
4 198484769
440 555307605
3 361902458
2117 460075009
2 848287532
1 474436162
4 374189729
1 289176213
4 534330401
1 992008818
1 635831730
838 841290364
3 963006944
2 738788420
1 555237568
316 738314488
2 111806564
4 718898398
3 606930699
1 489477029
4 376942966
4 226960547
662 473936727
2343 247549461
1045 800192209
4 343174269
3 361863132
2 427572797
1 609907903
3 583183852
2 166196179
1 910990488
2 195839462
2079 210449565
497 877109508
3 238836303
1663 229745551
4 172661199
3 283759716
1 631398525
2 646814206
2 864138764
110 986025818
1438 502970464
2400 797444784
1096 196424732
1234 327090462
3 897045536
1 113629957
1 459751634
2474 940646273
4 704907732
1 495454667
430 419452527
4 18384466
2 305730062
3 948869025
1305 784490598
3 938349146
3 225531596
4 595381882
1100 566318313
3 985640059
4 962886988
3 903209299
2 796128928
4 963681397
2119 469641449
3 969265935
1 936456584
3 45573598
2 766260104
2390 51454174
3 158335831
66 308243588
2 639579055
2 180201233
724 387154965
4 51793429
3 248650809
547 435665695
1 65930132
2 660352897
4 650064169
1 629481011
3 582713027
2405 845977572
1 393072945
381 810413473
3 256225719
119 64781853
749 514071683
1 935677431
663 10955509
2 357406904
4 909657734
2 776426295
2 25707845
4 70594232
2 283083605
1 854659702
1 884746094
2075 498235131
320 564840529
2 367581747
1 206263050
4 82181390
55 783903942
1 764222148
978 70454610
1 986911595
1 923404732
1 1578026
2 372451057
1 500738429
4 382840298
1 772955744
3 832953537
2 779646749
2519 133885363
1637 275432160
4 607098058
4 917013164
4 490981241
3 273952641
1048 1023339
933 187134286
1 65195233
3 581251032
1 807707922
1 874010714
3 58974266
2 445679317
2418 383181347
1 768026393
1 790275482
1865 224045865
1 486236461
4 836246600
3 397276418
1 124925463
2472 263995044
4 174730828
1333 214407033
3 372005442
1482 759851488
2 951386960
4 296141877
3 463936296
2 516905521
2 264633505
4 747047677
3 431885851
4 686003395
3 302644796
1708 329691581
3 29290430
179 515413465
1 251555299
1611 212727241
2 552289096
1 474640778
1300 28203136
4 345446672
689 541778721
1505 418501210
2288 52863913
1 433318316
1049 396419409
1921 49712293
4 238516308
2 406550263
1 255746669
1 588451379
3 901447984
501 37800174
4 24699400
1 729732245
617 630791650
1720 49709416
4 307509329
1101 201720233
2 823341386
2 652265130
2 38244485
3 166540024
4 489010191
2 112002560
1 939498285
2 730990484
34 960211146
3 997550046
2 361767281
1 203145419
3 419927883
1 853301318
2 65217006
3 302979261
1 346078944
2 526976028
1518 193376994
3 501428011
2 597826913
4 728307028
2364 71442736
2288 95578256
4 314719198
4 782502318
1032 168764126
4 872490298
3 780779053
3 942996960
1208 326774999
1 442946865
2 216409865
3 16118333
893 616589372
32 595073121
2280 918414690
1 209524924
906 984053375
1 127083179
2 331772527
2322 237452648
4 995749839
2197 896949498
3 728512381
4 26142600
4 794469770
4 50873532
1 92060702
2 697196577
3 307234697
1 373144683
2 20450609
1 318674437
856 22327123
2 608765834
1 352550855
818 313598309
1 299289705
2 534573285
4 673778346
3 375488429
2285 850728065
4 240274671
591 435083226
2 791494575
3 310203604
1068 845981687
1798 498217684
4 479921680
1147 51190073
2443 429290829
2 730265669
2 578456894
1 802453508
4 200195240
205 42442751
3 242935255
1979 848107941
4 81637864
2 358184123
2 970931049
1169 432778135
1570 833813477
1 572646574
414 242772057
4 576915246
1470 837825463
4 478928000
2 492850433
150 836793929
4 853528354
1 748049529
1 566105362
1799 157191324
2 244289673
1 685327107
1 745029221
3 30320184
4 52357405
2 495541763
2 903664930
4 366603563
1 727393769
1 949387769
13 889737518
2 550023650
4 492073722
203 150293365
2 793609811
3 550776516
4 451277090
2 685525112
1 591476672
3 883543274
73 558830622
4 650448749
4 22592754
3 273737555
4 224856083
3 301876356
1604 24516865
2 539635818
4 605836960
4 367878251
3 581518588
800 822865746
4 114551
2 68096538
2485 397177648
42 86579833
1269 14287674
2 322652953
4 960523350
3 841662690
2 831958345
2 735572904
4 14651878
2 914286786
4 866719356
1 603935149
3 280523708
1 624319122
2358 848832453
4 452172486
1277 907965768
3 25831088
438 301350560
4 77232197
185 220260293
496 953956305
968 368269014
702 391537303
2163 197982325
4 991805083
1719 934865872
4 767718462
4 972474778
1 792381868
1 700763154
3 510356211
3 30637614
1 134363608
1165 552461481
2 315506658
4 78623131
4 821057057
1 606921562
1189 548282457
4 617427560
2 422221745
2 134337925
238 993999573
896 112175582
1 647838624
1212 613275200
2398 961795861
2 822997733
3 576118598
448 211074904
1 22183939
1 833356602
899 826847271
4 875320547
4 599152461
4 836239127
1 165671782
4 830949277
1 607774787
3 763605664
2242 219562033
914 939434064
1410 129348728
1 445605066
4 852239872
2 370633822
614 96947948
3 971550269
3 883086678
4 921741863
651 78479470
61 760826918
1 325366000
2 654153318
3 947131082
4 292933495
4 869198142
2149 872568005
4 980190028
2 320194566
3 727148053
3 328312730
3 537919597
3 368608765
602 638122640
1527 410206457
2 991278905
4 403169912
3 921672531
2171 996524672
4 215613489
1389 937777760
4 966142102
2008 921133325
2190 469001503
1 583906780
1049 30065611
622 478117456
2 380094493
1172 604981855
3 506327040
3 582378072
1 188099587
1229 274802156
1 674116191
3 310170263
903 869371697
563 797035186
3 90142357
2123 677719952
2 773443630
3 895487490
1030 1955762
2 345257741
1 735666746
4 769711907
243 94180495
1 864232291
1095 934870533
3 468555810
1 245881734
1 646279275
4 716654759
3 450951660
2 581152370
888 333952349
2 409459559
2157 584426390
876 550285110
1210 167811413
1 429842569
1 580720859
3 233796675
4 910574301
1 452995603
3 303690915
1 659815398
1522 265986096
4 377439254
3 340355890
2376 663075284
1 503658535
3 554870701
4 880506099
1046 121802485
3 389394173
1 142061642
1 97236312
3 367943678
2 1057307
4 620547396
2 981873935
2 630327654
2081 218103935
2 889044365
3 10639107
936 62321913
3 718494857
3 503184668
3 44331566
1550 640989634
3 882067088
2 416986515
4 933518681
1 106724398
1 152009115
4 453203768
2181 530140450
1713 173097292
1663 987273719
4 523079287
4 806287047
3 418279388
2144 873768116
2468 816519116
4 358378894
1728 357155364
2 566972041
4 41530118
2161 497690579
4 40711163
1 704342749
2 533479453
1579 68560363
971 78176075
4 586106753
4 886924085
1033 132285297
2 897317047
427 448164780
182 55706159
1 729604300
3 703164424
2 600479134
4 536213776
2 42530006
4 569665107
3 449038981
2 742128771
384 741578959
1731 874840918
3 42018561
2 721157775
1 749818098
4 274571367
2 41101819
4 519106452
2 454051225
2249 803302224
1023 225141646
1546 317748892
1 708745289
4 630102490
1 425097966
1792 427629957
1 922543063
1274 241240130
2 988391251
2358 663005814
858 584575002
3 596365400
3 512699699
2 804313349
4 41480663
343 847283925
2346 107949581
2335 167109554
2 63894300
4 983664373
1431 353970279
1472 702697532
2 213243856
233 881398503
1 158288949
75 654775976
719 385723027
2257 257939369
4 198430121
1 970996366
4 628715164
3 418601427
3 940923183
1030 532935754
726 69822641
1 62243400
524 23614403
3 135864405
1 94467264
1 742019702
3 740560588
1 118887183
3 166423433
30 687430280
4 223678478
272 306031704
1693 426257907
1525 524697275
4 203568422
1618 11007913
1958 706432071
2 790815256
203 142830399
4 975007937
987 393643058
3 389718159
2 985774462
4 897537124
1 676460322
1 75658536
2 471540030
4 535570012
1 338106378
1469 484154627
2 39630034
423 127062334
4 296128373
4 424643966
3 749743828
1 592129670
1 209239333
2 712662069
1 75070255
3 926707307
2354 380914438
2 189772015
4 91073888
3 137822752
3 23044432
1 702563608
3 450592087
32 310662068
1 854964489
2 20668230
1780 382715929
876 826428711
4 699556475
1315 791624501
1 319311833
2 851057260
2012 914705209
2273 74820529
4 467007296
2 620722508
2 541664150
4 493533590
420 740074497
3 857051389
4 486499251
2123 45098691
2 932742319
1993 928820302
4 749319742
2 320798874
2251 209367791
1486 822866458
4 536780208
2 634412796
4 723647697
2 414470918
2140 484322160
4 505884174
3 60177767
3 584816261
2 52426148
1066 207706176
1470 594461605
351 583719068
4 911662693
3 352737129
1 532353038
3 720376558
1640 116054348
1 414995736
1698 383102864
2 214873540
4 436780665
1566 281225378
1014 640772484
4 70415053
689 7288139
611 957070628
3 234497909
2 819013055
441 300539809
2 838364168
456 998835999
4 858764625
2518 569206771
2 996015409
1 641620857
1283 686180980
3 519594319
1218 254307688
3 790132311
3 71462569
1613 750524023
2 328403853
823 670437613
3 404126314
1 850751627
4 430745865
2 480262595
1 64304221
4 320488029
3 468917801
196 225842643
766 497997684
4 698049633
4 53914013
1464 478647195
1953 8582747
2 963837577
255 39501621
2 503447404
3 821740788
1 366966437
1 773380650
3 917482004
4 124913500
1 49819836
1648 980694450
2 871018925
1 241015988
2 281614619
4 415236951
3 265749087
2 411370373
3 699728647
4 98832311
2 677784312
7 101040560
4 541606029
4 836245509
3 396997212
2 204593927
2265 935404663
3 475957060
3 911198403
2 520957796
2243 890759255
2 606119906
778 794901000
1 825161703
4 258750138
180 105637554
1 538652702
3 921773067
201 354230534
1803 653406976
2 924158569
1776 588813018
2 267522015
2 385339868
1810 863015427
2 681576166
3 243963678
350 788044688
2040 846891839
1007 15947458
4 386656001
1 974234912
131 472046536
413 919818984
2 435698306
4 959274214
3 865616139
3 940441465
1016 170843147
1 213429297
8 407671687
233 592105818
4 177924864
3 130303469
1723 674202823
1 269827061
1 164198342
3 471959244
1655 406236669
2 973126285
1113 875159269
2 899941461
4 143941017
2339 546552857
2 10210094
4 372662792
1461 821859446
4 267340663
4 799556013
3 987626676
1 49130565
3 701000424
4 618827963
1 722296859
4 52528463
4 732034034
4 600102703
4 576817201
166 876206683
4 201549009
4 881049357
4 802545159
1 327009095
2379 860408896
1158 387843719
3 763135389
468 951637426
1 226341306
4 26312444
2 431022193
3 939711244
2 951837307
1 711203777
2 733413949
3 924133087
4 549670969
1 471097448
1573 995374832
2198 556169420
4 391525631
3 389035388
3 780705782
4 107464378
4 912361640
513 507809746
1 309115581
4 619734258
2529 908775695
67 940013946
1 521462326
2207 591193364
1 833334054
1 804327813
4 194129847
2 248743596
4 747905563
1 555689327
418 881604705
3 308306491
3 13128938
4 317293815
3 422009540
1 369561044
786 146471497
3 203218104
688 165426044
3 403608106
1885 687309627
3 93544728
4 689660399
4 761464455
3 317834166
953 495839064
2 660500344
4 372330134
1244 79652208
2 300195132
2378 538609680
1 380321489
1970 880296236
2492 261600935
2 318470653
2013 352932881
3 788225123
2 42077948
2404 79759294
2275 642807184
4 676585330
2 373795422
4 29973142
2 78993209
3 769970519
2 86568209
2032 920491632
1874 688518739
4 362058522
1 146413097
4 191703510
7 747569584
2 762639569
2 379575678
1 948121257
1 808331676
1 936827
2 930130054
3 563443248
2499 3191465
2 864695939
4 404174426
1 55607345
1 891107631
1684 563756609
1 431577895
1503 990460849
829 14200939
3 821713627
3 428195894
659 480646870
334 991507947
4 938682655
2221 237677882
1 100337375
2262 363637352
4 21959409
2228 810446399
1 82387745
992 709476575
4 264097911
2 918193168
3 733546727
1723 32415688
1 697618034
1786 475227979
2 441918634
3 838075062
2 336591314
4 219634579
2234 784756089
1 468986175
2382 783261069
202 159157330
4 883248480
4 148436562
1 149585486
2 452497060
1 488674184
1532 350304189
4 131142841
1 697862034
2 591730255
1166 60513243
1 723421265
4 617407472
2 826980574
1 857086567
2 606104732
4 727600151
3 554709588
957 650937347
657 802839591
4 244316279
4 617662027
4 985092235
3 68835874
1 587552620
3 979473677
4 271563907
4 928623984
3 363250912
210 758278931
3 869171647
4 723068137
3 251257916
2 957145174
1 793655664
1563 807190336
138 635930845
4 428237719
2311 742738096
1 396617295
4 686837849
4 822017049
826 334252875
4 501704731
3 397059990
2 441928552
3 297389443
1409 492821150
518 365349447
3 620853986
3 227256000
2 831167070
1 784457069
1277 236612155
132 232144685
4 916720656
1969 892162702
2089 414321258
2 842769193
3 928144913
1672 156267877
3 274965371
896 788087306
4 141742415
1 604844905
1 111531125
4 649999737
2 59569871
2 547598078
322 757238077
101 208743985
2236 174741699
3 787257323
2 228217831
2306 858853300
1 593693570
2 297982224
4 583102141
1503 470274018
2 542508335
3 355599967
400 316730512
4 927622275
1 207222971
611 70209910
2 747901959
4 126900596
149 559864307
4 810499892
4 931644097
1596 216785118
2177 51700593
2349 695089978
164 959237400
3 936112265
2466 332970034
548 68732762
1509 525032519
3 118861376
1480 840533296
762 119099398
911 12798030
501 782854259
2 508324689
1 652266255
2 785410841
700 988527936
4 856388776
2 738896235
1 840904096
1 876715924
1 221729391
4 149753494
884 8220719
1 184083479
2 41080237
1 503687003
1397 652300174
1709 717015891
1 85645383
1 308590806
1708 791349930
3 967225508
1340 18130457
924 26993973
3 916186019
1 318839890
1 581709433
120 381067283
4 849414796
4 772591294
4 3880072
2 474784185
1622 220788349
4 291997252
1730 758112812
3 637184101
2 982156781
4 288768544
1936 516595163
1589 384132223
1564 80533993
4 561254593
3 554180807
3 635762122
4 696816713
1 873961955
770 309350083
3 515356107
1 632060486
4 75212669
49 246877388
4 266392066
10 750839772
4 921202950
4 695878832
171 83782554
3 715675296
2210 612545292
2124 815329900
1 83816266
3 203141889
2306 759759209
3 848107113
4 580061753
4 857557651
4 917085311
2 727121348
2 176610386
4 31641354
4 360252982
4 862656234
1195 551249849
1 104927771
1 9954675
4 161824614
3 133993178
4 148884871
2028 109202676
3 79659792
4 6335772
1 777323716
1 775631616
2 821702343
1 600554374
3 48885227
1 890239932
1277 241471992
2139 189425455
2 951781873
2 116698615
1357 689746485
1 456132560
2 132495300
2 490917922
2 269688262
1 744012164
381 224853418
1 358992008
1557 997139098
1551 494491005
2 252060958
1651 821494914
2 822899099
2 118745002
2178 942651224
4 205953268
2212 170109956
4 616030287
680 391255852
3 566142883
3 824824629
2 918222166
4 387857355
2092 452824346
1356 970499579
3 366047855
2 191787389
4 10252334
1 688101728
4 919062350
2 921657570
3 5847864
2 744822248
1992 149401358
2 889842775
3 829209783
2411 490920637
2 13287734
2304 98197654
2 309133990
603 361342197
1 593693104
3 418681280
559 622676866
4 391010899
3 512441573
2 251185318
1 941368485
3 55875473
1921 258302986
1547 293789555
1251 50034088
4 506872249
4 397822955
4 366113795
3 856550336
3 157038462
4 487517297
1579 437432237
2 315721477
3 185003835
1 191252725
213 987659701
4 9748351
1 361953313
91 713797726
1983 628273329
3 278962279
4 990315990
4 957320994
2 780387766
1511 704595374
3 871688105
3 475696467
571 146176660
148 481303738
1740 297437385
1 360815233
201 873002212
3 906735157
531 879892167
3 457628462
732 90006603
618 371765512
1412 316488050
1503 72672950
4 310368067
4 239169648
1 35239948
4 841284852
2 517376490
2 558075113
2 950954289
1 581365386
2310 791519832
1 293013041
1 883898152
2427 596888811
2420 258048254
103 506086971
888 14365774
2278 274534602
4 933588568
2 285436539
2 390963622
3 82195253
1 425439235
1 166765511
422 929309881
4 254735868
2525 72280090
1 697917721
2 179146718
2 574352241
2 673081267
1 203102550
1854 493158257
1924 114242953
2 920620250
788 190965477
1484 496718378
1 709438612
1150 869627575
2177 594368175
1 898075681
2 170571260
434 279391415
2519 802882032
1 148076113
798 373100348
2 472090796
2 764276590
837 930063305
2449 668916796
4 68538215
4 70229138
1 599866572
1702 384290200
1 250645305
1 744402757
2070 580721403
1 657249398
2 132557505
4 161893474
4 444637614
2041 69241331
2 932038843
1 505541913
297 970738436
4 961143153
3 252149427
1 626791876
3 361455731
2 836542093
4 780195663
2 347605612
218 106503211
4 416466879
115 203510357
4 687887508
153 490746701
1836 4230139
3 372226326
2 659403136
260 945853772
1137 280208991
1138 851084633
121 93444771
2 882033766
2052 448443631
3 717211729
2 125256324
1400 281094922
1 458573234
2167 865093169
2 379592746
431 645642303
4 51771700
62 416945389
1451 837963562
1249 647227165
1 82826079
4 674346689
2 871086636
376 215631151
590 156304470
1 21891285
4 949715602
1 59039315
3 22158125
3 727916647
4 393274066
2 404939374
2 624700627
3 181447381
1 231556996
3 767702713
2094 40304792
3 416325204
1433 458019854
3 909604255
2 640082333
2 107775527
2 11014917
1 84489696
2 264338434
978 137505300
1 13072664
765 599147152
970 92811477
1455 962878625
3 153097543
1 812443432
3 622789147
4 538441090
2 195372197
2 740672378
4 985123293
3 933537255
193 57727785
1075 922617906
247 252362408
1390 950221796
3 836058153
1 650487941
1087 628665452
172 280971932
2 677946701
4 993403569
1 606876796
4 462086372
4 817711770
760 249360967
1 791283930
2494 396138921
1311 451231971
3 114613467
4 495878600
2 962498028
206 202192072
1 796530907
2229 20720423
3 745195117
4 549521718
776 137863131
4 313407981
1 758861787
3 528588713
1689 455373877
2 868381144
1419 702190623
1 68626500
1 538616495
4 692261053
2 375704587
3 583263268
3 998527658
4 546170776
824 808446557
3 663546265
2356 183297617
2 5857670
4 509556811
3 475631020
1524 484954140
1122 421910672
4 538202714
672 987075344
3 350714508
2 210196884
1 38558480
1872 819292551
3 777819363
4 574221713
939 170194736
2470 105009623
2335 15862925
3 924320498
3 412246637
2 852605683
2 292071365
4 240802547
2 503767507
1 818811109
1 496987723
3 904362772
4 966821921
1534 234441984
2 556112385
1953 74346933
4 227469350
3 716309300
1 967123853
1 617448777
415 703672265
3 599465029
2 153917046
1929 65220141
2530 328866208
4 207111287
3 218216549
3 390220315
1497 414808449
2158 959458426
2 408356814
91 623506639
827 182018157
4 924709951
1236 711821468
4 788243279
2 800411059
1598 628323343
4 940383337
4 957580158
3 271024373
3 30968017
1 338556545
1475 58597272
4 130036008
1754 430483378
4 143710112
853 49331018
2 347666612
454 937649629
3 440536672
3 661753703
1 101067834
40 974557454
1362 552316003
2397 199470413
1 266116122
2401 46696083
3 933318994
4 125636182
3 681743242
2 679908166
2 686966206
1 840575164
2 507871498
1087 875321359
2 455455285
2 433295473
4 659895108
1994 368957432
812 244761653
4 466449343
1 603575243
2 251725399
172 696658446
2 375522275
4 4541219
1574 689048475
3 115040735
155 510996506
1795 97551469
3 864183079
2 857206275
2 564985299
2 15086322
1 254194951
3 65663288
2125 861923247
2 686243630
1160 68925927
1 96588355
1 66149383
4 115148811
2 380098407
4 313220929
2194 439430932
4 683830709
3 715893028
2 823758632
1 814975820
3 249197440
1222 808353802
1 525553061
4 352425595
2349 865034172
2 871768490
1922 693335096
304 275014318
2 232224160
4 312680567
3 994608574
2 622939183
1744 264246916
817 638442709
4 555601883
489 859619691
4 376209482
1671 588559509
4 786042611
1071 467076468
385 282668300
840 70539169
2 994645644
1 971695690
3 782720312
3 154560783
2 605946618
4 63199730
2 961743853
2277 580984594
2 409990523
1 342995704
3 300780231
3 687615514
2 885565154
335 268041176
2 938084797
3 52259522
576 372135289
2 301392366
1 195545685
2 902627709
1 199012047
3 168047272
1 264320100
2001 506367576
4 323545505
1 463373533
2 337867648
3 503884035
1380 759342081
576 347647817
694 254535007
3 206544677
1 12755946
1 525054432
1581 626879043
3 307706780
1 715366967
2469 947899592
2358 974011260
2151 12818231
3 974720760
1 510413070
600 499615986
1114 776686563
148 269965864
3 362992843
2 190448427
1543 791055835
3 378797488
374 322329001
1 424017665
2472 505357025
2104 584780208
1 932737049
2278 566721682
857 302617552
4 641063454
1 211244922
3 857372312
846 295251077
3 893691259
1 672310052
203 983422027
2 784877763
2 514156344
2 750866206
2009 586191747
2107 948449791
1 268301995
151 113983718
2 297545818
1094 539139388
3 346419645
4 256938045
3 802921376
1557 838371801
2456 868060288
2065 203992537
3 672957344
4 416516091
1372 954935510
1 307708613
600 495465772
1637 45750274
1 977933428
450 62869328
1 284008803
2 400170986
822 708653782
1 511493663
1273 831036400
543 426644410
3 968022055
4 382002314
167 401338288
3 403220708
2066 180246859
2277 244160891
1732 680224137
1 988762154
3 222105935
4 128321120
1 230517485
3 492045454
120 331499474
4 741898114
1 402412976
2 696700560
1 966591450
3 422400269
2 768797066
2 20592910
1 165454740
476 488864709
1 412193153
3 484866752
220 688850413
109 538282245
1464 149123556
3 788252075
1 548805062
17 37039240
3 830039034
2338 346539910
1773 381061004
2 232270842
1835 817652980
3 344511141
600 792885248
2466 335087095
4 419209453
2026 445997080
4 979701187
205 46677935
4 654848461
1600 733572898
2467 205427559
4 879390832
4 73365564
222 381714786
2515 112120906
3 338636984
1 183845783
369 766325580
1300 875430703
3 521173707
4 432221242
1 103514350
2 671127707
2273 977204240
931 513712150
3 700118825
1 394581652
1 375099645
1 587971526
4 918866956
318 617232478
242 951351006
1 278235776
2 105950346
28 947211122
2 526196362
1 774846050
1 417849916
1 542624176
565 30317280
2 937821591
1565 786806074
346 973386491
1 258116382
2 175590876
1 16988967
2 791927130
1 865237461
1 274827207
4 878196444
3 692455678
3 663718397
1 473133312
2 275849674
1571 785350442
176 451281148
2 450516781
1 887952816
2 229020583
2 112148441
561 499998617
1917 707663081
1 651167398
298 795618402
314 89351481
1 545903498
135 970343766
1486 699264282
2 807526481
314 1396877
2 226643294
3 793397286
2 425325190
281 835938308
748 58411111
482 642091709
3 896113247
3 608739118
3 928049137
1406 828476879
2087 127051170
4 450434035
3 977768263
3 225474572
4 196968693
1604 672853049
3 990581368
4 92941085
3 93101245
1200 969844490
2 961316847
3 910331469
1 774553232
2 553144908
4 515249254
3 158930110
3 532807222
1 236835528
495 448690742
1 954713736
1054 432016543
4 531430412
687 446254812
3 808216879
1874 76251845
3 807725190
4 699842561
3 587806259
2076 428384284
2 340825079
1962 632366321
3 214995933
2346 187817970
1695 713408033
3 727222424
2 427078674
2520 876048451
2 751957752
2 534335636
3 652662777
2 949280910
1601 353682481
610 25479318
1 792121331
2 764933301
1033 326608380
2 392882836
441 814619892
1967 259476271
1595 66539584
3 597578858
2 616308380
229 995762064
3 113625898
1104 830737076
4 183254482
2 764340141
3 696387437
3 543322989
261 126869110
2095 557023977
3 728250896
2 896634588
2 342713404
4 911222
1 522741100
3 162588722
1488 523952689
3 336349410
2420 98468065
292 598216300
4 534828614
1253 921876186
3 553491152
2 206820666
2178 77704536
4 490239441
3 483899464
1494 261998136
1462 967913178
1524 248133598
4 850226303
1824 878415820
2 870658913
2 813129799
2 418193077
4 201422344
4 786415188
1 631633882
1 192030860
2 106914151
1 599158985
2 30610666
4 745086102
1 322442067
1865 15422370
1997 360385902
1544 88205261
1669 855492641
2 74282755
496 577884265
4 58063150
313 228195930
1 53829692
334 896699554
2054 413528168
104 842056765
1 681539696
1 688547837
3 266648111
1530 394735143
3 926902123
3 454768994
1522 576121050
1 965903704
2 599101194
3 464298663
1867 904451527
4 58511150
4 409819197
3 238312839
3 727584354
2 933525078
4 486127972
1 805018704
2 912299606
4 464696864
2450 833601715
2 470443958
1 958493210
3 368196228
2 179553539
4 230655376
1 149566467
1123 583414928
1 539960118
4 715128693
2121 163300223
3 998111444
412 719608063
4 507481063
3 394636060
2 50018207
12 82091674
1704 609047196
3 980894137
3 810309600
1 184564270
1 654965062
4 405919593
130 263945096
2 515403631
200 248868375
1525 680797354
4 460314861
3 845684070
2 843811797
1530 798758415
2 405963157
2292 107675310
1 247225252
3 866823177
1 657178882
959 372436276
3 626220596
4 809701059
2 306639972
2382 521093448
2413 149452372
1891 356167617
674 766929991
1 452875164
1830 725888910
2 95227834
3 124857160
778 54040248
1901 609076949
808 583849001
1183 782691368
3 943399936
1994 857780337
980 738762544
2 839852645
3 623752188
1135 697890513
2 347993363
1356 287891011
2 541523391
4 795036289
2210 871308328
3 240482853
564 624496789
3 28096416
4 112852399
1368 816253007
1459 988945566
1 80926998
3 81931509
1491 88083217
3 931785113
1904 178965367
3 349358499
3 863135035
2 246175256
194 78470470
3 733957754
1 535365090
3 640818042
1 665356104
3 788446835
1 97281818
2 698595554
3 386051399
1 967871869
2 562851614
2 793222978
2 376327358
1751 198875572
22 107596746
1 931639359
4 386852396
2439 242418733
1 160123261
838 156529045
2209 249416030
4 193908992
1571 666112228
1 547749483
2 237038980
2 885675480
3 75086426
2 133171687
1 233937282
2 720463924
1 178434461
2 298914932
4 607571094
1 933408325
3 709559651
1 224622013
4 534545281
1086 499170570
1934 839614150
2 688398291
1541 90117103
4 78412303
1428 317545084
3 788087165
2 982347520
3 589933326
4 602547400
612 695340734
1 981516804
1 153658846
3 527469647
1119 454965249
3 638100612
3 193619742
1 329567012
4 61186991
2474 131031760
2 603100669
1 568315053
4 858895238
1 190326795
1864 7076365
1967 165187790
2300 618006785
2 127804869
2 525411787
2 587401348
67 172083316
1 91454845
4 232192437
1 170073172
3 286909805
4 571050043
4 351216985
3 515312973
2 195443018
1 769581704
1 912984181
2 291231828
3 430614067
2 671391453
1 224351576
3 193861315
2403 210771090
1001 854721
1 800891805
1 67393055
4 206242342
1 243028569
1632 60728943
2035 383910403
1 297835067
1176 215630338
2 191447926
4 353579555
2218 15931580
3 401700981
1 308499256
4 329645373
1505 986353520
2 529013850
2 606151030
4 416359472
2 244751755
1 715484201
657 798410126
849 322448098
1 299520859
4 185298233
4 204612060
2 728653946
1 988923053
879 564527384
4 639198747
1 557232301
1500 567352589
4 219807498
3 420003979
1725 789674092
2 192115022
1 839885935
1 240493247
3 404892435
1845 915476487
107 413885013
1 944970722
1371 662682140
2269 113564790
1 536485313
3 95711863
1 827769617
610 926121803
528 704003900
83 638900597
1216 705431254
3 294801719
1 572026108
25 91228070
1 428253576
1 411325711
2 343471739
2 283525516
1651 93736473
4 75787778
2 597753968
1 991369537
2144 760632548
1621 706974248
3 389736828
4 88468452
4 915531656
2 82350227
3 201850208
2 895487950
3 969195552
3 614009747
1 291886485
1125 772056816
1758 663073045
3 877145624
4 662863112
3 868235764
1 205457650
3 68243349
1493 295394996
386 317647916
3 685660628
3 311870901
4 338619239
3 859899268
53 364172994
4 1867786
2023 796651885
1 390185764
1530 541801296
2 419577164
1 182410678
4 780471889
2525 454367886
2 843391816
2 687054612
4 294221620
2 877421912
3 375787071
2065 212338298
1384 517517497
1 690806521
1 123664658
2509 900992351
3 514768547
4 667295805
31 814655761
3 660551533
2 637799176
4 170301125
3 640013097
2209 287246038
1 235432083
2 895361570
1 175060117
904 224340406
676 17831822
3 258271855
4 424617810
2 142633148
2 187716420
1 203226585
4 13165624
4 389100512
2 892177156
2069 688614462
2498 33758960
1775 553133697
1452 604829237
4 564961048
1 980748263
451 200895831
1 734674478
1 77016396
4 718153965
976 668432603
4 448568704
1535 968949663
1366 923459703
1 383863300
1 422266210
4 889877238
2 800338979
2200 61147201
3 85145574
1946 776076398
3 655185732
4 904199618
1 387894876
1990 610904481
2 971872834
1 141559068
65 444489073
4 928661280
2 5208425
1 971240124
4 451213227
3 682100790
2 40248848
2325 58550680
2 38497070
2245 682736193
627 758505800
2 907559748
2 798828884
2 173785167
2 140198397
3 72623879
108 956686705
4 653031223
687 363785944
1 940271314
32 553186857
483 415907328
2 823222428
2 186513861
1 384158848
2355 293628846
1 766872520
1310 297829321
1 329993954
3 734585056
832 912751387
981 139364129
494 763096303
1416 726090514
2057 212744282
397 211778893
2274 324520048
2022 523886449
2 660155648
1 77849815
90 23398923
1 840079551
3 531404667
2312 383286763
2486 543666940
775 60316500
3 209145033
1 482754788
3 823580801
4 828483253
2 200265358
4 574291987
3 599558571
4 403611222
3 755245708
1249 704730114
1184 93867690
4 510810552
1805 574780987
1476 355425718
1 893803967
3 801434888
3 234632735
2194 886050734
4 234243551
4 328239584
2 468429465
196 365640449
3 595746478
1564 362930929
1 119892413
1 692748709
1961 321700225
1 151660268
2 881487319
1738 600501841
515 573576965
919 947891717
2 910023342
1 481801463
1661 498419745
2 962285868
1664 823964087
1 865473896
1427 202680363
512 940332942
3 700270126
1 656445791
286 467384066
1718 312783148
2069 821844892
2 538262986
1921 401927151
378 421940111
2175 887956186
3 61930762
3 530296829
156 616916781
2492 186506298
2 207775936
1 353297865
4 918611967
1 677952552
4 765743890
804 976110191
1 913925534
4 218966823
386 871722905
290 690431460
4 928458224
2417 654515514
2 396640913
1274 737559107
1612 223183445
830 870809951
1 125404184
3 830148960
1 377087315
3 409247810
1372 995043734
1 296576781
2 737700322
4 922507294
3 856922019
1 887608254
1072 267430
2 960458225
2288 808659659
4 920160016
3 355332748
4 717958170
506 442585277
3 10942867
4 52810469
2 879063603
1286 908145800
102 593041656
2 521132060
1854 690755318
1 896255056
810 889044189
2167 283297107
3 550062811
3 736914301
2 252154313
2 488489341
1 398511055
4 593100785
1132 582231747
1485 941498473
3 822652601
1654 766198472
1 32144961
1 459355068
903 879877045
1 713225463
1032 540035478
1 650448517
4 303101582
1 366742040
3 69873046
1 911802456
1533 957830030
1163 972203687
4 280916516
2 454252517
1 75196468
3 324527930
1908 956054262
1943 194311828
4 40895427
3 165507004
245 94060780
4 40841030
4 263711946
637 405779577
3 670431329
1234 595604459
3 392573407
1 6559884
1735 943131428
1 294347679
16 165197198
2177 321916122
1 236512027
1187 303734835
2 21575519
2 464485706
1 520709292
4 610802851
2 480469392
726 498069979
60 612715877
1 250527730
3 663572209
244 213124985
195 66092276
2 533163676
3 577462529
4 869531700
2 800671488
2 82070955
2 467430459
4 887779131
1 814993250
3 744991032
3 891131321
4 784967207
4 290979173
4 969895040
2002 306056629
2 353936872
1688 961946614
2 309003734
749 277986985
3 965990276
1 692026140
3 542573757
2 923633903
4 133302777
116 963617241
2 353355638
2 947012597
837 283557783
3 11052502
2310 286533918
3 61436544
1643 218787716
752 396869892
2 94380580
4 657385066
63 150434964
2 939145846
918 639658391
3 643676322
1264 725702015
1577 964715348
4 69796849
603 4955799
4 662247309
4 489481057
319 73359448
4 979450637
2 477773807
1128 193673958
1 409333366
2043 107743315
2 458112205
744 77643494
4 547410775
1 150447872
2 97360364
1 654469845
15 13594781
3 386659757
1560 676613710
1 611482746
1974 22254097
1 808610986
1 788670091
1415 940427775
1799 119231565
904 550552625
2 582412539
4 471959270
4 565581792
1325 790737132
3 595291442
1 651646504
1063 166619620
3 71526891
196 760152556
719 366368681
4 896916764
2220 598931678
1 874600052
3 323401416
1739 84824967
1 905314500
1 853234899
1 996060696
2 269589992
1 75295877
1552 6856918
1 467767490
4 104010811
3 19008782
1 59811359
352 881900665
1142 282025553
4 722884604
171 444901090
1273 574291029
1 31766492
3 287909618
4 420484256
1 997883799
4 641065724
1 450844580
3 628223164
2 176833582
4 290475133
256 641335645
3 536546086
1 33421154
515 351908263
1 744859102
202 456760651
3 835485541
2073 998647596
4 153568610
2293 230226292
4 198313037
730 320371581
3 910153121
1338 10442058
1872 614181163
1 27615520
821 690979164
2 144044120
1128 745137895
2 468150296
2 87979910
2 511942829
405 682515215
1522 795852150
1384 516780835
2 867679875
766 424889246
348 503400962
1 879251946
417 697110692
2348 846676864
1599 293355392
1 578122885
2 724190140
3 944404674
1 814689312
4 771193573
3 442152583
217 120575554
3 220749678
1644 31496356
617 845062273
4 569432742
2 132980875
2482 23980055
1 132161136
3 919358785
2 311812697
1 526801417
4 622234525
3 94046287
1 834024659
1224 682468127
2263 326937870
1804 911100483
692 760240782
2368 113152832
3 767245619
2385 115893426
2 286536862
3 286393453
1693 578247374
1964 705087650
4 481509925
1544 337949971
3 242223934
2 106296180
1 383482624
713 659233182
4 349301721
4 33680260
2 180810201
886 448841310
2 384606407
752 155610678
4 10689222
2 761176173
1 633405288
1 756601477
4 521859831
864 785821726
1 13375506
965 512543364
4 865365935
1 609138512
74 911428823
4 95822475
3 444174593
2 241351836
1911 521457752
4 569953530
4 910726912
1160 124493545
4 682730797
781 78592222
1888 608206497
1813 985914778
2110 135614586
674 639941636
1007 431120237
4 326713535
3 74872429
4 260821121
4 663683364
3 301365941
3 365489260
1 700550893
4 124833207
4 185534049
4 523365129
2 479608735
757 691222099
3 8663437
1 489076989
1 803716520
1796 960101408
1781 839937007
964 110786608
4 204200466
3 388818649
1938 763476964
2184 50267314
4 472763268
2062 62111458
2 552102600
748 773011125
3 472622724
880 337762497
629 879939984
3 724282231
3 323068152
1557 688440272
3 409445944
813 79959343
876 933615248
3 955963596
534 973223330
379 308904393
1 500663198
2 558468372
2 944975385
2 392964691
3 787411786
2242 634564602
2190 904946300
3 455719432
956 767811392
1 511620199
2 926935675
1606 685398676
2 337247715
1 585241222
3 894377697
1965 648661941
1106 521797877
4 782177761
1821 749481261
1871 950686078
2238 89596346
681 517938904
3 346620807
1012 579641037
2 765632949
2 613427742
1765 777458096
2 502186223
1 161593692
2 494167189
2051 842706428
3 755829891
1 534467093
1 360428397
4 584164546
4 392620023
3 137803094
1219 160579349
1349 74182555
2 366336717
4 317386553
2 533383913
841 836571636
479 827768986
2 930187719
690 742366014
624 694410754
209 996722693
2 677039671
1 890551092
4 371650047
2 622819925
3 670646612
2 504293627
3 200894298
1 6647118
3 538289516
2061 32331398
4 198475751
1766 707354069
1063 589539427
660 136245768
1129 197529690
1813 2067263
4 808597641
4 262959362
4 227065629
4 79883747
3 81076439
4 214090580
1 759591461
2 701612382
1777 570563245
2 504180044
9 642417054
331 263211085
1 883446222
251 34979572
139 295151371
2296 619889770
3 510658557
3 629396527
1 850313261
4 564948855
3 700776434
1085 612896902
978 69892731
4 446566631
1149 680408328
4 971704832
1129 823354156
1181 894773675
4 284998852
1570 99782864
2 708200164
584 359095730
2 558053880
1 567859457
202 403735926
2 16750846
247 729899185
3 285319045
4 876378725
812 407716629
991 613756772
3 701412722
1 192496779
2125 219909547
728 757613688
3 664440475
920 324076733
344 648101441
2 412273735
4 800624480
2 179479776
4 601428258
530 728823577
1 72747040
1 362294509
2 524700591
1 393792577
2209 172103313
133 411402295
2 60266923
2 881105890
3 322931477
2 799994974
2182 555484946
3 56272313
2 921040824
117 230404780
4 222229264
1 58345627
2 694432693
735 577196156
1 607871921
2 513468267
3 732218807
1021 678959041
3 505826109
3 298263827
1952 730731186
4 531513692
3 649981237
760 758836307
1 129553077
2 183065123
2 183499309
1445 372781788
4 593708177
2 35120372
1975 107774477
2 569186970
1527 83581851
2 384706696
2 275505695
1418 543159946
1552 618438786
332 906911019
2 393759738
1119 259584326
1290 366959021
1 617027010
1 474989563
4 661470834
3 364771427
4 277743344
4 160267321
799 353056958
1623 63123771
3 231154321
2 322172236
1 182265722
1524 285616695
1470 738250408
3 323740987
3 632382215
4 735869088
2 866453590
1 314301948
3 145758945
1550 354290947
2 886864396
3 348177797
4 738979508
2 491795956
2 325737680
4 466750323
2 918835079
2032 271384987
2 608246507
162 502805016
2465 244183188
4 259852219
827 265086997
439 573106912
2 97512601
742 336084108
1 286986700
1091 568317447
3 906465077
1 347041049
1306 44528723
2148 155214514
1540 994809332
4 893356957
3 676943457
3 667883504
2 521177701
1 991420486
3 675437195
1 351110117
3 988842130
1 1894015
1 15854838
4 22843868
2217 977427335
2 15077287
3 871633913
2 566385153
3 277517613
4 304464823
1334 884511194
3 505032232
3 787925953
1740 761518609
1 842266710
1 563120902
3 795222329
183 765414257
1909 303399838
1 135857937
4 305922883
2010 990950474
4 411545600
4 962234480
924 89839408
4 477451877
2 175995807
4 984142532
2 575948452
2 860949327
1 352395217
3 644033196
4 709638099
1173 49430685
4 423214540
2 741785813
475 803000345
2 806691713
2068 68302013
2396 137812773
4 393037490
1 813678581
1235 282986725
637 44203787
2299 616151295
2 292732507
1949 842270423
523 933951880
3 364135148
1516 917345120
1 82898892
248 254633447
3 619812485
3 720768141
594 204232511
4 613954672
1 552665695
4 224934542
4 184442496
2204 482484889
1 695861739
1 209831498
1214 830810319
2 245258635
400 824283641
2 493870901
1 925221229
470 962740759
1 844453899
2 273196917
3 128706702
2 410002067
429 665474144
2 151352698
3 784980187
3 120621727
1 833515697
2 38556726
3 987891834
2 805915024
2 937511617
4 767652327
1479 703669856
683 985024619
3 563178432
304 364752576
2 145953196
4 343750807
3 863594835
1986 706036866
1 458636753
1 272446750
2258 840385140
2092 304481764
1742 379367597
2324 212848381
3 201860275
3 742870057
1 730439853
1486 781874412
2211 870955968
4 653831620
4 717757617
1456 468774499
1 399266922
1 351331636
24 886341506
2 227451726
1362 26925221
3 569048265
1 432032954
4 198925490
1 649209800
4 872681014
3 465665104
2 266961811
658 45380768
3 824752860
2481 914190248
4 397938324
4 487247706
3 539516376
1 432295232
1 300120953
3 208101672
1 877415003
3 899908225
196 392291594
1 770701973
1 469747418
3 200640621
2 333206019
1848 512580824
2429 629783235
4 606805672
3 384763216
2 670346334
1021 602247423
1 229935544
1 685608919
2 639865992
2 980738880
1596 330730679
1948 345795526
2 696453925
1817 908270209
2 344589277
4 771663339
2 905097040
3 288122962
3 628526241
2 794786449
265 917062748
4 549399500
3 110214853
1981 846818663
1 439802429
3 689899746
4 949784859
2 73308278
3 300876849
233 467391178
842 586600271
2106 31525989
2 234220719
3 651339175
1022 724315301
4 18342697
2 582238261
669 595944394
4 320623753
1931 521269465
308 227687910
678 26423050
2 254143070
1433 612904916
747 668917090
1 273595898
2 534309690
3 358044930
2379 803113653
2 627588674
4 307669915
746 120261760
1 417326204
4 123649710
2426 946794962
2 434354012
1658 424796761
246 188407461
1835 267948843
2 757409064
2 888206761
1 213322518
1 819459117
2 89961270
481 323361316
825 70441407
1 560723668
4 115078478
2 235076393
4 353815546
3 209514192
2 645679584
1 452182507
1 873468611
2 8597417
2 378880294
3 610445962
261 685981300
3 122908027
1 466576897
1 90119210
4 184086854
1 908293210
21 608589315
1530 169286509
4 621795201
4 620165017
3 368404148
3 718726327
4 113258811
3 500267862
4 957023271
2 274938142
1507 528312704
1 816930153
4 996322711
2315 178247423
1305 215247496
1 634505310
4 480401864
4 897889908
2 573467544
1 396578414
3 977481299
3 729874732
2394 333375413
2434 310009835
1379 15761289
1626 524616077
4 982612484
1 905520739
3 695050081
2474 528756029
4 749498082
1305 213337066
1 725078349
4 200512027
3 905961781
4 708032278
2 529316101
2 403310339
1736 79530064
1 652544300
4 484739777
3 954074122
1278 752406217
2 894358747
994 275838090
2 537311714
1 800020470
2046 851383903
4 612727266
1350 313431796
3 750242598
2 747518336
4 8244350
1967 970320292
311 113849382
4 105791014
2 729228972
3 407861863
2 962296882
2016 64338441
2 69279880
1 970451335
1 696190849
2509 576278621
157 675163945
2 202244352
2 469080972
1670 146226297
1 633294404
4 465448686
1135 176710084
3 75475660
3 624722230
4 473411839
4 386364166
1 982441028
2 936220549
595 938464637
2 883052359
2 975048945
4 167880447
2 936500183
512 647554370
3 872889690
2 531825354
1 136081847
2 296779439
299 480888706
2 36232894
1570 870009766
1401 350823105
1926 480854543
1 148040056
1 597177320
3 627547810
2 580185494
3 366611521
1 105564954
4 264220576
643 276790274
282 233525243
2082 406102412
1 460135614
4 362347936
1 629516241
4 47961931
4 473437922
3 962874450
1878 723174593
1997 454114194
2072 936964293
391 116471597
1 107003201
2 833783708
2 974347694
1231 363460621
2 950580045
4 477912361
1 905320095
1243 134525066
3 114397299
3 787004922
4 647707121
1 137492605
3 268015879
3 54253774
2 921049957
3 631732600
4 320901355
557 228448004
1276 616258474
2 769682769
2056 412472100
1 551869957
1111 85056542
143 210729104
3 903376834
21 900808078
3 257026973
2 170516907
1504 460694915
3 851588309
1000 277216053
968 12400194
1 331462206
2 830875463
1 808885935
2121 975686871
1170 611571212
4 996740736
155 849923777
1203 319657616
498 976236719
2 264225620
3 866455501
1 543419152
2 953826071
1423 321584382
2 762164448
2 233353480
2432 323068144
3 498060338
3 81640582
3 355853273
4 222340853
1 255988044
1101 157619327
2 318699939
4 842602968
1 169906295
1 384628718
493 11759985
274 772577295
1721 655082424
1 17688886
1543 473269808
3 181220152
4 964767353
2 617398126
2369 801862654
645 713195087
1 899036133
537 100584524
1 550302682
3 388788602
4 818532492
3 535920242
2 938774165
2051 776942440
3 691562725
1873 389085168
4 123383905
3 197340280
3 466475786
4 491822356
2 450972686
3 142424955
2280 704827657
1892 68798906
394 655319735
2 77896849
2 752224963
2450 93377490
1436 415713744
4 555125138
3 81566743
3 59103807
2414 783854721
3 32388105
1553 826341684
1 116031857
2 939173509
2113 770173332
2 678379649
1 782425662
1229 959622495
1035 545859484
1 429177105
1 642378274
4 200147715
4 296378094
3 721968169
1 740675983
1961 408690464
3 753302132
1 965264804
2072 208713530
4 132316429
1261 910836267
4 380537653
1125 429841580
2 185699197
3 987921155
1 742745324
4 134013425
2 337714865
885 488467367
4 812926686
2312 699613013
1646 984062466
4 636493820
3 359651765
4 306812291
152 920220327
1754 79268886
3 311686470
1 991570830
1646 392360802
1 388216945
4 558449798
3 365807876
1 625141695
143 436301822
3 348121166
4 434550412
230 904463489
974 488560361
523 537123524
419 92432222
3 673833500
983 585926729
3 508455209
2 488115669
1 640607996
2 93363613
1 120169903
3 955143322
1 461577395
1546 604513038
1 588776088
1 255912598
1 920034392
3 399502795
1651 488402980
3 132553579
3 508939577
4 94258569
1335 691429174
4 877507137
1 772103864
4 14403122
2 278612716
2 465187132
1 222117418
3 142131909
3 15765882
1700 608626574
4 744488149
1405 421638855
3 534209250
2355 531356048
4 600309393
1638 386072068
1 657590380
2 700653540
3 646013526
2 142647505
3 334737153
4 970544648
2 887562848
1162 638405110
2 50923471
2488 64671540
3 564504881
4 913190716
3 907000678
2 613580965
3 682530539
3 684048221
602 801780038
2 754670272
2 346809116
19 353766571
2 594791232
1 782173786
2 854190220
1532 732884939
1 825215164
4 428400184
4 547877592
3 570275053
3 106452123
782 521755066
2438 986636275
2 994129804
1465 664729605
4 676128070
2 842075993
3 946575628
2044 492307837
3 231281664
1777 181744624
2 120183417
1 777868016
1735 7373602
761 128483226
4 813026045
1058 757250458
3 190454236
1 569209806
383 698515482
2 971005707
2212 540783515
1881 446034868
2 357215324
1 456004731
1908 862826240
3 642280952
464 232462148
2308 529892054
124 574903336
4 969623495
1060 680335482
1030 249142301
2 927075818
4 655833012
4 988068353
4 339326616
3 840851705
1330 731046114
3 270773472
4 251786773
2 192762955
3 966836818
1 306098815
1 837659531
2294 353377030
836 170032430
2 366087702
4 361792118
2 255291041
4 892199521
4 151865250
1 535610245
2113 897301137
720 345563778
465 535952441
3 404039376
953 228931655
1 622512977
1212 665067373
4 88852357
3 748823743
1 893275928
1483 564616610
1599 953768938
3 553278359
2 470855614
434 609087433
517 822573191
1829 972530746
4 128793177
1497 188533470
1 766857839
1 169975967
4 591414910
4 205529743
1609 840616164
3 870643972
4 461956552
2338 428475373
1331 368591023
4 729678617
4 306629608
2 617759213
1150 43501343
1973 315056508
3 113546116
4 817088505
4 51527998
33 213442136
1 996526505
1426 996679226
663 577770675
2223 940863742
2312 990404832
1 792890039
3 666049265
2510 132431250
4 201762466
2 581924595
4 947917262
2 265686604
128 238740258
1994 664914703
2 294541004
1 594639175
1 909139735
1515 333338031
23 51983119
3 419400661
4 628936594
3 96843557
252 879276572
1972 542109067
2 220971780
1 885083319
3 731436339
4 972258536
3 44031462
1 286888517
297 971574449
3 356475238
2 206956166
1 238530933
4 922615243
2 957252163
1 12423760
2437 758980548
2 150932436
1 170013528
2 860170579
382 865477807
2027 145865160
70 299711158
4 876824501
3 344700347
1 535491461
4 904649947
2 593977714
4 418751220
649 773462345
766 430870549
1 154506005
4 902064061
3 868331716
3 602131962
4 692104475
1139 914499059
2 562036669
1329 965640978
2225 786880976
3 493886738
3 801738566
4 293424490
697 201546527
1 413786064
2 855148286
1 153536567
1 601243719
2 686585189
657 231284336
4 512646674
2275 306779559
4 128306008
4 678749732
4 129823676
2350 755623690
251 521451454
1 295882038
3 756784618
4 452800936
964 567434029
3 381586482
3 872231367
3 605423681
1439 801104893
2125 142797673
1264 592776576
531 887536480
1760 643990745
3 127377299
2 524571195
2 663896483
4 370020665
2464 367533941
1589 228742065
2 850136203
4 626501565
1537 180238370
2 131648542
4 19519927
4 406803078
4 858812542
4 617159096
3 984435655
2 872293164
1228 570630803
2 125417518
4 703324642
373 135420716
1 502556481
3 295733018
4 508618060
1615 114261052
2050 607811635
3 606219093
3 638062695
2 861879392
1 394813346
3 614697244
1 362480299
2 360768511
176 684098436
1 391135513
2 704818353
1 291044102
737 209261033
989 96911633
1 379399523
2454 175719095
4 376593076
2019 315565143
1 50958257
1556 822543641
1620 426694194
1 323540962
4 53739129
1 477754608
348 826992447
1 169759711
1218 10672843
2 128944992
2349 799385865
768 194037423
2443 337047245
2025 784897797
2005 869488671
1619 755509315
2 293113677
4 903329967
3 22797523
4 625194450
1 820189554
4 592003668
2 177662812
2 136934285
3 81746158
3 881346773
868 898937686
2438 604956892
4 98143567
1181 846424482
4 334805141
4 733366149
1392 833805439
4 289841764
304 946107510
3 508572529
2 968662742
205 45152024
2 496775829
2 300365273
1 463792675
2 556559706
738 37929046
3 935129701
2 767419271
3 54339462
3 71742364
4 119521495
443 706218550
4 618417784
1580 972701545
1 396328042
1141 927978138
3 943653063
1367 849635055
1918 612909901
1203 957726135
1 278419571
610 7916564
3 334520392
4 31989913
1282 18218291
529 73146520
2 740789365
2 212160529
1 726523403
1190 455931803
2206 727178688
4 187974868
1 867167901
1 332367462
1735 457348626
1 310368330
2 350040977
1292 165880936
4 163740415
1239 584506006
3 535306898
2359 995395021
1 614837339
375 871085274
2 139562448
2 81570704
2371 69096170
2 186008930
1 435538117
2 858191211
3 191080216
2 147930435
1786 83617904
4 296432944
4 635758271
2 42676306
1 157165925
2 800747247
2 531334594
2 11941370
1331 127583229
4 755010451
4 400734190
4 629324195
2 639554081
2174 679622162
1 983287232
495 665277474
4 789805728
1 25777636
4 595176519
3 896151280
2153 787028344
4 529322907
2 320310830
1 769509936
2 437424070
493 528727018
2 418061241
2130 463563425
3 284777800
1 184422431
1102 15993384
4 608153237
1 23177395
2074 478377129
4 950375675
2243 730815149
2365 358844899
2060 267381639
1245 889131661
1 840906789
1105 123436928
1 59411952
2 184002530
451 752713145
1525 397296959
2109 228674252
2 874065925
236 227555429
4 312488111
1 940521117
2 885977777
4 364566902
1 605526708
4 866023418
1029 464979217
993 198938235
697 941173379
1 136458095
3 514554099
2 5901579
1 287221521
2 370709525
1764 514418964
4 96078162
1 527124032
1 726855274
1 378860003
2 132821344
1964 504423385
3 54742047
1 323975327
1785 286976461
2184 394684113
3 244516614
3 814230172
4 890850554
1 828646003
1 403927308
1022 158207023
1343 947795153
3 891703037
3 667242879
2 593876061
2 210150399
4 194511267
3 839467234
1533 3138847
1 96871073
1236 235196831
4 229839240
2 164681970
2352 570023825
1 30618279
4 893512041
4 75448578
1 978930679
1 308271996
1047 438652949
1 785413432
4 729118719
3 928150310
1832 701462164
82 993096932
3 202905895
4 292783670
205 11079767
1 525130
105 456382218
902 457868277
1 659833176
3 592933477
3 813450246
751 3885114
1 127049182
1264 79138849
2 935168024
231 501077322
4 141752063
3 124014305
4 887672928
797 666043954
3 341534868
301 467823853
2321 498511181
1141 284552698
2 176374757
3 936697213
4 807113101
314 893745012
979 104109842
1 41240412
3 512017617
3 549937190
2 32858405
1 630108662
3 324882021
1 988230456
2 745754887
456 335259837
4 15289799
1 815338277
4 844241033
11 186351821
1 709273849
1508 920558277
2 956560381
351 742625972
4 328248158
4 700469535
311 693765013
2 862776907
2076 896365485
3 111180724
2 851986389
558 26001746
4 328797321
548 573840136
1 747091454
2079 460614261
1 774097554
4 214515618
4 16133158
2 360960626
1 493214
4 434435025
825 116613233
76 18210975
914 692977101
2093 222592821
4 585822626
2 694974331
2 708164469
4 468597269
2510 274606777
1 651434694
2 327906588
1962 345193810
2 761500168
4 494018831
1 59551551
4 974490637
2 641863078
3 483171007
726 727514371
2 991030024
4 600473188
4 543455029
4 958205415
1385 286948226
4 910225889
2 278674312
4 799558390
2 269806428
2 962338541
4 242499158
1 939857762
1 267440984
2 822707313
2089 212209039
4 403118759
2 336461096
3 997464908
2 299608798
1 96605703
4 265412987
2 292437770
2473 502044917
4 99985908
1 486860308
1 2 1 1 5 2 5 5 8 3 5 1 5 7 9 16 6 11 2 6 20 5 23 5 11 19 15 23 26 2 4 17 6 10 21 36 9 37 4 40 23 25 38 30 21 24 24 34 48 46 11 8 52 48 37 29 43 25 44 12 5 24 29 51 20 48 25 2 46 59 51 54 17 20 44 22 67 18 66 21 21 12 65 82 8 67 33 74 13 9 15 10 33 12 42 24 75 23 94 29 49 55 27 46 79 75 82 8 52 90 105 88 38 35 53 87 11 1 53 28 93 69 32 106 86 26 103 120 71 11 113 80 92 58 132 57 65 71 6 116 23 103 53 58 38 136 49 142 109 146 60 123 12 119 37 141 2 14 134 70 45 131 12 132 47 138 155 45 125 65 132 24 31 83 145 98 47 128 169 53 12 133 10 29 1 142 146 165 134 1 3 107 27 27 118 52 131 61 10 85 31 86 200 46 13 159 96 60 95 19 54 97 122 3 118 133 8 73 108 124 66 151 47 12 165 160 206 186 170 126 148 204 76 137 148 185 213 208 27 221 107 81 206 32 70 216 241 151 178 44 200 123 153 123 222 166 37 68 113 251 73 189 188 237 116 6 265 122 164 49 61 169 60 103 169 182 158 120 173 275 267 22 281 22 88 151 145 228 226 23 32 10 76 281 152 214 155 36 78 22 52 249 277 244 128 196 167 202 198 242 203 151 197 148 91 56 144 245 7 140 176 132 263 16 291 60 149 91 183 49 167 181 325 32 16 106 312 130 73 187 275 21 306 61 251 283 212 100 198 6 342 330 163 352 54 255 314 155 77 249 215 80 306 119 108 72 333 252 154 265 221 161 84 244 309 53 38 229 115 73 152 307 130 155 129 262 92 301 320 383 173 58 47 113 12 361 187 116 263 400 208 232 228 239 6 272 194 364 87 345 46 336 10 204 401 280 193 105 18 286 301 421 294 9 148 178 392 14 198 337 8 267 393 32 78 39 330 263 311 375 217 386 241 289 105 396 288 215 418 155 132 397 412 441 248 397 393 243 400 6 164 205 438 279 39 410 421 163 299 340 68 470 56 274 420 28 413 151 70 464 38 231 85 116 280 57 298 3 246 336 434 330 58 241 477 176 390 22 385 184 172 458 360 251 485 448 359 33 461 267 506 432 399 74 122 318 378 118 217 277 41 159 417 22 235 331 24 170 122 21 524 447 170 47 417 443 254 404 258 538 172 393 16 50 260 515 91 152 185 163 187 259 446 481 514 263 278 323 545 494 484 142 289 36 183 98 549 409 438 182 427 82 411 455 139 508 529 37 435 135 280 416 321 287 380 561 299 407 213 515 477 96 272 473 92 110 289 127 130 227 530 107 59 284 270 324 503 154 97 327 506 60 70 46 195 46 536 525 338 34 389 478 455 352 169 584 257 355 218 277 302 580 131 141 607 561 129 384 14 595 475 231 377 39 222 588 378 265 249 263 53 323 130 177 233 354 110 188 2 265 340 552 415 243 279 413 279 269 412 420 26 413 97 319 17 113 456 77 135 6 454 179 294 429 249 659 182 610 27 309 517 437 518 258 261 465 610 185 443 173 685 186 312 653 243 34 137 519 592 432 286 543 232 447 167 585 292 198 576 620 238 68 76 479 530 325 346 194 728 712 730 239 141 393 215 523 493 589 174 57 385 325 408 120 503 559 327 287 599 73 212 602 53 396 752 705 740 233 82 94 455 413 761 594 657 388 614 228 426 703 266 652 463 304 654 735 776 40 310 274 250 348 381 539 79 771 757 350 394 672 252 290 763 450 527 735 166 485 631 331 143 260 536 252 78 286 673 267 227 342 116 473 691 84 55 731 54 553 125 746 356 622 70 606 668 386 637 367 128 804 481 325 660 739 704 557 200 764 767 66 648 374 558 602 157 99 183 820 640 761 408 834 299 602 198 58 520 117 354 187 120 677 289 643 602 129 315 608 859 795 798 456 77 188 263 619 561 281 575 309 147 865 154 457 597 652 779 710 97 434 60 499 839 386 328 327 641 35 701 839 584 477 445 449 203 812 799 532 99 81 474 239 423 18 31 425 181 454 496 195 720 398 604 152 518 331 291 116 609 312 895 55 924 691 697 690 863 526 407 811 429 146 815 230 730 24 559 8 521 906 660 563 588 301 423 763 688 77 524 769 582 818 733 398 46 318 379 485 826 698 809 481 602 709 119 205 555 966 734 536 673 662 672 68 530 868 370 36 918 444 561 130 14 153 641 515 384 118 661 165 189 501 307 545 401 167 212 625 404 839 413 792 940 637 333 843 576 174 92 659 425 359 1009 296 745 210 906 800 423 575 178 657 488 438 875 1002 680 935 625 859 928 793 306 346 842 791 705 873 921 838 302 298 870 64 183 34 913 261 602 898 619 977 647 388 949 121 317 105 594 612 870 682 627 635 950 496 952 564 795 948 821 693 610 78 849 21 585 1062 377 687 967 405 571 894 325 902 346 989 379 1036 60 319 195 244 302 364 368 448 290 5 755 419 427 1032 1104 312 504 804 680 66 751 1050 998 971 89 394 1101 1118 834 305 349 727 811 257 983 977 321 359 1043 1097 561 739 154 110 838 572 208 278 665 827 995 243 299 918 136 628 740 62 571 61 1157 268 338 800 50 686 686 157 884 1088 592 552 711 138 317 1154 273 137 93 672 687 618 645 449 265 1016 805 833 1101 231 982 667 1169 92 118 1061 261 126 1003 875 844 670 918 95 267 508 498 3 426 202 393 846 472 94 1160 643 706 427 1179 161 1212 916 781 1102 184 420 742 921 1060 203 431 1038 732 234 2 341 778 500 239 1167 536 800 107 357 280 1072 255 715 284 970 1181 529 139 445 210 455 871 196 1224 1233 1065 706 828 1192 1046 336 284 1052 650 360 538 325 82 299 63 707 1229 376 75 413 422 383 418 686 727 664 398 869 1187 751 484 23 1179 815 1112 413 558 352 273 672 1103 80 33 48 184 1197 243 505 842 734 701 624 1006 287 1090 451 86 391 1071 178 416 1234 398 916 291 137 438 1083 494 1311 795 1159 553 194 180 1004 496 1050 298 1240 247 139 418 345 192 814 63 1034 529 421 1100 1104 1293 555 13 420 1229 1147 806 185 1080 39 132 1307 1148 1039 1343 569 451 1273 1109 1076 259 742 810 313 1222 905 814 993 1371 102 1239 932 745 172 707 491 1061 506 1148 435 1099 145 257 100 21 645 56 146 1269 1021 277 247 52 660 875 931 272 868 408 844 1340 77 898 1304 390 1357 506 902 215 458 1074 309 1320 343 239 140 974 422 1100 1073 141 590 327 706 181 472 96 776 617 1013 857 876 693 1108 312 805 1211 574 1432 484 134 1195 331 75 807 1286 1115 280 845 1320 741 999 415 1107 221 1081 1128 115 620 617 864 69 1448 654 1362 1199 684 1289 1212 969 1328 576 61 1035 498 629 1279 1182 556 438 1053 184 75 229 936 253 202 107 1415 275 598 880 1126 1054 256 1502 1268 606 991 580 758 1044 1474 1483 514 799 1343 118 89 695 391 245 1019 213 775 910 537 110 97 632 304 662 1492 193 296 770 645 966 1284 706 554 135 407 1275 35 1175 856 1081 335 736 791 958 1469 359 274 837 1118 1171 1214 911 367 284 772 498 487 1555 164 1218 269 296 632 276 949 980 1177 491 1323 1198 684 935 690 990 884 1365 188 978 1131 1090 540 602 325 689 1536 509 589 1164 1069 656 96 409 1582 1438 152 1116 1107 817 779 1260 1564 1377 417 1233 1070 549 47 1069 1293 354 1381 495 926 300 419 1224 1482 386 590 1233 532 409 943 1351 276 1152 253 1394 452 1431 245 643 1545 1224 335 1362 1346 1589 1490 908 348 1343 1079 455 1102 8 99 583 949 801 1549 729 61 680 399 1458 330 230 1081 237 1644 208 348 402 350 311 707 979 93 1410 1346 18 218 243 202 569 859 589 1268 209 823 863 73 1446 1147 105 947 153 491 938 210 881 1231 524 1246 1245 549 1304 987 37 385 506 1690 1400 948 1294 432 859 500 1549 1694 302 177 111 121 1100 221 353 97 1278 595 997 1486 1251 805 1242 1319 1486 797 646 891 569 255 741 94 49 1625 397 27 709 697 855 461 1715 1004 526 1405 101 612 526 887 489 251 29 1286 1751 1415 1040 943 704 1683 187 335 191 995 585 1377 621 1678 1124 28 92 1039 99 327 338 1335 19 258 1785 1048 1684 334 741 231 580 1321 939 766 265 691 421 848 251 436 1304 620 562 1364 335 1781 763 642 187 316 958 909 72 358 7 754 1041 1530 489 755 241 806 1796 353 876 1776 952 526 1224 361 1483 1480 541 910 59 357 1027 1728 533 1545 1628 178 883 1398 724 961 831 633 672 200 1003 113 1384 477 403 1699 946 18 1650 434 1839 661 455 529 245 277 602 984 1446 633 1516 205 452 1703 1424 1708 1000 889 1035 981 1342 596 1704 709 381 488 487 1683 1790 787 1017 742 1476 254 1341 1325 555 1010 1787 477 1881 417 935 1098 995 171 306 41 1204 540 1335 793 740 655 665 1191 189 1290 1237 1665 1912 1055 1257 464 314 1444 1388 1487 70 436 1247 190 813 280 1182 344 631 920 790 1023 500 321 1450 1152 1115 399 1161 875 246 1756 1803 865 637 1228 1354 795 1566 1668 1441 1160 228 334 1848 738 335 1270 1379 1572 1177 1387 1351 1761 1538 1441 1044 654 536 61 659 664 493 46 631 1115 284 734 1487 391 1287 333 543 30 532 1504 801 1425 288 373 851 403 939 1475 562 944 219 1719 119 34 66 62 1978 246 1080 1743 289 101 436 698 351 1836 1255 1079 1311 716 1614 1443 1203 214 1688 1859 844 1518 1511 184 993 1517 1565 410 1168 124 1684 1704 236 434 754 900 1536 1063 1029 578 1002 1187 686 394 513 2038 243 63 2039 1207 690 1495 871 1771 695 614 1094 379 1440 1848 1016 2048 1687 840 1326 205 1522 1972 1712 1430 781 1269 1967 337 1040 2028 962 656 1754 241 1383 1671 1988 1021 727 93 1772 206 1012 1060 464 891 716 31 392 20 147 1756 1384 535 1168 1602 703 1735 796 1521 900 469 1592 1147 557 1517 1149 379 1960 775 989 1016 1019 722 1938 1652 1741 2097 1612 832 676 1187 955 1270 1600 2096 1520 1700 767 144 2084 209 281 840 1344 62 1185 668 2050 887 2045 350 778 393 1966 1588 1576 48 2112 463 1552 125 1192 2173 156 1020 310 1092 761 746 1143 291 512 1048 536 1562 907 1116 1512 2051 1410 1393 1706 106 1454 1276 1822 918 1014 1374 1674 537 1125 277 1737 1438 1532 58 1101 879 1038 1457 1093 217 1897 1213 851 268 1927 91 1428 1019 1035 1296 1111 74 414 130 1453 1274 1408 598 901 412 382 1568 351 468 1580 1199 2039 1450 795 1001 963 902 2070 1292 596 2024 2162 2040 106 1907 744 339 633 1054 2016 876 1053 790 1661 1575 948 1169 615 1151 1005 998 1944 1954 1371 240 62 2206 1869 1261 764 1547 417 498 647 1845 2044 417 1627 2166 2164 2158 1686 1577 1775 1300 177 576 570 1604 1028 390 7 1634 2253 376 2095 1329 2132 537 2250 1613 1875 1534 1276 1996 1904 2064 1668 2318 1847 768 2265 387 2251 153 1991 1019 2304 1725 581 870 101 1822 1082 1637 685 669 1811 2295 2218 2249 343 2265 1441 2137 644 910 1958 571 2217 171 2129 1827 559 1971 378 437 876 91 16 1027 1716 717 1840 1235 2253 1345 1860 468 1157 1246 506 608 578 1104 1640 902 1712 284 1213 1349 1111 617 172 1191 1962 2324 2191 2345 369 2037 575 785 2127 856 2392 1952 1126 1233 1058 1172 1725 346 1083 2099 2109 1319 1222 983 1543 13 967 67 2344 2226 1713 948 2410 2032 1824 1967 1670 571 2062 553 87 681 772 1472 2104 1782 2119 504 920 2039 215 1543 1129 1890 1201 1588 56 285 2051 425 1083 1698 1315 1012 551 2235 688 950 878 518 1387 65 1284 229 1959 2198 2321 1860 1852 901 1026 2103 1407 2128 2192 659 1066 1006 1549 760 1503 1034 644 1965 2398 793 2239 1787 1 2084 847 2290 1080 1250 843 2485 614 1467 467 897 1225 288 86 2239 2362 1299 2413 1036 1738 574 1314 239 1267 2041 2097 2462 910 387 1980 930 406 1455 209 957 2384 1736 1835 73 1305 186 167 1719 1925 1839 497 1705 292 2057 1816 1492 2528 839 2480 2118 2312 423 1236 2364 656 2268 1717 540 2131 2059 304 1264 2428 1786 1605 20 630 1262 1041 2436 1423 2512 104 2353 194 1795 213 1321 616 993 1285 2123 2364 2105 229 2565 1309 1416 572 2427 230 842 2233 2496 1523 1111 398 866 15 1408 2227 24 1215 1846 945 1109 501 629 1498 2114 2434 2418 4 420 2293 991 2603 504 2266 1793 1254 1431 187 1072 2613 1774 2414 2305 2358 1142 602 936 186 1715 1248 1564 1646 93 382 2007 2335 2038 1964 2370 792 1917 335 2523 1962 2336 2097 2476 1059 2206 1651 1807 973 751 1628 52 1850 1690 2603 2176 1361 2032 2265 1125 1995 1611 1726 1024 1414 359 1010 2587 2417 375 704 2592 1260 2626 1258 787 202 1215 139 1372 103 1191 2173 607 606 1498 2657 2585 187 611 57 553 2553 805 674 1800 2086 2257 332 323 275 2391 1926 1459 201 812 2246 1402 746 1988 1640 2544 1366 45 193 2570 904 2468 2600 160 1449 1182 1019 1784 2510 2289 561 1377 2258 312 1119 422 2175 1129 443 842 325 296 2354 1345 505 613 1725 2583 629 1185 354 937 1711 872 349 947 2342 2089 763 1299 2334 563 2311 532 1302 56 1039 1506 1103 423 2086 2590 1682 2158 1152 402 1556 2466 2695 1700 822 2386 2515 2306 93 1209 2443 1068 2626 433 1823 1310 1977 1653 1363 2074 2377 855 2585 177 904 1087 1526 1325 2044 1763 584 1548 814 2744 625 2393 724 143 2229 2669 29 1552 2016 1561 631 1922 433 1605 2251 1369 2811 1017 92 957 1617 2640 1157 2488 694 1121 4 2265 2280 370 1554 727 2362 494 2404 1183 1967 2688 1956 1616 2541 1595 458 1730 2839 754 679 594 502 2588 2262 284 641 2546 1267 1792 2124 1545 670 249 1497 973 118 205 1371 689 783 527 1653 513 411 1908 1775 1164 12 23 2053 2235 2743 1411 686 2271 449 1508 2038 2501 2266 2023 153 1047 2497 339 497 2107 1501 1486 1470 92 1535 125 821 1647 2592 843 1422 745 679 2287 4 165 1459 2302 403 695 2315 2483 305 2174 623 400 296 123 2216 1022 938 2864 1326 2500 2256 62 2858 1691 1658 1043 2020 1578 1658 1276 1654 1377 904 871 1017 1930 1616 469 2207 2508 2016 761 2872 147 992 351 2673 1720 2360 2554 1431 2882 1323 1581 461 2039 144 2819 1335 1476 1584 2592 1942 2171 1452 439 2736 892 431 2003 1485 1013 334 560 1523 187 1707 1374 791 1254 552 641 1008 494 326 2845 2776 1720 2406 2602 605 2553 699 154 234 757 2873 2531 1028 882 782 2101 1852 1507 2416 886 155 1130 1674 439 2539 1353 194 529 1618 2085 609 1109 218 2078 2473 2103 2428 2178 543 1005 2156 227 2066 2739 1599 992 333 814 2152 307 1728 2677 912 1961 2534 2772 85 1485 1459 1261 1013 390 490 2669 650 1734 2392 1133 322 2477 1114 213 1667 2549 2488 921 1879 1620 2705 598 2842 894 187 1622 1029 266 1887 1716 950 1532 299 2424 841 1989 1851 1753 1355 2550 1144 2768 260 44 981 46 2741 2748 1266 1899 2309 806 240 1782 1181 1796 713 1454 1152 2931 2522 2376 2091 2999 1060 375 2747 2589 1863 2554 1340 1428 136 1547 877 2580 126 2172 224 244 2010 1949 2495 406 1638 1282 1513 1653 362 763 793 2639 2662 1683 2454 367 1565 1570 161 1443 1099 479 2993 1576 2129 3140 889 12 1570 859 3143 1559 439 1203 468 2334 2666 614 2153 2030 2243 1750 780 2266 2132 2349 2315 578 975 3036 132 5 219 1502 2879 857 1083 3172 1370 2784 1812 2826 1385 1737 74 1149 2569 1903 644 1262 204 1349 659 767 2170 1907 211 2170 1615 2358 1211 3049 722 3190 1554 459 2283 172 122 454 1754 2458 262 569 1149 2789 701 480 1107 2488 339 1047 2252 756 2509 1912 1039 751 2536 360 1714 1824 709 2439 2476 1666 491 3107 1088 1800 493 1941 2316 1589 1331 2152 3245 1375 674 354 2392 2986 669 105 710 2424 339 2733 702 2167 3058 2566 1967 2692 463 1236 986 1696 2458 2197 1878 2305 178 1144 1181 1467 2717 495 2471 2221 2267 2776 1522 2213 795 3013 2910 2543 3228 2394 1111 475 1226 1607 869 3295 2991 620 549 1985 836 2105 371 3120 2865 2632 1189 162 376 2230 1899 1655 872 442 796 294 2760 524 2302 2391 1572 426 2061 1608 3153 647 2770 1995 165 2325 1493 1759 1064 635 591 263 1756 884 1472 953 2495 2177 1889 1608 3145 1883 2697 1146 1515 971 2616 2144 510 9 2266 2098 231 189 658 1424 40 3283 2846 3165 2943 420 3023 1675 593 1332 32 3231 2152 1793 2971 765 1408 1254 904 212 1458 2661 819 2543 1161 2302 3213 1072 2894 3247 2977 3051 2836 2900 3014 3163 1617 1861 3362 2302 2079 2295 2126 1413 1018 1774 1251 1243 2404 2524 2087 412 1307 1367 794 729 2022 1103 1623 2662 3308 2723 1904 670 3305 3015 357 20 2627 251 2588 687 3416 127 3338 1448 1481 1592 260 1333 1119 1585 703 33 1600 2207 2976 2356 1996 1802 2292 2702 2395 1279 257 214 1757 3304 1786 3002 2532 1849 2013 1630 1653 1849 1078 74 347 1376 664 2230 2522 2968 1535 1539 2327 595 1568 3346 1345 1855 914 914 866 2748 29 2961 2953 1567 1363 2460 2719 2026 2039 825 720 3299 3051 3403 3490 2069 1269 180 2739 22 3462 1674 3341 2457 2566 1948 1463 746 2694 1209 997 1984 398 1802 777 2343 1381 3315 502 2405 2857 2301 106 1804 666 2530 3124 702 2473 1010 1540 135 2506 1478 3524 2397 2677 1878 246 52 2972 1935 311 2278 1484 1570 1502 2056 1239 78 2592 2959 1796 2655 393 52 397 2508 872 1447 3343 2001 575 2389 2080 3153 1656 700 3052 2815 3405 309 460 744 3230 782 1215 279 602 410 3185 23 1948 1717 3218 2645 501 2519 3263 980 2359 3399 1524 746 2262 2108 1023 2475 60 399 1176 455 2266 888 2393 3016 3149 1324 1827 779 3478 1164 2554 3321 2525 1271 977 2998 2706 1189 3301 1415 3497 434 514 3172 1316 3102 1350 1689 2705 3467 861 117 2436 1542 765 1473 1612 3349 1936 1185 1860 3236 1828 892 2627 1278 2409 3317 2536 1077 658 3253 3484 1634 1560 1494 2464 2958 1043 1732 1964 355 1904 2937 3103 1321 503 838 3615 698 141 1044 3215 3163 3540 1265 1317 3527 3308 3074 3374 1638 2839 1601 3638 1341 3165 1626 3075 2377 748 3267 2941 1992 2828 2393 3179 128 646 921 1100 1130 3537 3255 403 273 3391 1237 2448 2075 461 218 701 2501 2680 334 583 2080 2430 3688 3305 1429 372 2877 2141 67 1372 2148 1058 494 3701 2814 402 816 1144 3057 3074 723 1173 303 89 1802 1386 1287 1611 196 737 3426 2328 858 2585 1327 3432 651 2115 3187 2058 3431 1084 2712 1523 525 1830 639 1250 268 2537 1706 2377 20 542 3364 1259 3639 1768 1138 1516 3128 1288 2180 2330 3010 1853 694 1185 2142 2816 3668 2460 1831 586 1907 1338 2805 2971 1737 407 3017 2728 3136 2877 3154 37 3392 449 2819 1502 3134 3092 1728 2080 2524 576 1094 3075 1407 2347 3449 2026 1134 639 2850 761 1689 1661 2680 1357 3658 2257 2315 3076 2431 3441 1161 35 1605 351 1887 533 2028 2604 74 1886 2917 3358 1295 2427 2516 2090 1352 1757 3638 1677 152 1827 2325 2692 21 3847 3758 1933 1119 2801 233 1203 3831 2991 3215 3037 870 1477 2711 798 2844 2258 1888 155 3784 1516 859 3824 2187 3902 1925 2321 3280 1586 2655 3453 3339 1413 583 2544 593 909 3806 1246 3347 2302 1686 338 2051 2152 1439 1579 2247 3124 1410 3684 1506 822 1980 3471 2140 2894 1624 1098 1672 1029 3419 3204 2762 3044 1184 3532 243 125 2882
