4640 7 284
288 338187268
285 14751755
285 598140627
285 392420013
288 884192718
287 40519298
287 879817188
288 446495736
286 674708917
286 920165638
287 251444932
285 313696084
285 739848447
286 953212617
288 809233356
285 954737798
286 238464399
286 400026508
286 818933915
285 315056595
285 22961568
288 403137265
287 207420204
287 987807454
287 881828780
285 225465962
285 339712722
285 107486493
287 367730525
285 205066869
288 949409931
286 111376145
285 903633751
285 36483201
285 806346984
285 405515365
285 221248071
285 233543199
287 683968240
285 229923476
285 729511992
287 729000503
285 684643469
288 164600551
285 463823641
285 344849188
288 847965266
288 30251262
285 746648039
286 756044907
287 154587189
286 150422671
285 82457091
287 434658770
286 499507772
287 342787116
285 482822339
285 378085160
287 237995945
286 598613607
285 409209132
285 678658985
287 761897376
285 468268472
285 803936711
285 587573631
288 647883351
287 585757285
285 446151276
288 560749077
285 675859967
285 187906749
285 313474985
285 277112686
285 30112554
285 271113035
285 515006758
288 243774857
285 31959736
285 459365608
285 684822415
288 782882951
285 21843851
285 711573800
285 551986789
287 368969667
287 118708931
285 300886420
285 889819779
285 184664451
285 192397112
285 398862002
285 76795308
288 901164261
288 26509440
286 175904527
285 57553817
288 337482305
285 997580189
287 514409234
287 725798811
285 147548976
285 202274922
285 830497102
288 972827449
286 57096445
285 519115553
287 664080572
285 927887969
288 695767205
286 731990088
285 687829809
285 68397159
286 426791261
285 36593571
288 566131741
288 234065476
285 94118767
285 979774902
285 796615339
287 798533694
285 324759766
285 877220447
285 32160884
285 564650541
285 115840834
285 260808192
285 396174302
285 440196470
286 631546355
285 124971987
285 546249089
285 718477798
285 518447088
285 428036880
285 410609236
288 928566353
286 475225312
286 32219862
288 888958436
288 41425910
288 608378370
287 322439891
285 413691675
288 617316534
285 182135244
286 112734145
287 279432458
286 19476964
285 172914420
285 626220616
287 290621903
286 241121195
285 694302798
285 651423894
285 323854459
287 868304303
286 919295638
286 509352920
285 128392346
285 817542665
285 604972368
286 656366974
285 828353706
285 814501660
285 349309252
288 369902656
285 914948611
285 452403829
285 657436797
285 588753138
286 132587560
285 744313392
288 589201423
285 695778082
288 207547153
285 633067190
285 988306807
285 794193885
285 750661913
288 338202763
285 128434484
285 832612137
288 228896500
285 501034723
285 852734437
286 392542120
287 210667659
287 3506770
286 817136104
287 835444676
285 436286468
285 458137744
285 828477332
288 212296354
286 962978658
287 879337263
285 159447930
285 790370613
285 544812010
285 425156851
286 470504902
285 767168329
285 69760866
286 530191051
286 873335978
285 389015196
288 583192343
285 151920475
288 382966110
288 226763224
286 163031694
287 86128007
285 274094800
286 420337757
286 665389077
285 288959731
286 867820914
286 304483748
288 912115326
287 460034361
285 836351707
285 437284743
288 683399349
287 738023447
285 859108309
286 220340340
288 502161098
285 559302623
286 72929848
285 91846098
286 24189554
285 644002381
288 524155071
285 459025138
287 547101448
287 157442221
285 476228852
285 337612898
287 492963344
287 71024788
285 796432253
285 795625590
285 724108813
286 541377352
287 766318988
285 360696118
285 326050120
286 574768307
285 929831052
287 748600607
286 225305420
287 969600940
285 499777402
285 258213162
285 592246447
285 944522028
285 652109063
285 135493880
285 385350587
287 878363890
286 559737907
285 315810841
286 477328499
288 205799124
285 357482280
285 618891559
287 737037086
285 359260150
285 746119263
285 133992909
285 867474997
285 554722515
285 215825737
286 291807666
288 277466350
285 127994064
285 67917267
285 785193070
287 567274616
288 222845017
288 307752548
287 893703564
285 791810454
287 265339786
285 53260508
287 781601402
285 611149977
285 347543565
285 588367077
285 435168926
286 891843194
286 251116936
288 290016542
285 488583440
285 256106399
285 616864898
286 325055517
285 46615945
288 727487663
286 234172584
285 359661637
285 878473290
285 190557662
287 435681030
286 842928277
286 760004810
285 911296749
285 399546833
285 211484329
285 938714979
287 526280365
286 130200148
288 299639240
286 550060962
285 784720835
286 982407639
286 151779954
288 304475587
285 112296471
285 198130868
285 416760683
286 708125698
285 32470960
286 89543891
285 995383291
286 754130278
285 184173687
287 846649294
285 407638707
285 243363174
285 578488834
286 162922625
286 570763608
288 432725305
287 546429844
286 411159146
288 145316832
285 959726297
285 624195618
286 963419227
287 239396239
285 716202010
286 177929112
287 174852033
288 121096317
285 650041580
288 437407513
286 73660206
285 770036517
288 767346843
285 36364847
286 990558841
285 585533738
287 494022242
287 842609447
287 416358797
285 135786070
285 389334656
285 576687044
285 310783749
288 177610085
285 152527609
287 551375077
285 394073866
287 386796343
286 920471855
286 766701467
288 166502232
285 455585656
287 143704898
285 94595190
285 261803397
285 318139856
286 443892397
285 817160681
286 296152216
285 654456530
285 565857253
285 760924822
285 566935968
287 357749049
285 318917825
286 525389590
286 291477955
286 609092651
287 457936018
286 828540082
285 61684703
285 521447818
286 983946825
287 160518460
285 437871183
285 503629981
288 125653005
285 431792639
288 924843591
287 457431145
285 675896626
285 335772252
285 363142946
288 186230304
286 158448937
285 257076538
285 83627315
285 708787020
286 353746529
285 225435336
288 847519156
285 22795555
287 234691195
286 580507972
286 299475133
285 983153329
285 412714694
286 348624338
288 591512225
285 592592416
285 231927366
285 102751581
288 241341674
285 387517971
288 60613449
285 193727863
285 737518938
287 920553787
285 557929668
285 863385080
288 121962518
288 897440020
286 767002707
285 38913380
286 520331844
285 651121597
286 165682784
288 791785974
286 709234256
285 964150478
285 735931353
287 130989348
286 200147661
285 419945313
287 360679538
288 60993456
285 425366823
285 345543671
287 898960986
285 272034107
286 591968763
285 633999666
287 587919336
288 541771452
288 58870711
288 417878271
285 68655560
285 267805225
286 549308582
285 697278617
288 134758346
285 476064430
288 404944468
285 924717414
285 93911379
287 283601573
288 27321048
285 318438959
287 658158757
285 935449322
285 978255533
285 397951373
285 285227873
286 1409423
286 985431700
286 881574663
286 85546207
285 639052311
288 448161115
285 811409943
285 615620472
288 703679421
285 391386210
286 65356812
288 668716323
286 323099109
285 463571201
285 560468579
286 465315923
285 904079806
285 53623371
288 439384297
285 78604159
286 438401207
287 218828967
287 759451793
286 431770921
285 318026475
288 275229366
285 856120154
285 717336952
286 705259666
287 206595402
286 475863934
288 750732816
285 546407639
288 394046501
285 611793891
285 757130382
286 911563952
285 914299093
288 948879836
288 102592474
286 401932235
285 257568213
286 554794016
285 792112249
287 983893167
285 334433459
286 575299118
286 147886073
285 321432565
287 506190705
285 284300274
288 734636063
285 417850925
286 304494560
285 282634383
285 562337050
288 784835710
285 373453248
285 255307380
287 334971869
285 943873380
285 631275172
285 948488107
288 553738599
285 824881271
285 911544149
285 390600807
285 504986451
285 547319479
288 873510055
285 569327899
285 707933969
287 815752782
287 479892819
286 354366301
287 995315249
286 341729949
288 417269334
285 226054496
285 972707277
285 338295115
286 818487490
285 676188792
287 994536968
287 457049903
285 175852153
285 911266165
288 577380393
285 570461486
285 907486688
285 309548550
288 343318406
288 611919166
286 6152971
286 213503
287 858215155
285 693030430
285 378777148
286 736990183
285 133706694
286 460222148
286 375959552
285 852220506
288 301558928
288 157371844
285 377674121
285 269110483
288 908676895
285 76448771
285 931120167
285 27973686
285 46965375
285 107700442
285 734024216
285 982158024
286 608435763
285 312543266
286 76046427
288 518816028
287 763013241
288 876812759
285 344960295
285 912262804
288 327751404
285 426945221
285 780324061
287 601849605
285 591060511
288 100087929
285 879357521
285 608223233
285 954664732
285 291575157
285 179677296
286 666957824
286 756841008
285 501639647
285 679396342
286 807785707
286 530299882
287 298589643
286 254179371
287 267627851
288 928842698
288 416147121
285 464791693
286 530176843
285 415139331
286 652852306
285 5148676
285 617480944
288 146348787
287 951469702
285 653727877
286 915218340
287 839220875
285 374712388
286 264653451
288 585276255
286 806016295
286 984538688
288 434885990
285 151337048
288 655183483
286 963037174
288 64738574
287 167168113
286 506458586
285 111795327
286 383688828
287 406091082
288 223549299
285 660335536
285 146438060
285 360669428
285 662412496
286 845350172
285 931897088
287 384247916
287 312723192
285 324287039
285 576432608
286 286553626
288 269125667
288 814573103
287 80120528
286 559491723
286 960879706
286 126336526
285 101523268
287 977654568
285 567862984
285 761318617
285 276931864
286 387398756
285 798056128
285 266741610
288 635228005
285 607439068
288 899192338
285 348875110
288 906353885
287 247554601
285 29845935
285 817631076
288 810324547
287 642139197
286 189988062
285 418057892
285 320175688
285 903443738
288 912702292
285 577677645
285 652791911
285 653457712
285 798462907
287 52502480
285 217144553
285 50098670
286 756350398
286 558260914
288 656033791
285 199431182
285 794761167
288 635694869
285 291236155
287 184270550
285 990080209
285 161041457
285 598188669
287 846157981
285 681459238
285 872051192
285 156275302
287 167157854
288 420508370
287 788356940
285 170030408
286 282193395
288 939121545
285 850873631
286 149550124
287 117219005
285 330717787
287 538860032
285 321089596
286 373111930
286 400209439
285 89616476
288 656384209
287 984237321
287 520040259
286 221045969
285 892765331
287 854779358
286 151506110
288 40102185
286 346893419
285 375708773
285 468626199
285 830317825
288 903489609
285 476974313
285 137395935
286 526963713
286 674436840
286 995671026
288 631152523
286 517187108
287 118183949
285 74616116
286 224319586
286 756383146
285 484768883
288 391446205
287 407684660
285 275063281
286 415673091
285 285454964
285 53252985
287 748438300
287 900487411
285 688053710
287 161119522
286 362457479
287 39815583
285 304765463
287 793801304
285 660607844
287 332338609
288 821086231
287 938616082
285 312850461
286 140823748
285 942930699
285 376319271
286 441367819
287 164104135
288 194860487
285 862919146
286 813298951
285 844371949
285 224503730
288 21004690
287 336983195
286 674930696
285 785224746
287 123925351
288 908258745
288 845762101
286 384489872
285 894419613
285 610233675
287 780276376
287 538668200
287 531230630
285 97068382
286 766759624
286 785330876
285 616340072
287 913103867
286 452069790
285 573736453
285 878146856
285 348325759
287 452547607
285 696463957
285 167228208
285 123979868
285 658782285
285 649214789
287 23349712
287 907331131
286 534649568
287 288564040
287 704035839
288 963244642
285 568320478
286 205970686
286 851766175
288 715972332
285 153650753
285 894151452
285 766584038
285 660742343
287 382569696
287 400067874
286 667495875
285 523595256
287 430065379
285 809569118
285 90752772
285 742904037
285 265507286
288 173050292
288 926000509
285 301561554
287 163163166
285 527266187
287 628380540
285 607791769
288 434793738
285 224213986
285 762473122
287 374330016
286 968616904
287 671429952
285 407064585
288 384332447
285 221572968
286 488870505
285 562738911
285 785325057
287 851231812
285 402584992
285 610334353
285 229296931
285 610039715
286 433099388
285 587327224
285 332203738
287 539015635
285 999543014
286 261806312
286 848094364
285 293771056
285 710928330
286 421766616
285 498639901
287 206014727
286 807912179
285 852549208
285 973198243
285 509072990
287 511829453
285 915567068
287 677919343
285 252627472
285 921271089
288 836699383
288 550340131
285 586533803
285 230161017
287 536425062
285 58607726
285 186764925
288 788154308
285 103190703
287 216528663
285 110054805
285 653554864
285 156985008
286 500951373
286 468934372
285 602812534
285 9317475
285 136679974
287 682814070
285 244971464
285 888023207
287 750466177
285 981749015
285 422869711
288 114956039
286 388940507
287 338584950
288 414675575
286 640182766
285 346275931
285 260386041
285 462167211
286 442998043
288 586135697
288 222742035
285 617204148
285 946700719
287 706787
285 370602044
286 580537122
288 327979989
288 136809583
287 60581401
285 4793891
287 993153003
286 984558892
285 564010165
288 745805485
285 640198392
285 33016854
285 93015285
285 683431696
285 490954785
286 645530517
288 428280432
286 69728376
285 718734770
285 278137792
285 508886162
288 148391977
285 537826088
285 733251336
288 459079197
288 590225294
288 893659101
285 901925102
285 42217868
285 809150048
288 726327079
288 384022628
286 476487069
288 830383902
287 608592414
287 727715560
286 453243326
285 265518115
285 499602844
285 903664545
285 227339653
285 861762227
286 207365290
287 51667093
286 591909378
285 95770916
285 843020517
285 845182076
288 637744897
288 85254678
287 129130614
285 21720494
285 315423252
285 364494851
287 952292218
288 797183617
285 996475066
285 254731567
285 635210538
286 175335391
287 657134367
285 517024599
285 262368034
285 989778294
287 560343358
285 732025326
285 318701171
287 942910073
287 480237559
285 444896979
287 532117772
285 466333448
287 399126099
287 379353029
288 556171503
286 82653500
288 468544550
285 493250261
285 615942267
285 316959163
285 685746939
285 210788849
285 205633152
285 985184651
285 729164631
285 187347325
286 308393403
286 107954557
288 201699930
287 554327747
286 838726326
286 136572799
288 682084868
287 761495644
285 424301800
286 747701235
285 407042418
285 429748492
286 54692133
285 994668303
285 712599600
288 818932937
285 840724617
287 720730405
285 829410677
288 632202124
285 533160706
285 903328981
286 781259870
286 511693863
285 456322631
285 805686427
286 388149449
288 637095057
288 632886026
285 401819217
285 515660391
287 376458896
286 578638246
285 770182823
285 352389152
285 823045985
285 655115929
285 114945009
287 114527398
285 957959957
285 390674914
288 501560555
286 661307808
288 293774775
287 563448173
285 343153734
285 308998522
285 237848161
285 970836663
285 554466929
285 659403813
285 895553096
286 74697977
287 491787017
285 33418235
285 257543322
288 960638552
285 56198464
286 797833733
287 673903484
288 204404829
288 562623111
285 163581606
287 7911102
286 82856512
286 408435310
285 247115035
285 377506769
286 370985997
288 179922122
285 675319199
285 176803351
286 22596869
287 868925103
286 903067899
285 196503857
285 909800411
288 752838217
285 215751383
286 70020705
285 19943888
285 816751064
287 927714275
286 797370540
286 115989198
288 898277959
286 292039108
286 126369688
288 655730656
287 380505815
287 512170065
286 264036631
285 792237712
288 22397139
285 982182307
285 485298176
285 368774314
286 995030423
288 882574346
285 627693593
286 962776426
288 141496751
285 902435996
285 776164430
285 397007203
285 35654354
285 106057772
285 11668280
287 224500419
285 392465740
285 913135869
285 680345125
288 553524265
286 831504753
285 111191295
285 135703849
285 927584030
288 867877896
285 627347126
285 509860403
285 884398575
285 379518603
286 691308314
287 784037529
288 861505233
285 248636717
287 366834268
286 496197821
287 814137913
285 912126358
288 122078155
285 269931881
285 28803645
287 346297889
288 625737341
285 140313543
285 776483177
286 981109080
285 614288306
285 989303186
285 685605405
286 72601803
288 715529020
285 51706641
287 454619874
287 262295518
288 236198072
287 145118561
285 18295641
285 850793713
285 807743100
285 104156149
286 575806865
288 875331887
285 323453280
287 960069989
285 486666295
285 522851030
285 241101272
285 118386667
285 342180417
285 114803518
285 973664551
286 752518607
286 75527764
285 224034993
288 189717560
285 432527972
285 996795824
288 73155723
285 694714045
286 59621625
286 14856598
286 180905935
285 233113574
286 253154816
287 717148228
285 384150703
288 822746462
285 522868435
286 6312605
285 875523534
285 762662
288 34597344
286 197527934
288 571747149
288 659810052
288 243743256
285 684651317
287 967386350
288 331971104
285 817466765
288 151446062
285 163216445
287 262589082
285 403615199
285 227368414
285 515819561
287 592304408
286 636576876
286 258067048
288 277941827
288 215246990
286 99119904
285 793054919
286 104088870
288 715420047
285 385116848
285 90879204
287 27655881
288 857065820
286 949268137
285 644379853
287 602555333
285 421866428
285 709836846
285 712156701
285 371955319
285 547432864
285 908230111
285 241310489
288 687792391
285 534402103
285 659995268
287 346699878
285 592215501
287 155032773
287 213133921
285 461744501
286 520498882
286 239764962
285 136613322
286 819063281
287 889268069
285 550185696
288 540457657
285 330246102
285 197388589
286 590979921
286 985862436
285 658182218
287 917914258
288 84955731
285 913928877
285 506880714
286 898807636
287 785262263
285 5437009
285 964392167
285 509632053
285 159519215
288 80375156
287 645399269
285 795589121
288 501611509
285 87277000
286 306187191
285 719289216
288 363308871
285 806681159
285 477972756
286 95607945
285 194794921
286 43011169
285 134374479
288 608018975
288 528781572
288 18191726
286 978704998
285 521093628
285 582242794
285 597733162
285 489202589
287 471517031
286 119944212
285 696509097
287 547828986
286 981505339
285 102977584
285 899111259
285 365814696
287 930052085
285 518225876
287 799695338
288 128587614
288 84995487
285 659176035
285 259259431
286 543023961
285 452335156
285 441360313
285 933086410
287 652265328
288 571443741
285 835501384
285 59636110
288 830031731
285 808624961
285 240634377
285 934544990
285 444779438
285 351300926
285 981401487
285 713403998
288 573389676
285 112340839
285 459582831
288 324741384
285 382965538
287 448832767
285 494802295
285 447978735
285 665885749
288 382698607
285 608307149
287 174543255
286 959828135
287 380561498
285 262192190
287 903048846
285 702297420
288 334972488
287 978068273
285 302683176
286 924255114
286 194596558
288 841400101
285 76924292
286 320578014
286 479408581
285 403556159
285 293922563
287 352447168
288 502055361
285 30914181
285 156585457
288 429260584
285 507586053
286 311846928
285 213055269
285 55874436
287 481640885
287 654287720
287 925514095
288 527989605
287 756191357
285 137630032
288 937266436
288 165700857
285 506738446
288 628105614
285 751214003
285 302045994
286 86857415
285 658707749
285 273433274
285 846817478
287 103024997
285 971646624
285 47432146
285 113225715
285 925782930
285 994108019
285 929241777
285 188712845
285 977600085
285 907249732
285 951627093
287 6474969
288 721595134
285 674046406
285 522477943
285 465143318
288 993979835
286 301173022
285 57260529
287 308449827
285 268228962
288 933570815
286 248349599
285 638102373
287 430283254
285 785615659
285 210494859
286 950815197
288 1359401
288 301961036
288 292846232
285 354776174
288 297844275
285 85834866
285 492859715
287 515696093
288 188385260
286 907774410
288 85606350
285 787857259
287 372696588
285 777326318
286 440697489
285 341422221
286 793624333
285 157688774
285 443500067
285 348225767
285 256981209
285 913328181
286 266702544
285 915992955
285 769052512
288 665390834
285 376249466
285 321652271
287 414451354
287 110551998
287 268311169
285 258939345
285 502091279
288 880663075
285 891244938
285 370119775
285 501822037
287 136797238
287 123851668
286 671697163
286 950690105
285 75362998
285 64653139
285 210592825
286 399422430
285 924741208
288 208492833
285 880548959
287 747870247
287 504310075
286 722632472
287 839598329
287 673610010
288 222829745
286 874985872
285 258458090
287 511096151
288 129324069
286 158086713
288 504323853
287 592296444
285 898854937
287 838173461
287 947901467
285 51703890
285 334809748
288 606230901
286 295445409
285 844810501
287 75483477
285 105284572
286 880660000
288 434582688
285 211563745
285 941579433
286 675220925
285 300157470
285 988748611
285 682368589
286 196142726
285 383315881
286 167667799
285 330132805
285 533900681
288 283703814
287 472204679
285 661363606
286 908387179
285 735697663
285 445241258
285 829380285
285 942927894
288 445958334
287 976344140
287 409417516
287 887232682
285 504593503
287 284961874
285 884857978
285 391185968
285 387465750
285 280110555
285 398821565
285 639858581
288 580832898
285 23027510
287 399546611
286 964962841
287 505599087
285 510413763
285 214111905
285 294085237
285 631710660
286 433021182
285 517458861
285 712356124
285 248862737
285 73545183
288 560074881
288 486770122
285 172998970
286 967587115
285 387007607
285 607742242
286 34924757
285 949030537
285 623049746
285 584983810
285 11033378
288 94505798
285 945351210
287 113635245
285 492695059
287 800858672
287 167127119
288 399690585
287 526368458
287 550625811
285 85336935
285 423417629
287 500944196
286 217286644
287 52071176
285 888865952
287 860264459
288 97730502
285 675762252
285 807770916
285 803044271
288 815192632
287 941449562
285 835819715
287 268183701
285 88464605
288 698974326
285 142677180
285 229711116
287 662430312
285 718858925
286 480757375
287 673939871
286 216825971
287 266625782
285 942060928
287 579521949
285 44299950
286 400022559
285 381232047
287 207884484
288 603280095
287 834557573
285 875774795
285 965178947
288 560064479
288 705894994
285 54944774
286 829474178
285 370923091
288 443877176
285 156705506
286 526742697
285 474984421
288 873221381
288 182139175
285 124863583
286 699356586
286 308383660
287 890493105
285 739835010
285 347639562
287 334405359
285 15245764
287 654542332
285 72024730
286 53490783
285 580589866
285 214584123
285 565189948
286 105470005
288 383041172
286 125527831
286 229152643
288 116182189
286 679137615
288 42626394
288 419310600
285 707153311
288 206747559
288 406904272
285 940777145
286 640871705
288 125749300
285 80171894
288 748321693
285 713133483
285 54244499
286 539939249
285 943688959
285 784637227
286 232122650
285 810343271
286 917574380
285 878241277
288 809342380
285 883925300
285 173406070
285 781182334
285 396540188
288 270343024
288 397452265
285 36339535
288 747881934
288 336586820
285 429273119
288 749481507
288 44710357
285 58355067
285 702681414
285 181673840
287 274204491
285 273267038
285 532338664
288 222665623
285 683216801
287 965661180
285 690735007
285 382136711
286 396507597
287 13694306
285 835835824
287 48826512
287 122026386
286 353782506
285 956552359
287 26654073
285 528680009
285 535754516
288 360197737
285 434673663
286 550701990
287 983247347
286 294069594
285 300695958
285 774957668
287 27169639
285 873527650
288 373775466
288 250076997
285 765786467
286 728306254
285 320533196
288 224803352
286 458285320
285 308320746
287 850867465
288 459516007
287 335841599
285 668022260
285 830011745
285 706653298
285 288698204
285 364784030
285 960040985
287 675849111
285 977592806
285 649656347
285 285441743
285 280982352
287 328619523
288 379642812
285 636865013
285 79513122
288 997157384
288 674697451
285 305589167
287 850974624
286 359628241
285 681164228
288 468666622
285 868319725
285 936267662
287 538234226
285 938348592
285 715674177
287 196559271
285 902410244
287 354450734
285 284847641
285 465803640
285 497958234
286 783422692
285 414594482
285 972122425
285 985242323
288 364889794
287 844618163
285 653565264
287 825619285
285 269791418
285 480541814
286 117453852
286 609859035
285 533296531
285 431132620
285 283871984
285 532078898
286 122655668
288 563390731
285 184006106
288 893560579
285 760186588
287 648933219
285 12952551
286 632372717
288 936553271
285 65632584
286 183133002
285 758183335
285 736322192
285 574920849
285 596939995
288 113972474
285 960307167
286 422517719
288 752890864
285 809009964
287 491344897
287 325549557
288 321013173
288 894231625
285 132608666
285 259457586
288 148078033
287 306802889
287 110649138
285 653698419
287 901096629
285 392365112
285 175297479
286 275899231
285 997454126
285 108332849
285 94751253
285 685406768
285 595767330
285 421963496
285 808848940
285 206011322
286 136255092
285 903098768
285 625487562
285 349373692
288 54523340
285 85846037
285 229813428
287 770041486
285 173773133
285 868745035
285 904405200
288 756836170
285 446957430
285 502776764
285 654200359
286 78869277
285 19440112
285 303395218
285 14272602
285 827039712
285 9630913
285 952120792
286 188655816
288 448195775
285 22352461
286 934169173
288 894416783
288 624689052
285 329097020
285 280595570
285 252485100
285 375580784
288 161097312
286 440926731
288 686703828
285 334767901
287 412012673
288 944574911
286 173161198
285 272322943
285 295688336
285 658648262
286 671549186
285 170197729
288 24141475
285 723803306
285 80738857
287 574075888
287 870654874
286 257198644
287 585671848
288 707728450
285 849348454
286 237327722
286 726797113
288 936037934
286 877130734
286 499767602
285 382660082
286 242899987
287 836849022
288 125777966
285 100835953
287 811798612
286 80806477
288 800016988
285 801311982
285 753976255
288 724231886
287 779648920
285 33302643
287 45186850
285 869779508
287 379363068
286 11140820
285 792794834
287 989182465
285 155107157
286 589389595
285 579102247
287 7588744
285 641553451
285 535306492
286 445723811
285 269717378
286 467287695
288 591552742
287 840811618
288 742480067
285 442474317
285 19621081
285 252909114
285 806817766
285 97155268
286 482266394
286 351404550
285 615116243
286 763409307
285 328937361
285 940833976
288 624749062
288 568466689
285 222367833
285 277853970
286 80720252
285 368611942
285 409504191
288 771819354
287 377497511
286 480803092
286 322264602
285 192790955
285 305430083
285 182361478
288 631646168
285 36005087
288 650247231
288 52125696
288 966308916
285 484867921
288 875639116
286 420099300
288 207471284
285 158211465
287 684508964
285 187509212
286 814995454
287 620348755
285 787962703
286 805226532
286 137829051
285 799828817
285 497248249
286 136680256
285 743654197
287 97545090
286 33567022
285 339861341
285 625063190
285 849625681
285 626545424
286 380343020
285 306180040
287 146860874
285 31225820
287 813047721
285 347337498
287 193171778
285 539377414
288 614452098
285 72093712
286 728608532
285 887267543
285 352058718
287 842881595
287 681937891
285 681334320
287 817179182
285 783787121
287 809095393
285 643786039
287 992235696
286 282939939
285 803335521
285 389669261
285 818284979
287 672995429
288 706971354
285 78868226
287 262814907
288 609152151
288 382109874
287 166171261
285 744300758
287 364527158
288 186168104
287 208583
285 881572409
287 494796807
285 790671566
285 506584036
285 180751565
285 255453989
285 937705742
285 424967442
287 622547430
287 164124288
285 592955017
285 938461519
285 791896749
288 821523216
288 69307799
287 936493373
285 154409350
285 405733076
285 861680261
285 103553903
285 474156982
285 923323804
288 389538706
288 145219797
285 234734195
285 786789721
285 229154151
285 669808767
285 983774919
285 747572905
285 811805242
286 15072852
287 503686425
285 393493181
285 564687927
286 747342638
285 693160318
286 804871117
286 662897105
286 565192590
285 384954480
285 894852869
285 709372543
285 515295635
285 528335217
286 390048422
285 117077199
286 606173160
286 820623976
287 126287013
288 782674762
286 662695171
285 185421095
285 930068276
285 591199760
285 282815109
286 284265046
286 349975486
287 204497393
285 467828822
287 403183472
286 938991838
288 795290391
286 65123792
288 499084988
288 23702742
285 998685204
286 699926129
287 475832006
285 848631739
288 300516391
288 542037574
285 462092425
285 82416915
285 773723062
285 993430262
285 289954175
287 159622928
286 662371927
285 679561095
286 543335893
285 872469063
287 545551055
287 61787566
285 335344438
285 327389149
285 298770463
285 122141522
285 684006374
287 206825143
285 448407478
287 923243841
285 273493117
286 689938094
286 443471307
287 815895996
288 990135268
285 5790590
287 441620881
285 24878983
286 628883686
285 908876099
286 780194147
286 358340465
288 95267277
287 559942023
285 188762108
285 384769097
285 864851455
285 756052652
287 431998843
285 887673121
285 275380102
287 366102719
286 982573071
286 298883905
285 39202137
285 963007083
285 505387390
285 740607044
285 160208665
288 479378440
285 309111753
285 553294893
285 721818589
285 421303491
285 645373672
287 314494941
287 448702475
285 183651602
285 807685497
285 119602719
288 428094025
288 678680435
288 137586104
288 166802192
285 629256245
287 456120347
285 889273723
285 375320912
287 927246003
287 369341111
286 698919415
288 276308412
288 382715632
285 43985696
286 87531568
285 142072255
285 913714537
287 306484250
285 419399851
285 565085686
285 254352710
285 242921735
287 991204286
287 761313663
285 284572094
285 356392152
287 549061972
285 683260231
286 732026605
288 66739699
285 802030460
285 33226647
285 248286652
285 965491213
285 245137543
285 856091349
288 873451885
287 331762277
288 692399693
288 758240104
285 191311832
286 399215984
285 624457570
285 406441578
286 416362016
286 183088529
288 56950298
285 127500854
285 169731407
285 597767196
287 685360069
288 785816781
287 760851956
287 918893749
285 682967093
288 20477749
287 965957351
288 675615790
286 425591644
285 546432215
286 453652515
285 431420905
285 799222568
285 643860616
285 859998918
285 341561482
287 21688023
286 359194615
288 887324012
285 686028262
287 14593747
288 793252573
285 838986070
285 454768119
288 784518353
285 779489923
285 553816839
285 691738070
285 456710772
288 380615813
286 213833092
285 374295175
285 151663979
285 596801124
288 686860279
287 635680709
286 47535349
287 600882759
285 196413487
285 856284448
287 409802595
285 66753677
285 676178964
285 225801239
287 520688630
286 364262341
285 689764382
285 143597380
287 624236503
287 99697280
285 895286207
286 11202839
285 524568034
286 716361157
286 50342725
285 396096972
285 232690941
285 795356387
288 716083701
288 832891589
286 302443662
288 422240064
285 889509421
286 196375279
285 428650202
285 469155862
287 825543963
285 889412003
287 81998368
287 594232156
285 872907596
286 624854116
285 89204795
287 681690532
286 29554853
285 952880631
287 785112420
285 403513402
286 868025756
285 516609388
286 69471376
285 92698560
287 247500057
286 760953553
285 138085745
288 691016473
285 398754068
287 928180614
285 405997302
285 6987458
288 506879201
285 716769346
286 990219197
288 315977280
285 167972289
285 863155228
285 281347605
285 361581812
288 430045126
285 300482274
285 348256646
285 230187454
288 791053005
285 148590493
285 414368631
286 176391986
288 229794392
287 29768515
285 470586370
288 146538597
285 12341274
285 78804265
285 395384286
285 300375857
285 24748994
285 973191574
285 310005793
288 316269190
285 957486043
285 172994316
285 770363994
286 931178127
287 764452598
285 376688344
285 952762827
287 840083230
285 823120885
285 653978398
285 534849459
285 837904037
287 125057965
285 812270352
286 978476567
285 438837649
285 209460855
285 453961855
285 93547230
285 434823539
286 997064461
285 694406216
287 20914360
288 445332087
286 225927207
287 555542994
285 25576796
287 348059181
287 568404897
287 81502348
285 48520952
285 919220393
288 637446413
285 516720120
288 710436036
285 181956932
285 564500964
285 998508400
285 625352817
288 221352113
286 3671094
287 300552808
285 911298821
285 535366025
285 383220157
288 521977036
286 415943478
285 265483461
287 440057737
288 460654385
288 486973672
288 270181195
285 307091337
285 494580779
285 310159145
285 253791616
287 390128363
285 649118540
285 103611862
285 819995437
287 956562493
285 712914311
287 477555935
285 825448574
287 169179332
285 54622604
285 425010928
285 670319410
285 911744746
285 57552356
285 230089086
285 90702163
285 16723062
285 74287953
286 654693650
286 15042660
288 592014147
285 471950902
288 428178507
286 32685314
288 405183755
286 398758407
285 664406680
285 287297968
286 582078528
287 964098410
288 776527492
286 482711015
285 998915373
287 615678876
287 858109394
285 515369263
285 491557253
285 545091424
285 959530381
286 85052560
287 294784287
287 771368030
286 685410349
285 251750399
287 771200560
285 446286568
285 835606810
285 702630382
287 116519025
286 144007112
288 410623116
287 77210967
286 687299037
288 820720837
287 12740763
288 158838601
285 584211722
285 505096814
285 865935535
288 151443051
288 348221101
288 73461791
286 133746698
287 208047182
288 55130180
287 108528863
287 207906167
288 996460645
285 394854265
288 552255936
285 354451202
288 987045356
285 405566993
286 566250875
285 768605906
285 971609429
285 473210114
287 633841044
285 108932783
285 324496788
286 801461226
288 180793645
287 82974656
285 877026568
285 33106359
285 226506484
286 368217591
287 26626995
286 609195422
285 954462019
288 906846159
287 156044356
285 211767264
287 781039417
287 268524767
288 392343421
285 209950727
288 281234133
285 858033274
285 931650
288 207012878
288 104935476
288 265759180
286 13460045
288 651688128
287 351683660
288 119276035
287 479567002
285 917872946
287 743951396
286 534022523
285 358698226
286 948846842
286 364666754
286 963069332
285 623452520
285 857503036
286 828396549
287 792831672
285 848051755
288 499929424
285 347199698
288 770371629
285 266331196
285 162263389
285 551805561
285 460869221
285 162719087
286 944308513
288 14035142
285 337986956
285 9470473
285 227468267
286 351438164
285 314957647
286 605506034
286 41384780
286 167638274
285 470190834
285 458480559
288 367715070
285 194121153
285 313433358
285 954629714
285 788390821
288 718851366
285 286921600
287 826894544
288 948906847
287 989591459
288 308040872
287 849173979
285 39637311
286 744425200
287 90598189
288 755073058
287 278421719
286 54332391
285 238384582
286 221835787
288 898091983
288 823198385
286 697647001
285 88930224
285 622124997
287 189153363
287 128734377
285 109502302
285 665384846
288 868587086
285 369050339
287 165486889
285 41080063
285 265650494
285 530530272
287 27616157
285 526900606
288 259503693
286 620646127
285 15666988
285 463184561
285 5017233
285 746986501
286 146285720
285 262543287
287 187714334
286 160377714
285 106422114
287 102688702
285 324058557
286 187635596
285 732261639
287 633503391
286 673654113
285 994146752
285 676047927
285 829542359
286 382497156
286 296753458
287 743990235
287 99361639
285 949224775
285 102144343
287 294016653
287 601674412
286 269414358
288 896687378
287 633073611
285 290922536
288 585884241
286 732386204
288 9206601
285 370219680
287 644602112
285 80518224
285 373074025
285 830077839
286 885580471
287 568920954
285 586696248
286 80206189
286 155436725
287 884758452
286 304930754
285 824516957
285 344984
285 54399845
285 499076075
286 275085919
288 688803523
285 516206181
285 934011996
288 1387436
288 111426791
288 837023110
288 794922737
285 399116916
286 514628041
285 236228944
285 991024901
286 682790512
285 150010692
286 259244192
285 912794988
285 109269898
285 564020511
287 899217848
288 970080585
288 961329185
285 301940747
285 149687538
285 792144172
286 16408242
286 475459513
285 499889223
286 102009643
288 719994977
285 110927562
285 204294542
285 505275074
285 54064768
285 852503827
285 992883555
286 965465084
285 879997002
285 603642564
288 900261011
285 162392889
286 757571695
285 236824151
285 992715291
287 619377428
287 712473855
285 278242616
285 673587664
286 70042714
287 902951201
285 876398708
285 51077405
285 46991086
288 701079517
287 795015148
285 553070725
285 54386899
285 679828921
288 354682716
286 870350143
285 305439959
285 736515990
288 342441902
287 127469776
286 929022008
287 413587212
286 274389774
287 171306866
287 844589419
285 543030976
287 434379522
285 791634463
285 991118139
287 129730909
285 352710358
287 560229005
285 877646331
285 528350761
287 700266819
288 100837658
285 969946231
288 507834171
285 663047443
286 257651621
285 314551779
285 235611500
285 208523950
287 900945070
285 761586283
285 130568623
286 953563030
285 671596426
286 422453607
285 478625406
285 854435538
285 106755197
288 478221364
285 708883955
285 166712622
287 958953110
286 297377032
285 921007256
285 319964584
285 12741189
285 948705671
286 784039290
285 841177359
285 814225881
285 619988056
286 215144911
286 107244101
288 651827119
285 54680822
285 97009576
286 828980558
285 960163437
288 68116530
285 38437544
288 83837383
286 624436841
286 298784337
285 601364047
285 115946944
285 471790924
287 208701671
285 221396925
286 137339354
285 757404753
288 73128004
285 329352740
285 718456170
286 51457422
285 291898750
285 877228643
286 199564117
287 320135303
285 629223010
286 848459298
285 909935993
285 792216433
285 748007646
285 228957017
285 383316551
286 230613282
285 399392881
287 807162479
287 703842514
285 859974245
285 313661256
287 302365011
286 208641661
288 674715788
285 880086149
288 948267608
285 657019905
286 162020662
285 290776713
288 270212762
286 131885251
286 831694798
287 224420991
288 828967591
285 384108853
285 703091154
285 773608562
285 573795629
285 452972132
285 287414193
285 842952010
288 460478310
285 867648471
288 776455097
285 868010227
287 983936960
286 853917345
285 84440505
287 97997142
285 437465945
285 101746059
285 194600909
285 270082807
285 871787334
285 910937826
286 46249280
285 170643935
287 202177231
287 935322982
286 829019549
285 908349776
285 899677124
285 189225942
285 802273224
285 243612826
288 729906877
285 597568250
285 399359468
285 449964479
288 846968005
285 369789716
287 273149454
285 156357940
285 877910534
285 615992454
285 341006443
288 112950837
286 996794204
285 257143417
287 118515796
288 929585585
286 50899941
285 609960091
287 890012679
285 991812249
285 838815467
285 596461787
286 386073954
288 397960647
285 565275112
286 946126008
285 850111130
287 901404639
287 203322015
285 996786416
285 80846195
287 818971178
287 576799663
285 411013275
285 953704661
286 691879854
288 117480235
288 116559613
288 610457610
285 5503593
285 226953895
288 594162400
285 635201541
288 535128474
288 849595019
285 375466588
285 457012106
285 183169271
285 895355992
286 113825996
285 120402498
288 148972862
288 737276142
285 61436836
285 948259137
285 181657746
285 754953376
288 44610221
285 948010895
285 31709544
287 662652799
285 285739911
285 327881392
287 600495459
285 426451349
285 701783753
286 923503599
287 961086723
287 806163977
287 150297904
285 551844795
286 166597557
285 125815148
285 850050142
285 32481794
285 621017366
285 96475903
285 298066060
285 343682130
288 982345685
285 943637921
285 29847232
285 157774571
285 259794556
285 41381472
286 353473924
285 49147375
285 651901640
287 452115897
288 324348764
286 781965863
286 377177763
286 895241099
286 555006363
285 379078154
285 70301530
285 442151460
285 756513984
285 412383300
285 622443331
288 839129514
285 528250738
285 749721385
286 965672411
287 531175615
285 787327582
286 873889420
285 674971868
285 862638015
285 147198597
285 377004112
288 149420739
288 91930132
285 497323217
285 468503935
285 318326082
286 140036231
288 673267720
288 508520065
287 694111642
285 400975056
288 850350752
285 381529195
285 149614913
285 739312014
287 438648613
286 381102551
286 986818135
285 976895549
285 946428455
285 866481383
285 838385275
286 740880925
285 81966998
286 610470029
285 243927074
286 49628102
288 129593055
285 943621593
285 913409550
285 713329664
286 331473326
285 597831086
285 162255787
285 675773438
287 362432612
285 868144557
288 886140570
285 866927981
286 251550394
285 938996177
285 852533315
285 315936336
285 271505384
285 217825
285 487899218
285 595047646
285 998906185
285 965494027
285 683668392
285 235180029
288 81622967
286 628649027
285 283534681
286 813368933
285 684563131
288 436813639
288 136522253
286 78502554
287 434625501
286 530714670
285 380546965
286 278184709
287 140081870
285 611556845
286 240566042
287 385457067
285 775299562
285 627617793
285 202899833
287 657278219
285 498215272
285 320810248
285 548871972
287 215458956
285 945261131
285 730646959
285 877115068
285 683321553
285 369471758
285 547870055
287 468986457
288 225937187
285 653894295
285 306506548
287 961244683
288 340528757
287 937430816
285 946074358
285 970537973
285 200262708
286 325973052
285 70796883
285 99229892
285 943364298
285 396885797
288 603341296
285 837054552
285 189087075
285 76981057
287 381965268
285 70521467
285 462263606
286 891959814
285 140798705
287 560206289
287 252780106
285 417842308
285 496507533
286 474920199
285 366466988
285 534484038
287 630453693
285 206443815
285 825468583
287 524933184
285 611497146
287 434129247
285 40523927
285 894379635
285 796590305
288 138704115
285 137233480
285 683711964
287 419831392
288 257727878
285 109177955
285 94309615
286 155221641
287 560118058
287 59770316
288 537030520
286 511396262
286 774545801
286 638509052
285 438446245
285 314775492
286 373543942
287 568382726
285 683960311
285 18999335
287 382068132
285 927135296
285 740012533
285 194041269
285 543131130
285 288516811
285 630612490
285 121664168
287 107353736
285 859928750
285 390476441
285 42483038
285 361345901
285 116977138
285 689951043
288 32844190
285 903947458
285 286551968
285 552621160
286 651543341
287 256784310
287 117021181
287 432594671
288 881543136
285 102652426
285 597484598
285 599604395
286 147439521
288 162407048
285 795452008
286 29811061
285 187213030
285 389974577
285 981664732
285 606158250
286 435635964
287 987281689
288 321288067
287 537235374
288 112652560
285 329674971
285 459449497
285 86797397
285 82876190
285 331800545
285 982599306
287 638319921
287 400940092
288 727990125
288 596534730
286 354294049
286 541788189
286 401489836
286 231955594
285 450680947
288 345750021
286 536699214
285 88811538
285 326259000
287 617531900
287 749397895
287 349709161
288 925308511
285 996486252
285 222754652
288 436010233
285 487009267
285 718432275
285 818184140
285 47496589
285 551359216
288 270276632
285 316739885
285 1724380
285 345006329
285 680660364
288 113818970
285 217946922
287 653061077
285 413186774
285 625905359
286 366886520
286 235013623
288 116920079
285 443264418
285 790414657
288 456820792
285 522099867
286 165450632
285 995354234
286 819705182
285 324361744
287 689395797
285 858522299
285 264199399
285 583095284
287 465192203
285 995075505
288 567225662
286 77172981
285 299490176
285 773731986
287 762761471
285 67271051
286 963524065
285 971296364
285 437903056
285 475668658
287 142630378
285 8648603
285 475066523
286 642180738
286 29442731
288 352345534
286 659102187
285 108120489
287 795502266
287 180645745
285 378723780
287 178060970
285 357923894
288 661259529
288 789404557
286 8449724
288 168023527
286 652712682
286 199991639
285 483359987
286 920479429
285 841335672
285 362959377
285 383628826
285 232556940
285 331784702
288 342417678
285 830870874
285 413782759
285 581631298
287 198907859
285 469327642
285 702722081
287 444819710
285 555863919
285 423068802
285 599765286
285 743538750
285 34188790
285 651616789
285 806268701
285 956219859
286 534783750
285 14989414
288 211558098
285 708973332
285 407398927
286 990767082
287 438623909
285 550661903
287 406393057
285 636841574
285 887555204
285 584816721
288 251404940
285 268609915
285 804442835
288 500362024
288 959825740
285 479333940
288 767269010
286 229818680
285 819025718
286 147204895
288 650870700
285 221948312
286 120342468
285 142608620
285 587513281
285 637088435
285 176996404
285 293414183
285 756240432
285 773923188
288 35254317
286 421654172
286 900014447
286 320861360
286 918844203
285 139427166
285 510733773
285 768147198
288 591310777
285 583525955
285 18718801
285 413100985
286 178687960
285 688725400
286 180776989
288 226133963
285 31990977
287 321082704
287 579919657
285 93466094
285 404686586
285 943337900
287 793318852
285 373339381
286 400446205
285 232001595
285 604612932
288 178879296
287 295139098
285 41328566
286 284821255
288 436090522
285 740253212
285 922898123
285 959060205
286 43585211
285 496987138
285 653319227
285 612510025
286 619164435
288 978956117
285 137248417
285 991333441
285 407144695
288 827713469
286 671204767
288 246597910
288 939727677
285 447432556
285 380000367
287 797250096
285 573357947
285 211416488
285 48121980
285 474608118
287 364258984
287 15879962
286 383280981
286 128876169
285 601576104
285 813493700
288 887674050
288 316392233
286 227506440
285 258377102
285 578263852
285 73464192
288 726231766
285 916987453
285 609283323
287 392117286
285 470643532
285 888724106
285 269935222
285 547818882
287 437803189
285 564070044
285 723650034
288 21570015
287 107988264
287 388148807
288 922067659
285 559148266
287 34457235
285 992893125
285 364494561
285 879989766
287 426789677
287 19134032
285 556767097
285 882021085
285 409346236
286 599206883
286 23976476
285 803665901
285 65813985
285 797558017
287 696571212
286 940774680
287 495494150
285 756323477
285 311149602
285 53864260
285 842136729
285 724012605
288 5612847
286 842551335
285 174574924
286 952962042
286 968859295
286 267622277
288 887659174
286 146210906
285 863407606
285 991344811
286 94341683
287 572816437
285 153999786
286 21702925
285 62857743
285 442199061
287 953158556
285 817921414
286 576851455
286 175883430
285 347562723
286 317359880
285 298219909
288 547164592
285 795873018
285 29898623
285 973419856
286 474871376
286 745277763
286 957912456
286 55909956
286 168346783
288 130559388
285 421190192
285 984096643
288 982428077
285 959528906
286 827700133
285 641015246
285 923090572
285 850884112
285 86152613
285 773343987
285 78984145
285 127350676
286 755543631
288 158483875
288 79592705
285 982742092
288 956809650
285 508290916
288 187578658
288 82214437
287 806861960
288 2715579
285 157207461
285 841494703
285 571096431
285 483756387
286 611581554
287 812644721
285 677281492
285 424862607
287 905826524
286 745703809
287 28268035
287 800311359
286 453947480
285 689613860
285 211315421
285 202103782
288 356821201
287 438517684
285 595182193
286 362880253
288 341351802
286 659014240
285 378216946
285 168453400
286 707818096
285 20944157
285 648275053
285 509486509
287 503196501
285 240752895
285 590115260
285 308918587
285 194320673
285 322842289
285 357264140
288 26567276
285 102574960
287 788394096
288 438293789
285 772037272
288 331313568
285 604756564
286 664413645
285 555416131
285 176935156
285 985097678
287 189524574
285 45908295
287 782780253
287 275376765
285 781698742
285 544664215
285 977919666
286 169076587
288 675935908
286 222532672
285 393196049
285 927824705
285 605270107
285 591330831
287 848526942
287 704047115
287 426474408
287 109878836
285 233747361
285 669563503
286 971703871
288 805430803
285 865439397
288 410587375
285 925441084
287 293589382
286 499181422
288 232777767
285 188254949
285 105776468
285 237048055
286 136288985
287 182544264
287 574794180
285 704416856
285 917082280
285 445376587
288 92357432
287 919262695
285 706362192
285 257367792
288 702487571
286 135482235
285 604631088
285 263394451
285 27328852
286 955645690
288 505239359
287 662809526
285 423857556
286 448243475
285 772943635
288 456373091
286 450299353
285 982707208
288 808703659
285 986253597
287 297595947
288 62715236
285 6790300
287 271820069
285 104002450
285 425396015
287 852444378
285 221029739
285 475661938
288 146784286
285 777728689
287 598807129
285 102275585
285 174553625
288 655608642
285 828782924
285 251785494
285 861491546
288 876263357
287 990168233
286 129935308
285 274208889
286 473184017
285 912705328
285 835266547
285 279660256
285 260484006
285 430126388
287 341937262
285 220947782
285 679615543
285 819482755
285 954853614
287 773282811
285 681395768
285 460257364
285 217505168
285 763370679
285 631229145
287 263097164
285 382262951
287 387558903
287 144281097
288 548155001
285 108765680
287 499330744
285 666085975
287 123332035
286 510255035
285 879682024
285 551756733
288 213123412
287 461931103
285 866515273
286 148352869
285 619063355
285 750938885
288 656632413
288 529412177
288 417134194
287 492739274
285 806003602
285 566080593
286 291067106
288 903780527
288 587228284
286 998235777
287 440385799
286 229749933
288 38517275
287 965851130
288 226668155
285 417588158
285 594736632
286 966815053
285 992022708
286 981378213
285 937862414
288 405262305
288 355172141
285 631184341
287 620882717
287 815472283
285 685829431
285 705695629
285 877995887
285 908334582
287 988125619
285 598803200
287 533344245
288 721527440
286 224155492
285 198235801
285 222804208
285 31536563
285 334262403
286 356979090
285 7304284
287 897670036
288 664648679
285 691807636
285 34226120
285 170437656
287 193966827
285 559836185
285 854132665
285 46277885
285 403508330
288 199347191
288 766132096
285 390030386
286 179355774
285 547803360
286 984733564
285 672169266
285 163387314
286 156787044
288 362423470
287 105311555
286 844945278
285 347869462
287 933803021
288 45110658
285 714098187
285 58754715
285 33261198
285 573491029
285 568661769
288 238532540
285 25150707
285 870498442
285 401690363
287 937668203
285 132948766
288 471519405
286 109321438
285 671542594
288 378981224
286 244438493
287 153035625
285 799170403
285 310821669
287 778695758
285 763907664
285 598462482
285 896421377
287 166853261
288 87072243
286 263387847
285 689792551
286 122991506
286 659419235
285 844360332
285 816842093
286 370258961
285 733737790
287 66602044
285 91417815
287 128538824
287 769495231
287 497374879
288 486164590
287 173198019
285 233873648
285 632941914
285 668352689
287 878643065
285 187059007
288 633245620
288 896876027
286 611486091
286 439469665
286 177679760
287 409596042
285 717655022
287 717082942
285 922870109
287 6191695
288 811804377
287 877816659
287 567510933
285 747935976
287 317761112
288 652138378
288 612349480
288 989051743
287 140187211
287 280398676
285 585694680
287 84275185
285 175852711
285 102651865
287 815398338
285 660814719
287 572523605
285 385343111
285 309743340
285 934306457
286 751154708
285 29126260
285 393791473
285 572404475
285 697164048
288 640855952
286 933909147
287 61885772
285 351928991
287 704720373
285 254554831
286 250289513
286 211766689
287 385080888
285 757017471
288 346249881
287 646529658
285 487575414
288 650869392
288 313315687
287 243835650
285 958672489
286 122727858
288 591233818
285 135776415
285 145636579
288 425195369
285 409128339
285 103816135
285 470201145
287 913128626
288 3687808
285 174184679
287 269766594
286 232139404
285 725038816
285 840124015
286 56409480
285 93761711
287 453749837
285 519790875
287 230141355
288 34932604
287 781019776
288 671421859
288 476539861
288 16475763
286 670200252
285 964226403
285 691253053
288 502585119
287 358035162
287 383638390
287 533443883
285 689594216
285 678625970
288 87971199
285 392053658
286 726324625
285 302212448
286 474613542
285 234617487
285 232834013
286 240861653
286 922372578
285 863904548
285 385410443
288 508094139
286 652326067
288 297740341
286 494453339
286 750960367
288 515127517
286 272469333
285 451551263
285 69542227
288 564752646
287 269644705
288 534392483
285 930436830
285 691974704
288 58111648
288 884201359
288 636469712
285 973655467
285 703803916
286 550269180
285 428364171
286 557640172
285 9625107
285 790772216
285 202384444
285 398681568
288 937373907
285 15385205
286 319124654
287 82873332
285 225598381
285 650453833
287 19073398
287 593715909
287 261575216
285 189379257
286 868168334
285 724361188
287 31941622
288 132243011
285 363685733
285 844649501
286 757004569
285 881717787
287 993309372
286 967114918
285 50292910
288 183631262
285 617363142
285 416179566
285 65778985
285 402170159
285 443598747
288 703433101
285 271126112
285 414397738
285 861236453
288 264682921
285 438012688
285 693045517
285 502424990
285 392664302
285 476512399
285 999137185
285 724141912
285 500987303
285 996581339
285 80951676
285 941427638
285 101697079
287 557240668
285 213573066
286 957878252
287 365315376
288 806816878
285 982344774
286 892594655
285 248244418
285 904477825
285 464620577
285 971154679
285 52900302
285 2694054
285 280202326
288 702758423
288 18094651
286 429246641
286 758010714
285 495366917
286 297238193
286 455406671
285 445215940
288 90663374
285 894105061
288 334608759
286 813519729
286 527753472
286 310182097
285 768416539
287 70899326
285 670896249
285 925508821
285 113580568
285 461312373
285 618473071
285 672879658
285 670792199
285 882112387
287 854398895
287 482770277
287 251681812
286 725235765
285 959534410
285 35645224
288 420093483
285 228888668
285 589246829
285 174349876
288 836845832
285 53202639
287 188044824
285 956703936
287 442835203
287 90343161
288 242576577
285 537872271
286 233108600
285 696249715
286 524950453
287 105952892
285 814569925
285 362845801
285 842497686
285 169459891
285 95099638
285 228931106
287 10924348
288 366361311
287 792584508
287 138666120
287 747993593
285 586700593
285 324927720
287 614215885
286 736203076
287 243374417
287 630660531
285 371518913
286 554491909
285 198582020
286 74685248
285 961420182
285 669858160
286 697206806
285 636946130
285 191147182
286 645699265
285 716003043
288 231386520
286 270638107
287 151473454
286 767774548
287 962489435
285 749322447
286 869256028
285 607146710
286 378179888
286 276497402
285 491291329
287 903827706
288 68809432
285 420724840
285 654911325
285 98716913
288 71969806
285 510333860
287 700800743
287 513045735
285 373881023
285 395637790
288 728830222
287 580577668
285 570629775
288 551211967
288 787097602
288 2685143
285 119221682
288 611963146
285 147144320
286 806565017
288 891589595
285 122767528
286 181382716
288 171786928
285 171393090
285 48312861
288 900953784
285 214780895
287 275881604
287 83962776
285 674461824
288 275833685
285 396319872
287 10667800
285 356138602
288 99088279
288 492354161
285 623663908
285 561286015
285 885619962
288 544646354
287 486697007
286 968114526
287 464645602
288 339434100
288 644280166
288 678774071
287 527360314
287 745288176
285 28466364
285 7357222
285 487535696
285 538264504
285 467416766
285 740441400
285 624561434
286 265908938
285 489631822
285 712354849
285 452403663
288 734051462
285 26378850
287 44360178
287 690787174
286 785769445
287 877867340
285 123666739
285 843195655
288 56264174
285 41510885
285 239047261
287 202210029
286 271320774
285 657156692
286 837456046
287 66086881
285 852724672
285 810251517
285 500123802
285 119578842
285 863537212
285 570065294
288 765753276
286 792179341
285 967577359
287 994374187
287 310397685
285 591361768
285 716515373
285 723743593
288 221402353
287 585500882
286 808377412
288 578967635
286 384905966
285 618401538
286 770205306
285 67452890
285 891670823
288 664248439
285 648235030
288 564568565
285 878307855
288 341321452
285 917625132
285 201323590
288 361504569
285 521079328
285 158556620
286 105858908
287 319499764
285 579868955
285 940857134
287 671952337
285 246653123
287 981654773
285 922180824
288 443487074
285 738862010
285 621212451
285 669596338
285 633326769
285 897507049
285 202694873
285 334902755
287 962085799
285 599032538
286 23794446
286 574287753
285 303359200
285 712203385
286 503754682
285 37683471
285 307384368
285 853042191
285 284999188
285 274310194
285 506265184
288 126748151
287 799478941
285 925224136
287 316208185
285 126891720
287 614687923
285 956163555
286 349963167
285 393289184
285 616619668
286 894769177
288 855876461
288 977292812
286 637548356
286 338574400
288 227625988
285 144096613
285 654644702
285 758505115
287 364636285
286 411815112
285 321917874
287 518222062
285 473843955
286 46982093
286 125087969
285 966503099
287 3304641
288 109316554
287 598609407
285 421202662
285 433871815
285 299204188
287 424693350
288 376162567
285 314480645
285 434489021
287 853025787
285 736180454
286 898578052
287 865622756
288 373534570
286 456496977
286 339170760
286 801372916
285 510639442
286 389386291
285 557830770
288 931068421
287 36566981
287 10858999
286 274118158
286 102821347
287 211029695
287 252320104
287 720210272
288 856354760
285 468218127
285 44423667
285 346799152
285 912844771
285 676129980
287 60860793
287 159757538
288 633028227
285 518374531
288 303443867
287 484346017
285 531911848
285 528720236
285 980682643
286 624407478
288 363306673
285 636316258
285 257810633
285 800128708
285 719693525
286 616590926
286 215168262
285 260110208
285 712139697
288 516782625
286 138209063
285 993352643
285 942993005
288 780852421
285 881277024
285 205418321
285 857078486
287 745559050
287 579986236
286 95655419
285 590675044
287 223477882
285 42639479
286 767908547
286 253711086
285 276975765
285 394565545
287 852491487
287 697402758
285 234571326
288 42724459
285 589354104
285 716551119
286 398868707
288 56059859
285 295736753
285 838666453
285 141491870
288 236813079
285 151864307
285 144431107
286 412846976
286 166574069
287 878675786
287 808461101
285 856204815
287 205157843
285 853077925
286 951656787
286 126524730
288 160088407
285 851824144
285 972940159
286 830445289
288 199069816
286 677442981
288 695674274
285 790094172
285 270854486
286 290988139
286 335083685
288 756170293
285 923015057
285 454822738
287 787701015
288 935279026
286 772332040
286 147092901
285 513748350
285 819843462
288 261057917
286 373280024
286 688225733
285 277467972
288 457076367
285 728547170
285 298583486
285 506714309
285 921714251
285 681214439
287 494185742
285 132023870
285 806676377
285 816401699
288 407905429
285 399357590
288 264638753
287 476060095
286 904716960
285 860487219
285 392967853
285 813136676
286 50621338
285 478334583
285 420499938
285 559666466
285 246062971
288 666411852
285 439875886
286 466144864
286 735287453
285 257975262
286 574118971
288 687612507
288 605430662
285 726258358
288 867283235
286 419874954
285 210619811
288 876523101
287 91492037
287 437526041
285 315909941
288 911858775
285 348250490
288 785944333
285 113676780
285 443852173
287 687986035
288 239082804
288 337105609
287 416976355
286 60732979
285 413940357
286 722750490
288 721176763
285 449932816
285 519566870
285 352711028
288 281748006
288 929213838
285 752296964
285 76188169
285 379087134
287 204008475
285 699202168
285 26085883
287 917173669
288 708071141
285 922560276
285 904596202
285 484911393
286 708039522
285 590294929
285 789577936
285 403426238
285 728632475
288 946053789
285 889412811
286 92022994
286 84109459
285 8954810
285 154082811
285 75651982
288 193744052
288 472653973
285 900527582
288 510563293
286 43955003
285 150184704
287 651666567
286 241884746
286 356884366
287 187090084
285 430272174
287 915794081
285 276006483
288 37241500
285 196774711
285 880268150
285 509062674
288 453934198
287 612697748
285 869553729
285 448085064
285 469938286
285 680748170
286 14991518
285 896685129
287 531999291
285 306804616
285 721754808
287 158985906
287 139248998
288 433699889
285 7021048
288 990852529
288 515075775
285 752202949
287 210747447
285 183242500
285 749093637
288 937613021
286 261063001
288 367461019
285 459594115
285 862618995
287 375792301
286 227455366
286 727564244
285 947496133
287 591040608
288 150739456
285 922300878
285 875586280
285 399413499
286 117837790
288 725033288
287 156443374
285 560717703
285 917729462
287 674061888
285 298629812
286 745989128
287 685960285
285 432734268
287 981391492
286 231232709
285 987992463
285 421203319
285 819791747
285 581991690
288 74147394
285 551632014
287 757183305
285 160414384
285 977974542
288 806814201
286 80847837
288 14208835
286 821268135
285 931518020
285 645507239
288 101226921
285 765289403
288 943969405
285 237448889
285 459119632
285 317445722
285 191415165
286 113228931
286 640697652
288 673748204
285 962357680
285 102404876
285 637672527
287 573775681
286 805930088
285 135699809
287 936104498
285 213885880
288 442666778
285 528718231
285 215446894
285 650786419
285 298395290
285 566394133
288 245931307
285 648144896
287 700998505
285 754928222
285 10282119
287 800562348
287 754724816
288 697565112
286 31041857
286 170570739
286 755776309
287 236014122
288 909409798
288 650962182
287 474704611
287 422954731
286 397827062
288 712702371
285 243479138
286 693452260
285 190091597
287 500644634
285 486331389
285 799973847
288 445533824
288 741688395
287 850421814
285 661529303
287 650379471
285 668263396
285 753910319
286 280472278
288 4272466
287 977451746
286 910916169
285 586952354
287 606691714
287 948804001
285 35924713
288 736552500
285 687366504
288 370083632
285 591701484
285 726240542
288 668660293
285 447421951
287 344585516
285 240434206
287 380577935
286 965088112
288 46047285
288 915068326
285 721488516
288 147186428
285 404421376
285 59774244
288 549994910
288 207644560
285 243947785
287 906321606
285 52596294
285 126069471
285 951959140
288 961054628
285 877900160
287 28912327
285 941557712
286 540480763
288 563840914
285 706825422
287 792465267
285 343734730
288 556165869
285 193813051
288 543107008
286 491156732
288 83894776
288 159802609
285 376939190
285 520106583
288 625720359
286 137938989
285 652374634
288 277354670
285 125828595
285 840330250
287 147253045
288 410574624
287 213020714
285 490244414
286 463341249
286 504087104
288 186759757
285 94694832
285 188595063
285 485584088
285 397292478
287 79104986
285 157734169
285 682100470
285 495548560
285 603827708
286 42820176
285 89260283
285 294529912
286 749127230
288 680833878
285 958341328
288 581548220
285 359493916
288 219452156
286 466887680
285 316976424
288 519724088
285 594735774
286 309495562
285 943750817
285 622548283
288 820235174
287 923032224
286 395069887
288 129957454
287 877882157
288 378619545
287 128709259
287 407680566
286 36474606
285 692039690
285 338773203
285 407160714
285 921473723
287 481619934
287 35883928
285 311844682
287 12531596
288 58536750
287 58614028
285 673612565
285 455614630
285 691127383
285 430309533
285 126502565
285 286997101
285 169738053
287 493559936
288 624674986
285 189812354
285 82372589
286 505923986
285 684039922
286 947856434
286 136478963
285 665140210
288 580340106
285 297942822
286 806816157
285 199899507
287 88232267
285 484483136
285 8640732
285 176944331
288 86178151
285 570847474
287 417537979
287 430872379
285 6768889
288 406811260
286 760325945
286 29701913
285 716829147
286 992484085
285 469249385
285 602013477
285 859470588
285 264625245
285 448529625
285 685348238
285 245383853
288 207247889
285 123632486
287 150067280
287 842759420
285 401447276
286 130850905
287 436504332
288 796077058
288 429626033
285 477014105
286 937228225
287 853516753
285 760395438
285 936052838
285 308228949
285 377968596
285 645498255
285 568230488
288 113383497
287 702563697
285 776485360
285 459634245
287 572997967
285 88758068
286 83901484
285 473921712
285 301766929
288 569306881
285 859754513
286 755621550
285 410687436
286 565552772
286 228574219
285 652125268
287 823855668
288 347153115
285 458430007
286 73052665
285 36336473
286 562941519
285 145942029
285 267524496
287 225454057
285 593195482
285 377092824
285 543392873
288 618615034
285 9848202
285 627934959
288 456349341
285 552392687
287 647790065
287 251513834
287 82401026
287 305723378
285 33429574
288 588519341
287 545794388
287 40134222
286 979410122
285 94387917
286 929467807
285 430132635
288 521167133
285 206348861
288 87423974
287 390842332
285 96884420
287 536943146
285 986872843
288 825376282
285 179652573
286 53264343
285 574004812
288 399397203
287 420925075
288 725854235
287 681758022
285 383874845
285 851934968
287 202966313
285 339928257
285 307436076
286 198044220
287 701410783
285 982582537
285 521913955
287 681414212
288 325885729
285 136335187
288 981042098
286 649545620
288 920619925
286 200018712
285 359345819
288 564195766
285 985431741
285 762712250
286 22827411
285 651425464
285 702615596
287 164215157
286 167828518
285 154237798
285 503739646
286 972386106
285 353032813
285 667334896
285 19510875
288 869341126
287 848051533
285 438165634
287 865819669
286 744505023
285 339882288
286 520829965
287 821396050
285 934097200
287 855503727
286 670186486
286 410290060
288 172897678
288 764965621
285 394220811
287 1451994
286 266194011
288 787588737
288 978897703
287 133148913
288 95826391
285 735296594
285 854445567
288 628523756
288 240656669
288 372011993
286 405159124
285 18174723
288 954398847
285 396415699
285 449439890
288 726395442
285 859188509
285 352988565
286 240338333
287 696439652
286 568116356
287 338737358
285 713171483
285 478821964
286 773727431
285 849159849
285 842954568
287 159500272
287 987966407
286 806345844
285 357742723
285 233608545
285 67113517
286 344700961
287 496286247
287 116384394
286 49877912
285 817164080
285 21307490
1 1 1 1 4 5 7 1 9 7 3 12 3 3 12 9 1 2 9 12 9 13 1 14 15 7 1 23 26 1 5 6 19 20 31 31 31 25 25 9 23 2 16 17 4 35 42 40 16 18 2 44 30 13 40 20 52 38 38 33 54 2 62 21 37 7 38 57 64 49 59 29 69 11 14 5 29 72 27 26 11 71 79 7 50 27 76 75 76 47 86 91 73 22 12 47 24 58 8 80 85 64 47 90 73 11 90 100 4 86 40 21 80 26 103 60 13 80 79 52 1 122 30 28 39 29 123 83 91 57 74 28 93 78 28 136 65 5 3 5 116 47 124 119 89 117 63 93 56 109 2 107 1 53 153 100 115 58 139 60 27 41 141 140 10 121 166 38 157 133 17 111 77 18 17 81 18 134 30 114 8 138 153 41 91 132 178 174 55 123 116 74 25 160 3 126 69 126 152 59 185 154 34 155 172 70 90 201 34 23 68 58 146 145 55 100 156 11 3 144 191 31 39 100 54 54 125 188 163 139 98 103 24 91 222 206 157 173 78 200 159 79 153 220 119 187 199 225 187 149 199 56 68 145 122 76 109 94 161 129 40 62 98 251 129 159 121 235 89 65 165 271 38 54 33 112 272 85 264 55 225 167 254 169 258 29 184 5 102 288 221 200 277 17 178 124 189 243 100 130 12 236 222 98 112 153 105 296 176 277 35 169 311 268 113 178 215 308 191 36 310 66 226 109 154 61 37 208 169 147 19 100 129 301 172 310 309 89 122 207 27 36 64 311 163 3 2 221 227 193 119 81 299 104 171 213 155 169 93 55 109 111 238 308 359 207 311 353 266 176 250 249 77 92 310 214 201 201 202 376 100 1 132 350 336 112 232 261 235 223 37 357 137 90 392 143 311 328 292 111 149 15 223 236 39 20 23 377 252 110 196 220 184 266 36 204 153 109 154 134 234 372 186 90 324 414 93 28 405 236 45 85 289 157 193 31 4 405 249 50 69 406 161 258 31 442 236 441 448 106 294 297 121 68 140 117 166 264 110 433 366 91 386 363 296 415 27 208 400 448 249 372 272 194 239 337 425 302 366 334 258 52 419 351 19 75 354 249 97 230 353 449 64 263 162 134 300 49 53 88 40 310 312 150 20 361 200 306 196 344 13 269 249 79 141 409 337 258 373 190 349 419 167 224 7 358 74 65 247 40 438 42 193 249 464 194 92 60 184 135 5 227 239 363 322 537 5 360 338 54 451 433 58 291 209 80 99 81 488 322 518 47 367 456 351 194 333 352 292 172 367 154 25 333 77 491 94 130 48 450 254 515 254 388 489 82 541 394 235 168 465 503 513 303 347 280 156 375 68 547 323 49 521 322 26 438 473 426 244 146 159 564 145 181 171 542 451 539 56 203 617 559 19 2 561 221 157 505 419 623 378 48 558 439 9 65 497 598 18 42 240 341 360 516 496 356 16 417 516 58 520 83 111 89 291 64 602 26 412 272 291 184 23 497 479 88 585 464 2 375 297 94 658 31 439 537 39 408 48 447 560 12 439 607 110 60 516 285 364 65 223 243 349 608 307 607 599 410 63 279 206 168 234 643 365 195 128 383 123 12 487 259 651 32 455 293 499 597 18 617 483 432 53 170 329 169 425 114 669 312 376 268 718 362 342 94 105 553 214 78 590 212 389 658 687 294 53 686 566 193 254 455 400 358 362 5 727 669 371 746 318 544 17 54 301 307 214 715 321 504 255 428 514 763 168 293 387 136 316 11 639 53 597 397 76 189 622 234 410 362 454 121 492 723 500 201 47 678 77 612 120 263 627 286 457 428 256 368 125 503 576 506 766 131 144 706 747 805 128 702 456 203 125 732 431 25 816 756 388 572 269 41 364 18 542 58 113 616 580 724 399 736 747 595 496 15 543 11 296 621 679 159 465 405 343 575 620 290 457 257 370 216 382 152 735 845 511 564 853 486 432 298 730 839 857 595 771 141 864 369 794 555 229 222 666 355 150 50 350 746 379 12 710 583 766 883 534 694 529 370 393 530 407 869 331 697 704 221 40 397 100 3 490 585 529 762 441 158 381 870 436 571 422 679 739 408 860 173 871 359 763 27 360 700 725 726 632 218 516 710 276 298 307 808 300 384 684 907 216 286 898 419 757 34 3 209 395 641 744 667 855 438 958 482 921 377 352 356 605 815 676 574 463 613 14 170 207 707 468 214 890 764 546 770 627 744 647 193 790 77 132 78 991 951 723 894 671 834 143 107 679 999 138 485 992 350 80 347 614 621 202 357 869 981 32 53 644 265 620 503 758 318 454 98 672 325 619 149 363 683 288 114 434 680 150 637 1037 395 785 113 932 919 685 32 798 922 156 552 775 425 295 114 74 524 320 905 683 908 33 265 952 1027 616 209 420 131 442 1015 559 38 725 838 285 1035 714 141 482 519 1044 241 47 270 993 896 132 193 391 617 972 195 837 412 1048 1046 618 183 715 684 168 332 678 402 661 960 965 557 261 1056 938 1061 801 1001 822 589 613 643 38 126 26 985 693 24 320 1108 761 521 631 967 579 577 694 761 958 952 618 343 23 1034 439 490 811 1055 449 496 82 413 678 196 843 789 1036 287 790 1069 1044 888 482 492 505 1034 584 728 160 287 1013 862 149 528 539 596 1054 563 1047 725 487 702 65 915 56 1071 530 777 155 242 702 575 329 838 453 791 603 682 412 79 116 214 99 1117 1050 1009 756 553 621 1050 581 1000 406 1049 482 1153 1069 411 251 183 697 833 776 1179 860 810 162 659 1065 991 77 573 557 543 1202 405 797 440 902 103 3 89 723 985 404 843 1218 929 30 574 1003 430 330 200 981 235 1026 772 362 1215 649 423 977 628 366 771 879 1242 1066 169 1239 1017 1140 587 487 782 90 871 1220 92 608 879 336 939 1210 150 978 629 470 1141 33 769 356 1113 881 606 804 313 492 1089 762 48 418 974 1003 549 275 1169 1167 722 1274 9 799 1058 181 541 512 91 85 834 834 837 1245 533 634 1165 86 696 585 917 277 1323 717 1324 165 844 417 356 1189 1117 798 1308 315 937 331 877 268 1150 954 960 1057 1164 1072 736 329 89 523 134 725 1339 470 1005 422 1089 579 769 1073 361 389 312 144 440 51 527 655 263 1238 1102 256 914 625 1346 1256 947 888 317 1036 543 1098 600 353 1063 1130 1371 805 1134 752 746 1105 1329 1334 999 749 517 590 804 23 406 449 1400 855 911 1340 286 1220 1098 713 1279 505 1242 1036 731 989 1017 747 1328 425 722 1162 976 1145 549 1052 1346 187 1429 2 105 102 1164 10 761 645 1091 1374 1290 172 542 1049 467 836 558 365 1322 1247 736 562 229 175 795 641 212 1092 279 1074 1376 87 963 471 963 348 149 1398 567 1423 869 1356 326 1451 247 4 789 929 1149 94 1249 1396 487 467 695 1290 158 427 409 898 329 848 1302 865 53 1194 509 805 249 797 88 932 213 129 484 190 250 143 1439 579 1180 113 1317 1132 517 1402 790 488 1153 403 184 14 1352 1355 1149 1329 1259 1355 1326 102 1442 125 1431 806 1102 177 1533 1076 449 26 87 63 678 1349 17 306 1079 869 754 1039 507 1060 960 1223 1229 1008 1527 382 864 1150 734 620 8 512 173 670 333 209 1554 1493 442 21 433 1570 1219 167 861 686 502 524 1041 299 231 636 726 1002 303 1190 989 57 436 1330 1418 325 574 594 1260 390 713 725 95 964 927 99 96 171 1385 1499 701 506 145 821 751 917 885 1085 1559 1125 473 920 1548 1195 1373 118 1396 973 216 319 919 534 1021 429 288 177 98 28 1151 315 283 1240 688 275 919 535 947 1111 1118 1156 1117 93 1487 629 617 1181 1145 508 1004 1026 1292 1076 1263 1069 255 1303 1232 1599 774 829 598 1615 627 78 1137 1197 431 132 380 799 165 1459 335 4 281 607 337 861 1383 605 741 66 26 731 82 1603 999 1381 1638 31 618 399 200 957 181 718 1629 323 858 1486 1073 1617 1360 271 1375 53 835 1628 593 1083 330 142 59 1593 1301 893 1645 1458 1348 666 522 933 1312 1560 516 1696 154 611 489 35 1558 1550 1575 1519 438 785 1315 1488 74 1353 184 1344 1381 642 227 282 374 608 1525 1489 1703 1668 1501 30 1496 1013 1547 1158 1078 1496 550 8 1380 22 833 1368 205 397 689 1216 1046 448 1471 996 465 922 1678 1100 1711 772 307 1303 1150 30 1477 1468 971 109 1465 534 1588 47 563 412 275 1356 741 1202 1038 1258 239 1018 462 288 413 334 468 1786 1322 203 1782 1302 197 1526 929 626 180 1040 608 303 650 603 943 1103 518 535 1408 883 974 1480 252 416 170 1724 98 1001 49 1381 106 491 730 1377 1659 857 157 1274 1330 1035 34 11 1365 1252 506 1338 663 1792 1234 128 380 481 1461 1111 1171 1612 836 627 582 233 1757 1269 758 624 138 641 1138 539 107 462 1595 1075 917 830 155 882 1805 407 1337 1682 495 673 943 1042 347 1490 1040 579 598 1434 1254 1485 1429 1535 789 967 648 1678 1529 1209 827 795 836 813 775 1901 1919 1819 1745 615 62 1135 672 655 1641 291 942 1235 897 1692 283 196 1462 1928 208 1467 1532 1176 1712 1467 1588 550 905 1033 1615 1422 248 628 96 286 129 1372 1598 271 731 1862 1837 1834 1467 793 465 264 1338 1847 135 1230 532 1193 1527 1557 17 217 1863 1158 1335 1183 1419 677 1136 916 813 1306 303 1364 1185 120 314 1512 1221 1917 1427 1045 1285 1461 788 1618 525 463 1645 1697 1869 501 110 494 1368 814 182 1724 1566 103 788 1232 496 100 1212 1091 447 381 1176 1772 1526 1633 1308 301 1026 367 2031 1303 1931 849 1458 1350 74 1704 695 601 1526 718 1848 914 279 309 645 1565 1894 1508 1953 54 667 1766 1681 1585 1783 1799 147 1388 367 1514 1469 723 1653 210 1827 51 2062 2044 1472 930 948 1851 1582 1858 576 503 1997 955 317 610 1509 1697 458 1565 425 819 803 1494 767 1913 782 2056 917 732 864 1309 839 1624 1409 814 56 1413 1783 286 1276 1178 538 1051 57 26 1696 815 342 216 2072 803 365 255 16 1677 1770 1421 864 1675 2086 1181 687 238 419 799 1492 1810 1685 1463 1916 2135 1894 909 1714 185 457 714 918 410 1025 938 1628 630 745 2060 1134 1599 2063 1156 1852 696 714 910 570 679 350 803 337 279 1215 188 1399 621 63 2005 842 575 1858 1531 1898 1796 1441 315 2033 400 1427 1040 294 1898 438 2184 1095 576 1236 490 1070 487 835 393 1611 1114 279 506 1072 1104 263 367 837 405 2054 618 997 1774 342 1899 2000 1051 1756 863 613 403 563 1820 1731 982 1701 1512 2118 139 689 1196 1075 1476 1743 586 1365 1141 533 1101 1023 1360 328 1522 434 1867 692 1281 393 1823 175 1846 1126 721 1589 939 1384 1024 81 1153 599 1814 1934 714 1746 827 1125 1841 2187 597 2222 1802 1454 2244 113 2133 1818 350 1766 353 1625 365 1755 555 692 1999 2245 1182 1891 258 1862 2148 2220 60 1964 2218 1461 337 1317 1510 1779 1562 917 1685 379 1154 435 397 1860 1350 2006 2290 508 1990 726 778 1194 2242 198 2078 2179 2002 1259 581 77 342 145 1229 2135 1340 1485 1766 1335 2183 677 1225 423 1099 2180 654 211 1817 1427 588 2322 68 442 959 905 262 840 155 1255 1238 909 1180 2271 1883 412 858 331 2244 86 1837 933 2054 227 1407 955 878 1356 2279 469 836 978 510 1481 2001 1661 45 1326 1194 1261 391 57 2259 385 1788 669 1889 504 2204 1257 522 1959 333 1765 259 154 632 1679 1691 2270 1054 337 1725 1343 1163 141 1199 248 402 1253 974 2369 1717 1977 937 1054 834 1813 1059 226 437 1921 1820 710 338 281 831 727 447 1459 140 579 1826 1025 1082 2171 1039 1824 532 1207 1885 991 18 1078 1281 1589 120 63 2159 2289 1322 2 307 910 735 1627 971 2400 479 935 278 511 1643 1822 688 1427 1436 1609 1347 1197 2440 623 936 556 1694 1629 1693 2043 2354 1245 160 2018 1039 1157 1754 1553 1372 1125 1901 408 685 1857 2375 115 1613 1310 2442 1228 681 948 2175 1317 1701 1433 1917 2350 894 795 2001 954 1105 589 1189 622 794 1997 387 562 189 250 2118 1055 1265 535 1275 608 640 35 1580 1257 1381 1924 2224 2077 1515 2399 1259 368 456 817 1804 542 349 168 1625 1131 2544 2355 596 2386 1957 1048 154 1698 756 1197 1894 791 1309 934 1853 1270 511 661 1637 2558 2495 12 1369 771 2292 941 2057 2131 953 1622 646 2295 775 702 486 1648 372 1744 184 21 48 1618 1906 1283 2333 442 779 1580 892 2072 1810 1756 118 2225 1847 197 1162 729 305 1833 1534 296 2248 2428 2516 1891 1505 2272 1136 9 1217 2291 488 335 1126 1446 128 573 173 2029 2331 1297 1959 2183 2056 1071 2305 893 2479 874 995 251 1879 1519 968 2307 90 1199 658 2430 1304 1105 1758 433 2249 569 2060 2041 256 1531 2314 1739 1475 1556 2275 509 1604 1164 781 722 2053 360 2523 2379 1041 2432 2043 575 1581 868 1194 346 898 714 2519 671 2269 374 54 1282 175 1773 1334 1570 87 1077 2084 1086 633 1121 2089 1094 1509 2280 252 1714 1436 671 103 2561 174 2547 1985 1449 584 9 1842 2435 1526 204 452 1997 104 2616 2669 1186 2049 675 2694 45 2229 1394 18 1488 1705 1765 2102 2173 1662 1030 148 212 2182 1358 2349 1091 2715 327 225 2709 2724 1489 2567 2047 571 2537 1160 554 2172 1474 580 1169 1702 756 611 837 2542 2714 1180 719 1002 340 1475 1394 2451 993 1788 493 1704 1639 114 1094 577 1250 325 312 1986 44 1544 2127 887 2430 568 2687 2632 573 2118 728 710 561 1894 762 1543 600 677 1256 1233 1588 1949 642 2489 462 1033 2480 1969 377 1535 1467 183 273 893 2349 1872 1395 1790 1266 2218 1658 1374 2513 1488 2294 791 145 567 1830 269 1793 629 2682 2356 2077 2800 1612 1131 1653 921 2497 2277 2582 138 177 2583 1099 2408 2309 2343 2268 87 2584 1904 2713 572 732 1929 1267 1192 919 402 891 1762 1124 986 2173 1492 2706 2196 302 909 576 2669 1346 2134 653 453 1849 444 212 804 1291 292 999 588 1261 1473 856 2619 1230 2609 1827 870 804 2383 2310 790 125 1786 1856 1840 373 2224 2103 2109 1119 1997 372 809 2014 39 253 1524 2059 2292 2297 1813 1830 2634 337 2392 395 580 1348 2211 299 500 1634 1070 443 2698 2920 1909 437 959 709 2417 1922 862 2031 372 1928 850 1786 1101 2385 1399 2719 735 2110 2955 323 547 2460 665 1236 903 12 1947 692 1641 803 1206 838 1178 142 2712 74 1354 2673 523 523 2499 1744 1325 2474 1450 1470 425 1240 2602 415 1801 1109 1632 1662 1721 1444 1150 1291 1353 2242 2573 473 1048 2984 777 1232 2512 2859 331 1845 223 2399 501 1406 1575 2810 2198 2390 2685 599 2794 1307 2378 2071 850 3002 642 1665 1236 86 985 1953 2153 1538 2866 370 335 821 449 2265 2890 1195 2603 410 675 1422 2183 2414 1494 1570 2939 1991 2199 901 2798 1414 1677 2503 1592 1012 1839 246 2079 1393 1363 241 139 2310 2358 1496 1397 2252 1326 2204 102 2356 2960 20 2356 2993 809 755 3066 144 925 2016 848 2142 2303 438 2138 434 2210 1825 170 2482 1078 2576 2461 2271 1553 680 2025 2326 336 1736 1880 2619 2762 1937 2930 1747 1326 1831 281 1144 1315 2393 1741 2170 1020 1569 2163 2007 544 1808 2774 1718 287 1206 299 2042 903 1465 2418 2328 55 134 2485 695 1868 906 2819 2178 2437 988 430 987 1324 1997 1098 792 957 3077 2868 397 2778 2610 2164 196 2128 1624 1871 306 1776 1110 2579 1857 1250 665 2136 2355 2077 1486 50 1061 19 1924 631 1752 1480 865 1290 1591 2695 2171 1389 3018 2507 1505 143 2405 2308 1146 1820 3095 53 1427 2309 1722 2204 1570 1482 2692 1017 885 2447 1794 2090 2140 41 71 2661 947 2393 3068 871 2206 1764 2905 2976 2688 91 2992 525 2570 1690 1383 1816 1880 2700 1374 485 2544 1175 2605 381 620 2693 637 1550 413 1748 2276 9 500 1385 1176 233 378 2781 2609 2354 1653 955 1456 697 1542 1622 2743 2457 2643 2996 1796 2018 3 195 2581 1577 84 1899 2005 2200 780 1253 1314 3163 2300 2498 1640 426 1773 762 3104 1721 646 2326 156 2836 1780 2268 1568 2848 1428 186 2101 495 120 186 1960 2333 2828 2239 1981 937 1625 1817 593 61 3028 3151 2892 159 1506 1002 2017 2823 2302 2179 840 282 114 223 1901 301 1714 2475 2869 960 2067 1332 352 2579 994 985 2884 945 584 1047 2803 897 2309 2746 2533 641 895 2946 1758 1336 3274 3304 165 2393 1132 2293 3098 2044 1107 2402 1786 2600 2671 2911 1345 49 2763 1729 2634 336 965 1775 1166 1900 2518 1069 369 920 2065 596 2719 1434 865 1391 1912 2050 2596 1424 1810 544 750 1535 948 360 2879 167 278 488 2016 1619 1440 170 2564 3258 1813 1844 1499 1691 186 2098 2167 1495 337 321 2876 4 2337 212 543 715 2973 2940 2247 529 823 3074 803 1681 675 217 2764 1411 3228 1414 2094 3371 1162 3186 925 2680 3020 314 56 1825 890 3354 2154 1257 70 654 1359 2130 2380 171 2652 596 1151 2086 2034 1829 2788 519 916 1829 3439 1353 1495 1439 1008 225 2413 1911 2726 2018 1712 2248 1312 2425 312 2507 2659 1732 1624 1302 2211 1058 554 1904 1690 2458 3163 2449 1284 3006 1951 221 2473 1783 3425 420 2144 2154 1709 369 2054 2757 307 3083 3358 1910 1300 990 733 498 1657 912 321 1993 2093 2543 1737 3506 2858 261 1159 1697 3134 3335 2810 298 431 1694 1895 1916 1600 2494 3227 2297 2784 110 3333 2336 1006 2246 2147 2559 858 1400 1181 1400 940 795 2472 976 653 2430 2088 3091 2003 2249 2487 3242 489 1178 869 3174 3398 47 1653 1475 2858 2617 87 2272 694 1200 3138 1031 3496 1190 2776 2561 2833 978 1039 2810 1525 2348 303 1267 3470 819 2990 2992 2724 360 977 1242 1340 265 2078 2137 567 2524 1699 3495 1050 2553 3439 1080 521 2581 1198 714 2203 1165 2706 3574 1692 1596 1411 610 1127 1597 2038 621 551 3296 2537 1166 396 976 3601 751 2766 2427 2563 3257 3577 1915 1643 1667 1526 1870 3017 3159 2035 3433 2949 1127 1981 1022 1245 2962 793 685 149 1634 182 2684 3368 3380 2765 3101 569 1574 3212 3134 1079 1396 721 23 2037 2731 422 374 517 116 796 1885 1454 1972 3264 2748 1240 2656 2429 2553 1271 2173 3231 2812 3432 1941 439 3523 2849 2701 3157 1291 3418 1330 3443 388 1912 1084 2607 2909 2006 3346 3663 510 765 619 2324 1678 1397 3445 3533 2960 3172 1079 1363 296 1493 2342 1407 1951 1040 3183 1711 2641 3548 230 1133 3300 2957 1393 415 2313 247 2977 1741 656 1139 1133 1774 3661 1012 330 900 3445 2914 185 1890 245 3434 481 1632 2482 512 3310 42 2237 1056 740 283 3230 2490 1880 65 2196 1034 456 1775 450 2298 442 2667 2654 1828 3412 3690 3014 448 1667 3039 1653 2482 32 2910 468 574 1173 3750 2603 1270 600 3235 568 1453 3083 3687 2559 1776 1455 2273 2467 1264 670 245 2382 1237 2886 731 899 1355 3687 3238 1159 1092 1039 3095 3246 637 2304 1358 840 997 3825 1353 252 421 988 3141 1862 3453 577 2130 925 1970 839 2516 1614 2290 3712 2882 1842 1660 1029 925 742 2772 1469 2389 2705 3648 3355 2792 1874 455 2541 2061 158 3271 2207 961 3554 3826 2673 1150 1445 2350 544 3041 300 1684 2851 3531 2810 3424 2869 610 3781 2317 169 572 3875 1626 1585 3072 1887 2179 3730 1738 1528 2435 2133 530 3592 3251 1356 491 3470 2643 3238 3369 1753 2887 3583 527 2758 185 3026 2939 45 1863 2530 2017 305 1533 3070 3784 842 3516 2389 1715 2054 3919 559 3122 1611 3401 796 3458 49 869 1992 637 2163 2744 3052 1572 497 312 3691 22 2650 2059 241 2925 3361 2264 142 1637 1829 1380 3530 2904 3567 3754 98 393 534 2007 744 256 3917 150 1718 3456 670 2928 99 134 731 262 1986 1349 3806 1631 2988 892 3821 615 3650 3441 3617 2158 181 2756 2194 2493 711 392 1788 2875 2789 1527 2068 678 339 2195 468 3111 1473 3481 1471 453 2560 1628 67 2 2839 1238 402 895 1850 502 3794 303 1770 1007 2884 1717 858 3725 3390 2150 1445 2390 3449 3880 3696 233 1429 418 1304 1361 3615 674 249 2834 2125 25 3376 1234 1549 2326 1334 2890 641 2779 3214 1083 1705 1549 2385 2931 2440 348 1988 3579 3048 3633 1434 3028 2164 3398 292 2416 362 239 2136 2462 1268 336 1384 2245 661 1279 205 1872 3487 1867 827 3206 3247 3243 1198 2863 698 1167 1664 529 1263 770 3233 2606 4070 342 626 2065 2169 2059 1542 1637 2108 111 2006 3876 512 755 3839 2534 2229 2877 3738 3586 3167 3804 321 2373 358 409 377 268 1454 987 1438 3805 2191 1701 707 993 620 1658 3878 1791 1209 3669 2414 3982 254 1632 22 2941 263 1282 1089 3596 3704 3247 2260 306 2595 3802 2954 3517 3194 3154 3457 3254 3844 3692 3913 607 3114 3298 3146 978 934 1967 867 121 2333 208 2893 1844 2219 2034 2498 867 594 2013 1570 3422 341 2382 762 3757 523 2162 180 617 574 1036 2690 206 1288 2919 1239 3645 2220 3234 2534 816 1757 278 2577 1306 3114 527 1958 2619 3631 1193 2889 1487 707 1634 201 395 470 911 3867 1767 1864 2455 706 443 1016 739 426 2312 1301 3549 500 2288 3365 3632 1713 1041 1369 3514 4157 2804 1313 1779 456 1010 1475 2638 2993 3636 3266 2458 223 2707 2204 147 12 2903 2861 2635 2302 1657 4001 3589 1316 366 2319 3661 42 3029 2535 2253 1846 950 3749 404 3793 235 493 3396 3460 387 2210 4281 3812 1178 2121 2404 1059 1877 1196 389 1053 2619 2678 584 2182 713 873 2532 1515 3041 1732 2692 3699 749 3447 2856 2126 3686 829 4064 2078 4106 1626 3023 1065 3636 1919 470 235 1637 2172 3902 1267 4247 3529 3634 1981 4160 1121 1589 634 2341 3727 651 2464 2510 273 1801 907 2718 1463 3299 968 1759 3455 465 2820 2453 2221 3000 2329 253 3346 2314 353 2676 3937 1371 2463 212 2635 1837 3679 3158 97 653 218 3005 3245 610 1278 2452 3236 405 3609 2709 57 2065 4235 2846 2736 1753 3210 1184 2831 4350 1988 918 2098 466 1059 2214 3891 2477 1197 4187 2835 3281 141 3577 2886 2990 2029 4346 3612 4134 3976 3900 383 4114 3154 1481 4246 3449 695 1920 4174 3907 2585 100 2494 1927 978 1248 3501 1190 2713 4015 2852 2542 2649 10 3746 1106 813 986 1015 4317 371 1443 1025 440 1598 784 1165 3964 3743 1999 3655 2073 568 4017 3094 4010 1862 1847 4096 2113 3489 4078 3892 3452 2900 636 95 47 1353 288 4429 4418 3714 2316 3295 1135 60 1368 1250 530 1692 1604 4111 754 3424 3981 3697 3927 1776 3855 942 3445 2318 4372 3768 2925 3487 871 3641 3445 4115 1790 213 4058 1263 1675 1608 529 4388 2361 2431 31 104 307 2645 1095 1991 3365 2037 3523 3603 230 1660 2298 1914 2482 1593 675 2777 2730 3345 1366 4240 1255 3824 500 3141 1202 1823 1673 1531 1597 1272 4085 4393 4522 1589 3726 1405 2632 1613 2456 4064 3412 4212 4244 1274 2488 2089 2206 683 3252 82 2272 2042 2436 4540 4565 3590 1795 3124 4309 2494 3058 1261 1151 35 752 4081 4320 1127 877 4052 2545 2397 733 985 961 2156 4093 1387 3379 527 4110 2609 3020 1331 1946 1439 1671 3318 956 1323 3616 4390 997 2174 4203 2246 1750 1007 4086 1099 1139 3737 1141 3245 1932 2731 1323 3535 1956 3739 1978 4 2443 3092 3074 2910 2309 590 2216 483 3270 117 2945 2485 50 3147
