1557 1605 1
2 1
2 1
2 1
2 1
2 1
2 1
2 1
2 1
2 1
2 1
2 1
2 1
2 1
2 1
2 1
2 1
2 1
2 1
2 1
2 1
2 1
2 1
2 1
2 1
2 1
2 1
2 1
2 1
2 1
2 1
2 1
2 1
2 1
2 1
2 1
2 1
2 1
2 1
2 1
2 1
2 1
2 1
2 1
2 1
2 1
2 1
2 1
2 1
2 1
2 1
2 1
2 1
2 1
2 1
2 1
2 1
2 1
2 1
2 1
2 1
2 1
2 1
2 1
2 1
2 1
2 1
2 1
2 1
2 1
2 1
2 1
2 1
2 1
2 1
2 1
2 1
2 1
2 1
2 1
2 1
2 1
2 1
2 1
2 1
2 1
2 1
2 1
2 1
2 1
2 1
2 1
2 1
2 1
2 1
2 1
2 1
2 1
2 1
2 1
2 1
2 1
2 1
2 1
2 1
2 1
2 1
2 1
2 1
2 1
2 1
2 1
2 1
2 1
2 1
2 1
2 1
2 1
2 1
2 1
2 1
2 1
2 1
2 1
2 1
2 1
2 1
2 1
2 1
2 1
2 1
2 1
2 1
2 1
2 1
2 1
2 1
2 1
2 1
2 1
2 1
2 1
2 1
2 1
2 1
2 1
2 1
2 1
2 1
2 1
2 1
2 1
2 1
2 1
2 1
2 1
2 1
2 1
2 1
2 1
2 1
2 1
2 1
2 1
2 1
2 1
2 1
2 1
2 1
2 1
2 1
2 1
2 1
2 1
2 1
2 1
2 1
2 1
2 1
2 1
2 1
2 1
2 1
2 1
2 1
2 1
2 1
2 1
2 1
2 1
2 1
2 1
2 1
2 1
2 1
2 1
2 1
2 1
2 1
2 1
2 1
2 1
2 1
2 1
2 1
2 1
2 1
2 1
2 1
2 1
2 1
2 1
2 1
2 1
2 1
2 1
2 1
2 1
2 1
2 1
2 1
2 1
2 1
2 1
2 1
2 1
2 1
2 1
2 1
2 1
2 1
2 1
2 1
2 1
2 1
2 1
2 1
2 1
2 1
2 1
2 1
2 1
2 1
2 1
2 1
2 1
2 1
2 1
2 1
2 1
2 1
2 1
2 1
2 1
2 1
2 1
2 1
2 1
2 1
2 1
2 1
2 1
2 1
2 1
2 1
2 1
2 1
2 1
2 1
2 1
2 1
2 1
2 1
2 1
2 1
2 1
2 1
2 1
2 1
2 1
2 1
2 1
2 1
2 1
2 1
2 1
2 1
2 1
2 1
2 1
2 1
2 1
2 1
2 1
2 1
2 1
2 1
2 1
2 1
2 1
2 1
2 1
2 1
2 1
2 1
2 1
2 1
2 1
2 1
2 1
2 1
2 1
2 1
2 1
2 1
2 1
2 1
2 1
2 1
2 1
2 1
2 1
2 1
2 1
2 1
2 1
2 1
2 1
2 1
2 1
2 1
2 1
2 1
2 1
2 1
2 1
2 1
2 1
2 1
2 1
2 1
2 1
2 1
2 1
2 1
2 1
2 1
2 1
2 1
2 1
2 1
2 1
2 1
2 1
2 1
2 1
2 1
2 1
2 1
2 1
2 1
2 1
2 1
2 1
2 1
2 1
2 1
2 1
2 1
2 1
2 1
2 1
2 1
2 1
2 1
2 1
2 1
2 1
2 1
2 1
2 1
2 1
2 1
2 1
2 1
2 1
2 1
2 1
2 1
2 1
2 1
2 1
2 1
2 1
2 1
2 1
2 1
2 1
2 1
2 1
2 1
2 1
2 1
2 1
2 1
2 1
2 1
2 1
2 1
2 1
2 1
2 1
2 1
2 1
2 1
2 1
2 1
2 1
2 1
2 1
2 1
2 1
2 1
2 1
2 1
2 1
2 1
2 1
2 1
2 1
2 1
2 1
2 1
2 1
2 1
2 1
2 1
2 1
2 1
2 1
2 1
2 1
2 1
2 1
2 1
2 1
2 1
2 1
2 1
2 1
2 1
2 1
2 1
2 1
2 1
2 1
2 1
2 1
2 1
2 1
2 1
2 1
2 1
2 1
2 1
2 1
2 1
2 1
2 1
2 1
2 1
2 1
2 1
2 1
2 1
2 1
2 1
2 1
2 1
2 1
2 1
2 1
2 1
2 1
2 1
2 1
2 1
2 1
2 1
2 1
2 1
2 1
2 1
2 1
2 1
2 1
2 1
2 1
2 1
2 1
2 1
2 1
2 1
2 1
2 1
2 1
2 1
2 1
2 1
2 1
2 1
2 1
2 1
2 1
2 1
2 1
2 1
2 1
2 1
2 1
2 1
2 1
2 1
2 1
2 1
2 1
2 1
2 1
2 1
2 1
2 1
2 1
2 1
2 1
2 1
2 1
2 1
2 1
2 1
2 1
2 1
2 1
2 1
2 1
2 1
2 1
2 1
2 1
2 1
2 1
2 1
2 1
2 1
2 1
2 1
2 1
2 1
2 1
2 1
2 1
2 1
2 1
2 1
2 1
2 1
2 1
2 1
2 1
2 1
2 1
2 1
2 1
2 1
2 1
2 1
2 1
2 1
2 1
2 1
2 1
2 1
2 1
2 1
2 1
2 1
2 1
2 1
2 1
2 1
2 1
2 1
2 1
2 1
2 1
2 1
2 1
2 1
2 1
2 1
2 1
2 1
2 1
2 1
2 1
2 1
2 1
2 1
2 1
2 1
2 1
2 1
2 1
2 1
2 1
2 1
2 1
2 1
2 1
2 1
2 1
2 1
2 1
2 1
2 1
2 1
2 1
2 1
2 1
2 1
2 1
2 1
2 1
2 1
2 1
2 1
2 1
2 1
2 1
2 1
2 1
2 1
2 1
2 1
2 1
2 1
2 1
2 1
2 1
2 1
2 1
2 1
2 1
2 1
2 1
2 1
2 1
2 1
2 1
2 1
2 1
2 1
2 1
2 1
2 1
2 1
2 1
2 1
2 1
2 1
2 1
2 1
2 1
2 1
2 1
2 1
2 1
2 1
2 1
2 1
2 1
2 1
2 1
2 1
2 1
2 1
2 1
2 1
2 1
2 1
2 1
2 1
2 1
2 1
2 1
2 1
2 1
2 1
2 1
2 1
2 1
2 1
2 1
2 1
2 1
2 1
2 1
2 1
2 1
2 1
2 1
2 1
2 1
2 1
2 1
2 1
2 1
2 1
2 1
2 1
2 1
2 1
2 1
2 1
2 1
2 1
2 1
2 1
2 1
2 1
2 1
2 1
2 1
2 1
2 1
2 1
2 1
2 1
2 1
2 1
2 1
2 1
2 1
2 1
2 1
2 1
2 1
2 1
2 1
2 1
2 1
2 1
2 1
2 1
2 1
2 1
2 1
2 1
2 1
2 1
2 1
2 1
2 1
2 1
2 1
2 1
2 1
2 1
2 1
2 1
2 1
2 1
2 1
2 1
2 1
2 1
2 1
2 1
2 1
2 1
2 1
2 1
2 1
2 1
2 1
2 1
2 1
2 1
2 1
2 1
2 1
2 1
2 1
2 1
2 1
2 1
2 1
2 1
2 1
2 1
2 1
2 1
2 1
2 1
2 1
2 1
2 1
2 1
2 1
2 1
2 1
2 1
2 1
2 1
2 1
2 1
2 1
2 1
2 1
2 1
2 1
2 1
2 1
2 1
2 1
2 1
2 1
2 1
2 1
2 1
2 1
2 1
2 1
2 1
2 1
2 1
2 1
2 1
2 1
2 1
2 1
2 1
2 1
2 1
2 1
2 1
2 1
2 1
2 1
2 1
2 1
2 1
2 1
2 1
2 1
2 1
2 1
2 1
2 1
2 1
2 67451894
2 73809642
2 63776140
2 9445355
2 34169876
2 7792736
2 12267699
2 58466964
2 92509389
2 69511296
2 61566107
2 52283278
2 64007460
2 34777207
2 73832030
2 34838895
2 28077750
2 58007461
2 4193498
2 73805825
2 50423238
2 40617062
2 66403804
2 85335276
2 93764325
2 67190115
2 69050537
2 88762241
2 92197010
2 92114824
2 6603852
2 32877118
2 77253956
2 4145209
2 93060807
2 32550568
2 46126160
2 86429478
2 26330364
2 77720895
2 28258615
2 11701033
2 44400104
2 83803894
2 97533275
2 78217059
2 97051515
2 53648685
2 67618993
2 98310203
2 36354178
2 41168167
2 15056204
2 95531388
2 50063597
2 21534785
2 14547416
2 44847102
2 20239797
2 10150282
2 16333445
2 66843471
2 20303938
2 20529104
2 89755479
2 32076293
2 71586871
2 33484966
2 23814353
2 30157196
2 7699714
2 80616277
2 24900007
2 39696237
2 25937370
2 86694405
2 25698880
2 93492367
2 6802274
2 59765645
2 82388676
2 61334227
2 23680251
2 99976264
2 45175837
2 58641302
2 5622415
2 91593720
2 14142172
2 21675732
2 87346119
2 22123579
2 14567833
2 16207656
2 49304540
2 16254694
2 32477165
2 28492903
2 97908771
2 9641485
2 1399349
2 56485455
2 55907905
2 72274572
2 80776341
2 58675367
2 23104038
2 44182092
2 25247348
2 20601019
2 90174767
2 368951
2 35077946
2 89726041
2 89523795
2 55142111
2 88626727
2 62502254
2 67658801
2 81366351
2 2077621
2 95794855
2 9127223
2 77512601
2 78831527
2 99429604
2 50925543
2 92758490
2 38596941
2 5898666
2 67826943
2 39785833
2 18488533
2 422260
2 25129284
2 45212372
2 21913106
2 62031376
2 76854048
2 7408481
2 46627192
2 34626858
2 52307924
2 91252813
2 98848121
2 42570675
2 66732329
2 63231107
2 41326239
2 40918331
2 84971871
2 38478273
2 85958591
2 37381470
2 2301723
2 78096983
2 13709547
2 92772702
2 10990418
2 86393455
2 8413277
2 18769664
2 998812
2 45194484
2 10895918
2 29881767
2 8141593
2 56419375
2 8111470
2 67889371
2 23646241
2 5111364
2 14814960
2 62495955
2 64141504
2 19697695
2 38089881
2 97648535
2 11649663
2 10889199
2 41108517
2 50679959
2 88260435
2 92941673
2 68885989
2 60981070
2 45040239
2 8679661
2 31597788
2 19685017
2 15194598
2 61941851
2 4738148
2 70748705
2 51127984
2 68002693
2 10318307
2 20427104
2 4440309
2 29960722
2 5655103
2 28010409
2 25372280
2 89713934
2 1717320
2 65316539
2 5966435
2 31482237
2 39624613
2 16075694
2 41837141
2 48830109
2 62756417
2 17354196
2 22215825
2 16844424
2 77762743
2 38734793
2 15204656
2 67778337
2 47207836
2 43385198
2 68780501
2 63528101
2 24385874
2 81042394
2 80700199
2 37133015
2 33322054
2 99072492
2 29259678
2 51451854
2 60125947
2 13339729
2 58382075
2 60494330
2 40689849
2 94739223
2 67604439
2 19243703
2 35321070
2 28003604
2 53156752
2 54707933
2 10245402
2 63096717
2 45697263
2 48428552
2 24074856
2 1341298
2 75356341
2 11771459
2 16189962
2 74197983
2 66565184
2 28881560
2 16039808
2 57435865
2 98559753
2 83807414
2 16874462
2 88651727
2 55097419
2 73017275
2 12770161
2 21522256
2 39873922
2 9250792
2 79890581
2 35846253
2 6563474
2 17982431
2 26983002
2 43122891
2 3903805
2 20273745
2 75353254
2 23538331
2 81230373
2 23787599
2 53904520
2 23652963
2 65560664
2 78835012
2 39896423
2 17171623
2 26997074
2 65897103
2 76685748
2 3535456
2 84286761
2 34980035
2 23005902
2 97672324
2 58165996
2 763037
2 38080326
2 60283845
2 1794585
2 98788494
2 83384581
2 61932470
2 88521894
2 7001287
2 73076481
2 61318574
2 72794789
2 46332814
2 94851347
2 93485798
2 89458252
2 84778768
2 48445950
2 98042024
2 66173620
2 22784219
2 75660820
2 45519110
2 97293026
2 58268935
2 90647839
2 858361
2 32099257
2 589454
2 88284519
2 42252587
2 15464710
2 75823831
2 38190724
2 51379241
2 43174838
2 86377520
2 38216237
2 30390733
2 32497106
2 60574707
2 25803896
2 53677567
2 36509317
2 37680777
2 76753465
2 76993999
2 15316971
2 67159627
2 65523335
2 1497893
2 39500162
2 43046918
2 47067926
2 10342103
2 11477143
2 84764533
2 39616822
2 85997492
2 33599017
2 82777086
2 31750367
2 45208961
2 54322569
2 69476500
2 93527587
2 47955102
2 69184533
2 71631924
2 25480285
2 41724310
2 13611230
2 66146756
2 58592383
2 13784604
2 65048449
2 64525426
2 25217492
2 53556084
2 12547084
2 49956206
2 82713964
2 81772673
2 11238509
2 90444848
2 90563975
2 80906423
2 40985712
2 80690370
2 23787967
2 66253931
2 51229129
2 3372387
2 91105393
2 77942623
2 92308716
2 41677436
2 41739723
2 9422505
2 48326145
2 56457994
2 97778039
2 67726732
2 99375899
2 65591833
2 71699863
2 59961035
2 58813469
2 6561226
2 19246991
2 78095341
2 17596147
2 33183492
2 62740709
2 44913800
2 87080006
2 58273507
2 63968560
2 59942757
2 27152886
2 76137766
2 10679012
2 17946434
2 2680538
2 53021191
2 42727428
2 30334628
2 23875004
2 25779767
2 27897693
2 65795470
2 50318664
2 92426751
2 23135569
2 20946116
2 48158640
2 54264009
2 25338016
2 94951064
2 24164252
2 8455087
2 85007856
2 5640615
2 63902200
2 48727652
2 98310057
2 48729153
2 5117586
2 82973978
2 24726263
2 23621705
2 5260512
2 1037977
2 91465495
2 46426680
2 79112981
2 29774450
2 93749619
2 79543095
2 90936204
2 7850087
2 51221571
2 51499161
2 39002561
2 83395761
2 91431573
2 30526216
2 78949633
2 93456377
2 12405589
2 4703839
2 84295536
2 74314289
2 70964196
2 75700778
2 94721061
2 49524462
2 36940685
2 84761127
2 88481570
2 84005832
2 67670916
2 62482202
2 37511471
2 14410599
2 39691696
2 64516594
2 2605166
2 55432233
2 55945931
2 38341596
2 99384066
2 3979093
2 69923974
2 41537656
2 91709968
2 96930878
2 39439767
2 84425451
2 29513743
2 40054961
2 14045136
2 37133983
2 11548591
2 79405653
2 26066192
2 18003103
2 1320155
2 75818547
2 97780701
2 62770447
2 83013665
2 5004805
2 41385194
2 38045393
2 18817108
2 71140346
2 60301294
2 85250264
2 87731885
2 1185764
2 86102903
2 27143983
2 46169996
2 66877667
2 38967127
2 79564751
2 2149865
2 87356275
2 31556034
2 98265074
2 67011780
2 90030805
2 39597855
2 57318845
2 18234705
2 72147838
2 19756794
2 76126458
2 30696880
2 11660003
2 92762780
2 63304057
2 33611111
2 58515722
2 74967908
2 62055367
2 8865460
2 30562719
2 84432613
2 69354914
2 37659300
2 4721998
2 48401424
2 91874415
2 80523187
2 79414212
2 82083372
2 5184954
2 81376801
2 39606953
2 60862935
2 24835279
2 14418319
2 60540075
2 96536616
2 77820983
2 76315589
2 85893866
2 54446167
2 58786692
2 21341453
2 58029190
2 46953516
2 26052382
2 22074168
2 73762603
2 97618610
2 18604028
2 85322836
2 56725416
2 80100581
2 9545529
2 69962447
2 57821567
2 82850732
2 91388079
2 37582485
2 10975562
2 70888904
2 41183677
2 39468921
2 18196122
2 53748206
2 54183548
2 80338402
2 65738076
2 89273308
2 23605359
2 94978323
2 16160086
2 41137533
2 27236109
2 19178955
2 13048910
2 11606569
2 5507952
2 12538733
2 37613319
2 52977769
2 34753635
2 74736034
2 81353474
2 25206667
2 4806302
2 74545837
2 5627345
2 44004068
2 56349812
2 7859458
2 67636860
2 98479499
2 33140535
2 56622765
2 12566242
2 30697143
2 21719413
2 31826617
2 67868292
2 64712723
2 18118246
2 3428783
2 72010833
2 17257280
2 75365728
2 13819155
2 65497210
2 45121409
2 34495436
2 31864821
2 48723549
2 46726952
2 49952072
2 22259018
2 360121
2 43124317
2 89474824
2 42607070
2 75733077
2 7001413
2 99671212
2 9256221
2 55608315
2 16983013
2 89402719
2 89486843
2 92665981
2 71997289
2 41810510
2 14726529
2 31635819
2 51689116
2 78797338
2 93036296
2 61091654
2 51226151
2 24189329
2 52722917
2 61031374
2 26964333
2 52973201
2 68340219
2 35061343
2 14588472
2 9748169
2 97461007
2 15571385
2 36806535
2 23709599
2 50629971
2 54504341
2 20622038
2 78481238
2 91219129
2 50647630
2 50627173
2 52150273
2 51866183
2 12970165
2 23188001
2 27998327
2 74371614
2 98860646
2 77408388
2 6926914
2 98698631
2 464163
2 97229751
2 96580140
2 75193049
2 42791719
2 6690691
2 77609786
2 84505346
1 2 3 4 5 6 7 8 9 10 11 12 13 14 15 16 17 18 19 20 21 22 23 24 25 26 27 28 29 30 31 32 33 34 35 36 37 38 39 40 41 42 43 44 45 46 47 48 49 50 51 52 53 54 55 56 57 58 59 60 61 62 63 64 65 66 67 68 69 70 71 72 73 74 75 76 77 78 79 80 81 82 83 84 85 86 87 88 89 90 91 92 93 94 95 96 97 98 99 100 101 102 103 104 105 106 107 108 109 110 111 112 113 114 115 116 117 118 119 120 121 122 123 124 125 126 127 128 129 130 131 132 133 134 135 136 137 138 139 140 141 142 143 144 145 146 147 148 149 150 151 152 153 154 155 156 157 158 159 160 161 162 163 164 165 166 167 168 169 170 171 172 173 174 175 176 177 178 179 180 181 182 183 184 185 186 187 188 189 190 191 192 193 194 195 196 197 198 199 200 201 202 203 204 205 206 207 208 209 210 211 212 213 214 215 216 217 218 219 220 221 222 223 224 225 226 227 228 229 230 231 232 233 234 235 236 237 238 239 240 241 242 243 244 245 246 247 248 249 250 251 252 253 254 255 256 257 258 259 260 261 262 263 264 265 266 267 268 269 270 271 272 273 274 275 276 277 278 279 280 281 282 283 284 285 286 287 288 289 290 291 292 293 294 295 296 297 298 299 300 301 302 303 304 305 306 307 308 309 310 311 312 313 314 315 316 317 318 319 320 321 322 323 324 325 326 327 328 329 330 331 332 333 334 335 336 337 338 339 340 341 342 343 344 345 346 347 348 349 350 351 352 353 354 355 356 357 358 359 360 361 362 363 364 365 366 367 368 369 370 371 372 373 374 375 376 377 378 379 380 381 382 383 384 385 386 387 388 389 390 391 392 393 394 395 396 397 398 399 400 401 402 403 404 405 406 407 408 409 410 411 412 413 414 415 416 417 418 419 420 421 422 423 424 425 426 427 428 429 430 431 432 433 434 435 436 437 438 439 440 441 442 443 444 445 446 447 448 449 450 451 452 453 454 455 456 457 458 459 460 461 462 463 464 465 466 467 468 469 470 471 472 473 474 475 476 477 478 479 480 481 482 483 484 485 486 487 488 489 490 491 492 493 494 495 496 497 498 499 500 501 502 503 504 505 506 507 508 509 510 511 512 513 514 515 516 517 518 519 520 521 522 523 524 525 526 527 528 529 530 531 532 533 534 535 536 537 538 539 540 541 542 543 544 545 546 547 548 549 550 551 552 553 554 555 556 557 558 559 560 561 562 563 564 565 566 567 568 569 570 571 572 573 574 575 576 577 578 579 580 581 582 583 584 585 586 587 588 589 590 591 592 593 594 595 596 597 598 599 600 601 602 603 604 605 606 607 608 609 610 611 612 613 614 615 616 617 618 619 620 621 622 623 624 625 626 627 628 629 630 631 632 633 634 635 636 637 638 639 640 641 642 643 644 645 646 647 648 649 650 651 652 653 654 655 656 657 658 659 660 661 662 663 664 665 666 667 668 669 670 671 672 673 674 675 676 677 678 679 680 681 682 683 684 685 686 687 688 689 690 691 692 693 694 695 696 697 698 699 700 700 700 700 700 700 700 700 708 700 700 711 700 700 700 715 700 717 700 700 720 700 700 700 724 700 726 700 728 729 700 700 732 733 700 700 736 700 738 700 740 741 700 743 700 745 700 747 748 700 750 700 752 753 700 755 700 757 700 759 700 761 700 763 700 765 766 700 768 700 770 771 700 700 774 700 700 700 778 700 780 781 700 783 700 785 786 700 788 700 790 791 700 793 700 795 796 700 798 799 700 700 802 803 804 700 806 807 808 700 810 700 812 700 700 815 816 700 818 819 700 821 700 823 700 700 826 827 700 829 700 831 832 833 700 835 700 700 838 700 700 841 842 700 844 845 700 847 700 700 700 700 700 853 854 855 700 857 699 698 697 696 695 694 693 692 691 690 689 688 687 686 685 684 683 682 681 680 679 678 677 676 675 674 673 672 671 670 669 668 667 666 665 664 663 662 661 660 659 658 657 656 655 654 653 652 651 650 649 648 647 646 645 644 643 642 641 640 639 638 637 636 635 634 633 632 631 630 629 628 627 626 625 624 623 622 621 620 619 618 617 616 615 614 613 612 611 610 609 608 607 606 605 604 603 602 601 600 599 598 597 596 595 594 593 592 591 590 589 588 587 586 585 584 583 582 581 580 579 578 577 576 575 574 573 572 571 570 569 568 567 566 565 564 563 562 561 560 559 558 557 556 555 554 553 552 551 550 549 548 547 546 545 544 543 542 541 540 539 538 537 536 535 534 533 532 531 530 529 528 527 526 525 524 523 522 521 520 519 518 517 516 515 514 513 512 511 510 509 508 507 506 505 504 503 502 501 500 499 498 497 496 495 494 493 492 491 490 489 488 487 486 485 484 483 482 481 480 479 478 477 476 475 474 473 472 471 470 469 468 467 466 465 464 463 462 461 460 459 458 457 456 455 454 453 452 451 450 449 448 447 446 445 444 443 442 441 440 439 438 437 436 435 434 433 432 431 430 429 428 427 426 425 424 423 422 421 420 419 418 417 416 415 414 413 412 411 410 409 408 407 406 405 404 403 402 401 400 399 398 397 396 395 394 393 392 391 390 389 388 387 386 385 384 383 382 381 380 379 378 377 376 375 374 373 372 371 370 369 368 367 366 365 364 363 362 361 360 359 358 357 356 355 354 353 352 351 350 349 348 347 346 345 344 343 342 341 340 339 338 337 336 335 334 333 332 331 330 329 328 327 326 325 324 323 322 321 320 319 318 317 316 315 314 313 312 311 310 309 308 307 306 305 304 303 302 301 300 299 298 297 296 295 294 293 292 291 290 289 288 287 286 285 284 283 282 281 280 279 278 277 276 275 274 273 272 271 270 269 268 267 266 265 264 263 262 261 260 259 258 257 256 255 254 253 252 251 250 249 248 247 246 245 244 243 242 241 240 239 238 237 236 235 234 233 232 231 230 229 228 227 226 225 224 223 222 221 220 219 218 217 216 215 214 213 212 211 210 209 208 207 206 205 204 203 202 201 200 199 198 197 196 195 194 193 192 191 190 189 188 187 186 185 184 183 182 181 180 179 178 177 176 175 174 173 172 171 170 169 168 167 166 165 164 163 162 161 160 159 158 157 156 155 154 153 152 151 150 149 148 147 146 145 144 143 142 141 140 139 138 137 136 135 134 133 132 131 130 129 128 127 126 125 124 123 122 121 120 119 118 117 116 115 114 113 112 111 110 109 108 107 106 105 104 103 102 101 100 99 98 97 96 95 94 93 92 91 90 89 88 87 86 85 84 83 82 81 80 79 78 77 76 75 74 73 72 71 70 69 68 67 66 65 64 63 62 61 60 59 58 57 56 55 54 53 52 51 50 49 48 47 46 45 44 43 42 41 40 39 38 37 36 35 34 33 32 31 30 29 28 27 26 25 24 23 22 21 20 19 18 17 16 15 14 13 12 11 10 9 8 7 6 5 4 3 2 1
