40 6097 40
43 718423825
44 846888487
145 197436338
3220 705558480
43 995583820
43 242730775
42 358418342
42 523543135
3530 605519033
41 406275244
44 894015182
2868 84942036
43 119552781
962 434590627
43 229637570
2258 52730231
4842 700817964
61 226259082
43 388782110
44 942103575
44 304194657
42 53906103
42 44797877
41 475597185
4542 487573812
44 21100270
4469 93056341
41 501883761
41 505433323
42 255897619
41 142537216
2856 592496395
41 45353229
43 491926772
934 208478083
43 727344455
2257 422082622
42 735086770
41 969352649
43 368151682
1 1 2 1 5 6 5 6 7 10 9 2 10 8 9 3 2 5 12 13 6 22 7 14 7 20 27 7 16 15 7 24 23 33 4 27 17 2 17
