92 1468 73
1267 279909708
77 756866051
96 16202679
75 475909276
74 731755384
76 635835875
76 400480080
74 635123706
847 686541849
720 389938921
1306 27302988
1395 220471348
465 344906998
1260 798290558
77 116032661
76 108380778
74 250280386
76 105663120
77 714850098
76 839794031
74 816955713
74 411355711
698 113293098
75 141144571
74 44691791
352 913621933
74 267533177
76 331319526
1019 109941150
75 167188678
76 249380386
76 785876899
77 300735749
738 854935846
77 805777740
239 585103083
74 930044216
74 564066498
77 452931979
76 418567359
255 654731686
76 675399081
76 611283082
400 979175016
76 941989432
74 638014360
75 686370993
76 731542277
76 789551404
76 363547164
76 984311300
75 955121058
878 321679325
1137 267354581
421 94682708
76 669966966
76 959832933
74 706690634
75 208300440
203 881258850
75 282181303
1026 554478954
74 459954051
423 223051506
74 685702979
77 79392978
76 455541855
75 49118832
74 576133766
75 388327582
578 352505239
1420 486414164
76 630210481
76 769457006
77 400947069
1012 139481047
1321 141440554
75 806064930
85 200066481
77 636714362
1273 340523961
924 858441356
76 728561451
1174 545670684
1440 879328967
76 438398442
74 83947904
75 49486732
74 286004034
77 288456735
76 310676391
76 130421970
1 2 2 2 4 2 1 7 2 5 9 1 9 12 5 13 13 11 3 16 20 10 13 10 18 5 1 21 26 9 7 19 20 29 7 17 34 13 20 33 21 30 25 1 38 24 5 33 9 28 30 13 25 29 4 26 6 6 53 29 15 32 6 59 48 17 33 61 32 52 26 41 52 42 10 39 58 17 77 61 48 65 43 25 31 45 72 20 48 87 44
