3589 1 263
264 559598418
264 556830742
264 387532969
264 980732497
264 293450832
264 441686166
267 401029642
264 452801809
265 703845056
267 493828651
264 429465637
264 273850042
264 431852096
265 362850249
265 61916475
267 923353343
267 502843281
264 607969808
267 391997890
267 213497814
266 261297036
264 555629304
264 977489907
265 722864535
264 785472629
267 863492475
267 163997370
266 362118077
264 584674293
264 693031256
264 740420250
264 825785356
264 975550825
264 26788738
264 607307634
264 340615919
264 670408557
266 404122198
267 746454511
264 29270659
267 326698669
264 445534953
266 327522042
264 653782900
264 639743262
264 81473009
267 787762537
264 982661359
266 683491827
266 626955706
264 621824241
264 505989845
264 889020481
267 610856000
266 68405039
265 316119427
264 769332832
264 351402717
264 739945153
265 172604631
267 291271025
264 74966362
264 440007530
264 975955085
264 978026717
265 537515148
266 752917663
264 487199920
264 868244101
266 192885158
264 473649332
264 893044901
264 466373934
264 425972049
265 818291248
264 930769357
266 904548843
264 198166663
264 48420932
265 904777105
264 382501835
264 572464238
265 633278000
267 341921738
264 455774724
264 838906634
264 309560965
267 137512998
265 378550113
264 402295440
266 745149440
264 463640807
266 740375503
264 434148875
264 816583278
264 448128137
266 41597803
267 346955348
267 962726529
266 616920273
264 391447867
265 104145162
265 893201403
267 488297179
264 416164908
264 49360619
264 596024365
267 920194158
265 125586143
267 535905259
264 797269840
265 869309593
266 316704271
265 254698929
265 197512286
267 776392087
266 67615483
266 492259071
264 689507460
264 64645441
266 183014398
267 723796430
267 763871783
264 78185664
266 736779523
265 620304272
267 356080556
265 734691779
267 420092963
264 734594929
265 924096350
264 137427478
264 523784730
264 284582210
266 867084195
266 496164010
264 482850331
264 477059972
267 65982055
264 602238823
264 421766696
265 78207313
265 667168141
266 296649682
265 666046440
266 387113009
267 578493873
264 578718625
264 480575877
267 777346898
264 571421963
267 352846152
267 605225022
266 438102864
267 432001786
264 148962572
264 48239003
264 585482154
264 904190508
264 626001674
265 605646414
264 172800974
265 833984536
264 669953637
264 745378611
266 449873947
264 155552197
264 592307568
264 414145231
264 806285895
267 189702061
267 305350089
266 885257327
266 472469675
265 215923634
264 905672139
264 631240516
267 890316554
265 77478872
267 473653601
266 593044255
264 420564264
266 786983138
264 85440879
267 885919249
264 260731257
264 30620504
264 257187016
267 902809747
264 618049111
266 987874208
264 839528393
264 47284612
265 569801164
264 964079702
267 688315805
264 846651584
266 535495911
266 932394348
266 221459197
264 379121834
264 253980363
266 641935488
267 475040371
266 184559990
265 845191328
267 280043907
264 223501845
267 872473552
264 478549484
264 746126834
266 834596299
267 915490661
264 634944665
264 267596766
266 627416790
264 796525017
264 161444792
264 492931669
264 434825570
265 77084625
267 806779431
264 665103850
264 367722622
266 92396995
266 778575743
267 304944733
264 315090519
265 215885479
264 542134480
267 891491915
264 656620352
267 257297668
264 831078105
264 361947040
267 437551985
265 780996892
266 69083217
264 385300629
264 246811436
264 157026060
267 666193300
266 831490628
264 356310797
265 211716172
264 747373297
267 531239940
265 302873171
267 621885760
266 299216547
266 116108622
267 565134687
266 466593816
265 238300160
264 11896303
264 582547347
267 662097776
264 350995150
265 82174242
264 604145331
265 99963372
264 942773182
264 621445534
264 789964627
265 849319388
264 579958084
267 643724391
265 212564562
267 101124989
265 821002470
264 43393955
266 974170005
265 973210441
264 879607811
267 73318830
264 677962903
266 130823890
264 860250864
265 642975205
266 925439692
264 743860404
265 352687815
265 721381351
265 12136385
264 471080745
264 778658309
264 487642422
266 577214208
265 27572616
267 344312613
265 69855724
267 783659035
264 912122217
266 823826495
267 525343430
264 185965391
266 912595083
264 659104072
266 76027860
267 628257234
265 224787054
264 345812852
267 275652162
266 116661873
264 407397154
264 977787903
265 983851145
266 359806903
267 614060369
266 97649487
264 78361118
267 51546701
265 406200268
267 448144406
267 12882188
266 980590853
266 639665828
265 292816073
264 321479956
264 335634162
265 341075650
264 506870327
267 129598980
264 740132957
264 232693668
266 5039892
264 241849609
265 39495252
265 72726478
266 359635481
264 327165503
266 431570497
267 603307050
267 795548653
264 969182396
267 648151732
264 336168804
267 31503123
264 361404353
266 123683865
266 323380812
267 799835248
267 479274946
264 456470591
264 267871637
266 74016216
264 61518086
264 468867454
267 829967700
266 184445693
264 580946687
264 742250084
264 814406903
264 482238285
264 28464213
264 965086289
267 613516039
265 986214344
264 596370701
264 200487100
264 145536888
265 45347825
264 4500182
264 282844383
264 729796594
264 977925461
264 204774613
265 801725422
267 994384763
267 568565088
264 569369195
264 132076488
267 890960383
266 581247679
265 212907443
264 857423387
264 603117680
264 495935928
264 180828429
265 247978334
266 547872485
267 138588550
264 682275436
264 536891487
265 985004283
264 287110422
265 820131946
264 957989307
267 920533441
264 769355405
264 515477869
264 506796178
264 615438356
267 297992628
265 185337098
266 515590048
264 490163454
264 753361294
264 910051377
267 407852383
265 106160533
264 644577457
264 982391176
267 835540170
267 688274784
267 407343241
266 671836868
267 37935697
265 258679651
265 47886837
264 823637224
264 802670131
264 875581228
267 133866925
264 736282222
264 204470566
267 499860964
264 273641583
267 38623639
265 282136198
264 923994307
266 551318803
267 893224376
265 373558102
266 757153364
264 89930372
266 948484382
267 747854571
264 215142409
267 999954800
264 692800936
264 627962124
267 898887339
264 396563000
265 314818020
266 399927448
267 834216827
264 237325640
267 946256212
264 699855714
266 469135838
264 23384668
264 57705496
264 457907723
264 449351212
264 146429185
264 438706058
264 168015388
266 322930055
264 181841911
264 758476339
264 270577512
264 962078750
264 129462450
264 627766920
265 949791095
264 57569279
264 533957068
264 193735301
264 21266494
265 74778897
264 611746704
265 805319292
264 468784306
267 91091217
265 133075798
267 553499343
264 517819689
264 883152947
267 942843808
264 770617026
264 744162456
265 767135732
266 505149547
264 650711107
267 131298307
266 186844725
264 319420847
264 53103106
265 585716031
266 558066598
265 200438610
264 639372198
264 884277913
266 51347408
264 309364203
264 333839532
266 442913126
264 523743579
264 286779459
264 984432165
264 712723740
264 137870465
267 905110942
264 628972384
264 152559297
265 532848715
264 202673046
265 775158542
264 90668931
264 954111498
265 513198826
265 512862297
266 806185548
267 825662581
267 18221120
265 650895130
264 528073635
265 855815275
264 357418764
264 116211248
264 686907680
264 904461925
264 255844610
265 904423830
264 312711641
264 304932589
264 653940065
264 893005301
264 32607651
267 380078151
265 831732864
266 319415382
264 169529167
264 131374288
266 866627125
266 490379400
264 786507416
264 973122124
264 639273664
266 441619156
264 52683182
267 757393455
264 320744032
267 811998354
264 819068323
264 959317949
264 636189051
267 61395434
265 987923636
267 932021450
264 586026430
264 954975966
267 66235062
266 378240046
267 830393953
267 52804180
264 568048905
265 491455588
266 531003640
266 149018627
264 120089809
264 304841167
265 994534036
264 132224235
266 653286804
266 882960575
265 76595001
265 979220385
264 949653119
265 18740658
264 345002138
266 235188223
264 3871299
267 898827465
264 909395189
266 470765491
264 84645506
264 744362481
264 479136509
264 967082316
265 820169504
266 750818787
264 589185204
264 471483221
264 235861029
264 173622740
264 573871835
265 589112453
266 757075676
264 982227041
265 23671749
264 127798988
264 614834728
266 766218604
264 968738431
264 380318798
264 655231382
267 80663052
264 698901922
264 502784411
264 401765626
265 972563876
264 378109346
265 162848316
266 299470552
264 242237950
264 105240658
264 50428942
267 588104678
265 427760543
264 328354040
266 325241635
264 118029644
267 759573382
264 835188859
267 452177387
264 810159357
265 781724040
264 499953604
267 297863427
264 227911408
264 719120132
267 886132269
266 85468657
264 237552235
266 239744883
266 518606780
265 914810402
264 980702297
264 707664525
264 305811109
264 594313069
264 180235423
267 679145985
264 335553269
265 218076592
265 954457412
266 566574794
266 280470850
264 954645342
265 917987764
264 171747924
266 798750054
266 645817136
266 483106501
264 982020313
265 239753325
264 700584534
266 63810604
266 410975822
264 108719958
267 113512915
264 714520254
265 347309958
264 732593337
265 550161006
264 271000037
267 643066035
266 967254548
264 867312634
264 258741858
264 590771050
267 500531777
264 816616028
264 286272712
267 385804710
264 30458382
264 510027153
265 131471440
265 761271974
265 765433319
266 203388875
264 903872991
264 535156113
264 334432848
265 823198437
265 314828883
266 213505820
267 898984232
265 262881523
267 105898482
264 524137496
266 360200867
266 716711918
265 435293004
267 203754790
264 763148634
264 808591267
266 424261030
267 247237724
264 87181130
264 50800262
266 332761255
264 141891712
264 206625335
266 413031399
267 316309620
267 451293009
266 109280477
264 60774126
265 951212768
267 573540682
266 87133836
267 733847970
264 36789004
267 934672319
267 737250774
264 87389711
265 870323493
264 664562612
267 827091514
264 291166664
267 689146011
264 573532355
267 871815256
267 726660537
264 96406171
264 799040350
264 663006685
265 141741517
264 150382700
265 17378344
264 116118338
265 746158634
267 137426965
264 847899368
266 686442456
264 288171187
266 460640346
264 662460944
267 705919686
266 517585317
267 868652610
267 147054158
265 610512695
264 504861502
267 724685518
265 738905638
264 756813115
264 101413202
264 8339912
264 915008072
266 939316780
265 167179414
264 953266643
265 137191436
265 466687203
267 21967660
265 918941990
264 692997132
264 633038904
266 26519272
264 557554408
264 981245482
266 230320759
267 376641103
264 155491370
266 83167052
267 275440106
265 102200369
264 431837427
264 500444903
266 750710277
265 235735396
266 201527324
265 646322345
265 63856479
267 444200049
267 345661220
264 376375324
266 391395525
264 114531206
267 260362140
267 940116521
264 125739002
264 24759158
264 995454740
264 409805869
264 785383048
265 792699710
264 550227556
266 422195607
264 815447957
264 134039302
264 535476874
264 969547369
266 223475154
264 69296500
264 852100909
266 555378574
266 235592546
264 199477481
264 109748677
266 342774253
264 424344471
264 86302947
264 502094790
264 795112105
264 29767947
264 497504734
264 594732289
267 288472224
265 353920546
264 858429752
267 580352442
264 599282367
264 24224471
264 288597937
266 753476048
267 808713262
264 112353718
267 923772740
266 528511997
266 189693037
264 201139522
266 866058620
267 828319659
265 837455670
264 856235829
264 162697530
266 702306064
266 167859883
267 606908004
265 298125803
264 82253590
265 141392419
265 155945007
264 338950041
267 725178669
264 758111359
264 845871514
264 373222606
264 865485092
266 988722510
264 299898041
266 195613799
264 523097761
264 941298946
267 485033456
264 652767511
265 74843497
267 593665252
267 783266536
266 933930102
267 642330110
264 149828934
264 972466007
264 9522928
265 574604072
264 389912223
264 510611410
264 285403198
265 961421591
267 216990883
264 652803006
264 868490893
267 427714403
267 196769651
264 684199407
264 897395044
265 693101297
267 449126222
264 547848493
264 160467817
265 198372437
265 276582993
267 574437633
265 657879075
264 59968731
264 676372924
264 176688104
264 47534061
267 322708279
264 734273872
265 116368718
265 203689924
265 304825945
265 233942542
264 765568085
264 71443385
264 316261241
264 603521536
266 157141006
265 103934910
264 99010470
267 460812408
267 859128317
265 634408609
266 740052243
266 531022845
264 676557865
264 804652280
264 856315079
265 859833575
266 904026192
264 400886777
264 428531680
267 975075246
266 944322162
266 256752040
267 71348326
267 23131496
264 186448067
264 288318754
265 398086068
264 930447575
264 705606493
264 125033526
265 9095406
267 3948149
266 686345530
267 992440486
267 345561338
267 319994132
264 332741336
264 114395154
267 149577127
267 93663341
265 490730282
266 701421008
264 332656979
266 375553639
265 579151216
267 795243789
264 146859052
264 23516677
267 612090295
265 752597589
266 496924016
264 205522920
264 725550627
264 779275985
264 192094634
264 918975074
266 193765944
264 848492719
267 770502432
264 677414030
267 704072265
265 493909670
266 128465307
264 798832485
264 864979882
265 589333499
267 318107850
265 45382809
265 31994331
265 8556350
267 988259086
264 557468131
264 246565226
265 400929217
265 529380970
264 643054730
265 646427754
264 794815983
264 233063997
267 759536087
266 611871253
264 479653219
266 718344957
267 922489012
264 13156795
267 119316505
266 86838746
267 345945577
264 578771134
265 809935583
266 315046540
264 480224243
264 963578408
264 815245368
265 362242396
266 72149980
264 577046685
264 380222508
266 360962634
264 389743987
264 474024947
264 961976821
267 79767931
265 938869973
264 644956239
267 576015887
264 624631555
264 637008802
267 236693739
264 543397928
267 256195028
265 720749333
266 63142459
264 528310882
264 128199632
264 728664321
264 667628524
267 831076488
264 746906790
264 793532091
264 224995541
266 53634900
264 22802850
266 739684827
267 836541956
264 35947876
267 814529613
266 260694992
264 815437918
264 550112184
264 262781748
267 841713933
264 757962552
264 384048390
264 625819887
267 231427117
266 768832731
266 744667308
267 460777013
264 964092158
264 790285041
264 824428219
266 49086141
264 983486561
264 453732986
265 759326325
264 327884801
267 232279057
267 940027185
264 545142304
264 424581649
267 983175960
264 607472169
267 983995383
265 693259601
264 37328673
264 781410750
267 575147914
266 35745606
267 840225697
264 920412436
266 832212789
267 19351380
267 722552240
264 723382039
265 821684313
265 330305694
264 236209971
264 202216797
264 490117341
264 32086332
264 625774256
267 198883996
264 711151091
266 168893467
264 353659280
264 774893230
265 728429051
267 728824817
264 929089984
264 249580463
267 98027623
264 996131641
266 551483361
264 662557188
265 162878834
264 833120600
264 294594291
264 962048283
264 377000487
264 120011032
266 752449381
266 966385484
266 502794865
264 322195263
264 261410962
266 980650257
265 706997242
266 497397089
264 136345299
267 142397094
264 965341565
264 648377199
264 140514067
264 431190975
264 610571727
267 426376921
264 810832850
267 641016937
265 158747940
266 229607023
267 679974645
264 431853424
265 126651407
267 551972006
264 320525491
264 813869476
264 535859186
265 978182936
267 643190666
267 409327143
264 230302732
264 333570114
264 477905932
264 619621231
266 890568014
266 874480879
264 987754308
264 185517231
267 817674559
264 481183000
264 548430569
264 662173440
264 615910653
265 461281339
266 350611923
264 311599569
264 600620478
265 426314765
264 50425817
264 516223002
264 598400395
264 444970471
266 485617943
265 726751724
265 612565434
264 680194713
266 190180526
264 383484761
266 304591357
264 953797761
264 960593056
264 591586736
267 432106068
265 907700118
266 878351324
264 791018880
264 165474606
266 493224931
265 75491239
264 214115574
264 385388382
267 394838278
264 549721472
264 2767554
264 573595675
264 427816920
266 316218438
266 156479104
265 341852612
266 988982555
264 693406471
267 348941676
265 1629372
264 72935511
264 232361522
266 822025797
266 890886306
264 888756519
265 597587791
264 341822869
265 786126155
266 419907745
264 588421239
264 487158695
264 560372942
264 161787293
265 595813809
264 75118082
264 888976206
266 458547612
264 903224865
264 369013508
264 932599385
265 304733389
266 740729459
265 688238910
264 641786395
264 939729929
264 48503440
264 674582779
264 436560086
267 746383438
264 338563176
266 684665100
264 299215572
264 554173676
264 743294826
264 683386230
267 570586984
267 832377592
266 535937216
264 429070596
267 361088206
267 516696621
264 555916694
266 6410799
265 861955408
264 35650983
266 872599228
264 588706768
264 888271633
266 324965847
264 570704346
267 305183110
266 864392856
264 31706340
266 846374159
264 568471570
264 857737366
267 798965031
267 777849338
267 712924506
264 938495804
264 477055368
264 605275527
267 709489796
264 548933593
267 867198900
264 2394532
267 906024871
266 853456973
264 894120812
266 93688172
264 784151394
264 390469642
264 107401728
264 909833728
264 742010281
264 427696114
265 772367368
266 915248067
265 47489812
264 467696022
264 434966784
264 352532893
266 805129421
264 399250643
264 408036100
264 525992031
265 860247449
264 763901252
264 234143952
264 540463271
265 235539982
267 509706211
264 914430455
264 112049346
264 721814907
266 716132472
266 947399321
267 565343530
265 493350952
266 597750971
265 563543828
265 672387665
266 770426721
265 378729970
264 532691650
264 753672015
267 331968281
264 796895122
264 142292874
266 619666864
264 918540136
264 19915984
264 96777574
264 923960454
264 643579118
266 863454778
265 76276249
265 319682653
264 494174846
266 505537251
264 673481460
264 161663085
264 922586071
264 570171426
266 134221413
266 749208668
265 42148932
264 95449128
267 617894503
264 306173031
266 96008629
267 249023747
264 196063298
264 998351918
264 964035356
267 82391407
265 603115866
265 1259221
264 416719094
265 62075947
264 806858860
267 141982295
264 379048793
264 922724576
267 136007667
264 551483917
264 365997435
264 843583370
264 766471518
264 147879643
264 948062985
267 237064881
264 503178880
265 101361964
264 170916099
264 986822051
266 452393384
264 239922393
266 815520744
264 935069867
264 856101996
266 375564435
264 39056925
266 374532942
266 103473076
264 952505713
266 390534271
267 73732845
264 963533556
265 319591386
266 887765962
265 165496618
264 365585054
267 741771773
264 497256646
266 799614408
264 562002324
264 665699757
265 424472043
266 672623690
265 532909718
264 22344589
265 778835338
264 740852596
265 507844537
264 241746458
264 638677639
266 227307769
264 878933613
267 711595120
264 608224540
267 633115844
264 659191320
266 351531043
264 7278366
264 935641994
264 709335675
264 468019843
264 944801013
264 446960450
264 429571332
264 479774394
264 907764911
264 141030487
264 131120413
265 348002734
264 616763659
264 704240796
264 255105895
264 930878207
266 526377641
264 469195278
265 916923011
265 614318516
266 443471847
264 402698008
264 400693684
264 690682903
266 17282323
265 235037523
264 426849324
267 45714487
264 13792412
267 316752734
264 58725223
264 50442521
264 188261909
267 169116135
266 801619665
264 485756011
265 712456532
264 65342327
265 491467374
266 60206754
267 992522023
264 240491696
267 104045079
264 677543744
264 710680147
264 729301776
264 726083204
266 497620380
267 231457806
264 430637383
266 184850316
264 218889932
265 757123282
264 593380312
264 485486008
264 428141576
264 612900578
266 238026081
267 215941401
265 378523319
267 542586428
264 45695449
266 255328653
267 378892714
264 189652798
264 823799802
267 108724646
265 430005303
264 652805242
264 715214557
264 385654517
266 635680339
264 675961559
264 122101946
264 677597647
264 361707990
267 113980171
264 125571488
266 649409298
264 348112169
264 86912608
264 950167209
264 43954281
264 451271890
267 655935364
264 368393465
264 381162930
264 472557647
265 324735983
264 979858843
264 179550789
264 774074336
265 485840354
265 590941888
264 429427608
264 25789938
266 500447782
265 758548179
267 991070596
264 307568613
267 825728271
264 777594444
264 725680318
264 881920700
266 581091078
267 689887229
264 622962927
264 485429655
264 863061647
265 85831290
264 456249086
265 179910588
265 117071416
264 81795621
265 448267902
264 882539095
264 887929443
264 371510472
264 575709684
264 72481981
264 860656043
264 387045112
265 460075623
264 624572308
264 996793926
267 794318067
266 793407059
264 810213465
266 587019468
266 429502409
265 747441437
264 360583721
266 853012509
266 144400989
267 262237571
264 970604289
264 300281140
264 416579430
264 460066923
267 379192339
266 745514296
264 606505599
264 952622036
266 714333005
266 424386252
267 412489410
266 763986178
264 458760714
265 568880090
264 341680791
264 598673022
264 880269262
267 191202240
264 870609812
267 292404646
264 356108503
264 562970871
266 130232833
267 258847239
267 275343997
267 118083581
267 152676561
264 376308872
267 600268147
265 852508009
266 441167234
265 962285679
264 961406462
267 270400010
265 618447289
264 246725775
265 62288496
265 317425618
264 872700743
265 713237791
264 159047099
265 576148916
264 610304201
264 406970409
264 221506058
264 168025615
264 529861228
264 243362008
266 841907538
266 617832498
264 671939141
264 760183224
265 426489027
264 884250247
264 734178782
264 187908861
264 927424431
264 429386623
267 25551738
267 944549912
267 11780983
265 508968978
265 125179609
264 533783837
267 699440057
265 116377439
264 698085347
264 662438023
264 238429768
265 864318773
264 795126309
266 719813281
264 450875267
264 368516528
264 465133800
267 901111035
264 662386135
265 911444215
264 540975169
264 567546114
265 348829144
266 911154055
265 241463764
264 15241778
264 56119333
264 494957085
264 623136618
264 634422593
264 148937741
264 537212073
264 751680546
264 720258830
267 684709068
264 936135974
265 758685500
264 117375492
264 504876262
264 822759024
266 516570716
264 686565055
267 254030903
264 937473957
266 414559535
265 568625864
264 835679452
264 565950046
264 313211841
267 553570
264 468643096
266 31603544
265 697522092
266 330699171
264 641123442
265 279149019
264 693223391
264 685156915
264 898311647
264 83661555
264 375809901
265 587617275
265 562852565
265 193193190
267 322569781
265 187871347
265 603637026
265 991226915
266 645528820
264 874590363
265 990929091
265 821306570
266 369409705
264 427413325
264 438446222
267 699697037
265 438434531
267 240417561
266 224513290
266 366054752
264 833343661
267 925662037
264 813472603
264 263977610
264 167610023
264 433519826
266 859440432
267 22034540
264 473432872
265 814986017
264 68818022
264 235458684
266 261958362
266 149409504
264 862324226
264 737666070
264 50471414
264 491456702
266 662195196
264 777341633
264 683715781
267 46169493
265 948820929
266 773469704
264 460114308
264 140648519
264 689378957
267 550645661
266 210316767
266 692551222
264 800365492
264 343856205
267 896392294
264 691432363
264 675170835
264 934213300
264 840599540
264 627773365
264 198218605
264 203530182
264 714561176
265 213356506
267 711905725
264 749326811
267 110111477
264 894725676
264 838618402
264 438743189
264 845397384
266 420839753
264 857903025
267 947871379
265 978820490
267 429132739
267 824299267
267 116836513
264 446743020
267 810616403
264 914419690
266 851750006
264 441448613
267 211471848
264 962494475
266 373864463
266 821941682
265 528982446
266 156503332
264 925344673
264 621668884
266 62471678
264 166482636
267 632769298
265 606973207
264 639571133
264 593731492
264 902765747
264 777249428
264 109673741
267 960344791
267 502814245
264 451316985
265 308466175
265 258614499
264 60844768
264 665695094
267 481390972
264 786237196
264 878760219
265 35837034
267 892665188
264 976276941
264 271310485
266 262216498
264 936961797
265 155648015
264 473774523
264 403356173
267 375598932
264 1882791
264 63313336
265 908258936
267 513184543
266 808950771
267 394024851
264 886071850
266 528168324
264 985789543
266 468322180
264 733195405
264 94943030
264 193933398
264 596451930
265 523381185
264 490520984
264 582396376
264 355932447
265 129003725
264 426482384
265 844901440
264 949726033
266 825823344
264 942728545
266 700719020
264 242454850
264 971019349
264 595910644
264 381845150
264 538026808
266 222539568
265 549499493
265 981191742
264 962394944
267 782800935
264 486065610
264 145469454
264 428001230
264 455547118
264 901304321
265 550715350
266 478268549
266 623043085
266 362868430
266 119862504
264 409944704
267 696100237
265 284359246
264 448582052
265 559071356
264 303494262
267 998464826
267 840374144
264 996506309
266 116782163
266 225557057
267 671415901
264 939510123
264 519234138
264 496272712
264 76334911
264 990583669
267 201282417
267 497392140
266 753061010
264 898732395
267 440204625
265 349077101
267 77788244
264 709855705
264 212955545
264 346592068
265 271130247
267 208986192
265 958352139
264 587709279
267 449548846
265 49262585
267 493619253
265 669062671
264 319316273
267 64951306
264 693134370
267 677399521
266 624329367
264 671965510
267 788145749
264 687138715
264 989732427
264 558829078
265 776645129
266 559386999
266 685030578
266 348050136
265 42679565
266 312809472
266 288043364
264 399436164
264 396464836
264 130396688
264 255243113
265 409516251
267 133157877
264 24666134
266 146380137
267 917653660
267 969262480
264 934584070
265 166054245
266 433169886
267 763803719
266 891317560
265 803096237
266 178821009
264 613850373
264 739067828
265 698557082
267 489608565
265 393996806
266 715716757
265 548745956
266 674912890
264 12383315
266 838640951
264 602414585
265 25274446
267 275278977
264 307770279
265 221132097
264 841880287
264 496984329
264 815682836
266 914338122
264 837500596
265 12896498
264 92146208
266 345682526
264 563492812
266 213348653
266 977485368
265 136824455
264 170022979
264 863963550
265 487017329
266 724757826
264 124153257
264 759615974
265 64360423
264 491829426
264 222225467
265 41240582
265 861445563
267 118991191
264 625284982
265 622873684
266 384122308
264 319651209
264 229404732
267 544970359
264 424147677
265 868865411
264 423275158
265 878239947
264 800021078
264 710650629
264 336369715
264 332649583
264 722769642
264 98443402
267 736334752
264 693245233
265 995172171
264 268954737
267 761063634
265 515751546
264 699663708
264 389011014
264 810176483
266 726107273
264 596304745
266 849135699
265 666183804
266 60607189
264 342366821
264 485263450
267 616201267
267 95637993
265 387056834
267 31887200
264 627741981
264 108688361
265 799316705
267 181093202
264 847556918
264 755806092
264 222910181
264 567382132
266 193922687
265 940191617
266 520280303
264 484033386
265 337478021
264 238910852
264 760236770
264 819847162
264 753370839
265 917801538
266 299751209
267 559075674
266 931605646
264 615291128
267 847546860
264 184309891
265 273874132
265 133083820
267 683360956
267 347013268
264 217554921
264 663597505
266 685306841
264 567955812
266 582880628
264 541971834
264 446204404
264 342780261
265 628008694
267 362830752
265 384865822
267 858584170
266 271949978
264 885708293
264 858214135
266 359623889
265 148466313
266 943711084
265 115909864
267 974167848
264 843929159
265 419589418
264 709171195
266 462389095
264 816070346
264 422937613
265 812488565
265 992212199
264 903385256
267 491084307
267 107983645
266 847316495
265 947689134
267 665976667
266 845809536
264 91653605
264 142168671
265 448149427
267 827488675
264 482661348
265 653481873
266 827642798
264 166774736
265 969033956
264 604946462
265 537452633
267 410518437
265 830145255
264 686360976
265 372749151
267 182764807
264 202026917
266 19984467
264 999514920
267 994296123
264 731578820
267 245985608
265 599467593
266 614711643
266 811047209
264 36125295
266 37589108
264 195028206
265 952294750
265 527232572
264 446512883
264 889504166
265 213599199
265 106462870
266 317101709
265 959730618
266 375939758
264 80627924
265 609855130
264 618705432
267 852832061
264 458116102
265 394798408
264 675707196
265 355193062
264 137067643
265 43983417
266 431939611
266 896966855
266 630791257
264 931506097
264 453542902
264 569433586
264 342352003
264 603645992
265 427992870
267 492137294
264 993210956
264 164006977
264 195987306
264 209606115
264 245162185
264 750053434
267 417567679
267 340561797
264 243399319
264 765997623
264 357525746
264 725906203
266 441184250
264 129864309
264 719229375
264 238103806
264 245269688
266 587994904
267 330649594
264 570876729
264 167706165
267 320954917
264 845582310
266 993171298
266 553733884
264 338497579
264 179846341
264 718269581
266 309569291
267 467341933
264 116371037
264 292414063
264 343376099
266 555975004
265 179756765
265 10351903
264 296411828
264 574777931
265 957657418
264 808578006
267 992288403
264 476133999
265 469873869
264 604214466
266 994727735
264 254322875
267 598147002
265 984931082
266 862067855
267 142244181
264 185404080
264 709724930
265 521732841
264 955855918
264 565248489
265 617416928
264 87078431
264 227305148
264 303309068
266 750097057
264 488216075
267 283338469
266 755745065
264 98796022
267 168421274
267 901667098
264 604414446
264 541118928
267 456727773
264 337486968
267 625924342
264 952484382
266 136770841
264 839463593
264 544661199
266 626355353
264 426544407
267 128214204
266 425404695
264 923282302
264 661577856
264 117506529
266 744003595
267 417923383
264 428191462
264 113681550
264 923162744
264 918476889
264 385986818
267 615729553
264 890336134
267 486458714
265 318847893
264 389045123
266 674138221
264 156763609
264 121344740
267 809904422
264 342380842
264 764284605
264 346142970
265 188915260
266 731895075
266 492970698
267 569920765
265 11151658
264 725378213
267 878788990
264 942986152
264 56128163
265 211718783
264 515941830
264 859769200
265 360494986
266 274623803
264 920696692
264 665539765
266 386365563
264 265276600
266 374063445
265 418948365
266 252521408
265 94894816
264 917224733
264 632665746
264 706138991
267 578669350
265 968475916
264 918916050
267 460163013
264 355561512
267 842322866
264 274298032
264 203790852
264 954989208
264 846975610
266 738973200
265 138952232
267 781912363
266 376456336
266 984692696
264 64368581
267 653538418
267 725919007
266 42865862
266 60032448
267 10338281
266 750172679
266 805200293
264 458172092
264 704931836
265 79209914
264 746896015
264 371084770
265 186004823
264 643134969
265 893334989
267 611517128
265 510932208
264 981459949
266 115516626
264 876707292
264 94807806
266 674774569
264 227603140
264 359175930
264 35449878
266 723872367
267 48984465
264 837457473
265 729374162
265 592289626
266 851461734
264 370600643
265 11247420
264 872168772
265 410199212
267 198506497
266 16722770
267 949379536
265 535062293
267 751059885
264 93657330
267 380104243
266 468943126
264 442930731
267 497965257
266 743762358
265 275333505
264 191239087
264 672649787
264 316336331
267 795632721
265 276167720
267 811089144
264 31489618
264 988170806
265 524992454
267 367788101
264 769448683
265 234268230
265 610375887
267 638747032
266 564793535
266 768334757
267 949522295
265 354951075
264 406301990
264 316157692
265 98375610
264 514635848
264 888529131
264 136390056
266 828721774
266 94349882
264 171082716
266 299349901
266 291096250
264 329877574
264 615054486
264 986402929
265 13611992
264 632293651
264 267248486
264 274084337
264 913826910
264 80663399
264 722691033
266 339898855
267 290103723
266 868481220
264 160388151
264 503417964
264 412479008
266 882626393
265 983458754
266 299915917
267 871218799
264 586408971
266 338010591
267 366871101
264 685869942
266 707713183
267 56841638
265 405743067
264 701098750
267 453070841
264 896153256
264 181198915
266 953716282
264 41452477
264 67712195
264 846731816
267 558031480
266 566731669
264 954488297
264 140153504
267 859319387
264 361755589
264 712217347
267 479418391
265 593320201
264 128589917
265 425359526
266 451276356
264 407161924
264 733473180
264 169017956
266 446647869
267 450423863
266 379627153
267 731901504
267 133953792
264 944526449
264 904929063
266 408929841
264 579188681
265 987733943
266 789582545
267 165638325
267 571681669
264 625864587
265 861924134
267 877953302
266 129440207
265 683345314
264 69538484
264 41056588
266 261403946
264 396966932
265 568288743
264 470686159
265 586026248
264 552708391
264 114340338
267 207026222
264 356708348
264 705443805
267 658253590
264 211870244
266 183223669
267 16680448
264 280226042
264 512718783
266 999238980
264 939482185
264 305569968
265 963852411
266 563382178
265 870805879
264 166797064
264 264499486
267 392965069
264 67941883
265 483692271
264 315692677
264 559249816
266 961769105
266 302605599
264 94056598
266 574276950
264 74947133
266 415463599
267 841458581
264 901492326
264 365397310
265 974087151
267 464084308
267 85341265
264 362824538
264 131635540
266 950582745
266 331384962
264 147137883
267 710918410
264 170904199
264 49292632
264 863646607
266 277635666
267 317899831
264 69251493
264 324818428
265 318889466
264 88218199
264 120200933
264 300122746
264 451563281
264 38281571
266 146994298
267 796275048
264 83158375
267 570037526
264 751140087
266 645722407
267 375341849
264 258525831
264 129875334
267 516563935
264 529745070
264 47188286
267 599487701
265 493652247
266 65598807
264 322652701
267 28532901
264 635027515
266 53765565
264 933029561
264 462300374
264 892889192
267 866001579
264 590301667
265 905808869
264 595141250
264 470097457
266 32021526
265 992507281
264 553586263
264 660473056
266 664856183
266 559090828
265 411608232
267 17526500
264 577102972
264 188211503
264 608790738
264 83675216
264 36650777
264 449953349
264 806969965
265 188357885
267 175232948
266 152879627
265 62505486
264 301499337
264 100511950
266 615123655
264 635134217
264 685178486
264 174753655
266 957093015
266 956569033
264 59637812
267 95528987
265 21561358
264 463263147
264 72113690
264 633709696
267 642952723
264 213766759
264 92875832
264 986482086
264 489966546
264 228457698
265 26602211
267 697683313
264 186732686
267 766823077
266 969853450
264 390214682
267 512765017
264 490626526
266 200942908
264 472547042
264 354843728
264 828256449
265 764310120
264 143255341
267 103638119
265 115267342
265 163602910
264 110272901
264 232683539
264 676549694
264 425768182
264 212046804
267 674075664
266 924323917
267 253254854
265 624866407
264 165053154
264 792900897
265 58580816
264 271052475
266 319534794
266 915170606
264 271852022
264 835944679
266 481616980
266 80194441
265 186369883
266 504864453
265 733964017
264 250887042
264 149149472
267 850709028
264 269585336
265 766683669
264 499106871
264 157087020
264 702146408
264 315664406
264 665722238
264 436516014
264 970231207
264 758659806
266 319491025
264 524988842
264 906035449
264 30309992
264 129554410
266 303421538
264 351538665
266 63377901
264 943760175
264 589823805
264 856054722
264 188048490
265 382018775
266 193280357
264 897291575
266 880386290
264 536467690
265 104310338
264 954829675
264 944699886
266 833548218
264 866908622
264 736780096
266 306511910
264 662041244
264 293122658
264 981244739
264 942321167
264 767223183
267 800498308
265 5381730
267 325754540
264 902437400
265 809619809
266 532803019
266 290629782
266 639242309
267 801444557
264 459530465
264 343540397
264 678091334
267 510286752
266 936659486
265 552870969
264 244821477
264 100934456
264 901048078
264 569682650
265 862821454
264 153443722
267 709399388
266 636364710
267 44691621
267 607908112
264 466353090
264 865533747
267 530349947
266 181283448
265 269617244
264 428757536
266 328429574
264 290533262
267 876672596
264 508811711
264 761128793
265 34671461
264 236618778
266 802567835
267 997453465
264 610619937
264 441045823
264 542278505
264 432113755
264 367067808
264 659942408
266 536737682
264 243353857
265 495328659
264 773090725
265 710139468
267 515510793
264 597092252
266 665190250
264 693162461
265 595830347
264 220019158
266 73972497
264 404810899
264 173854251
264 820067847
264 409463571
264 133708664
265 164563440
267 454281294
264 63627783
264 135049520
267 890941357
264 942673002
266 837025413
267 679826159
264 664205663
264 62890120
266 414982774
267 948738059
266 389458487
267 621807800
267 332478514
266 799615291
265 216426195
265 514423805
264 832167348
267 544797506
265 610577687
264 547326237
264 726751846
266 347716154
264 257487597
265 841890553
264 831869412
265 438569609
264 841773773
264 115379406
264 232184144
264 789954966
264 635889632
267 777397213
266 783628683
264 811712848
266 877192241
267 242464336
265 702626165
265 693043381
266 642414932
264 35436031
264 162252435
264 352568360
266 324568642
264 490666716
264 109729012
264 921062026
266 781749939
267 251322992
264 168122745
266 92600292
264 551388955
264 271592547
265 941220397
264 51579693
264 203869816
267 823978220
267 349836392
266 76920331
266 987182895
264 257877269
264 121598720
265 214483489
266 654658849
266 126390825
266 737809241
265 699791558
267 84554627
267 756713426
264 352425810
264 326756858
266 338437324
267 699691921
265 852174395
267 34062312
267 848807775
264 823714820
264 255590111
264 728569831
264 117501795
264 550678897
264 861729279
264 237976245
267 736555053
264 823070533
267 621437818
264 562557184
264 772971767
264 776186178
264 578570347
265 245889574
264 507466895
264 951038727
264 503548632
267 572383270
265 983046376
264 53776811
264 28614126
264 909396119
266 771146030
264 739491751
264 696646066
265 674152958
264 790068046
266 523958105
267 189015508
264 316073093
264 202942107
264 237978451
264 664844163
264 753319241
266 236427759
264 769078477
264 566191172
264 669285551
267 131137098
265 108794346
267 176935323
267 655282926
265 658991106
264 853718793
267 179049227
264 359512463
264 940660821
264 235844335
264 352538863
264 815897059
264 530529606
267 353888851
264 957326609
265 521836162
267 307134192
264 271341367
265 547723791
265 123072214
267 247317525
267 723846451
264 516478938
265 40055942
266 933419884
266 635441940
264 161076939
264 833677893
264 952365032
267 826763230
264 528556366
264 380147967
265 975511033
265 420507059
264 773642952
264 149192666
266 948092438
266 202110495
267 584377886
264 111361510
264 676678610
264 717440958
267 552531346
264 40333983
264 809571127
264 173014121
266 214185607
265 701460548
264 46453488
264 570673637
265 787617325
264 336655276
266 44163586
264 946927476
264 15901797
264 397564167
264 58682909
264 405711311
265 723495633
267 55189599
266 178853194
264 207706199
267 853387972
264 357189749
264 44337400
264 434956067
267 219011413
265 180791277
267 387863010
264 338823384
267 584839778
267 876754176
265 59499235
264 276572181
264 278665464
264 117148501
264 990261828
266 703121861
267 188848558
264 125915431
264 389371032
267 286872110
267 426400980
264 359773771
264 216733238
264 375271749
266 904783328
267 293785370
264 77844410
266 174932331
265 26673286
265 14355456
264 480753176
267 420160651
264 893626381
264 377335721
264 270608134
266 15484977
264 725131427
264 42318642
267 630974395
267 853219973
264 768833349
264 52346977
266 871038530
267 887058607
264 644699782
264 924634474
266 908376704
266 495608693
264 828280785
267 404096894
265 880070364
264 856411899
266 147021765
265 328709123
264 858349739
267 398601041
264 965696472
267 973381981
267 28135937
267 52632374
264 805998922
267 634538621
266 962361159
267 559619226
264 530120265
267 598891521
264 650024782
267 856127802
264 67669368
264 381304273
266 678392824
264 176549447
264 438068931
267 941845838
264 515892637
266 625300385
264 198371038
264 594015166
264 961412355
264 852951412
264 925795774
267 137638712
267 768216230
267 266718434
264 679702012
264 606218324
264 728587094
264 790952846
267 688113309
267 876037542
264 981771991
264 972740867
264 509005967
264 900964765
264 644891281
264 432230863
266 608189732
264 579305178
264 89794586
264 525570007
264 458126992
264 111553564
265 965675633
265 931104878
264 412012075
266 291083464
264 357372900
265 89153772
264 866026155
266 640907057
264 193395703
266 120105608
264 5989644
264 744869728
264 31648423
264 106520818
264 840418599
265 859156500
264 410824413
267 902572855
266 303392544
265 769728752
264 550031188
264 587191011
266 65237994
264 723413003
264 690048920
264 863084375
264 556424500
264 728988624
264 436224046
264 188067364
267 651059413
267 224702153
264 132154129
264 852189750
265 642860653
264 335897561
266 658144789
267 358792095
267 621291485
264 646854227
264 384362954
264 733328796
265 374695558
264 647457918
264 93065268
264 810201639
265 486533574
264 114376046
264 149446766
266 806280214
264 132735159
266 154874824
267 398198660
267 894298720
264 247930004
264 563333855
264 552201740
265 106515397
265 154943692
265 12475975
264 904393826
267 983528566
264 918749123
266 822798769
264 527643026
264 61513821
264 261689348
264 491688826
267 297047339
264 710269446
265 753109710
264 977938012
265 735180667
267 138543459
264 945482286
266 639070650
264 874892551
265 602187853
266 50418369
264 499220076
266 174009302
265 856085902
265 258819462
265 132388272
264 413947947
267 556251197
267 568024028
264 993328791
264 888985438
264 839716146
264 696696072
266 900938490
267 755606466
266 814027761
267 472338096
265 890557194
264 174760539
267 87583271
266 145177566
264 16055241
265 238282122
265 414056452
264 269770201
264 350532870
267 29592854
264 27855179
266 800448986
264 629890892
266 284430939
264 348128774
267 288030425
264 704780597
264 469791208
264 65723411
264 160254991
264 395318789
267 530839671
264 227883707
264 853988943
264 123443421
264 22645992
265 79631334
264 881885065
264 126076088
266 194771675
267 411138768
267 243356758
265 887246922
264 730516026
264 91652734
265 885830965
264 817551194
266 415926362
267 770183374
267 82924816
264 702950054
267 290269944
264 649862198
264 109278349
266 350282263
264 26621879
266 620287263
264 842997068
267 50890841
264 685654789
264 281611640
264 848233205
264 545864832
267 954438484
264 984244702
264 920360698
265 739099228
265 46168205
264 828066480
264 144327723
264 817570562
265 277647198
265 68930325
264 671496562
267 387638450
264 272171698
265 965240128
265 870342791
264 543438279
264 521387197
266 147521660
265 669002944
264 174961965
266 982368548
266 125878333
265 722702247
265 828057083
266 5587924
264 742375551
264 469198376
266 176436406
264 651581445
266 847545632
265 770307007
266 384074783
264 226808572
267 945388498
266 751104338
264 495844060
264 117514509
267 938385110
264 993824165
266 413510961
266 999830850
266 211384801
266 17607919
267 533651197
267 457589631
264 897398654
264 507423912
264 297952369
264 877765710
264 694400932
264 534550137
266 505614311
264 91362638
264 160161606
267 916171861
264 121911711
265 469005450
264 773063265
267 249429637
264 302386931
264 444065553
267 218583830
264 111820300
264 484235705
267 539310398
264 875923013
264 208363658
265 486710298
267 182007235
267 180329403
264 439915632
264 806343222
264 503597456
264 825673801
267 257491047
266 517784136
267 160639874
264 252814022
264 634865848
267 982946976
264 776648901
264 12979705
266 352431042
265 941395171
264 326622108
264 800778923
264 136260289
264 927143134
264 670858051
264 814413828
266 356806511
264 841884124
264 943049945
264 787764853
264 575261763
267 703114023
264 741548760
264 210393141
264 866611756
266 375398655
264 929597910
264 769083323
264 728668089
264 304067160
264 151489006
267 97687765
264 796279567
264 185189112
265 36749666
264 884970106
264 797203197
267 88657820
264 989827171
264 751815887
264 665081838
267 202331556
264 82731751
265 618346126
264 821404492
264 979324553
266 597185582
266 350625636
264 849315033
264 701490707
264 507919617
264 540612484
265 319082851
266 591473163
264 116266469
264 705931882
265 666006272
265 73625051
264 795210005
264 306669710
267 769919981
264 882536516
266 878099529
264 83011598
266 812626207
266 192877956
264 328641831
264 143446426
265 300082469
267 195227306
264 44125836
266 504022960
264 365311130
264 375849163
264 555550380
264 213342128
265 899003991
267 761515348
266 912494938
264 242267942
266 787519052
264 733163075
266 830974918
264 793855617
266 344280229
265 176011172
264 322120286
264 590855739
264 72038008
265 864831936
267 384471103
266 235686685
267 190301342
264 374643586
264 202522992
264 294539686
267 250135098
266 38452431
264 670028905
264 461511809
266 768106220
264 655930133
266 591268186
264 340829057
264 579251210
266 265780583
264 216681071
267 942340278
266 976344593
265 931129340
264 758656031
266 333759497
264 921732157
264 487168517
264 470357683
266 676862716
266 371164397
266 94168663
267 925478267
267 361719402
267 482004678
264 650206390
267 203704138
267 687048381
264 988680069
266 309885594
264 998068102
265 448706263
264 745990898
267 584789791
266 742975698
265 755241939
267 173354383
265 358893003
264 352327160
264 219300342
264 448620779
264 502131186
266 918925527
266 591529060
267 416170386
265 730130638
264 212467720
264 745264033
267 36586523
264 642075539
264 242711931
265 474645172
264 660780591
264 675126843
264 226688310
264 122608761
267 631542583
267 204202895
266 883433411
264 564851669
266 137226674
264 210541507
265 592071712
265 789205124
265 707372156
267 628343545
264 478376018
264 618515449
264 900989274
264 409686692
264 640292784
264 798264011
266 930054924
264 256691546
264 827092883
265 994197443
264 696618808
267 703847599
266 882471863
267 752269152
267 400261801
266 873766424
264 741174559
265 505997872
264 973434770
264 486673917
266 150624571
264 725375897
265 163469580
264 829251550
264 714980985
265 52349549
265 130483369
264 162090300
264 569690276
265 274701979
267 51219035
264 526971243
266 921202229
267 355853273
264 555617522
266 626942303
265 214609432
265 92918021
266 195249852
264 978575815
266 962285299
264 997388387
264 845687316
265 249590418
266 682279826
265 128503319
264 89904075
267 368700140
264 618885306
264 117391143
264 136650253
265 185170996
264 397458363
264 835463052
264 704356684
266 313091683
264 664774660
264 762718062
265 42983608
264 841731723
264 170081550
264 437385117
264 692082485
265 729934399
265 187920067
264 412750454
265 819386095
264 84318922
265 179981231
265 421311277
267 9418841
264 949833609
266 195235746
264 76266193
265 771246453
265 59007397
267 832436515
264 805231865
264 557854934
265 126188773
264 123240657
265 548433577
265 58319343
265 165571524
267 642469481
266 598525047
265 559213600
264 191324159
267 804697276
264 806293507
266 137377832
265 763040184
267 403179602
264 730003281
267 558673187
267 440508940
265 721500342
264 651062247
265 121657907
267 588379056
265 546576582
264 415208787
264 390819821
267 594578758
266 844456332
264 558551182
264 820570392
264 555989278
264 871046797
267 983413413
265 528575902
267 661012018
266 842882769
266 722441345
266 880410606
265 907247923
264 822987120
266 131817651
267 496105985
267 465473508
264 315313410
264 75973723
264 691723834
264 100382576
265 417145267
264 985404737
266 802799840
267 152337856
264 713620898
265 321860421
264 5239800
264 811427645
265 471234656
264 187829566
265 113780864
264 74797928
265 889166898
267 40465720
264 179785685
267 356155506
264 902322363
267 660753424
264 700139007
264 848918551
264 308865547
264 171345365
264 196034869
265 24553295
264 209651817
264 291273487
264 933261806
264 956933040
264 110759180
266 360368586
265 115957568
264 485027159
267 995015926
265 988806619
264 644217260
265 508043112
266 359540711
264 569743022
266 661823515
264 797910499
267 898499675
264 964079130
264 574224543
264 843121862
264 222670291
266 208261358
264 301492701
264 503347594
267 173198311
267 712351222
266 543906527
264 628483858
264 979483023
265 947950548
266 263452147
265 262906271
267 848920993
267 87261182
264 960762570
266 770697461
265 11193985
264 32379751
267 787864348
264 693717011
267 379957060
264 91227851
266 300540267
264 112388312
265 704315611
264 449434973
267 139794188
264 989334305
265 59015570
265 702798805
265 120475963
264 900151021
264 766090434
264 466979187
264 772856891
267 251652769
264 26547315
266 895444057
264 480883508
265 78618043
267 889479841
266 384929234
266 64394286
266 938199633
266 263698497
264 886135322
264 510033625
264 275508497
264 670429238
264 149352620
265 645738632
266 506016787
264 271018667
264 534021515
265 434380690
264 425992242
267 735234964
265 490266547
264 927082821
265 133277717
264 32504308
266 178307089
264 240446216
264 445907621
265 824590015
264 49403189
265 953183594
267 347727502
266 526171526
265 863052708
266 952863213
264 262459848
264 594505613
267 438529708
264 500496996
264 174821849
264 410890268
265 982248901
264 987332058
264 27279160
264 523659526
264 541541128
264 81973684
265 910664393
265 723255418
265 489985329
264 527223856
264 742629465
264 359325905
264 693210468
265 150428325
265 375955599
264 6124750
264 721094994
264 317563821
267 678696433
265 533451753
264 35639946
264 535554973
264 308254951
267 91621528
267 294166301
264 853955075
264 738336121
265 995397623
266 341392967
264 81272017
266 422027068
264 525310332
265 233573156
264 785803557
266 119672392
266 629690314
264 415456615
264 602884281
267 136914813
266 200331593
264 186633915
264 912838806
265 524509248
267 368925521
265 260674485
266 763035585
264 487564619
267 873764544
267 508754304
267 489430240
264 547017573
265 959152100
264 303565746
267 10524392
265 695663309
264 710871996
264 334241510
264 411051675
264 888614735
266 297379445
264 475762685
264 879766629
264 310332615
267 677238654
264 187528964
264 439637137
264 259853151
267 661064327
267 74282612
264 57802984
264 944936226
267 448811761
267 938351179
267 179171290
264 176650689
264 70607786
264 517624536
264 315217717
265 2232481
265 326329974
265 753142922
267 356938519
267 145740038
264 648751081
264 13348274
264 939387299
265 452955579
265 115718567
264 655808830
266 278991961
264 632800521
264 152530076
264 216993137
264 553298751
267 551388453
264 57982158
264 743320959
267 320490042
266 346631018
265 428561059
267 366969044
264 537840227
265 836936411
264 972580073
264 595328347
1 2 3 2 2 4 5 8 7 4 1 6 11 11 15 5 15 7 10 16 10 8 22 15 19 19 16 26 14 6 26 7 3 19 27 33 30 33 32 18 37 7 18 13 23 35 1 41 25 33 43 41 52 42 3 41 57 4 32 54 37 51 6 57 15 14 47 45 21 16 28 6 21 72 59 40 9 8 22 20 70 31 34 83 26 34 61 58 29 14 70 6 30 60 34 38 50 8 95 84 83 19 30 104 29 94 5 86 83 54 13 106 80 96 45 85 90 58 50 116 50 15 47 99 6 73 85 39 44 40 93 87 125 28 58 131 35 113 22 133 21 117 46 129 27 37 64 109 20 99 9 38 98 11 51 52 1 69 38 18 139 37 133 96 4 100 123 65 111 100 69 96 23 21 73 152 175 4 131 154 160 100 115 123 121 125 151 131 6 133 81 119 126 164 103 143 108 162 197 190 9 42 20 27 78 136 30 135 47 167 96 190 188 9 132 28 177 48 200 184 130 44 53 53 39 141 185 78 191 167 222 46 45 148 92 100 187 127 23 144 91 241 237 188 111 244 221 7 149 187 52 43 123 53 7 165 176 120 68 108 247 2 199 101 168 136 14 144 117 5 230 132 147 5 218 67 64 117 169 25 107 90 161 194 241 51 208 224 212 96 77 20 270 55 71 4 35 195 248 61 184 12 160 137 198 231 140 121 108 114 234 52 212 184 87 53 312 228 300 44 98 55 269 245 149 56 45 250 73 156 121 324 262 108 230 41 55 191 298 238 184 248 325 317 237 297 187 132 256 58 122 323 302 87 166 179 156 84 262 136 253 63 345 280 206 169 240 1 335 36 92 243 91 112 375 372 314 233 361 250 364 241 113 188 253 176 54 359 320 113 197 29 79 332 168 321 16 160 316 258 149 295 301 2 87 253 308 251 52 265 170 63 224 256 132 133 181 216 288 354 182 24 221 52 123 20 121 155 101 128 372 237 367 420 153 43 357 247 244 245 339 399 255 163 424 129 289 260 42 192 257 53 225 343 64 378 208 309 369 306 216 279 282 54 227 348 256 341 395 97 169 363 457 426 42 228 307 256 24 272 344 75 328 119 120 376 326 146 192 39 142 92 162 237 96 392 337 97 242 413 97 145 57 435 349 455 110 228 78 170 222 462 126 240 208 219 402 391 448 360 419 385 497 10 158 175 244 172 478 284 21 7 139 396 314 473 20 241 448 120 100 2 330 266 37 249 283 526 140 327 466 297 168 327 520 185 116 108 65 233 258 366 304 239 1 26 117 209 266 567 266 554 484 142 27 291 365 213 387 16 229 17 319 20 213 70 43 517 583 513 89 444 354 269 285 233 433 266 567 465 51 469 576 284 80 9 594 335 6 112 357 336 275 562 103 285 132 28 180 107 280 522 129 611 161 228 199 104 530 547 269 620 613 48 272 236 390 340 639 133 180 419 71 348 641 125 555 627 465 331 594 119 129 185 516 257 622 152 265 453 640 203 258 303 192 294 652 235 437 4 333 619 499 216 389 611 197 175 301 506 71 105 439 262 536 202 140 176 645 124 83 538 24 245 11 655 156 188 645 358 425 568 202 689 673 210 304 150 457 327 40 642 365 306 396 577 6 282 495 672 119 102 411 199 365 433 333 309 686 325 273 170 124 427 299 176 631 267 652 82 80 113 668 670 331 623 208 27 518 377 414 158 577 549 277 555 14 658 567 42 690 210 435 645 183 608 157 344 106 596 269 325 325 335 508 196 401 426 338 292 46 3 183 223 490 170 374 708 37 151 119 656 698 722 193 757 338 305 270 235 451 652 409 779 776 12 381 708 535 733 296 682 333 669 782 167 335 239 785 666 465 322 783 387 102 65 65 502 42 343 760 775 36 140 346 768 586 533 257 476 753 288 727 511 409 627 801 842 655 441 518 289 203 661 758 120 352 306 566 291 13 492 531 412 739 303 518 507 354 732 528 705 197 586 537 344 367 739 414 415 100 585 780 469 230 788 349 435 604 530 797 571 107 770 765 814 412 471 73 566 713 496 9 218 408 841 811 184 758 692 165 907 174 346 422 156 768 480 857 428 900 265 159 824 465 118 499 158 91 838 119 12 217 653 612 119 791 816 410 346 825 920 878 723 602 292 53 29 82 248 21 410 670 384 661 249 93 251 10 319 773 618 478 82 234 245 322 374 166 963 411 431 914 119 492 113 621 938 674 677 608 102 198 470 563 4 22 487 520 394 979 642 513 289 225 55 174 191 612 521 862 372 163 547 525 520 81 421 97 164 754 64 736 535 171 796 58 519 529 761 400 75 961 313 854 897 574 242 236 822 248 607 877 571 6 894 296 209 52 727 229 780 948 874 544 862 867 978 29 490 705 895 739 995 654 21 112 434 5 378 496 80 973 602 643 1009 1053 372 379 915 185 473 10 815 512 662 864 73 892 581 169 175 1063 320 85 382 140 984 229 8 182 959 417 101 582 1002 327 309 300 513 657 347 652 254 980 878 134 615 397 274 135 243 813 379 794 913 176 123 622 538 523 736 633 548 654 343 828 214 534 757 634 98 765 927 527 331 1044 455 559 902 288 570 641 550 1105 452 876 312 882 1075 157 1107 69 501 280 379 35 636 978 643 413 917 595 376 794 429 422 603 352 569 340 433 574 165 606 488 594 839 777 753 261 123 237 892 1119 1166 171 1171 339 524 572 853 85 317 556 539 397 604 1075 842 277 732 868 740 143 912 284 176 843 255 909 1168 213 830 456 702 1107 312 249 89 524 403 1041 318 941 693 501 699 822 619 229 357 983 372 79 658 1213 194 1186 516 1162 817 1080 572 1242 623 230 456 1123 110 1060 329 145 511 928 382 676 239 861 1140 307 528 10 410 234 710 1 600 385 265 1183 606 295 869 163 665 52 973 400 1184 796 120 854 448 927 1039 731 370 679 193 1221 38 1288 913 1263 483 1108 1122 740 99 1090 917 814 543 767 34 873 884 1107 98 20 167 708 1032 267 669 460 146 111 620 420 399 682 1035 752 60 1074 1265 38 843 1078 981 1067 314 72 228 464 743 1244 1312 897 681 900 524 204 730 907 682 301 416 50 578 68 819 1207 577 1113 1117 512 763 1351 69 1168 104 263 762 925 112 347 97 1082 200 1257 96 28 404 441 1011 910 690 463 490 175 1369 454 455 60 126 1259 617 1202 1379 300 1233 580 1286 540 273 1238 345 704 1092 894 572 590 671 991 1170 1198 237 280 575 208 1070 926 592 742 276 95 991 1101 830 429 1244 288 595 1110 1286 678 6 497 432 894 1428 1098 979 1237 941 330 476 359 812 901 667 239 1346 296 523 407 1390 670 488 685 2 1195 1274 81 496 1300 1313 693 52 637 302 964 118 576 924 273 1292 40 199 163 454 1396 60 719 91 1153 824 268 696 161 871 1239 292 1115 1167 745 1359 1488 165 551 1175 931 442 93 321 1476 1013 1234 1441 448 533 81 246 1214 1489 357 739 1144 261 1112 858 704 798 1255 940 1475 204 217 786 874 538 591 355 1512 349 309 772 292 988 1375 80 148 1114 597 558 828 195 396 1001 347 858 829 1276 371 470 804 726 457 136 1374 617 387 794 1089 102 796 765 645 70 1356 1258 698 448 969 530 813 162 585 636 660 107 1446 1552 1246 1396 957 337 310 436 927 919 714 631 109 1155 1328 1401 1426 738 22 277 1594 590 571 1450 817 759 63 715 1 759 1158 413 1116 8 797 744 1342 944 1530 567 677 353 221 941 1462 1324 123 638 89 719 123 330 765 839 821 525 1056 141 464 24 282 165 762 364 1521 1370 728 1630 905 472 382 1068 750 12 1137 484 1518 1339 1395 369 257 1352 1444 347 1437 1460 1632 1048 631 393 1148 847 390 381 631 130 1464 41 240 946 1104 1266 136 1533 1079 530 591 1333 1402 512 935 174 468 461 944 143 1493 90 922 506 1345 270 261 457 1686 1522 1064 459 1067 1282 243 953 88 1568 570 1250 1303 1087 813 871 755 1575 89 369 1496 1106 1683 1311 746 1357 741 1056 1175 837 69 1670 314 1590 1473 1357 63 990 788 1025 1549 1531 164 690 475 705 1553 902 855 1237 555 1170 410 248 615 1099 50 1274 1312 630 21 929 809 129 820 894 1377 495 732 1592 13 218 1449 1528 1003 756 1589 194 1261 1551 157 210 640 1428 667 1693 1438 1119 228 1449 1415 1157 562 452 450 277 1253 293 1694 1775 168 66 725 954 149 909 791 166 503 989 903 1197 108 182 1200 1427 1575 4 550 1705 82 1628 826 32 192 1396 1226 441 507 28 1817 30 1695 29 1642 262 940 70 370 1243 1685 54 1086 1507 247 696 1093 263 1155 1688 1618 1567 428 766 1342 1805 850 1288 574 1581 780 1393 1466 1303 233 664 256 886 1592 402 976 1672 169 877 1550 1443 536 133 1077 906 503 98 909 1283 1079 1859 760 423 915 1374 1709 1473 1694 141 1453 1259 1716 1707 1517 784 730 1090 243 717 832 362 438 1310 1118 526 156 1394 78 1296 1635 1848 404 1425 1758 138 1465 1920 1767 271 367 1831 995 1216 621 1620 615 1673 7 451 1179 740 411 1 243 1549 712 1485 1371 342 628 1158 1832 562 1129 763 1567 685 1489 1015 319 1642 658 147 1760 1952 1530 801 234 1816 485 1529 1146 1360 1319 1528 1647 316 77 194 647 43 101 1755 1315 789 1476 1495 1338 253 1049 1110 1091 760 1980 1777 1067 1105 353 1157 965 324 296 442 1128 1680 536 502 1783 707 1016 560 1261 1622 591 501 1011 39 972 698 97 641 942 139 245 1471 210 1348 1834 1002 927 165 1408 112 1541 1276 1235 291 1706 1254 1775 142 15 1267 1519 146 1528 1769 476 326 1155 753 838 913 180 1942 255 919 1469 1401 1801 1006 845 1873 1723 810 1088 669 1488 129 1902 1376 1786 918 769 1990 1064 1168 1001 868 2067 558 618 1086 1189 1270 86 1409 897 1102 361 733 1576 1367 617 611 1217 1100 39 28 1650 1992 1294 1273 1968 254 1791 1278 644 1713 1696 1468 1306 139 333 1244 1414 1863 1202 790 329 1216 790 1799 1638 1074 1571 97 710 2093 279 1463 2039 1904 238 2005 1267 1276 1330 942 626 425 898 643 139 305 1799 152 755 1206 1174 762 679 1033 376 1282 1075 1674 1838 1963 1105 1517 111 1998 920 1581 785 122 887 1151 515 437 1072 188 946 1074 667 1825 1080 263 795 473 214 319 1336 1542 1854 1721 1435 32 1295 831 878 44 2118 1748 1730 2165 536 1049 121 982 1837 1450 1741 1746 789 621 2014 1532 924 1026 2139 1288 2115 1455 1440 282 1761 531 75 1544 1820 248 1487 691 1986 1760 1341 635 1635 1834 1883 2065 882 702 269 2015 1583 737 584 938 655 1717 412 1103 1681 229 1536 573 2192 1391 738 1691 774 1685 243 300 1924 1939 1412 375 477 130 360 116 1739 2128 172 1514 1707 1751 2126 1821 844 1396 1770 151 2270 502 53 926 1859 1147 1660 1251 1013 1005 534 135 1573 205 409 1940 685 1820 1298 1381 1679 2137 1288 694 845 295 1512 1696 1116 677 1097 2093 2284 1861 156 1548 1692 1256 815 2120 1171 1344 145 414 1210 1559 1410 1641 947 1887 1683 1594 1998 793 488 21 759 1613 503 1745 1756 1562 1449 442 596 1200 2033 1202 1583 1700 169 938 841 898 486 1159 1276 57 1059 1928 432 1215 532 2008 2167 878 1268 5 1293 1738 862 622 2293 2167 2173 1160 778 745 772 305 1457 1662 366 1075 124 1501 1013 762 1193 1552 55 388 1516 548 916 556 993 1486 2076 1511 124 65 132 1517 76 1219 2117 2142 1095 334 177 1003 35 150 2201 615 77 1823 611 1462 892 1569 2393 834 82 2350 1673 1523 1331 351 438 295 1681 1487 2223 1986 485 706 88 1082 768 1930 2110 857 1776 1611 1086 244 340 1794 2383 1389 1273 404 543 12 289 1571 1994 2079 140 2046 510 1208 120 1080 2128 2156 2013 564 1976 1314 766 2137 284 92 2062 2435 2355 1415 865 1201 1824 186 1173 842 1776 1662 1031 2469 76 505 169 71 251 54 465 1955 161 1708 2244 1073 62 1128 1537 1367 1486 527 1289 679 858 1277 2029 607 1333 1075 2218 244 1154 627 1053 105 2036 2334 2151 1575 1636 1778 407 1323 2109 1248 1685 482 89 503 2350 156 1432 1290 679 1579 1181 1208 2065 1676 2533 2358 2246 453 373 142 608 1305 951 435 938 2409 2540 1901 411 2520 1469 2045 1783 2415 498 37 1011 74 538 986 1896 251 987 1473 1268 386 377 2342 1915 1497 1609 2245 353 1042 187 455 854 1526 1495 2455 934 1199 2037 155 1316 915 632 51 544 1361 985 1696 2287 1383 722 1504 658 2082 1762 1516 1550 2 2492 820 921 1975 2040 717 1914 2226 1445 1386 1856 689 497 1242 23 458 865 261 1768 1581 428 1807 261 1954 41 12 2583 2161 2030 319 2354 1474 1372 1395 908 2579 1291 1063 620 2460 1117 2302 1846 2366 1076 1863 999 122 2640 1980 2530 2250 2298 1352 387 1517 94 1780 1464 1957 722 1086 2163 2011 2613 1725 2205 1285 1284 739 315 1893 1757 296 1017 2435 356 970 1641 669 2145 678 713 1126 2171 1839 506 1308 2053 2037 1896 2020 1198 2381 216 1652 1476 2452 2102 1966 158 214 1161 632 2109 1523 1999 2198 1708 1626 982 2715 2492 1964 63 1983 613 1715 2385 2549 95 1963 2433 2346 673 623 43 1462 722 1571 2142 1357 1004 529 915 666 2373 1755 210 2315 2004 1556 1106 2742 757 1145 2128 2121 1135 1845 1309 791 2433 1274 2069 2123 130 2574 450 899 910 1672 1293 2659 459 654 2152 2145 1202 485 477 404 1797 1229 435 2708 1121 2339 152 1606 2005 909 1497 2740 858 65 1171 1893 23 649 995 2296 247 1316 105 1225 1755 2006 866 1206 2534 991 186 1828 2385 2146 1299 2324 1051 1673 102 2094 939 634 910 2643 2190 1658 804 1523 2729 296 1474 1966 1349 2292 1583 1330 565 2659 2679 425 2535 2386 2779 1495 549 1897 1648 1985 2605 1278 1582 1267 2487 271 1332 2829 1899 2019 1666 345 465 1126 734 2793 1634 1952 366 2721 2346 744 222 2103 1993 2855 1378 1713 1903 2596 1948 1093 288 2741 566 905 1790 2710 529 1038 1090 1362 582 162 607 172 1403 2776 805 228 1696 1190 1179 12 687 2570 2063 2063 509 2885 1091 29 802 965 2060 1617 1827 1169 1737 1885 64 2213 159 1655 1386 520 1885 2862 2867 215 424 418 1510 2061 2482 2284 22 474 1085 2506 2088 2877 453 313 2537 122 914 2894 2575 696 13 502 1011 2317 882 1270 82 121 2490 2394 1809 1247 120 2179 1866 1865 2745 872 2340 2662 1615 272 1681 1554 1168 1034 2837 617 2441 2342 1543 184 206 2965 2604 558 990 1847 1973 605 1340 1347 1963 1806 330 1279 2537 1716 2633 2363 789 1724 336 1714 2468 934 953 202 189 12 1822 143 22 2730 64 607 1730 144 1341 2575 1898 2064 2644 1982 386 91 1227 1450 1672 1956 1652 635 303 255 103 9 2538 966 732 1571 749 2143 139 2101 87 1055 1890 425 2116 1160 1634 1420 599 1582 1124 2818 2300 792 576 1645 1631 379 1152 2297 127 2283 903 1748 1695 2570 1458 2410 1768 319 1766 1565 2285 1223 846 3003 325 462 179 72 35 2183 2380 1892 566 1673 1438 849 2812 794 1990 2952 1091 2563 1914 1724 1329 2465 2390 2984 5 1949 1839 67 1332 914 603 2789 1069 1516 449 1437 1306 1053 299 1640 708 960 938 2393 630 2166 2263 2860 625 473 1427 1495 2402 638 2917 652 1762 1467 917 2112 1982 2269 1402 2463 679 2209 329 719 979 211 2712 2979 2531 2988 368 1849 138 2101 1434 2848 3036 378 570 1818 449 2160 2891 1716 2092 1183 2626 451 2550 1596 2863 2609 1550 2139 2184 1226 1936 2301 229 1104 1987 734 1692 376 531 552 2049 44 1826 2171 153 470 755 2607 1921 643 6 1691 116 2344 982 532 2614 1038 2517 2958 1389 1366 3026 3011 387 1611 218 1855 535 2612 2313 566 2338 2465 1657 1283 1877 1119 867 525 3199 1401 741 2011 656 408 260 419 2545 2129 2423 2590 922 1177 2045 739 2814 2543 2496 3211 3116 2248 512 718 302 3127 2773 823 141 2050 1411 1516 2549 1259 254 3111 907 2899 3041 1697 1182 2569 554 1336 813 875 2268 2284 2263 538 520 447 420 1292 1712 411 702 2809 2913 223 2604 714 2955 2478 275 2006 451 2728 2259 2304 1227 2856 1410 2034 1421 2434 1732 1963 734 1057 2350 674 1437 368 3031 2218 1884 1621 2030 2739 2654 2333 57 1985 996 2663 352 1878 1117 400 107 1480 1034 224 991 868 3060 2417 863 1785 1123 1702 1349 1955 637 2510 2817 377 2029 2179 1331 3315 215 2089 3311 509 1895 3133 1195 455 471 1192 3039 526 3117 1318 2775 2367 1214 3144 2188 490 2578 783 3329 2028 2068 640 87 871 2693 2067 2443 1118 893 2622 1327 952 1277 3188 903 960 1958 2710 3112 838 3046 25 2069 1462 1619 1397 2337 371 3316 711 549 97 2462 1458 1892 1154 3173 1556 3097 1697 2427 1413 915 660 902 1241 1290 786 3368 805 1708 771 3225 2136 2023 369 3290 1122 1607 245 459 927 2195 14 58 2410 784 1559 73 2798 655 2143 2010 909 3029 1620 1606 2341 2101 3236 3312 793 2957 2596 696 1048 3108 593 326 2622 2255 1701 2103 3136 976 280 1140 57 1181 1732 3085 263 3325 469 2244 503 3303 1974 3155 3290 723 264 2415 2939 3244 3219 1737 3183 267 2177 2414 1285 1565 1658 470 1690 363 707 1904 1561 1414 2869 582 2152 2052 1209 629 881 2645 2288 2702 1003 1593 2705 630 936 604 1935 2659 1282 360 2610 775 2009 1379 931 1553 1808 1521 573 192 525 2194 3263 3319 555 2801 1519 2935 3523 71 810 1950 3179 3072 3428 801 2208 365 3469 2918 2972 81 3549 281 1698 1762 744 3471 550 2076 1096 2332 417 1480 1086 3038 2605 101 1250 1480 2191 934 2909 2993 3532 960 2151 133 1525 1742 2924 2330 3279 1427 2555 1571 2579
