4464 2240 0
1 678784781
3 683523001
552 234814753
4 545024069
1981 606223186
3 558355437
4 451528104
3 968947259
3 456807302
701 406847067
436 113163349
470 727222301
1213 54978266
4 68751977
4 906647212
2 466221978
4 206742706
3 703755508
946 187462150
1 393609610
4 660055127
3 164906761
3 701830965
1 910935215
1 719614562
141 123488199
1 651581075
3 795503750
1752 190592176
558 280785478
1 293409839
388 346605733
1 208095780
362 29617024
4 962936834
1 611951479
3 623036167
527 156651719
1131 227544405
4 881325183
3 845886183
4 280643109
3 176394329
1598 929146013
250 478659708
3 263433803
1 717546776
3 75076584
2110 150729458
3 231329014
997 708022544
3 159947383
2 398304240
4 534364720
1232 482876031
3 593982405
37 919527769
608 709802905
4 889008232
103 16384125
794 55104360
1 756685606
4 839331002
1 786902585
1 876763299
677 780669363
904 113053948
4 773633355
2 208846196
1202 551339338
1814 216152508
359 492039584
1 668883214
1 782604305
2 385668332
1683 320618989
3 41040429
3 996855356
4 677046700
2 614525758
3 680808427
326 830654876
780 473486553
1856 395930235
1 697453877
1 25289311
4 759370491
3 771890109
3 379264304
2 767713477
969 866426547
831 703754331
1 132652967
4 7030115
2049 149264296
1 821110850
2 568842202
541 243071187
500 328181768
1867 34149626
2 447681349
1259 315207013
123 242699097
2 976517427
1 646753486
1 303494140
702 485886332
1 171317037
3 725190996
4 563967981
1 75849370
2208 994548845
3 355677340
393 90472961
223 796960612
82 713107764
1155 847412774
3 963627736
2125 483498961
1 974027051
3 709003628
1703 137218060
3 914339351
4 381126881
771 125535133
3 913860091
1420 175716459
3 49986258
2 175614423
1 87700075
1 462010209
4 886519600
276 59341712
4 463929086
1897 781153246
2 741886210
3 263686594
2 846572451
3 871814953
2 181729353
1971 130618520
3 26803818
1430 334013297
3 133078569
1269 539298204
497 868014754
2 790056360
3 355279260
1 202386802
4 960053620
1844 958108470
2 736781409
1198 884698310
3 428936627
1477 106785580
4 47119290
4 605722582
2 859188328
387 290221336
831 940525222
2 804839815
1834 492413727
1497 536364228
843 10125588
1 981391864
1 195826154
1552 322251097
364 509855811
2 785436243
179 350366899
2 255290112
2 56883875
1 330735156
1707 534218032
4 985186956
4 446807219
1 315233160
3 452839741
1 508626781
1491 6413947
1023 341071411
4 742306485
1 790295048
2 313188231
4 830003246
2095 348807152
1681 721323832
1 867560184
2 881424127
4 818046348
2 79116336
4 717645601
2 614143679
1186 296080270
4 389315460
3 107483620
962 441758640
4 840355354
1 145769418
4 658079901
3 373183269
2 627765965
2 619108444
1 559234371
4 424273516
1972 675432715
3 368587471
1127 378466062
4 119705041
936 697635639
1970 101404177
4 446217510
1 434068274
2 827659182
1578 8015073
1763 163252537
708 881930755
218 51921034
1508 515080076
1905 805186197
2 22647059
1145 52550155
4 979523350
4 406865610
880 456530210
4 485428999
4 109721060
1005 503162053
2 351229627
1213 65476932
1 369344326
3 898572442
4 594945417
3 842897283
1 127439875
1 873019350
1692 641045220
3 806898573
4 661680844
3 286968262
4 986398161
738 883165035
2087 442450821
1712 300082265
69 72614090
1246 926501897
4 391756942
632 901151705
3 473776080
1164 369790226
1 478763119
1092 940099996
3 576779131
4 127104455
4 351102536
422 4364147
2111 543181086
2 462825728
4 107988043
4 967732473
1 519953822
1710 309847346
4 891702536
4 274873039
435 405902037
1180 670046896
1052 124303204
2 705362816
4 206155166
4 310832552
2 452346139
2 513561317
3 273644371
3 824248640
4 925489616
2 963236538
1041 480667140
1319 687653516
2027 429731989
1981 363868730
1055 994471161
1668 299236903
788 170504422
3 506131138
4 694411609
2226 891254021
3 544350736
434 799964879
4 572460216
4 79875848
1970 606569256
1699 823459962
1577 791838241
2 759799801
4 478647297
4 737128200
3 466095253
512 676036991
2 972571241
4 699122440
1 279409802
4 702142255
4 470322359
2 333156406
158 973065097
1 486185247
429 71363842
1 884547628
974 101817189
1 127674599
4 858118834
4 695007829
4 654462064
2 940609545
4 618216328
4 800748425
2098 224638860
1013 71647805
952 291643876
3 330393519
3 765632974
3 535043674
4 386891271
4 838587865
971 386619940
3 788355078
4 33904806
2 989029645
2 780165127
1014 371048878
4 313041127
1708 587839405
2 269687763
3 722148731
1586 321428384
1 990352963
4 986474425
2 86447702
3 839240614
589 554851592
4 392125565
378 655267528
1660 150302583
2 942680233
1601 397741435
1785 679494116
1515 819628871
1 280332252
1005 782337074
1216 448465568
583 501636052
4 127638617
734 777410692
2 846696206
1484 832768309
4 479404190
2 62431560
1 136930577
992 684105386
2 791652321
2 898188834
458 257299968
2 911947300
4 637882936
1 402166867
2 763735615
3 697277365
4 251870563
2106 695125306
3 716546420
1247 758412166
1 770210543
4 485991939
844 773263967
1946 2131566
172 872623587
4 627791659
1 502510644
4 422355314
2 115484533
1 572889495
1 102988334
4 101707533
2 406437380
417 38863984
4 807052465
950 947575627
1371 681507891
2189 495780114
4 905816164
1161 120567294
1 830802538
1 438878876
3 658723219
1 68853396
4 516278012
1101 454297300
3 353754724
2 645288480
4 561935155
1 505816386
2 723400535
4 992838029
2199 20449680
1 730663801
2091 667252834
1811 587273381
4 297539439
4 782072077
2 999824130
2 628141567
892 845831018
1 110832971
3 402119163
2 316430963
4 340968877
513 20655465
1 100879850
1 138236010
1 57868906
4 974904322
1 574954566
1 988892916
4 363629542
1 397951613
1938 435692258
4 34088470
3 356825756
2 913968886
4 784232660
2 309078500
3 245298565
1895 291722840
2 182711910
3 378393829
2 306343266
1 460910704
3 593726713
4 656635342
4 409606056
4 377767553
1997 895807391
2074 78215436
4 981976244
1670 465659787
729 509164351
3 98296259
4 867536207
4 878480895
1 799811781
4 986194691
4 127970990
4 803576289
4 437964647
3 230697134
1 237112646
3 895277543
1 754817464
3 213061470
4 768203897
3 219197432
2127 748789091
1794 629558440
4 688599922
921 740897610
4 694733789
1883 21878048
4 395773636
4 530428409
4 83045962
340 33559012
1 350269418
2 397891762
764 482753636
4 917275691
3 261560079
4 943993000
2 567993444
3 819535097
2 739528292
4 250208696
2 474533117
1 771746009
4 68855826
1 5477357
1 312700054
2 690335729
2 264843174
3 390296240
2 955764818
2 595606151
1 889293917
4 966033102
3 30855806
831 182759642
1850 224924191
1965 611860637
491 296742401
1 937762748
4 696609281
3 352746279
2 233375919
3 795882273
4 604587306
4 22965078
1 361279924
4 863506742
161 798866568
646 606902844
4 87847339
734 573522297
2 7562612
1350 568073658
3 994897333
3 848667111
4 460630463
1 780204250
1366 259308027
495 588122953
3 312400228
1697 448680042
4 140447583
2 600149262
4 284586356
4 703782858
3 227037720
2091 859866773
184 707870337
1 27894528
4 721429139
4 209919486
3 896887232
2 633893262
1 494043297
45 70280048
3 983878706
1680 293238484
1 86894696
1491 274209071
1 899948432
2 72441577
1468 433090758
4 278261187
1 694482928
255 162216666
4 910779544
2 489766094
107 364600168
3 871031923
1 708287614
1767 57203670
2 860343577
4 199130674
1658 186203452
2 874671896
1 778965480
1578 546094299
232 668322059
2 568876373
2 371550611
1 361166830
3 366852343
3 507284737
4 154958465
1294 173855797
2220 792954675
1 975191935
1698 541323081
2 534216021
4 809253757
486 188689974
1859 706077333
722 283089441
4 589953541
1486 616308651
1 922744395
1 87794495
3 217822762
3 123032163
1 921779367
1 524770237
339 368674097
2 510953943
3 929817154
2 544169738
1901 963433034
1941 521811807
1136 174297099
75 789679744
1538 30253033
4 340482143
1071 292866491
1 117335986
1 271924493
611 116514561
4 652179828
96 995599822
1 26825758
3 744507370
4 376185405
568 531195696
3 635891294
2 88011107
1 485568926
350 749384742
583 442339630
3 741378451
4 821067142
1 307862125
3 959191504
2001 387132682
361 179694494
3 38213785
2200 618112534
1 988465121
4 127793204
129 306040769
4 155557953
2 704344442
368 240955550
3 186577875
551 283735456
1 929155317
2 885084343
74 423083049
4 367616618
4 764726859
43 579643680
3 776499275
2 587185260
1 707478266
1551 814957694
4 494446534
1 70292228
782 90059443
1 19733849
4 730182806
251 826224359
2 147315178
1320 106830739
3 952568145
1 373949652
783 914388595
1493 144571063
2 763271057
2 602398617
1 367723045
1 443065014
2 215366640
3 606088611
3 777973972
2 775447663
1 806400058
3 776778876
935 10790523
1 129469854
1067 147305550
2 321096885
2 557951418
1670 445610900
2 962054994
222 344800042
3 467979432
1 476925289
326 903762336
1822 809943909
4 579411245
2 363365705
1823 595904702
2 55347756
2 762087361
1 980490286
1 893131136
4 628139972
3 579871902
311 145660405
3 660022058
2 494570891
919 712608411
445 839313368
3 721535391
4 74433644
3 128422637
3 643056206
2 363904677
580 566097962
4 893331015
3 313731500
802 757683235
3 906789272
1 141652475
1 618410455
1 758001834
1 689865602
125 217529663
1 621675824
4 865072304
523 82325158
3 467642046
3 462052506
4 771275163
4 868767147
2 674980535
4 988042080
1700 518106761
1 262607549
4 513143348
3 697889860
2102 448484985
1076 295358514
3 910329155
3 472718065
3 864456288
3 573740783
4 774011564
1183 860436429
2 442647279
1 778133877
3 385955442
2 621239551
336 111489509
1379 642509568
3 923042741
807 436657236
3 3389955
910 808489383
1731 756978486
977 865745182
184 835659584
1 814084047
1 746337728
4 391456461
2055 651552814
1 120879579
2 619075713
1 389193562
2 466414129
1 583254707
184 915916181
3 148708734
3 104692820
1 618550691
678 773228880
2 532343335
812 954800356
1096 236423677
2 375131759
202 411804723
667 673586648
1357 679930340
1915 334589783
3 29033455
2 670601689
2 553019963
2 999635547
2 499231222
939 230029440
1 904092456
287 943082030
3 813442320
3 446300119
3 691815324
1403 496226379
407 157097199
238 691423958
1 36365033
1274 735516751
2099 21435190
430 347574225
1539 530188066
1208 639837188
1668 27791525
1 468509913
3 359710196
854 255146211
708 724740183
329 766279176
795 141497186
1124 219637845
595 329718922
2 738834038
1611 825463320
3 758939463
3 528140955
2 326258280
3 827766141
4 992670289
4 67173173
3 313994260
2 712259056
4 416509257
4 366359137
2 312959628
1595 576506817
4 452934564
3 681642037
3 916882909
3 443741644
1 287809275
4 95981131
2 543418566
1 492718934
3 311538568
232 809966601
2176 890318041
4 931323063
4 188180790
3 454513029
3 520845794
3 458723221
4 352898886
1 577517727
2232 78604612
3 150536980
1 248285627
4 884080682
2181 439154652
1670 260449280
326 908748746
404 642153458
408 803065859
3 90193524
2 591800978
560 105848372
1288 492338
1 454692615
4 183955439
3 286244034
4 47185846
2 289455680
2 698399275
3 381246650
4 217487411
3 532291645
2 593018064
1200 418610561
4 520334181
3 882684248
72 995261823
4 203871351
1 446445529
1 60606907
4 961862327
2 874985034
247 462447715
1 212439479
2 327442949
4 353239722
4 518793637
1513 634665437
3 435083444
4 767158432
3 679835561
1910 747617944
4 138034302
2 757433091
4 989825831
472 749493190
980 235488253
425 831314347
4 419656791
1 392598984
3 387873001
2 950537990
1276 765885825
2106 425018755
4 30249983
2 350443933
1 361008324
3 605193360
2 894411545
4 587531994
1 982768416
833 638549502
3 432245697
1411 487592731
1491 634835340
3 366930531
2005 946733744
4 106633683
649 453608866
3 675404429
1060 38176827
1781 587496465
1 88311290
3 306772820
2 499813898
4 90986419
3 270581955
1154 928030833
19 802656241
345 863478158
2 806014483
4 594901552
3 81864031
3 196444073
2 856784182
4 131335880
801 715755004
626 210298171
1 493565186
3 748711027
1 798071123
2 868247407
1033 125496565
1601 823912499
1 486615358
3 395487545
3 794778853
3 203478392
846 723827105
2182 248627538
1 135571853
2 305389405
4 433471931
1 618592780
144 135355836
2 201155940
1709 939148170
3 167161051
1025 661046910
3 29589329
2 523714110
2 991582716
1333 729970575
1066 403111554
1984 532935781
2 10850779
3 375348658
1 927799421
1 29408713
3 964529981
1 679228074
2082 539725402
1559 654473327
1 297131839
3 459159768
4 336506296
1859 859069571
4 540724311
3 847218046
1 102018035
1 798283527
1 106852676
4 69803500
2 946071131
2 37229416
1 790808523
570 907769000
1 291116321
1114 779866689
1236 819615569
4 634508264
2 404930295
3 213171383
2 492951874
1979 238682524
4 393129829
3 699676987
1 57612800
2 476096564
2 576050587
2 369379817
4 316876252
1748 932054627
1 328813760
98 663170176
1806 413121404
3 105364972
817 151882736
1 555334318
1620 271043546
4 293592288
4 234052942
1109 446274519
783 413729008
1650 148083464
2 942490235
568 410468863
1 61048467
1 732706887
3 816951036
3 440191762
4 298387091
1 906282679
1 769105577
553 256129924
4 315824681
3 305828810
848 967635175
1 228614488
615 903116178
4 227687479
1 219047069
4 73637871
2 93832155
1 322213312
1 792588240
4 906848638
3 613860169
3 502105313
1 340523852
346 251982990
1362 474910156
4 990596579
3 625402394
4 726132788
3 911891440
1273 519949479
1 7178916
4 696566786
1 947761507
1111 921979832
2224 304710013
2 740599353
267 913510284
233 361197315
3 715778399
3 894081548
1266 21339106
1 989287747
2 915935638
51 822661204
2 754635568
62 616095153
1671 23785748
4 967171104
4 83680381
451 244184774
2 941579
2 718734104
559 530719967
3 569431153
2099 344214884
3 627090752
1417 665798460
3 136883329
1 130140753
2 432946990
1 561679152
2 184308712
3 78846866
2 896493101
4 428288072
1 51780180
4 392856048
4 977770596
2099 593642522
2239 317396977
2199 126061480
3 893686933
1611 902059167
4 814881395
1 457644867
2163 272998861
936 16355290
848 363916255
4 146035177
897 271350059
2 990362212
1 421916433
503 418914080
3 853354520
2 316028416
1849 639152545
2 656222858
847 494706572
1191 921789822
4 59170682
1 915883324
1291 900875332
2 676418326
4 664284537
1 286637295
95 9705977
1409 692149268
810 304951517
3 21745308
1594 732923841
3 225609195
3 399557856
2228 791252772
3 833512521
1 832015451
839 326437752
621 103478178
345 829913995
1411 775916329
2 437213519
1510 461819916
1 318281250
382 926314120
1481 45911915
1 756934350
657 70306508
1 7876410
4 870376211
2 868552387
3 362771616
1 791453702
1 533760440
2 247505501
2 807142076
4 881888947
2 666585466
4 657224227
4 808431319
2012 272014232
1448 294238601
1812 19023320
1568 396648897
1 372262507
1526 938604986
4 694703069
4 78847710
1070 884236686
4 974786441
1330 782142149
752 729500341
1 899045860
2207 923008949
3 8004391
3 558494866
4 472388786
2130 542317752
1288 761131916
1 116067366
1593 156178715
3 502806472
3 804855219
4 591309186
4 36884780
2 971831589
3 218314411
4 917701066
4 561055984
3 463790503
1173 390741379
198 440324106
1438 378866727
2 914378108
4 493118059
1209 924172115
3 514924340
3 630284938
2023 167574481
1028 317493497
1 355448765
4 949105555
2 751110238
2 231259072
2 117085399
4 490584584
3 332495742
2 564877390
2 564658101
3 588768744
28 36634929
3 296217444
2090 677107753
2 378071561
6 578806119
2 919161051
4 169824441
1 791330930
2 706577163
166 663708033
2 809870539
4 464193696
4 723909122
710 824227254
3 217579761
1 912304202
101 978406667
2 582326303
994 45410044
2 92483308
908 29092799
2 416955577
1 702354568
2 114768040
1877 638650980
3 42909541
1 483849087
1 20456021
530 80695635
781 152524711
4 508449235
2 594772779
3 889744541
1069 686961
1 841157173
2 635197671
4 951404375
3 6956047
2 453066864
1369 720271625
2 206470985
448 933303474
3 136790725
2 306561736
2 431535618
2 796149254
3 565204121
3 86959562
1 433373686
3 128053062
3 164359246
1 427712133
2 750927983
3 474849987
1 885194951
2 621410480
1 252910660
1 670098331
1 778165765
4 398747622
2195 932337383
2 492997617
472 121241045
1736 155906796
3 992437481
212 387780879
1 431961034
1956 224278319
3 831369329
1 177234611
4 253939379
102 385555995
2 271108184
3 819613198
2 288617359
1 621658691
2 103468452
294 666718544
388 240014906
2 711458135
1663 91077643
4 280157885
87 640092099
3 92409059
1732 410564981
645 758747187
2 859167286
3 47940114
2 936295380
965 296186780
3 744078831
549 798702424
4 903459041
2 958749151
487 331818641
3 808474887
4 986200550
4 774883256
1 825149970
3 499413325
3 359339163
2 264937944
2 387083003
3 643049203
1830 33949986
2 428307409
399 791240921
1940 53434456
3 447718888
1301 769617810
363 446387135
1 649855333
1 256963543
654 518438489
4 343519102
2186 964531193
2 937312916
1235 807609139
2157 356329450
1 35148021
4 810342399
3 434833681
421 172171159
4 860650598
3 91560503
4 763891104
1 758170144
3 689246098
2 331544519
1 887406435
731 258833770
1662 188802513
1 886527015
2182 44320509
347 31779679
2 456512572
2 934972754
338 761297230
1 786127019
2175 464193292
3 673062746
1212 873892897
2 259121479
3 972595931
3 71052353
799 622632868
4 905127246
1234 264349071
3 607712658
1 658998080
4 435423640
3 742643521
4 173000473
4 550226591
468 475311597
4 625124756
2 904205891
584 531302358
1714 601802755
4 255482057
2 392534907
2 904695231
958 850950763
966 95381447
2 222003103
1 991164494
4 502117657
2 411176915
3 2476871
4 509027012
3 304675278
2 199741916
4 836349743
1 144506341
4 938837691
1 957923140
1334 52216780
1 211609744
3 503653284
4 399689826
3 331199230
4 820033723
4 129668090
4 118698168
3 481450525
4 884413128
1 571225137
3 549796544
2 404427311
1 638848734
2 974869396
1302 92083484
4 126169306
1068 453726733
4 132856109
661 952636425
1184 533633566
3 855761899
2 578766040
1 821450497
2005 425063824
4 294181367
4 452386481
4 31462553
687 360448525
3 105209564
1843 663903148
4 372129530
1173 747706141
2 361999952
4 13589635
1 29405979
2 453319051
1 497058028
2 207720263
4 304118507
3 584247006
1864 994693586
2 910745335
1 503160536
2 72214621
1 102140851
4 175494952
2 253426282
2 686739790
2 496668507
4 556965345
477 380956361
1 523408289
3 204448260
562 348942907
1280 833185747
2 931172181
1501 559895074
3 19178385
2 181526937
125 93764373
3 421248875
3 987198324
1 575338890
3 902461631
2 389370258
961 421886538
1 876558946
557 131205460
3 599434739
4 90734017
2 954956617
1 755466235
4 393797093
2 742249397
1 812467275
2 139642609
2195 2309492
342 128094995
179 473262315
4 360365053
4 447843298
3 5077648
1 375069882
4 897134049
4 876068082
2 965826000
1948 268339033
1561 706984437
3 125893721
3 484464374
4 884628511
1 915059742
4 843476042
2 499626780
1064 933294680
1 557858531
3 907237421
1 415211342
1 873149441
4 96801363
2 79144500
1 306151147
4 449251082
2 965007200
4 26956844
1455 559228872
894 682945531
3 768850467
2 839210202
4 805944135
2 946021771
1 456652930
4 64417440
1 242086603
3 617348496
2 441855764
2004 577084191
1 332091934
3 551996249
1289 194955636
2 745838758
2239 459074572
2133 421477231
1 569921136
3 945126074
4 624433390
3 353588322
953 325301512
2 11229317
1974 990453872
88 281928787
4 685647677
3 951704148
1884 845137540
383 523990771
1 593673096
3 377549188
4 543206581
1 938097717
1 697671747
1 211387404
1 115785629
4 258979675
2 523725589
4 934235297
1488 570111762
4 54857841
3 452724944
2 816383551
213 847270544
2 384966829
4 957814850
1 186168939
2060 151609825
553 593805226
955 556299447
4 123040929
2 971812279
2 459840751
4 405018318
712 438451400
1871 737650849
1 221458094
1201 659695451
591 945860799
4 127591100
995 563812952
2158 494958984
3 197392110
1 817610176
4 932818217
4 839348935
1880 288416611
2030 470472761
1 687295244
2 91996808
1801 986555115
954 66932470
276 391238326
65 104846719
2 327984874
1 170822097
1556 912692666
277 75569864
1347 529061380
2117 382801849
1537 868567290
1060 162499341
1455 348106409
3 952165329
1 224772638
124 760758868
812 718374755
2147 759212350
2065 727619791
296 719271097
1066 17679701
2149 425891167
3 899527563
2 700451771
3 479755332
1173 905670904
912 942068939
1027 673497183
1 140443470
1981 866105758
2 712467473
4 763575877
2 488540048
155 140611779
1634 259087095
551 421243067
1 600142652
1 679919556
2 236888583
3 627153755
2 54771515
3 74102932
3 486366437
1313 139410114
2 724185400
1 735851846
3 555724462
933 433386913
1 923677182
1775 660164909
4 372933189
613 537038251
4 573067444
1678 733618669
4 399948811
1 999532887
2 436553099
4 886149927
647 255479630
3 454094124
1276 392238568
4 880120427
1 654026991
1 323348675
1051 969285393
3 639226406
817 523512164
1796 232111893
1115 530538974
4 883632585
1023 765563248
731 833211120
1 412709000
1 958872876
3 884861513
1 979881594
4 684061308
584 862518632
1 972601162
2 63454172
2098 260109112
4 450116720
4 713761520
2 850375569
1421 741373164
1724 589894654
2 978933273
1 312678306
3 307450870
4 130457819
4 605165379
3 292861320
3 998600838
4 452153984
4 515927014
1437 640745959
3 631768055
645 941919628
332 13500406
2225 438032941
1019 696335525
1261 373121494
1694 311225348
1435 329042034
1380 63002648
1 239942192
420 628559352
1 976545588
4 798601487
1888 784849895
4 515278509
1063 861360919
137 894487748
1660 566612077
1979 33297472
3 213562889
3 86921158
3 460554457
2 18445790
433 202339948
3 348538730
1685 216479489
2 172431870
2 238482813
3 356365410
1081 876284811
1 107845166
1282 458495898
3 809209570
1 550428079
1 520870879
1311 135911393
4 67015386
2150 994726329
2 296206910
1211 733077321
1 547433812
1139 584510296
403 247942196
1 802269205
1551 502775371
906 781634352
647 822615999
3 516866942
356 843891850
4 752399513
4 460309867
98 33121280
2 604411974
4 452596415
3 56489555
1053 648763342
4 879054777
1 132345455
1359 863818948
3 274586182
2 806942892
2 662840794
2 490796393
197 958910218
3 123025746
3 89020583
765 750519106
2 984131299
1652 171988954
4 650411983
3 585480233
1019 983265183
1 49811499
3 471253195
1448 318090844
2 825732615
2222 354798013
2064 368117334
2 313376601
1 633740321
852 241179572
1120 530731950
1 79550701
4 403530459
2 248733535
3 546077492
2 553397812
3 995592941
406 398277986
4 205252269
338 929060863
1 94528180
4 904107633
1 556473135
1 901029223
1 499273733
1 457926611
1808 999329709
869 469630901
1 804335703
1404 965989927
3 516702469
1 218642789
1 986183281
221 151707812
553 605381846
178 270025163
1 13267430
1 132546648
1671 872535490
921 996222624
2 868397545
346 811598685
2 570902167
2 584986248
1685 11425952
2 500955216
1 946105663
1 746724518
4 551624149
4 371792036
4 718899167
4 483699128
3 530354331
1219 444819100
404 743106539
3 839621588
1 756356823
1 940420046
1 602760951
4 271613130
3 330712509
4 224873805
1351 511643580
75 2823945
174 808761211
2 384081370
4 73648029
3 937522104
4 98404976
2 162855309
1782 775538112
1 140444782
4 279742854
1955 598199501
2 638603383
3 467734633
2 70154996
4 999712211
4 129479386
1 601479198
2 114454760
658 850088903
1227 288059796
3 668162644
4 162497756
3 344032860
2 706712987
2 102254846
2 587817366
1697 395800674
3 377632431
1 492526174
830 909611701
1 757313862
1 30676135
1 107960087
2191 978115994
1223 948854893
3 899794079
3 74697002
2 947105709
20 318951609
1 529647650
4 940912926
1647 317942354
4 168122867
4 6108853
1554 157801611
1 9202752
203 22256335
1979 78822131
2 702038061
4 363709793
3 696904399
1 642372159
1 733292847
3 223576777
4 975536512
2 611868266
2 83455492
1113 586056157
1 408172397
1 276646855
1 997871652
3 804060500
2140 619989049
3 699530865
3 416489715
2 891828931
103 163682931
1 81625741
4 547042270
2 8315981
1 581256448
4 309717947
2 305344421
3 340370837
1 842428263
4 280522528
4 302886685
4 311039918
3 530593738
119 605635748
1694 754088649
2 973519197
2 446291015
3 72186094
1573 600007317
1725 77962010
1 933792474
3 176007183
1124 403061360
1 715869710
3 943257598
2 505828241
2 332057305
1 730787333
1514 368831552
3 45512739
1 2534555
2 295594427
3 103227198
1 455377765
3 484845788
1140 33083239
399 768313306
362 320133122
3 829418591
4 793180055
1938 710454403
3 307536740
1 669477025
2 792809056
3 258424978
1674 273998834
3 111796699
198 913028444
427 230598400
3 466136885
2 709290106
2 993718670
1 169255687
1611 880371473
1 847791509
2 509492635
2 705209208
1 465050245
4 489534060
3 367208850
4 903713424
2 87611037
456 937566334
3 301776149
1990 978302368
1 518663461
1074 374501287
988 154171820
3 556664388
4 954909237
904 334811887
1 416550339
2 919389842
4 724187688
1018 847946874
1 63820505
1133 516274662
2 671619110
1921 532467041
3 397818800
3 676422361
1476 735991435
1 544393310
2 451272336
1 273405136
1312 183936260
1131 703389303
1 276319882
1559 499475277
2232 869667898
872 493929503
2 846189352
1645 950737724
1216 724860477
1316 553674391
2 909520188
1374 412703699
2 662554525
1 246521528
144 290792751
1 190982359
3 458590179
2 74851058
2 150316202
4 349034408
2 862010610
4 984251638
4 679514092
1550 474493877
723 235954606
4 492363200
1645 874287653
1712 890851652
577 668781970
283 950275540
1861 727045334
3 1198705
1375 130629730
205 982425065
4 628179884
390 358198898
1 539953497
2 978102618
3 918314010
917 183224320
3 259761893
3 758612772
3 812622435
825 323175246
1 940032030
2178 553110689
1 517388601
2123 676920824
1998 207129145
3 135334299
3 751093412
4 778547493
671 495858459
3 504020800
123 709339333
1730 387855350
1 67497463
3 604463967
4 537361090
3 669749004
4 898076872
1 922756968
1336 888983818
1 219918540
1 377385505
2114 920307478
4 8226329
1137 198213789
4 415665745
1 723018702
2 694318370
1 420336388
2 588038008
4 598916782
1 341525974
1 649722069
2 830603401
4 980067130
246 275352828
4 225120248
819 161202524
2 320371705
3 640204463
1477 638119750
1 807784162
1542 811493601
2 30181773
1 702943558
4 667947527
3 636545876
1 648509493
1478 693800760
4 727982746
877 479220539
2 384150375
3 378331111
4 124313639
3 317536236
195 883417228
53 660226529
1 823739791
3 183450462
1 286455032
1 859577304
2 235119337
2 757512952
4 892720875
3 249083481
3 457013825
1547 749850125
1 928286647
1490 383956953
2139 315912914
1 184803470
4 569519674
1 529312219
3 185212565
1 179399719
897 218473094
4 262176416
1 651467490
1548 75584578
1649 122656328
1901 159589030
1 620817787
3 195868690
3 242737814
246 661304498
2 685446187
4 237922117
2 98549627
1 369698470
2 951662344
941 974442528
1005 199886947
610 342803296
2 351127118
983 182246016
1200 851475742
2 587293598
3 15997907
1 197024794
2 563153274
1089 866079675
2 847731671
2 306473944
1 609735475
353 998396236
2162 668074372
4 466645803
2 207759816
4 160473099
2174 427539264
977 775820490
1 733903898
4 223309582
926 233359957
4 948860376
3 207474537
2 398831473
1325 553145850
928 33883851
1500 122735311
2 813261240
2 926555049
3 668767492
1 431931305
1 221457871
4 105656896
4 560430049
1670 671042503
4 22260756
2 54410231
4 927842570
3 591428189
1 6770652
1763 284008602
2 990688380
1321 449688855
3 573642474
2194 65527805
3 600192215
1 152116555
1905 204568919
3 413034708
1 924704922
4 855175862
1 165255314
2 407005546
3 804669600
1 616695905
4 290993610
4 424310828
2 537387716
3 272533048
3 620454080
560 251083391
3 370677255
2 534609016
1 423634734
1757 894546817
1755 17925046
4 424741115
2 418406494
1662 533960192
1 71503506
4 739763145
2 149853720
1272 76798935
1 839338055
2 278746127
2 732504472
1189 652238009
1595 72958929
4 699961771
4 123372586
2 428288945
3 306936749
3 395184575
100 472704319
2 322455493
4 604639735
1 954602726
1 218387405
1107 800279208
3 620517796
653 56936271
1497 382261898
4 968539209
149 860456955
697 455935161
4 708502507
40 843350575
4 676158155
1 769949771
1860 385198190
1 531412638
2 541125370
185 659393633
3 481160181
1 256005047
1 688328041
2 323288713
4 324120565
4 981204838
2054 89813421
590 978393724
3 176716759
4 371598358
1 803442704
1 999758772
214 77175750
1 723013085
3 959558725
1 169085445
712 534336556
3 824376347
4 935446181
1393 389967926
2116 940830497
2 778136251
1673 961268477
2175 489553680
1814 846163626
3 934866629
3 127337212
1 184442296
770 279015572
459 163407764
108 124807601
4 429090789
3 39260535
1 516013113
1 385250104
2102 450101506
2127 184152922
1890 984888293
3 580266494
2 513542040
3 582109572
2 635531985
234 371323405
3 329554668
4 419613667
1743 970782548
3 138112592
1537 973678476
4 159921809
1633 505698865
4 754104140
3 510562066
4 454016513
1135 541528694
1836 32158819
1837 129530562
1 670131007
3 467302487
730 164439888
2 653530140
4 354956399
4 90486947
1 478758983
2 966017017
4 847318908
1405 689243920
1 785896424
2 294994120
1594 283448977
1723 670325173
1708 300471481
3 378776244
1 787824701
1307 107624575
4 264876496
1 307170609
968 707711071
3 252487264
2 649220135
4 712841823
2 943242122
2219 183382200
384 606666306
1029 850211479
1902 156720430
2 509221616
2 247987403
1 782289250
3 366569223
948 469142980
3 915998066
47 106336082
1542 780891493
1 649199661
4 204404857
3 582878605
1 524509056
1108 609748963
288 85166171
1390 798702139
2 221822983
4 549559147
1 265594179
1103 615342686
1 602262483
3 508193359
3 493281955
1 536968644
1 340435889
3 574903551
2 969557103
4 307954699
4 769378214
4 111105191
323 708408573
315 262074657
1773 963980422
1325 186464882
1088 839529208
1435 782086519
4 690060060
3 192029317
2 369765291
916 43010760
3 253975108
705 106515769
1 368271905
4 793800518
2 430327378
4 556711088
559 449476954
2 991842642
4 668666041
4 330902390
3 122303674
1 358776725
3 741095007
1124 65935337
2 800326970
674 162206240
4 210600524
467 949216263
1 567963622
2 787770207
1 467052549
2 567763857
4 968876673
2 224249608
3 396123727
3 530031553
3 149106305
3 298221358
3 869907917
4 261647181
698 943361079
1 162005511
3 52188448
3 884677778
2 477148606
4 117471162
1463 92198332
1 276110579
1 870983336
1296 580108998
1506 231625179
2 296374741
2 204145418
2215 512004371
1768 690952495
3 809590330
4 29527977
3 160819140
4 511003083
4 900049231
961 289629226
654 826654043
530 863735576
1 561254934
1 383232167
2124 239180067
2 505376116
4 829400805
1632 781556313
1698 941359773
3 513134945
3 889827511
2 206905707
3 278360222
1370 842453687
3 121460279
4 940055936
3 746167396
3 62400184
1217 161036590
2 179205010
4 155232813
1 860976603
570 736803843
1 52659596
2 170207433
3 543353972
456 526695093
264 584172049
914 389674659
2 817178152
650 674719072
1913 107373344
3 396550524
2 123859117
4 987037835
539 116604940
4 436372282
515 150137681
1125 45021368
73 487624226
4 140857880
3 210827644
472 427980981
1853 225288286
695 471195279
3 780401713
2 838652060
3 683641236
3 812667748
4 58112240
1 915714634
1 707486570
3 48652465
1 250814235
1 410604272
3 797419445
3 104906715
1 152689090
3 577769005
488 936464522
2 15337365
4 190553956
612 908846663
2 512349399
534 901802638
2 420909145
1980 740850404
868 128603452
496 62168775
3 226580887
2 113022716
2228 340275264
35 493077440
201 938238503
911 184112185
3 383031390
1 50363364
2 520819738
2 782567384
3 693544259
4 934073772
1283 224188576
892 746941659
731 682408878
1 513010282
1813 472133599
4 215852319
1232 548427699
4 767198453
2 62583669
1427 529258823
2000 212686055
2 450453771
4 121663731
1904 639538865
1 970556624
2 260032024
2194 163976099
2193 318996585
4 740951545
761 914476266
139 535644095
2 574834069
3 376384507
2 745114745
266 786675450
1 41324569
2 923527121
381 398454243
1582 254542438
1829 242563929
4 226660607
1 291718274
3 430287058
394 486290578
2 603055697
440 729315676
1 820890236
615 829820190
4 630373829
879 579250009
967 18047567
417 132293339
899 110777582
4 930179460
4 408332696
3 413372617
1 731994725
736 562972995
326 561207760
1173 97654149
4 519300726
287 227848015
3 77011248
3 907134475
2049 775927109
4 685659689
2 274695356
3 201306717
3 113846712
1 672885757
1572 293396324
192 375402381
2007 963323387
238 355680084
1872 204028846
2 627048170
1814 884525226
4 26738315
1797 875279414
3 895589164
1982 202665281
156 179939843
1795 310235541
223 85785125
4 313482471
1 44651716
350 226718988
3 53380783
4 499672709
921 909801488
3 686253045
3 4895824
4 810232590
4 209595952
1 208346382
1442 264368510
2134 779789468
3 202867900
4 498092800
2196 433128591
4 120180458
4 961120979
2 405404873
4 398487457
3 292120581
2 134627647
441 239313169
2 675528484
1539 595190451
1718 202991976
4 515724023
2198 353200046
1 928277153
2 543460
4 465376259
1 404050330
4 169735982
3 98914251
2 214927059
1036 944009001
4 225826050
2 709944899
1421 783217209
2 438584669
4 733124631
1 771485294
4 191689004
2 700766938
4 406141540
2 806305039
1 289003348
1 109780231
2 605502031
34 963664650
4 475815280
766 999414908
1411 770825583
2 704788441
974 653571179
3 774611825
2044 338665766
128 599126100
1 520480933
4 340480609
1 313812157
3 704353303
4 886869979
1 923973398
1099 192212133
1 501017608
1315 907761722
1 842704845
1 312350192
4 826159892
1 802477420
2 368837588
4 266068652
1516 13377430
3 119890509
782 376576528
1 33771059
571 445260635
1 703808658
303 439486968
2 346764176
1 206743750
1363 998263254
4 852647492
3 231655043
1212 702549277
4 726013194
3 900469245
1491 931714281
3 433391954
1636 212440050
1 153616928
1 150527303
3 893329814
908 150660324
4 826975137
220 987951586
4 374610977
1372 498329712
1006 830101521
3 88090982
2 858581305
2 669204399
4 409268521
3 592669748
1318 709599219
2 925251152
2188 479505210
297 639279946
1528 985035299
902 575954524
4 744186611
1 45725284
2220 411487634
517 828265778
94 572714746
4 697412724
1 18996130
10 543333532
1 122270182
1 851679514
1 871461686
4 258623804
1 584632289
1853 831340314
2 587257106
4 827744670
353 348918559
4 374230694
1348 454890830
554 343765640
4 737247800
1823 799980910
3 75365372
3 449764044
344 805731920
3 179492333
2209 74283528
4 121040156
16 280135951
1 578670837
4 768972026
889 517722942
1 959399615
1 757279673
1172 805703452
1 904704176
1845 804118648
1 315725938
1 83094204
3 784390781
3 487311301
295 44871447
2 58428359
4 118930030
1032 467965691
1841 338275956
296 415288749
4 151695190
1309 113607534
404 520684006
2 16359277
3 604928141
2 44223878
442 440884864
4 404094592
1 299247322
1 543312406
3 722780991
2112 400511222
972 183377049
4 156448923
1 498042902
3 389948998
2 380751695
266 595823892
4 195472296
1 668690349
3 468432720
4 568018285
1 863491641
1 873756271
263 647626409
2 714926239
4 878270939
3 327447100
60 256679605
3 483503232
3 39914536
1 391745132
3 554541731
329 979661565
3 581113866
3 240237398
2023 641660555
13 412693576
1 606569305
4 411968591
1 287740117
2230 828216985
4 460947246
1 786073807
4 889833994
1 687664338
4 306106921
2 211730793
1 244178666
843 96700615
1 220188468
1 433351696
4 78765972
3 896652487
2 883999486
3 865840837
154 241438292
4 451167753
816 599107189
1 345259321
1 652855023
884 197096995
656 390683728
1543 479300058
1059 560938375
2135 712883542
1031 743191553
179 714511188
1545 901463099
2 686221064
2 18209681
4 962629839
4 931194634
1 194158583
1433 776535044
1 184932588
1 362904874
3 800028967
1 943180013
2 470269312
2 478895944
140 267745895
420 248263107
2 756611816
4 929544365
215 906556546
4 4427768
2 691283994
2 595552072
3 189715193
4 505684499
3 648929362
3 618604032
1 915412006
1148 996493760
2 305950336
3 115252608
2 86796434
40 460219962
4 989887041
1 922463048
1 799240342
3 643235804
947 466843465
4 8120193
4 214487130
1 39809667
3 814087323
2 666901234
476 567579101
2 312024364
3 11673218
1044 708714548
1008 595609393
1 660653124
1453 239461057
2 145853935
2 267323149
289 667428181
209 242199990
3 45777952
4 960418140
1311 35969291
4 776759288
4 223790626
1460 526614581
2097 874398382
4 682652108
4 87279243
3 869728938
1494 984215277
2008 867717950
4 323731341
1855 253560366
3 818728054
4 632525952
1 417710502
3 113568880
3 351874334
1625 362548885
406 167526882
4 616242521
4 405861633
897 62024943
2 670605632
1727 678958714
2 827505763
1 824748780
1127 190733233
4 437445309
4 551173044
2 227077819
3 410243698
1808 883306228
1528 158498761
1329 519043618
1 357111390
983 104904256
767 211416088
1137 687580740
40 684569670
1 409569420
1176 511703934
2 637282359
248 727904708
1722 887342878
4 812302692
2 449960874
172 490815394
1160 497733411
1072 931747854
2 863273644
4 64852355
2 664174760
4 66650266
600 541043024
2 123698063
1 693505323
666 321849397
4 139234281
2003 667935665
1 366624282
1 321334169
1973 584862295
3 567659500
706 291317968
2 886578180
241 621820323
1 424197045
1667 894047780
629 144172850
1328 393729301
1 69087561
3 25818433
3 867521197
92 327865756
2 585263771
1 225308261
2 60676186
4 315580470
427 625999669
1071 523725137
3 945734072
33 295032818
1 721627079
290 706909878
2094 396031677
345 249041477
4 728683544
4 437424816
1 653498795
2 782090641
409 247550085
4 682194331
4 639245275
997 368624715
1 550593723
4 779289529
1 46175244
2 253277460
3 347780976
2098 524458969
1043 805102650
1011 99641147
1 980429529
2116 85472359
3 122528868
3 735252456
493 401650249
3 957698399
2 255585407
4 542302407
4 318377231
2170 614175859
140 96756129
1669 792236479
67 756960548
1395 463958450
1755 866750267
2058 200774537
1215 952807822
1365 505978523
4 928768763
3 567027555
3 18571608
4 544108005
4 415425618
1037 535423555
4 628905613
778 573828714
3 282210779
3 68793590
1412 146006640
4 621286778
4 528375225
3 109959195
4 346126599
3 186995066
1 836015438
3 468999927
598 429254842
1 759416217
1 297070847
1551 654455733
3 610176613
3 31669300
2 360977627
3 498729466
3 614539116
4 734049666
521 766218330
2 421038553
3 698108669
1 628084284
3 839696997
1536 862694004
1297 261904807
4 360851756
2 269547473
2122 506361865
1 591771871
1 804606209
2 146022522
3 466103247
1 360869297
4 314157393
112 17020049
328 38741348
2 429274419
1 928338577
1832 252191412
1089 423937445
2 392495395
4 991054218
998 312073778
457 701803983
1 860541355
897 154878200
2032 843741314
1 735019527
3 761084237
625 193009300
4 526820894
1 762773645
2 43581120
1 998947611
1281 503095388
483 224140784
1915 526295371
1180 73907417
3 198865008
3 900861818
4 82532185
2002 995097225
4 490786930
4 684676809
573 70199409
157 108061865
3 117987760
1298 321166735
1938 456482975
2226 173457906
4 3389610
1849 962571574
4 581127548
3 813085510
1729 363305649
1675 646335821
77 886247380
2 43631683
4 480237199
2 275561160
3 623604050
2154 717138222
2175 598468404
2203 513133334
1513 425113840
219 809997800
199 436850697
1 564547297
2 217894614
1 14625356
1 659470720
4 386149804
3 568093123
1 797817453
1214 89935325
2 833315100
956 578252292
4 12239062
1800 853278989
4 92046916
2 936776234
4 197790001
1729 777279322
1 791063077
2 775685887
1920 925101568
2 722639338
3 824496719
4 879720183
67 940425109
3 588015323
3 326222918
58 467700678
1 425468639
3 101310145
816 612103581
2 153434722
3 515457815
641 365180429
2 350597906
14 386520412
1 972937394
2 481412776
1 385153252
1769 976424376
2101 355510206
3 916945072
1 469226690
2 152456909
3 29565057
1970 930908332
4 564418176
4 764868689
44 231984828
3 665675245
3 504653853
1 932466766
3 14513600
4 353309102
4 774976826
2 896263299
2 582045046
4 425469292
1 288088249
1495 430701266
3 726928845
82 536673090
1 658771216
898 996640092
618 227322666
4 425434008
1328 986356966
401 161469448
1 551340722
1 413176110
1685 134424448
450 23530856
1 96603175
3 601396491
2 497490097
4 238914811
2 962834909
3 572814516
1020 180985358
1355 729136578
1745 835524823
3 259010404
1 556277042
1 423662116
1004 734573919
33 579779607
2 151481280
105 892670115
1136 177633549
1 469795161
2151 117683245
109 950174114
1 717225323
11 813898810
4 604188421
1536 468785080
3 764007927
3 500328744
2 277562476
1 902933806
26 461090848
1109 551418748
2 61792200
1539 387077936
4 808120235
2 908354791
410 927364672
3 284672816
3 775104272
4 283174897
4 668556917
4 172457835
1745 699428591
1 901359101
446 257573254
225 868194079
1105 651023964
1 789636065
1 709733634
4 325780803
1761 213715672
1 719501769
1 351932492
1709 452798469
1 30673382
1 535600824
605 242635329
2214 161755701
3 650579090
4 824194666
2 205150104
2 266572588
2 651613711
362 104443461
1853 643206517
640 415365976
1852 907217540
2222 326600307
4 608316788
3 406927344
4 597973557
4 559241845
4 10300894
1 370422559
1 174364425
1 802373184
1 264881594
1 80657411
2 457083274
2 520497410
1 866741518
183 67085447
2 111611638
1 891885705
658 694555184
1 208343673
1476 895871768
1 645324182
1 726621497
1887 921807357
1416 403394286
3 334158613
1 348601866
2000 79113688
4 395920860
2 559342243
3 405591639
1705 345100555
1 52575728
1 219016862
4 298617367
3 102809609
1618 551907183
1 223576277
2 392471539
1 89943005
2 563473986
2 311334972
3 590563106
1151 427740353
3 733841677
1 809759918
1291 85290719
1 429825723
3 57755179
4 143260997
4 297333022
513 642413858
3 613067431
4 865764715
4 44578394
4 886581758
2 814009303
860 419893414
171 134144473
1 651361538
3 261368717
3 745856972
1464 567005280
4 272493848
3 559806916
2 679554299
908 498188571
3 217017198
4 454161616
1 391748100
3 347511664
2 712717699
3 160207211
4 581758773
2 616649163
3 136328320
1 229551923
146 111360708
3 669323370
3 713934150
1 914875162
4 740129397
1329 227511062
3 41987854
2 710361143
3 333874890
2167 142867292
3 647509892
1 871171480
4 859877366
3 906078427
1 613269800
1 616130220
4 731999857
2143 507366248
4 896482548
2 933741521
2 18767091
1140 890890742
2063 593170919
1 528838126
3 416777412
1 138125442
2 245379569
2 183525553
1100 79658631
1 299363618
3 115377913
4 864964032
4 255369053
2 160829931
2 130218459
1927 794848170
4 937967081
1721 373294042
1 394763061
1820 466662295
2 983138632
3 546908869
2 337330413
1969 976147120
2084 764068719
2 120450110
3 736222580
2 672270360
4 903792127
1 599118354
1169 415889568
863 769827110
2161 258637766
2 452069913
3 371482237
2 618907906
4 210859214
502 432679242
2 647471389
235 127452172
3 480792154
2 709976313
3 515690110
1 739535002
4 878110208
4 345557937
4 638906634
2207 460038058
2 523351748
4 781208733
3 30785750
1 303851209
4 155661451
1 686588419
1864 990508710
3 763828571
4 806173906
579 811530078
115 343938431
1 533421215
4 943120514
3 366776121
906 592597893
4 622736913
2 462041906
2 520607492
1 605493269
898 233699150
4 681356594
1 304992605
1 101677588
74 321446820
2200 756763851
4 159704276
1 100880635
1 402886288
3 698312393
2 62737405
4 375651216
2139 671086478
1845 949965959
288 223056288
3 74804284
4 960430623
1 768832337
3 37453891
1 425262107
2 581402031
1 344578044
2116 626676437
1 727827919
1770 810438229
2 678389560
4 686794623
4 172441220
1 1522582
3 252074722
109 958644008
4 599817598
4 910482889
3 587501022
4 830379919
2074 251445382
2045 505108109
3 561903182
2 539893362
13 910654389
458 865309603
4 86561980
3 359011103
1 849393197
343 816133761
2230 701144222
2 828570687
3 449102891
4 578975142
3 425949140
345 193083444
726 312081722
323 989387377
2 811735352
4 358984937
1 925969784
3 221895398
1945 309712737
2034 33876894
1847 425032910
905 745296902
3 351045780
1 867290077
2 679563175
188 642901204
517 513345291
1 937204969
2 686377159
1957 706783116
2128 534306996
2 460725116
4 646904937
2 118309012
667 141780372
4 730328088
1 572045639
3 250770879
3 49514774
2 786934458
2 191066735
4 92655214
786 549334157
2 560935640
3 935919902
1 540208491
1 323534431
1 901839740
4 459348391
160 274168112
2 186109961
2 157942901
3 517163045
1931 859112330
4 127668076
1 408240644
4 412263123
2 859646925
4 918219767
2 157893692
4 877329509
3 190370024
4 635411624
3 407581188
1 990487345
4 395615069
169 644565519
4 299709313
3 134498609
1 684140993
2 482177809
3 11609376
4 182007902
1 407435000
2 17566502
2 293669819
1 442452709
1 325893533
1946 945987928
4 346527668
384 883934468
4 702084163
455 716852112
650 698560507
3 720497300
2 222508680
4 578067336
3 482379234
1 659778304
4 538312604
2 515223398
1079 380289025
1 510174467
3 506824711
2 151757549
2 816073307
1 690358027
1 948652441
4 887367533
1 217545656
1 184813184
4 17595482
2 640005610
1 27299072
4 434203364
820 342581404
1069 634236289
1 267014753
642 416479221
261 199620503
3 645437232
2 373724156
576 974408762
4 772274503
1 31860665
3 635416316
1 934232051
4 785572376
1589 611791008
1 423293503
3 967483281
3 255700040
2 867671557
221 741010960
1597 408123945
4 723272982
3 240561644
1 359399597
627 93101326
4 114949387
3 462205520
966 322501399
1911 410077372
4 544787162
1 100081763
2 59298069
1412 384766380
1 789148276
4 275969702
1 616901054
857 384527461
1 667839615
1 566133279
754 428096386
2 711866236
3 43801882
2 165855054
2 414387050
3 415132398
383 550502687
4 672224736
571 247859392
1512 751511963
1 366903300
2182 528763333
3 289964744
4 736621481
120 245204231
3 864474374
2 135089788
4 91908587
3 487640425
3 699932035
2237 34864984
3 903087553
1518 308381626
1 815494696
122 639112149
1 531415058
4 766536750
1 459458659
4 825499173
1457 100445894
129 228639289
1954 529934204
266 135667458
3 360232785
1 370207662
1961 945825831
1 371338740
347 884998560
2111 573140077
1399 1846725
2 833728868
1666 757723402
2023 193836413
4 418485788
4 66974356
2 342367819
1 942713073
1 511733107
895 558864073
1 894790904
1 59686668
4 227350394
4 546409414
2 368059539
4 168324216
1 171630866
1 325486011
1 670457207
580 292620622
1 792357073
3 243069599
3 239034990
3 127119793
3 697879721
4 961443430
1058 147926522
1 604040262
137 429557272
4 795615286
2 935100565
1 333128638
997 536960422
4 923276565
1825 984520312
1623 196345952
1 323141721
705 147558915
2 59329527
4 44441151
2 188938269
1430 461409151
1 331867213
4 854659947
2044 43957369
558 177113688
3 232288820
1727 924617476
194 451274199
253 463357029
2 76041781
3 807376776
3 912310376
3 161529924
554 342143745
1 900101468
2 156757808
2121 950875387
3 7315785
1552 572177579
1 439071052
1 845513227
2 562625626
3 784029448
688 599845532
1096 507138385
1 287341682
1671 606141718
397 554312885
2 976019363
2 879326491
4 798703750
4 230009554
4 613531346
2 121176358
3 765424091
1843 137788457
1030 424286576
2 652444379
1 814073788
1 305177538
3 366306836
2 126725024
2 619505371
2 609728831
2 682911307
2 273993564
1 388410373
894 32818550
852 601040005
1998 590927603
197 147914915
3 952773249
1 366900133
1 777871351
1 647863136
4 985412044
2 524398189
1 459432054
283 641331131
33 675016947
1 812117714
1255 544780640
2205 592828919
1 771613463
3 500225658
1 691249009
1461 399952258
2 969492106
2 444397970
1699 589616873
4 222691009
4 898653390
2 130664426
2 220116584
4 783565739
2 998995540
3 276852965
3 609155235
4 943975920
281 900722047
3 337970876
3 103389823
3 532767914
4 138090618
4 929543576
1474 437730559
4 687449842
4 485840823
3 671514105
1 527611
1 979050790
3 961648330
430 742380556
3 594067505
2239 717365649
378 144159867
3 780959966
1 618060136
4 573526298
8 420523882
989 252684141
3 85002223
1182 953133210
1081 677892278
1 413267031
326 890856325
949 566955757
2 850464221
4 81523601
4 575702128
838 810002462
3 138945512
2 700707976
3 80031138
3 742557372
1 427264774
3 215355122
1 85284430
1 115038770
233 419335037
705 819395636
1245 714663149
1822 120913676
4 946441924
4 946693794
3 744427099
270 26766688
1299 230787300
1249 976179009
4 112971038
1 320722167
1 260500444
1 73071735
3 427533081
4 703203041
3 3020322
1 575692355
3 706941492
3 90286178
1 38920101
3 136356044
3 637740752
2 536666851
75 374661546
3 285062368
1 339660653
1187 260605089
2 234681740
3 271918841
3 852094317
2 831082251
158 467975636
2 99486573
1 954460220
4 775528326
2 862902620
2 107519202
4 485420399
4 637933115
4 776772470
2 93804051
2215 294648786
3 783512970
1 130404953
3 229794364
1 908700198
2 103302431
1540 918071330
2 269552603
3 888507453
2 850418806
949 323774174
4 86473624
3 655044438
2 843786832
2 953968294
53 583480330
3 339171768
2064 761190414
3 868097161
3 618926976
2 545582503
256 794731731
1 552426271
1 587129422
920 638338050
1301 148962139
1 128998073
3 753892496
4 407273199
2 95185688
1 152835173
1310 732153534
2 263668147
1220 208676892
1 741905375
4 779168947
2232 714795760
1 790878901
1 871207877
2 476115971
1661 2075127
2080 275842947
3 517960027
950 958670452
1 715921633
4 901547700
2 29080858
4 502453504
1 290905974
2 680527297
427 435660301
2 622879042
3 295922552
2 686574591
1784 171768250
1 761931343
3 266830656
1 943108766
3 803118093
432 3530612
4 292283685
1 343327298
491 18302758
2 189203237
2 45940083
1284 22579934
1822 713796902
3 181607599
1932 351638122
2 282034169
2 828359372
328 81747919
4 770184000
1 496727726
1 216068641
1 78882077
3 976116335
1 779916459
2183 954058224
1495 21006258
527 202687265
3 216444641
2 676573418
1 503631790
1716 861244594
2 318278696
4 10721752
2 807032781
431 597903732
2 563607675
3 374685887
3 608294901
1 22647383
1 842482214
4 465259995
1 445171556
3 525947603
4 973303509
4 664594856
2 303600218
1 916936183
1281 462406289
2022 108111744
2005 457524065
1358 977388190
2 303183072
1071 189806346
4 363807866
1 940146176
1117 843725543
2 636688123
2 250283131
3 937812644
524 134561577
1 587416824
1 295938708
3 223103503
3 156095534
2 159484516
1 208534739
4 220362880
3 364554169
2 861499141
4 31881379
1 588684376
689 532979390
1197 959123611
1722 553483807
3 596821990
2 270819700
2 875209175
3 866371771
1698 575646098
3 997227619
1121 725269464
1 43393861
4 758718386
4 654976824
4 362093577
1 956915257
4 629235127
2 884879655
512 951262473
3 553249996
1 300317717
3 117426782
2 449774065
4 488006617
3 273035282
2 802844672
3 706563975
55 370589448
907 101346860
3 117086762
1 783047143
1 742367860
4 381655693
436 692658383
4 31041943
2 601025775
4 755724591
2 111924754
893 701869804
2 931393247
2 364779584
3 987105545
2 461042800
3 128587421
2 419070872
1 173945646
2 208250170
1618 700091514
2073 735257258
4 579598147
4 63431594
2 154217935
2237 311321583
4 555212905
3 697519641
1 892646834
3 426791203
4 952428243
2 710741557
3 157026597
4 38766823
1 716983310
2 409415050
418 89585005
4 421102088
1869 859366944
3 788637043
3 597956706
2 157458605
3 244134930
1267 67127212
2 347008414
2 612488016
4 196584944
1 726246069
3 857055947
3 718396653
1831 581370784
4 721406188
1109 224094377
4 928881377
4 430380685
839 920978388
1 410905801
3 321754292
1 886011522
2 29442099
1 250288861
2 36855824
1575 49736759
3 184119010
2 190204793
1 155221321
3 129676308
827 548747088
3 809916655
3 39839945
1 786196811
416 629214484
1965 538743571
3 15095938
2 328185210
2 72702724
3 822105202
4 442991563
2 982744821
4 388482687
2 766849921
4 496035564
778 615280145
561 732234237
2 133783839
1 289784843
2 828250491
2173 886493399
220 210972679
537 886027389
2 394979972
4 776550926
1 110387165
2120 127649776
1 754423825
3 214875274
1 809659455
3 990186264
2 134543305
2 314796891
3 146607122
2 971104033
2050 849581386
4 599977182
2 958282741
3 715520395
1 111857918
2 202939977
569 359134284
1 48614870
2 986713218
1 196890187
1323 989121921
2 616205047
4 849834328
4 607927359
1056 653413894
1611 823389664
1 997160829
1 446005142
2 893496198
980 355923377
1108 636238130
2 305720153
506 675390366
1389 944867022
3 327675621
3 766650320
1 375044335
1794 781742854
1916 184862876
2 556274762
2 259382481
225 490013608
1507 76429029
2 52279718
1338 352243555
1577 830804377
1 835220245
973 929513176
98 247472931
727 437705938
3 194565569
3 615008377
2 693731129
559 84243469
1 66241090
2 141073977
4 153404772
3 135094020
1 664455130
1058 760578123
48 638809788
1 12257361
1943 260835588
2 223696033
993 439631596
4 702862263
2 679133954
1542 892073310
2 531940340
1 996914434
2224 818306803
2 252058244
1 3295618
3 594540271
3 826249934
4 263398913
1 611290159
1706 784914021
1 898722404
2 213755302
3 580934516
3 953131637
2134 960107871
4 615322993
6 946590978
1 426277805
584 574281356
1990 656027865
1 146298072
1320 210430145
658 887995152
3 346530967
3 257922671
2 753682701
3 985198452
4 36345864
343 599161740
3 296609421
4 240846657
4 577219340
3 599270686
4 903660899
5 57514668
1177 658489050
1 144170120
81 993349312
1 408261237
1 70256013
1 454360468
655 760911889
4 265426026
882 933392619
1 244942484
3 41204971
3 599998507
1 811358759
1 615027513
1 935076298
3 816185971
1159 508187815
4 510523245
3 41342804
4 184408786
2 207830228
751 25037837
2 514525643
3 523518856
671 46706668
1199 823496086
1963 254994030
3 217794630
4 769181952
1763 439156048
3 436087927
1107 430517276
4 902079414
1247 71690198
2 316769535
3 83818880
1708 444191387
2 355607990
2065 242908748
1119 373047873
915 366645212
2 359579693
1441 807183101
3 678636442
4 883935427
2 490945687
3 806943464
785 410404047
1 460439300
4 354115513
730 521649093
3 107903804
1923 8834511
3 841772149
1009 408475115
2 791239595
1 873016050
2033 362157683
1771 232252666
3 401497457
294 708796575
2 523942031
128 972567516
750 937623883
2 168361255
419 408876382
3 239930795
198 629219282
758 201731708
4 377459253
4 593647155
2 421811629
4 634661323
2 349342102
569 322012686
3 123608595
3 352523329
1 898285261
1 376547785
4 466367246
2 410736592
3 880581237
3 494877634
2 567264079
3 660809393
1011 634656095
185 316709176
4 280701761
1149 337828228
1 289484924
4 630936798
1196 598387379
1 313733434
4 386414288
4 372550060
263 378707329
1 310564086
1682 702085054
3 65915332
2 638297140
4 579114471
1902 335386696
3 93029395
1931 174773535
2 207814992
4 658259106
2 374260150
4 959050061
4 748831116
85 150348752
98 343526948
3 17191773
1333 82250310
392 920371034
846 882644040
2 951815344
1928 185655301
160 474756271
1 400883333
2 201532579
1574 852285110
3 520035687
2 11491237
2213 988123382
4 381604752
4 335087338
2 971704846
4 273395669
2 979011854
927 12227692
2 138329376
300 756316267
3 74533628
3 510658226
2 616449918
105 381939365
4 968078079
3 934494857
2 871478254
4 83961541
933 999357686
1085 356394953
402 947846288
2 622522202
2 373090942
4 504813998
4 707607565
3 252813229
4 175944539
3 470506374
1 248721455
1 480978940
1586 895873930
4 963296513
2 295964207
1 886076395
166 1994588
1 747150611
4 990633512
1 847800423
4 993134717
1 621847210
1 581410601
2 937849302
695 785838618
111 242575971
1 945087213
1 120217450
2 425330556
1165 927957307
3 529346190
1 914529712
1 997230250
2 482457768
1 484999845
1 371525533
1 984398158
1597 806888238
473 12632210
1451 255521505
2 17794322
402 63522868
2 301459887
882 653484578
4 290715268
2 804146009
1445 619384160
4 678065380
2 321317905
4 432583650
4 387202712
3 202486969
67 398947088
922 341770425
3 523185091
486 216727698
1 20388665
1 43968599
4 940400202
582 520601153
3 785043975
1700 335591421
1 201101792
3 509773685
2142 917057223
4 594835979
2 828446728
4 859967196
3 732019842
1490 208430473
1310 282544774
1486 32569068
2 788554152
1014 863998268
2 933010969
2 362731923
1 329468729
2 78748670
3 559342336
4 730402859
3 892508912
1744 458544534
3 295634462
1 986798714
543 560312839
1 949968776
3 750262441
1295 455664235
4 205850939
1167 131527306
1503 883568027
10 78050832
3 511243930
659 454833183
1567 3408268
1 65861374
1 115918175
1 424962863
355 625525768
4 743227909
4 430022682
1005 160317275
1 544474358
2005 256575806
2191 734205014
4 135261796
2 77966733
1792 461244909
3 61045960
3 763125513
2 135741643
2 344697271
293 109116271
2 456243965
2 354042943
3 354077774
288 479840581
2 583294462
4 684533671
4 361625404
296 848705898
1685 465045746
1 513143856
54 582683936
4 984008509
960 579055464
3 280059227
1982 204993046
341 86441198
3 802836725
3 165671229
2 549769708
483 944734585
3 463065828
2 826236557
31 706615815
1682 471492469
3 197825311
4 181842472
1 59783354
1 778012583
467 283646695
3 175221850
4 3547758
116 914485556
3 172712888
800 829296852
1 611901670
4 712783404
2 39874306
4 117245599
1 287733521
2 859274559
1 886721977
1 423561619
2 287544230
1360 367126647
76 567474031
3 671699698
1 858667993
3 9829196
728 976262672
1 417589896
875 396302410
4 128638247
637 554690261
1 148476407
3 30080258
4 740466190
1926 487961907
2 656962787
1 420208432
2 432760335
1524 628857705
4 910678442
2 439496168
728 596668939
1 700136703
2101 860193767
3 861729006
1778 563582358
4 265178741
511 23652660
1 644499467
1 375667574
2 270573397
1713 742725691
2 43400996
1691 385544968
3 584291796
1702 24212063
117 980309916
4 899249350
1249 639051478
422 27050288
3 860208578
2 191402668
3 465280706
4 306554617
2236 503888167
1 445007592
1 469506813
1474 680360368
564 520963164
2219 44536407
1228 156522434
1 162722602
3 983698124
3 907519969
2 321299369
1569 992093403
1501 589819718
4 128263770
3 74560616
139 408127219
1644 29262103
1315 104189263
1 430103604
468 230900823
331 348772091
1 878148198
4 926826790
4 114678112
42 45273360
1 274441947
2 58147313
4 965751010
1 306444987
3 386562221
3 894267896
775 142179395
3 156606351
3 933031676
4 639575267
983 514644550
3 755558442
2 575045458
1 644164215
1284 863481963
3 220876361
784 112643066
2 403128365
1 401962367
3 331890578
4 154092285
3 484247470
368 337903790
4 865825321
2 771277328
220 612509236
1 241333155
3 915101346
1 972057381
1116 24286045
3 726132230
12 972316914
3 938493386
3 856536368
946 395492895
1 717931338
1543 274689918
1450 660253321
1503 73031507
1894 520316370
2 62020598
3 525484341
4 928512754
4 466149275
2 506825865
4 716896636
4 186867896
3 389024276
3 139852915
883 792806976
1857 257266538
4 92191102
4 674222672
1 956535403
182 198659108
206 786539839
4 565009404
1087 708512911
2 794158497
337 414328809
2079 944483730
524 257322069
326 863279489
533 945322795
2 441373452
1 630102581
3 248293939
1162 633780893
4 953677033
4 504700637
845 598605778
1 625099830
2205 9737053
148 705236139
3 812641770
3 417414084
1 1 3 3 4 4 4 3 1 9 7 8 4 4 10 2 17 1 2 14 6 18 6 7 19 3 19 18 17 18 6 1 33 2 18 21 20 24 1 8 28 17 42 43 26 45 9 15 45 21 12 37 20 2 46 9 38 2 56 42 22 43 15 22 30 38 65 67 68 69 33 4 7 67 31 44 20 71 57 47 30 4 83 79 57 5 35 87 19 34 32 32 14 21 31 59 45 54 14 48 77 38 74 20 17 86 79 1 42 48 2 20 40 91 77 55 87 20 29 47 100 70 70 79 94 22 11 127 60 69 22 10 43 88 91 95 67 48 72 61 42 80 14 30 144 145 23 129 62 123 131 108 40 10 129 137 94 94 69 154 140 2 31 124 119 163 141 96 119 115 145 7 97 2 154 57 22 69 142 27 58 42 63 150 33 64 183 58 71 186 52 74 63 172 175 59 132 86 50 117 145 164 75 11 23 166 119 202 65 124 209 195 210 64 131 204 173 86 48 5 153 58 44 31 189 102 222 3 165 7 231 132 232 161 209 77 163 52 234 196 14 120 233 71 101 163 66 105 112 107 24 97 27 21 234 83 204 100 24 206 196 12 220 22 227 191 51 109 158 65 27 85 83 91 87 194 96 171 256 184 153 140 233 172 63 104 12 248 60 195 202 133 181 58 19 62 145 144 211 229 32 227 35 215 122 170 283 74 299 152 299 65 36 309 93 127 250 263 284 55 217 157 306 36 311 171 288 255 39 198 130 159 182 24 118 39 15 151 234 274 9 265 250 341 92 249 53 38 83 92 342 11 122 61 29 175 180 340 307 8 266 86 4 342 138 342 359 298 332 102 90 171 108 288 242 52 8 310 40 183 309 48 162 370 8 145 119 361 359 38 272 103 266 158 123 346 171 168 120 92 6 160 380 67 88 173 226 243 263 114 37 85 287 325 123 356 402 66 37 371 251 9 242 280 70 351 377 137 174 52 236 142 25 54 236 393 389 203 255 23 374 303 201 423 94 290 160 218 307 283 209 262 127 36 192 218 350 178 100 51 90 292 191 7 122 61 43 208 50 238 225 411 175 436 193 323 68 469 145 441 120 302 327 460 379 177 51 406 440 197 55 351 263 127 86 23 432 242 29 90 280 227 395 94 236 465 217 24 500 355 83 497 339 165 488 17 269 448 425 486 47 83 259 179 343 267 195 389 389 69 247 368 438 386 358 436 70 352 502 102 521 439 278 497 97 370 48 390 166 339 296 492 96 133 308 201 264 285 338 383 226 22 492 414 460 326 75 147 260 298 302 476 51 496 413 505 397 355 519 72 356 296 27 249 324 111 215 333 200 14 79 392 239 299 103 561 311 262 60 237 21 132 132 543 489 410 306 5 172 264 145 242 12 342 596 50 545 537 367 30 421 294 26 456 413 15 507 156 599 395 408 342 319 618 596 458 544 582 637 7 323 428 637 278 347 50 640 335 261 501 277 363 332 165 182 104 225 340 217 598 374 489 33 1 577 351 78 39 490 645 604 84 524 104 55 370 555 406 287 14 166 441 478 484 3 355 315 248 145 136 437 134 627 677 230 339 547 271 399 655 305 563 330 238 93 303 476 581 513 439 116 357 636 223 137 428 7 666 659 11 103 251 638 648 717 598 47 152 38 623 520 155 615 156 733 251 323 3 641 287 632 113 330 629 51 493 17 649 352 79 118 234 118 309 259 618 567 365 347 447 532 162 555 295 11 402 584 14 396 195 595 676 387 696 188 776 388 405 629 281 770 232 524 137 772 128 742 553 411 368 449 708 428 636 15 68 76 677 438 482 382 128 596 698 335 50 380 172 402 51 461 161 643 498 485 755 484 237 288 5 589 277 367 412 212 581 48 127 255 168 749 442 369 622 180 409 318 628 661 634 541 7 222 754 716 277 680 844 259 166 48 85 555 375 388 602 477 827 353 227 633 111 812 511 463 43 81 693 864 791 715 384 325 181 354 444 815 822 803 855 115 532 226 730 215 598 641 34 269 683 473 654 881 836 631 776 320 519 218 352 164 659 13 416 624 824 574 31 16 163 494 268 36 107 251 1 133 629 847 852 201 745 579 395 708 659 794 180 614 432 26 224 660 87 513 877 703 867 572 385 785 520 740 791 292 684 64 490 224 270 855 732 579 880 932 912 726 390 349 33 493 272 697 243 939 850 727 465 732 878 84 963 863 438 348 402 730 957 441 840 188 303 210 133 120 243 374 947 508 509 792 614 182 577 148 960 199 318 453 144 159 333 959 156 18 124 524 662 48 49 143 595 184 914 947 238 1 463 90 48 560 73 1005 258 611 946 890 421 475 152 43 926 669 836 197 854 641 194 426 10 764 234 107 996 747 488 716 557 147 513 741 218 614 597 962 876 496 948 399 396 329 75 209 854 123 733 856 152 388 946 27 175 72 905 506 968 737 36 155 67 439 219 592 702 480 394 791 1055 568 904 738 1028 119 726 763 541 955 576 342 431 815 945 933 654 21 1003 550 629 758 586 202 1027 123 870 1015 328 433 153 513 528 769 62 420 419 45 343 752 391 790 21 913 267 763 995 725 472 133 797 732 828 1088 750 117 996 724 939 85 164 252 227 681 445 588 853 193 802 1151 1110 381 379 492 175 1057 507 971 227 523 847 1146 493 380 422 789 564 416 109 122 1144 485 846 510 442 484 884 273 813 1102 1060 332 259 561 122 463 1099 951 498 80 380 1000 327 753 55 562 467 440 946 1076 146 599 785 300 115 1116 941 613 707 714 526 132 540 1003 814 240 464 108 801 826 929 95 1006 725 340 47 1078 682 352 188 1128 868 226 602 356 257 1151 651 614 291 973 402 362 820 771 919 507 1029 96 1226 883 934 1203 1151 108 1167 1113 894 494 937 1166 628 245 1246 1018 232 838 865 106 901 1157 853 1186 1105 1015 943 906 901 1166 1056 835 822 278 166 453 186 1099 136 731 668 619 718 841 1001 1072 106 935 128 598 239 1000 928 780 744 175 317 679 910 527 589 1117 526 803 734 945 1114 742 196 744 1136 12 1178 1190 1315 1260 188 193 185 690 1248 410 1063 64 9 62 844 611 1205 1257 800 719 1278 692 1330 400 1276 283 660 630 681 1072 312 981 518 1162 115 1040 591 13 457 740 832 27 237 1111 352 630 1220 762 143 323 68 1251 1243 379 541 74 626 680 1186 1029 90 516 409 740 723 179 661 1137 474 338 1020 224 6 951 273 381 1067 616 144 299 157 438 1105 165 662 488 568 210 628 63 120 503 277 632 210 336 364 385 349 654 446 320 36 588 475 1093 1321 708 1329 935 586 213 649 878 180 1378 1182 1343 1104 1245 260 1243 222 1440 1011 1094 186 1051 375 210 735 248 143 1239 1329 549 1409 1456 58 647 130 160 626 511 765 762 1215 1095 1057 644 407 733 173 1406 119 60 526 1115 1024 5 146 395 656 919 178 1025 1227 1005 546 1239 1393 549 240 594 70 613 475 185 659 1198 747 390 838 429 1369 1389 1028 1263 1266 812 567 763 1420 223 32 1147 100 1054 1100 671 512 1518 589 88 1391 936 805 821 607 487 820 164 866 1317 1155 1434 60 1171 979 133 527 1179 1433 1181 1495 580 1416 170 1090 522 370 770 1342 346 115 492 1524 596 248 570 264 1059 1199 1325 937 814 1106 484 949 403 908 1536 1279 1365 155 483 714 734 689 1192 1025 228 1254 1228 473 697 1480 637 1440 929 321 490 497 1591 765 338 257 754 751 1197 979 1049 1355 333 927 1470 962 175 534 913 1464 234 1596 123 1007 950 604 1426 617 221 1344 638 528 330 228 775 906 198 1327 1347 122 1278 1456 300 1096 75 845 449 431 1110 224 1369 216 107 363 1546 1287 69 926 1472 736 224 105 520 1547 706 1451 174 1665 165 279 1382 539 439 1654 348 938 401 1651 530 1485 332 1442 720 1524 600 382 1092 467 1598 1177 44 195 1640 882 1433 1397 721 1450 911 878 1174 426 146 1666 1698 1247 1390 259 672 1620 1379 1441 1600 293 641 789 162 1558 1241 1466 1515 1469 133 947 534 864 237 384 665 756 163 623 157 349 888 436 252 1395 1706 1405 782 425 701 1055 124 244 530 791 456 556 945 952 99 679 1017 250 138 1010 720 256 897 160 1415 1269 127 1576 1396 325 535 1036 878 1580 1708 388 856 1587 1251 1040 1169 795 781 1686 996 787 1204 1043 1661 502 70 1339 1392 957 219 1283 183 310 1441 270 956 890 1551 1714 660 397 1183 1387 14 1145 1795 1795 1691 224 1737 1570 425 7 403 1759 765 222 834 27 252 166 434 467 554 464 152 726 847 1583 1402 835 1316 685 665 529 323 539 655 914 309 44 1384 1818 813 1401 136 1350 181 1221 159 1694 1649 954 1037 183 1702 1758 623 1743 1058 1230 1333 1750 849 1758 1835 1518 1556 1268 302 232 1205 692 40 1527 1713 1832 256 222 197 1050 451 581 880 1680 655 467 699 1719 301 1027 302 1634 1670 334 863 1764 1245 1202 861 1686 1134 34 1318 278 1520 1803 788 709 506 635 492 1605 513 731 516 1812 1017 1340 779 1614 1779 1816 1031 1179 1637 61 1651 519 368 727 618 1596 233 1109 440 285 1372 484 1129 618 29 1849 1814 1298 803 635 22 1569 1136 1218 792 452 1524 758 1891 1748 1721 774 1299 1747 1044 1440 995 854 1009 57 46 930 1715 1632 1337 687 1575 912 1310 8 254 1243 1712 1164 207 708 1573 627 297 38 1663 7 1347 1734 297 1561 348 688 1070 257 834 898 1472 171 786 1551 1770 1944 461 503 762 1311 1055 228 147 766 887 716 528 1179 651 915 1003 753 203 94 528 863 1062 651 1475 822 817 1816 942 1720 1401 1868 1446 1688 1567 517 384 1789 1223 1765 99 513 1116 422 1509 1601 1094 1002 337 1963 721 1980 1637 47 583 192 650 835 1302 223 310 282 1084 922 840 138 318 1979 332 1788 398 301 1694 927 1024 1073 1772 458 1985 196 521 1791 255 54 354 1361 1902 135 765 556 112 1754 97 566 1789 800 1389 384 407 2005 1948 738 1421 1056 943 1492 531 1725 187 1479 1521 2041 12 1274 1924 1093 227 4 994 967 1015 1600 2046 87 37 498 1262 949 326 210 1590 1541 1217 1474 1342 1849 154 215 1690 3 1485 158 560 420 1320 1089 1134 1459 544 1012 1978 1325 823 1695 1924 542 141 1129 813 16 26 1626 220 25 1324 1274 307 1034 1877 988 918 994 1399 760 1353 578 957 859 1245 442 695 588 592 301 1264 1809 628 1669 507 602 439 1325 1063 1261 1125 439 1056 26 369 1057 2071 671 1353 598 75 366 2000 829 1429 1418 651 973 1149 1175 1296 1585 2199 920 1986 210 1927 1124 312 2019 1998 1944 614 1882 1772 676 2160 2140 1345 2067 1801 1808 825 843 570 657 746 1992 1118 180 2127 846 1992 46 201 239 1543 437 1496 1077 101 2095 2079 1724 1409 1384 893 1247 1059 237 1122 1921 1270 1536 1852 2038 1064 25 1334 425 1859 2129 332 1880 1256 82 2284 963 236 1019 1400 278 46 355 1099 321 1718 506 361 570 137 1269 1804 778 2188 2235 155 1683 581 2155 517 1611 1510 1174 960 901 1308 1150 1880 1302 422 1101 691 340 1074 1671 435 1750 36 1169 2241 614 773 1075 1581 1515 2199 711 1631 292 1553 2301 2089 82 1276 1841 1993 1564 643 576 596 222 956 302 2083 2017 1323 1491 48 139 1843 276 1245 766 2314 2049 367 240 1063 1762 962 868 262 868 749 790 445 588 968 2366 1371 1760 747 1752 1251 1603 951 1807 410 1706 2311 153 1426 117 380 1824 2280 754 1825 1870 1572 2258 1422 1574 362 1529 2103 982 2142 532 1764 2233 750 1555 719 2383 2052 2301 2187 1084 513 1926 1778 188 201 1716 684 952 622 2161 839 764 785 300 1649 2230 39 330 1253 1152 2428 1735 1723 1669 1056 498 1781 669 2288 1731 658 1539 1850 2412 1173 499 1935 1758 2416 2002 43 1553 915 15 1401 821 1868 2159 387 219 1361 2372 1055 1545 62 1966 333 418 904 2345 385 965 640 1170 1622 2450 1593 1854 938 304 980 210 863 1413 1911 2450 2110 810 2489 723 615 1028 1578 2162 1585 2066 2055 916 50 31 298 927 2179 759 1913 1433 981 563 2337 257 2403 1961 1202 1639 790 1627 616 463 905 832 939 954 611 1511 1705 1007 607 125 2092 1309 73 875 31 377 445 1303 1705 2102 1120 1911 2506 1742 1474 1266 2160 1943 1749 884 664 71 319 2154 2211 1846 2147 2158 2016 2440 2291 794 2473 2416 1226 1989 1257 360 1106 197 2519 1551 1075 1756 1350 2192 2079 562 873 2106 1904 1305 458 1077 1522 871 1796 2256 2292 1746 2112 2305 210 124 1226 2325 1603 1587 818 2341 1170 2429 2210 2401 1509 1983 1537 1754 1483 45 2565 1936 2618 2297 2568 1102 2012 1243 49 2364 2056 340 1329 1545 142 890 727 2446 152 2281 1511 1216 2521 1610 1496 2346 1905 2445 929 1560 1738 367 839 2542 1932 2000 1406 303 2185 164 166 2449 2321 1203 1029 940 980 1327 1609 1825 469 665 70 2000 1679 1023 1807 2498 2145 1130 128 1697 1080 199 1426 169 1636 1189 1747 539 2510 2564 1417 90 1423 77 1818 2292 1125 878 1560 732 826 797 1466 899 386 717 1111 1800 1043 1757 2195 1547 474 299 1646 109 151 787 818 2036 1147 611 753 690 2547 20 427 234 1940 1752 628 553 1501 305 2166 1115 1 2669 2695 2044 1453 736 171 658 1987 1241 109 1068 1003 849 997 2170 1456 1117 366 1383 296 388 712 2106 1122 394 1669 688 243 1477 26 561 469 2247 508 1243 1416 1717 450 2734 370 348 534 952 1411 1090 2129 2551 784 125 356 459 2114 1641 226 1238 2099 1366 1525 260 2786 2766 2588 1295 488 470 1618 990 2302 1434 1332 1306 1370 2378 1153 2287 1347 115 2543 467 905 509 739 765 1409 979 805 1633 1543 22 137 2304 2327 1663 1900 1241 1044 2649 1558 497 515 729 2385 1297 1339 2469 2068 1098 1054 1167 1582 2686 1522 467 1391 1979 2099 291 2605 978 145 1835 2552 1009 2788 1389 1163 930 1174 883 1746 2321 2564 1500 2783 2697 2346 1941 374 42 1208 1223 1858 2297 1088 2761 126 1741 607 1831 2072 2583 1483 1463 1608 2668 546 1763 2133 1851 1231 2058 2750 2524 804 2133 87 1738 1209 2275 1194 156 1618 2519 1254 732 603 242 1453 2079 105 903 1452 727 712 1405 1139 2124 1286 2842 2368 1281 1487 1828 2485 524 1463 794 1203 1406 777 11 1555 1636 1204 1819 2819 1761 2654 2084 2763 1230 68 2331 1011 1725 452 187 1143 70 127 1175 758 2550 878 1815 592 801 1879 1182 2944 1288 1374 2218 1005 2075 891 1827 54 1803 2591 979 457 2230 2471 2097 1359 1178 2751 2316 2925 1201 1539 1409 138 2963 2203 1677 2446 430 783 2968 679 1008 2763 132 1886 204 1263 282 2699 1715 1973 2038 1945 1395 829 537 2359 2782 1309 1852 1725 3001 2486 69 78 1002 1986 837 1100 1094 171 313 1682 1140 2314 1879 403 2698 352 2030 2950 3018 2417 232 2630 2408 2226 2169 908 1774 905 2099 378 329 1358 1850 1142 2887 663 110 1272 727 2902 370 2989 1139 1613 1025 23 1571 2848 1781 511 2995 459 353 2 1332 612 156 151 490 2469 2162 546 1788 1747 587 492 104 3034 1439 1518 2240 1449 2550 2524 2699 3042 2070 2999 1390 325 1933 767 710 1930 2328 521 2013 1247 106 373 1901 418 1895 1944 1282 1803 905 1875 1341 941 57 3121 1305 121 461 1330 2158 152 2316 1601 1718 47 2576 1961 2521 923 1785 1466 1584 2968 1415 987 1603 1059 521 1200 88 1983 2944 2882 1621 783 99 61 2503 1942 2797 2918 1607 2852 3065 239 2906 2487 602 2633 2019 474 2805 1477 1097 199 2027 1046 1428 996 283 855 3155 1276 1722 1870 1870 2197 1661 2689 1092 331 1770 2419 781 1999 1569 1965 2754 1114 1421 2720 1941 2591 1654 392 2148 2926 2464 517 2809 3148 2407 2555 1960 2496 1836 1529 1599 2091 1110 2994 2010 1865 333 991 2719 676 2279 3137 497 3140 3214 296 1946 451 3044 1826 1670 2037 332 1372 1294 178 371 6 2933 1642 3180 3238 2457 2666 831 1178 313 886 1221 1144 533 310 2966 1438 1638 1533 1455 894 3170 2277 2995 149 795 804 1903 2516 1022 2848 1954 2540 1461 2128 33 2056 1108 3251 2885 470 3241 282 2583 1353 1345 727 2655 736 2615 3163 357 3068 2742 2465 1249 1757 109 2430 2543 2478 169 2538 563 1546 1471 1928 2782 1912 2599 2808 1458 587 771 3150 990 585 664 1523 1035 2359 1389 124 1011 368 2619 2111 2030 1168 398 2103 938 1286 3039 3195 1251 2743 1137 1278 1774 2193 2707 484 251 2378 2733 1384 2849 3238 594 2829 539 1295 3241 1875 2648 2317 597 88 445 1231 1836 666 227 1975 40 917 329 1403 2090 504 1888 3351 421 2317 1258 1548 1859 2996 2737 541 643 2863 1870 1437 859 3042 6 317 2064 97 1508 857 113 2108 1779 439 94 2419 2022 1857 136 894 1520 408 693 1464 346 1757 631 242 910 3018 1102 3357 2669 1608 1667 266 3388 1417 722 1166 2651 358 3401 2283 1817 3310 900 1914 620 1236 3030 2313 1656 3327 3322 342 313 2000 353 1018 2689 3258 3276 371 1947 2066 2010 3191 2169 3347 864 273 1758 624 1740 2305 2736 1458 2591 623 2140 2463 2993 393 2213 3274 2060 2646 1711 1478 1434 612 377 26 1117 747 2539 3205 2431 2966 404 2370 75 1049 2057 2359 3243 1717 414 2675 379 941 2237 3120 3343 2737 1273 2137 119 298 2342 3047 3048 649 2638 2441 605 414 2889 1508 1024 1236 1660 722 138 970 1308 2647 2831 2460 288 1752 2526 2510 2364 166 850 2594 40 2250 1745 312 784 2772 408 2079 538 1905 1154 2600 1440 1874 1992 3129 2493 1347 2175 1938 113 44 3333 1802 1873 3128 2308 1688 2522 2323 1467 1168 1759 1786 1389 3187 1602 1137 490 909 1558 1278 1545 1035 833 2982 2439 3340 2752 3238 3013 1958 1164 1383 3420 434 2994 1483 802 957 2833 3315 2463 650 921 667 1447 3188 1298 2510 3498 2054 3520 1869 939 222 1828 1250 1046 1398 1483 2336 695 3607 1343 105 728 467 56 1847 2435 3592 1438 1456 1530 2546 1341 3531 631 3257 1106 537 997 1605 1397 355 2759 3241 1534 1077 2177 2131 3302 3129 1858 244 1493 595 1754 3583 594 1946 43 1062 2819 860 2995 952 1373 2689 2208 1069 3215 1903 2071 2934 1515 1966 1852 2291 1443 472 1113 1617 2917 3514 2251 14 1608 1170 2017 2283 1054 1759 2097 3396 882 3581 2926 3325 3273 1295 431 1189 2036 137 1664 3475 2925 579 2824 198 1676 2617 2027 1814 1812 3090 2542 2728 1255 2092 1731 3522 2704 1995 2132 729 1989 477 2119 3001 1957 2769 2218 1591 1607 3448 3575 2223 2993 3441 2085 1138 2296 3550 1879 3136 644 2521 1469 2444 762 3468 1706 2727 2459 347 3483 1114 1418 231 3599 325 720 2581 601 1137 2632 2234 2138 1196 1504 135 992 1067 3101 3190 1494 2681 861 929 2965 1594 1249 3552 3007 3265 1299 2703 2146 871 3199 2456 2158 1479 1002 35 3566 3247 474 21 231 907 1159 1711 2866 2614 822 11 2778 2873 1439 2700 2323 134 1014 1485 2488 1539 3537 662 3181 3521 2866 339 385 3242 576 2578 2400 2051 2495 3822 3738 2121 2201 2558 746 2155 603 3588 1768 1031 169 3089 1606 1004 2360 1870 1729 790 3025 3585 1074 438 1894 76 29 3403 215 3667 1896 308 2561 841 541 3373 3593 1474 262 1711 2767 3282 2964 3731 1764 1992 2468 2990 3829 3043 497 1712 2658 3405 3726 2624 3024 3571 409 3056 2298 2501 2483 3239 1523 1272 2898 1028 3705 1229 1939 888 1824 1387 2684 3180 1725 205 2052 2275 979 1935 2655 2105 1930 517 3574 870 1382 1100 2861 1989 227 1384 947 1503 3070 2168 3135 1745 467 3152 1442 2000 460 2529 936 2859 1273 3749 2203 1603 3873 767 2624 3897 2191 424 1158 1921 408 2363 612 2121 466 923 664 618 3113 2584 2134 1913 1503 3150 2535 1168 2432 2093 2836 51 2820 1454 669 309 332 396 2837 247 323 497 3732 273 3112 3665 1240 2115 1625 3743 651 1338 2233 2879 3346 2068 2589 2231 349 84 3126 435 193 2827 3042 214 796 2453 2253 4 2489 2650 1709 1556 2755 307 758 3899 3212 3148 2934 3213 3427 2126 2716 2000 2358 1659 2188 1954 2042 2786 2816 2389 1394 2032 2714 1868 901 2817 2466 2046 2568 1484 200 2773 1871 1616 649 747 2138 807 3504 704 2264 1743 2336 1306 1754 43 1660 446 2348 2987 3278 1957 3504 18 3624 2571 3775 709 1014 682 2592 1569 391 1571 864 3137 1644 1889 515 2735 3444 1545 2425 1798 3121 2837 3003 1647 1877 532 3498 1953 2903 3604 386 445 337 1584 663 2332 1739 3233 3389 629 207 67 282 2382 2152 949 18 3373 2204 3026 2507 1117 2937 1593 1815 1673 3412 1106 1251 3740 3891 3554 3034 2596 60 726 4088 177 3280 2658 54 2186 1653 1964 1699 1773 3771 3044 502 42 3070 3049 2405 332 2671 2131 1519 1814 2131 346 1218 1649 3374 2925 3519 2937 894 3215 2009 774 116 2395 777 2465 1713 354 481 1181 3237 1665 2567 3974 3026 377 716 3408 3706 2823 1809 3445 640 3921 4041 4118 2416 3666 1095 324 2138 2744 3039 3807 874 2956 3082 1455 3464 3384 975 888 3309 1162 1416 855 3197 112 3488 328 2279 771 3214 3369 2171 2134 3482 4126 3945 671 1916 1423 186 478 2970 309 3184 4098 945 2917 3980 1942 1368 3482 937 3697 3309 3061 3774 1414 2391 94 3383 2371 471 3879 1693 1745 1481 2056 783 3072 2131 1303 3143 563 2191 465 2842 1246 463 2042 3370 967 1004 2251 983 3789 3668 1081 2724 1869 1557 3056 3435 2524 1004 742 2738 2675 1385 1359 2406 2919 2339 886 1520 880 2961 1109 3457 3257 984 741 4192 3288 1226 1839 2502 2352 2383 3508 611 692 3678 1202 977 3585 4030 913 294 2438 3519 1675 3370 714 3408 2644 815 3527 3447 3686 3705 70 423 1013 1720 711 1175 520 1914 2016 623 328 2473 1516 940 3501 568 3402 1777 465 4230 1025 3259 3181 2904 3755 3621 2974 876 245 2637 573 2071 87 3825 1829 4173 2476 4100 2899 2976 2508 1091 2550 3171 2044 3596 2006 2656 356 3847 1322 697 3775 1448 36 2795 2952 163 3902 1500 3406 1713 2010 2356 1285 1825 3787 2163 280 2981 983 1034 3783 3784 689 3814 1264 3179 2034 648 1172 3665 1196 3173 1475 1558 386 3079 2280 1887 2992 844 4361 246 4187 1425 1340 2794 2610 3476 1497 58 426 520 1620 2666 943 2207 2293 1857 663 243 4342 1736 1355 2546 3461 586 8 1556 4234 42 4308 1544 2650 3709 2505 161 2219 1731 230 1878 3899 960 1095 3788 1376 1687 2521 3491 2644 305
