999 1 999
1003 895386606
1000 90593608
1002 17121200
1000 906376062
1003 874753759
1003 471311526
1002 5407299
1000 971024922
1003 783531044
1000 244583656
1002 219323886
1000 76152802
1003 712542004
1000 705234386
1001 800849748
1003 318352182
1000 4298734
1001 16692956
1003 904693706
1000 785586994
1002 725805380
1003 760491906
1003 665825143
1001 201037618
1000 13332181
1001 835040538
1003 539304733
1000 277849266
1003 630635722
1000 606089408
1002 123429405
1000 738050181
1001 846256698
1000 745811944
1000 10526196
1002 545487840
1003 372297412
1001 838563314
1000 66416469
1002 122812107
1000 387314955
1000 664629615
1002 495537833
1000 290817204
1000 987112357
1003 979711587
1001 69083831
1000 350664254
1000 265593782
1002 266034877
1000 367452224
1002 467604246
1000 681351365
1002 248891322
1001 170419122
1000 894151878
1002 332869998
1001 644174777
1003 683435344
1002 254512451
1000 586288737
1000 754134019
1000 215179825
1003 117653235
1003 472928633
1002 949736131
1001 376195177
1001 387500127
1000 798099409
1000 620545417
1002 854662161
1000 830184297
1000 605896976
1000 702924325
1001 385325905
1002 945785176
1001 658162267
1000 913624364
1000 615250320
1002 841783496
1001 417889263
1000 819012417
1000 725972113
1000 510492755
1000 387338071
1000 281834835
1000 974537609
1001 445214248
1000 827396656
1000 1486814
1000 939526956
1000 919423007
1000 554850684
1002 876039967
1000 302428927
1000 965382440
1003 77318770
1001 432486727
1003 790742265
1000 223323029
1000 873481418
1002 608887909
1000 707175158
1000 4500346
1000 803691761
1000 269705265
1000 53998739
1001 958489404
1001 816412838
1002 954601246
1000 25843529
1001 46991019
1000 152972310
1000 564612635
1002 24095957
1003 200757020
1003 760800273
1002 656767258
1003 180008193
1002 861729244
1000 509639707
1000 927064302
1000 503281877
1000 941856961
1002 233539782
1000 993740500
1003 63286529
1003 122903654
1001 238176694
1000 490754390
1002 837326770
1003 964361833
1003 753861318
1000 992434524
1002 662814103
1000 509616985
1003 330473816
1001 956988380
1001 836878604
1002 932508200
1000 566418603
1001 791718424
1000 389975268
1002 320097869
1000 991887229
1002 128757560
1000 939522921
1001 298136057
1003 585689723
1002 599402535
1000 889733199
1000 13644970
1002 195273345
1000 925287431
1000 972669532
1001 644966346
1000 765311719
1002 237817826
1001 996578242
1000 715367336
1001 829490368
1000 445744471
1002 651197241
1003 294016366
1001 826606208
1002 330773198
1003 797842646
1002 364696393
1000 250692143
1000 518110198
1000 20690689
1001 952690690
1001 784600406
1001 263909370
1001 802749654
1000 844547633
1000 760970432
1000 4734323
1000 103079491
1000 887677722
1002 959501913
1000 139944447
1000 704850840
1002 522074406
1000 504684271
1000 926686822
1002 934993830
1000 262537239
1000 119476408
1001 881584781
1000 907967039
1000 227788049
1000 115033908
1003 709490730
1002 403319473
1003 813723642
1000 261057749
1001 678948148
1003 602924010
1003 251362999
1000 513287772
1003 384280276
1003 11689575
1001 97004687
1000 117487350
1000 230201130
1000 993108452
1000 710831094
1000 354073759
1003 787716512
1002 597040480
1000 141970650
1000 309430805
1003 588595351
1003 358992218
1003 246859495
1000 818107987
1001 716698377
1000 80275820
1002 379899430
1002 60082258
1000 115083930
1000 528799080
1003 581498701
1002 121349333
1003 314807889
1001 673184366
1000 511968401
1000 620646045
1000 942927256
1001 298958380
1003 166350082
1002 366254800
1003 988565700
1000 992367218
1003 652906320
1003 95860508
1000 102877549
1001 171214610
1001 173556367
1000 138386944
1000 147990591
1000 875296139
1000 147961732
1003 685581266
1000 423999520
1001 581041276
1003 205369949
1000 635073720
1000 255352563
1003 992566909
1000 984694371
1001 126528080
1003 509643862
1002 975733731
1001 522368422
1001 814772748
1000 385412195
1003 388452982
1000 926505291
1000 965618339
1000 67325002
1000 253208170
1000 858157056
1000 531068976
1002 195799701
1001 78622937
1002 765380201
1001 462811528
1000 540392877
1000 238491819
1002 413997553
1000 771359527
1001 330386080
1003 353540932
1000 304941558
1000 50336423
1000 442872166
1000 518704523
1001 896354289
1002 439980455
1000 934450555
1000 236461595
1000 2835586
1002 855579568
1002 575414536
1000 197290127
1000 488549918
1002 463757132
1000 79342004
1001 16601662
1000 239313785
1000 153693184
1003 541949465
1001 17641330
1001 843107503
1001 529578754
1002 347102078
1000 475661152
1000 369412082
1003 569436517
1003 927047907
1000 156781404
1003 267814502
1000 195865202
1000 655503304
1000 74828362
1000 699134463
1003 442453794
1000 564426519
1003 462873030
1001 594002209
1000 797137996
1002 234173306
1000 775712905
1000 523151012
1001 822719253
1000 71150243
1002 327383660
1000 524178946
1002 323764424
1001 132249898
1000 397676509
1001 543207459
1001 437081820
1000 872630358
1003 258867421
1001 509770605
1000 762055853
1003 257306589
1002 963800670
1003 314241635
1000 6406194
1001 844419177
1002 861977559
1000 320510597
1000 826159417
1000 881943388
1001 111860056
1001 17973147
1003 81185233
1000 691441196
1003 164030442
1001 132024916
1001 921129654
1000 560943897
1000 66327562
1000 551509482
1000 731876337
1000 318294705
1000 250571941
1000 723884902
1000 680941548
1000 106288910
1003 76221337
1003 559427143
1003 790586524
1000 23993164
1000 154090084
1001 775714992
1003 951383690
1002 885910537
1003 688186557
1000 294822017
1003 35015344
1000 922132644
1000 661788224
1000 997076919
1002 123088732
1000 892086002
1001 80495872
1002 507867312
1003 182875357
1000 6086846
1000 646314843
1000 406911948
1003 14146204
1000 988057134
1000 997288750
1000 547509927
1000 186545597
1001 205152254
1002 852772703
1001 605003437
1002 204161095
1000 747341236
1000 715946725
1000 511387105
1002 425975595
1001 443451900
1000 459315597
1001 768202477
1001 57526982
1003 859436462
1003 161347523
1000 708430842
1000 380232355
1000 586609895
1002 822107017
1003 509220524
1000 456794888
1003 807695091
1003 927417007
1000 410977888
1003 841910847
1000 146025532
1003 227668146
1000 889160409
1000 846509838
1002 289813277
1000 877311050
1003 640096640
1001 917099675
1003 973020362
1000 146117963
1003 123213835
1000 763271764
1002 257433994
1001 106198013
1001 717862046
1000 893431965
1002 265194607
1003 29596027
1000 688931634
1003 59660679
1000 263972703
1000 850191654
1000 89137273
1001 728139170
1000 689182889
1002 359935727
1003 208343812
1000 951598154
1003 702840295
1002 953270816
1001 574805085
1002 227345205
1001 778353609
1002 299229431
1000 211804529
1001 235597600
1000 376960911
1000 258438848
1000 54295189
1000 662035433
1002 133421738
1000 736346089
1001 511985060
1000 432039261
1003 134546380
1002 728197030
1000 793235203
1000 638050604
1000 125718131
1000 689965134
1002 127969333
1003 120552005
1000 207413487
1002 621689696
1002 286633498
1000 117115494
1001 960673135
1001 696742106
1003 813102516
1000 292293524
1002 91135776
1002 309807539
1002 703609930
1000 800405081
1002 896657174
1000 523545203
1002 41256698
1000 556574912
1002 478106375
1002 602449979
1000 261485366
1002 14171241
1002 55798874
1002 993466476
1000 505900386
1001 387456812
1000 640029754
1000 367331888
1001 468611278
1000 247333607
1001 348312098
1000 518196320
1000 471147842
1001 154584868
1000 166646206
1000 492392299
1003 436467579
1000 473385694
1003 690796563
1000 652619283
1000 720141033
1000 51759649
1001 543021334
1003 787125395
1000 551719257
1000 929599091
1003 51459923
1002 960923308
1000 847112305
1000 690274336
1003 639606852
1003 343758670
1003 336159204
1000 928452911
1000 731784295
1001 705097852
1003 803833528
1000 900491879
1000 741452235
1000 895200501
1000 811228737
1003 816382154
1000 79349746
1000 655502805
1002 18968439
1002 939054384
1000 742574908
1002 552128720
1002 900816671
1000 508823369
1003 989246369
1000 380727264
1000 17972833
1000 27172643
1000 327017801
1000 536048802
1002 413131970
1003 715080377
1001 862866308
1001 504036065
1000 325823566
1000 836052975
1000 63941137
1003 630765328
1000 570935706
1000 534648544
1000 718986763
1003 175584487
1000 318408394
1002 26871867
1000 74468805
1000 471189064
1002 675849208
1000 677043241
1000 990797669
1002 375349946
1000 991591882
1000 924189099
1000 639075392
1002 261785688
1001 440056181
1000 994004212
1003 514885495
1000 36748396
1003 477621234
1000 725282480
1002 213006152
1000 520483425
1000 890089516
1001 403887432
1000 299403929
1000 339774078
1002 976165848
1000 911314659
1003 249412148
1003 722299676
1000 112277639
1000 363375645
1000 561227435
1000 777633167
1000 997157864
1001 438016648
1000 222779170
1003 612475058
1000 169654378
1003 765037970
1000 360373457
1000 896056180
1001 297250130
1000 346799362
1000 67667298
1000 871654446
1000 549899100
1001 950887547
1000 623802674
1002 142728294
1000 92497963
1002 764224598
1000 484508339
1002 883736406
1001 761050868
1000 162918779
1001 307638314
1003 901304395
1000 838147871
1000 399940022
1002 603468897
1003 809531999
1001 978957041
1002 929292020
1002 272088423
1000 731368888
1001 906647301
1002 80162653
1002 680585379
1000 430476752
1002 887149921
1000 609777362
1001 953805055
1000 242591688
1000 626517714
1000 810714245
1000 66647459
1003 920179586
1002 138527339
1000 721801264
1002 228786176
1001 940743032
1002 602103122
1000 788731778
1000 282061732
1002 484293310
1003 78678524
1000 862716386
1000 171145030
1003 823510105
1000 639741249
1002 677293588
1000 356818675
1000 964611673
1001 172697792
1000 633715399
1000 939917085
1000 519369120
1000 338719285
1002 806774785
1001 709772630
1000 200488418
1003 123343314
1000 611215938
1000 671445921
1000 332667506
1001 737515787
1001 760566919
1000 551195628
1003 918122134
1000 523539943
1000 288688855
1001 744002637
1003 752695140
1000 585861880
1002 256509531
1001 398647377
1002 328348583
1003 575885485
1000 687982602
1000 444683796
1001 663318685
1003 82139761
1000 605256420
1003 623619991
1003 668072702
1000 910096226
1003 1172039
1000 380703566
1003 758311151
1003 776477735
1002 389221203
1000 888617243
1003 370834748
1003 469330019
1000 549766776
1001 671592314
1001 800954533
1003 495278675
1000 693361945
1000 568988814
1003 603459403
1002 846714327
1000 896530088
1002 759105544
1002 271541048
1003 32308260
1003 22445841
1002 197060067
1002 609865566
1000 259116313
1000 11709669
1002 761170890
1000 388059759
1003 459090813
1001 949869811
1000 418825194
1003 349566567
1003 81175597
1000 419559242
1001 80651494
1000 250516561
1001 735789436
1000 843585798
1001 346551664
1003 804387336
1002 669558948
1000 619371636
1000 117544743
1001 744424657
1000 90204405
1000 233009410
1002 265717732
1000 267662385
1000 388700295
1000 790271097
1000 206280187
1001 510715819
1000 49408006
1003 995511169
1000 407708504
1003 727289632
1000 509818913
1000 728583199
1000 380271191
1000 964125947
1000 854189671
1001 982981654
1001 775800075
1000 198682363
1002 862325938
1002 580428743
1002 476211453
1002 366004999
1001 390046196
1000 619236196
1000 544530439
1002 674423066
1003 578093883
1000 274620572
1002 200816771
1000 252931435
1000 423213783
1001 786085519
1000 894000283
1002 794516543
1001 289086654
1000 779181183
1002 142702145
1003 8458402
1000 551303368
1000 932167477
1002 919425754
1000 960499764
1003 804550287
1000 151156278
1000 341676681
1000 659521807
1000 495640423
1000 278084966
1003 512228587
1003 195784092
1000 117820605
1001 7437121
1000 806844482
1000 667451793
1000 641576502
1000 740764834
1000 877839728
1001 896450403
1003 154637107
1000 267638848
1000 71040954
1002 214525071
1001 223877738
1000 844070366
1003 931686212
1000 810590574
1003 217708115
1000 777106701
1000 622275441
1002 485975493
1000 87501802
1001 107303167
1000 143546012
1001 337369645
1001 475411927
1002 243275458
1000 690773284
1003 108973541
1000 373285694
1000 601466689
1000 828128310
1000 431249272
1003 608492301
1000 695064269
1002 281564387
1000 951053965
1000 891944954
1001 152548179
1001 175214996
1002 885185433
1000 153100225
1000 352437699
1000 712308156
1000 702696955
1001 418370841
1000 459886049
1000 91978164
1003 173781174
1000 940788468
1003 404741989
1000 347622342
1001 53881178
1000 164893880
1000 783535961
1001 421263832
1001 484871938
1000 380647758
1001 475959730
1000 160903715
1000 270156238
1002 564718938
1002 50300111
1000 482504210
1000 796710102
1000 568139200
1000 192288358
1003 982989618
1000 614918618
1002 161145167
1003 983706924
1000 670175645
1003 538012248
1002 655193882
1000 56706779
1000 884317735
1000 801347926
1000 885603291
1001 892169061
1003 615484889
1000 971175660
1002 934671892
1000 988861881
1001 693321584
1000 680091614
1003 639825882
1001 791997965
1003 735920376
1000 283827127
1002 128985302
1003 680329041
1000 26381958
1000 119927578
1000 410061405
1000 480072128
1000 79313230
1000 187636857
1001 857321968
1000 668932995
1002 844409166
1000 542551234
1000 802633269
1003 958144578
1000 288988892
1002 436556721
1000 883735661
1000 488003839
1000 166813216
1002 834309656
1002 770348360
1003 982862281
1000 957694418
1000 746786658
1000 313743056
1000 230003658
1000 746054023
1000 281139403
1002 812688336
1000 307245651
1000 767977882
1002 455293431
1002 629999934
1001 530879287
1000 157401389
1003 583194068
1000 711604975
1000 65065169
1000 566461226
1000 271763636
1001 768755597
1001 781987740
1001 527389055
1003 25356804
1000 254046522
1003 15395304
1000 222649238
1000 725311462
1000 497199001
1002 551104536
1000 263392137
1000 581041967
1000 398815452
1000 459017655
1000 139052082
1000 68926077
1001 175804334
1000 789961132
1003 693299995
1000 209414009
1000 444005968
1000 797036113
1000 764211717
1000 326661346
1000 606000674
1000 577517956
1000 251837850
1002 669853073
1000 38756578
1002 816301266
1001 515397716
1002 702627747
1000 455387046
1000 299583674
1000 389931361
1003 604583910
1001 580266662
1003 506933955
1000 975862919
1000 576113619
1003 22334338
1000 575832271
1001 879236739
1000 35146842
1001 794055763
1001 153104051
1000 660111828
1000 706534235
1000 393205118
1002 635778047
1001 175225121
1000 392362893
1000 534353681
1001 279495182
1001 916918262
1002 421315257
1000 508341732
1000 276599975
1001 49173645
1003 709358231
1000 885857049
1002 724205342
1001 317952201
1000 67878080
1003 16179574
1000 8268392
1001 228780392
1000 349575265
1000 428940157
1001 204030263
1000 142241412
1001 76517075
1000 525180209
1000 348668473
1001 848241718
1003 438105259
1001 772972815
1000 324709885
1002 639230051
1003 832491371
1002 921146071
1000 311849158
1001 664852670
1000 97548138
1000 451921346
1002 969948780
1001 260584710
1002 119144618
1000 423245832
1000 162825388
1003 756913109
1003 122624326
1000 297484694
1000 638510545
1000 419540698
1000 847557264
1003 781865838
1003 466690749
1000 227242232
1001 152062570
1000 281114519
1002 279375012
1002 882204055
1002 874912223
1000 961997966
1000 71320290
1003 45320143
1003 634574815
1 1 2 3 2 4 4 3 2 10 10 11 2 11 12 4 11 3 13 19 19 5 19 18 2 20 15 19 21 17 7 2 7 2 30 19 21 21 12 33 41 42 15 4 34 23 12 2 45 41 12 31 47 33 44 30 57 2 31 49 9 6 36 6 16 16 16 40 49 42 24 50 62 57 43 34 67 30 57 12 71 7 25 46 81 49 73 83 71 41 14 70 17 76 8 52 16 64 95 4 51 59 63 62 48 64 104 64 19 71 3 93 23 93 97 97 91 23 52 89 84 110 45 16 7 79 50 52 7 2 6 60 110 63 52 76 135 135 60 113 112 89 106 15 67 109 36 139 33 57 55 77 39 5 15 142 47 28 83 143 56 63 154 41 152 37 59 6 23 105 170 110 44 32 149 33 21 150 20 20 108 170 153 85 25 178 163 157 150 178 43 100 151 23 50 80 175 121 120 143 29 55 64 201 64 119 101 119 174 76 188 113 153 7 199 4 7 215 84 123 105 45 144 194 76 226 202 74 164 8 182 224 68 203 192 180 158 205 24 235 191 3 106 49 205 79 245 166 118 125 212 11 1 161 18 221 251 23 76 102 119 57 126 46 200 237 255 32 259 12 158 142 230 253 10 223 218 88 262 91 205 88 78 253 178 138 163 261 56 196 184 51 33 80 215 285 149 3 66 182 78 131 121 238 259 224 251 206 197 236 102 305 1 224 46 106 176 318 202 264 117 284 132 43 266 8 321 124 36 16 5 259 316 280 175 187 149 276 280 13 288 230 42 84 129 343 165 130 94 24 2 208 289 226 258 159 203 180 212 33 257 109 360 276 248 156 97 21 258 209 29 246 349 351 185 368 13 310 271 80 182 157 301 137 38 327 168 71 136 334 234 273 180 38 32 310 7 22 316 289 29 346 76 55 33 321 145 90 293 103 63 406 38 240 259 349 30 23 397 337 328 405 281 249 55 157 358 71 417 40 33 414 259 390 248 429 303 302 214 313 243 214 302 327 344 245 103 326 202 401 229 354 17 23 163 416 386 243 285 41 405 21 115 17 432 342 375 160 43 151 206 138 298 463 316 258 471 225 67 27 203 246 196 478 336 70 318 136 60 462 200 63 75 281 67 122 426 305 12 450 105 310 488 250 122 483 231 222 278 95 187 186 434 344 364 34 247 102 488 163 460 369 79 195 499 144 65 339 57 507 365 78 461 142 252 310 512 490 137 420 522 518 489 157 249 497 7 193 212 323 341 488 439 477 197 411 417 294 198 13 414 501 526 183 186 529 320 84 75 13 62 165 510 195 559 124 28 30 433 201 161 270 395 467 393 565 286 293 185 589 8 20 447 146 357 42 24 572 60 482 467 227 42 87 417 155 2 121 556 250 122 150 24 219 220 77 411 483 272 519 70 294 367 62 367 204 396 428 386 230 60 289 67 74 312 416 553 51 199 561 532 104 157 529 81 10 318 139 406 147 284 564 159 55 127 152 354 352 326 622 30 555 80 147 12 341 617 424 109 301 554 154 473 671 136 502 285 211 376 196 74 517 524 131 100 622 322 391 660 565 196 363 389 502 24 619 549 122 71 243 437 188 167 212 403 145 330 100 271 277 525 143 301 644 237 706 82 627 103 531 496 537 554 8 663 596 150 671 469 135 517 515 710 669 422 640 728 273 334 211 70 303 680 347 404 579 695 344 326 530 120 88 353 484 269 270 469 436 549 231 271 714 186 111 460 392 389 450 758 358 262 446 390 447 181 646 744 350 772 34 644 637 634 285 300 12 461 90 185 399 731 621 449 315 444 48 673 571 139 117 60 521 381 83 741 425 718 30 546 722 289 88 213 287 688 667 41 28 626 747 134 277 302 228 817 392 484 171 464 484 577 229 624 318 558 631 2 364 310 163 663 102 140 509 154 68 523 218 649 610 534 534 431 669 628 564 173 713 438 499 713 220 39 537 277 729 247 518 526 424 425 162 160 239 489 413 393 485 816 744 681 481 485 483 370 325 265 473 268 770 215 428 671 69 733 128 734 64 347 400 319 861 159 260 49 10 691 879 689 79 223 274 800 671 243 268 230 79 632 263 271 650 188 794 43 784 769 864 772 101 550 460 507 354 111 34 482 370 463 803 11 381 7 229 659 81 447 823 439 522 539 225 606 570 768 771 481 117 186 422 717 188 839 653 736 866 946 809 731 574 27 734 655 693 670 58 245 844 269 597 206 738 588 907 427 609 951 783 578 298 135 432 690 355 73 28 987 778
