6000 6000
1 1 1 1 5 6 6 8 9 8 11 10 11 12 13 14 15 18 18 20 19 21 22 22 24 24 27 26 28 30 29 32 33 32 33 35 36 38 37 39 39 42 43 43 45 44 46 46 48 50 50 50 51 54 55 55 56 57 58 58 60 60 63 64 65 66 67 66 69 70 69 72 73 74 75 74 77 77 79 78 81 82 83 82 84 86 87 88 88 90 90 90 92 93 95 95 96 96 97 99 99 100 103 102 105 106 107 107 109 109 111 110 113 113 113 116 117 117 118 118 119 121 122 123 123 126 127 128 128 128 130 131 131 134 134 134 137 136 138 140 140 141 141 142 144 145 147 147 147 150 149 151 151 152 153 156 157 156 158 159 159 162 162 164 165 164 166 166 168 170 169 171 171 173 174 174 176 178 177 180 179 182 181 183 184 185 186 186 187 190 191 190 193 194 193 194 197 197 198 200 201 202 201 203 204 204 205 207 207 210 211 210 211 214 215 214 216 216 218 219 221 220 222 222 223 226 225 228 229 229 230 232 231 234 233 235 237 238 237 238 240 242 242 242 243 245 246 247 247 249 249 252 251 253 255 256 257 256 258 258 259 262 261 264 263 264 266 268 268 270 269 270 272 274 274 276 277 277 278 280 279 280 283 282 285 286 285 286 287 288 289 290 292 292 293 296 295 297 298 299 301 300 301 303 304 304 307 307 308 310 309 311 311 313 313 316 315 317 317 319 321 321 323 322 325 325 325 326 328 329 330 332 332 332 334 334 335 336 337 340 339 341 341 344 343 345 347 347 347 348 350 351 352 354 353 355 357 356 359 358 360 360 362 364 363 365 367 368 369 369 370 371 371 374 373 375 376 376 378 379 381 382 382 382 385 386 385 388 387 390 391 390 393 394 395 395 395 397 397 400 400 400 402 404 404 405 405 407 409 409 410 412 413 413 413 416 416 417 417 419 420 421 422 423 425 424 426 426 428 429 430 432 432 433 434 434 437 436 439 438 441 441 441 444 444 444 447 448 449 449 449 451 452 452 455 454 456 458 459 460 460 462 462 463 465 466 466 466 468 468 469 472 471 472 473 475 476 478 478 479 480 480 483 482 484 485 486 486 488 490 489 492 493 494 495 494 495 498 499 500 500 502 502 502 505 505 507 507 507 509 511 510 512 513 515 514 515 516 518 518 519 521 523 523 523 524 525 526 528 528 531 531 533 534 533 535 536 538 538 540 541 540 543 542 544 546 547 548 549 549 550 552 553 553 554 556 556 557 557 559 560 561 562 562 565 566 565 566 568 569 569 572 573 574 574 575 577 576 577 578 581 581 583 583 584 586 586 588 587 588 591 590 593 593 594 595 597 597 598 598 599 601 601 604 603 606 607 608 607 610 609 612 613 612 615 616 616 617 618 618 621 620 623 623 625 626 625 626 628 629 629 632 633 634 634 636 635 638 638 639 639 642 641 644 644 646 646 647 649 648 650 651 651 654 655 656 656 656 659 658 661 661 661 664 665 665 667 667 669 668 671 671 672 672 675 675 676 676 677 678 680 680 682 683 684 686 686 686 688 689 690 692 692 693 695 695 695 697 699 698 701 702 702 702 705 704 706 708 708 708 711 712 711 712 714 716 717 716 718 718 719 720 721 722 723 724 725 728 729 728 730 730 731 734 734 735 736 738 739 738 740 741 742 744 744 745 746 746 747 748 750 751 751 754 754 755 756 756 757 759 760 762 763 763 764 766 766 766 767 769 769 772 772 774 773 774 775 776 778 779 779 781 783 782 783 786 787 786 787 789 789 790 791 793 793 795 795 798 797 798 799 800 802 804 805 806 806 808 808 808 811 810 813 813 814 814 815 817 818 819 821 821 823 823 825 826 826 827 829 828 830 830 831 834 835 836 836 837 837 838 841 842 843 842 844 846 847 846 849 850 849 850 853 854 853 855 856 857 857 859 861 860 863 863 863 866 867 868 869 869 869 871 872 874 873 875 877 878 879 878 880 880 883 883 884 886 885 886 888 890 890 890 892 892 893 896 896 897 899 899 899 900 901 902 905 904 907 906 908 908 909 910 911 914 915 916 917 916 919 919 920 921 922 924 923 924 927 928 928 929 929 930 931 932 933 934 936 938 938 940 941 940 943 943 943 944 945 946 948 949 949 952 952 954 954 956 957 956 958 958 959 961 963 962 965 964 967 967 967 969 970 972 972 974 974 975 975 977 978 978 980 981 981 982 983 984 987 986 989 988 991 990 993 992 995 996 996 998 997 1000 1001 1002 1002 1002 1004 1006 1005 1006 1008 1009 1010 1010 1012 1014 1015 1016 1016 1018 1017 1019 1019 1022 1021 1024 1023 1024 1027 1026 1028 1029 1029 1030 1031 1032 1033 1036 1037 1036 1038 1039 1041 1041 1041 1044 1045 1044 1046 1046 1049 1048 1049 1052 1052 1053 1054 1056 1055 1058 1059 1058 1061 1061 1062 1064 1065 1064 1066 1068 1069 1068 1071 1071 1073 1072 1074 1074 1077 1077 1079 1079 1080 1081 1082 1084 1085 1086 1087 1086 1087 1089 1090 1092 1091 1093 1093 1095 1097 1096 1099 1100 1101 1100 1101 1102 1104 1106 1106 1108 1107 1110 1109 1112 1111 1112 1114 1115 1116 1116 1119 1119 1120 1121 1122 1124 1125 1124 1125 1126 1127 1129 1130 1132 1133 1132 1133 1136 1137 1136 1137 1140 1140 1141 1142 1144 1145 1146 1147 1148 1149 1150 1151 1151 1151 1152 1154 1156 1156 1157 1157 1160 1161 1160 1162 1163 1164 1165 1167 1168 1168 1169 1171 1172 1173 1174 1173 1176 1177 1177 1178 1178 1179 1181 1183 1183 1183 1184 1185 1186 1188 1190 1190 1191 1191 1193 1193 1195 1197 1197 1197 1200 1201 1202 1202 1202 1203 1204 1207 1206 1209 1208 1211 1212 1213 1214 1214 1214 1217 1217 1219 1219 1220 1221 1222 1224 1225 1224 1226 1227 1228 1229 1231 1231 1232 1232 1235 1234 1237 1238 1238 1239 1240 1240 1242 1242 1245 1246 1245 1248 1249 1248 1250 1251 1251 1254 1253 1256 1257 1258 1259 1259 1261 1262 1262 1263 1264 1266 1267 1266 1268 1269 1271 1270 1272 1274 1273 1275 1277 1277 1278 1279 1281 1280 1282 1284 1285 1286 1286 1288 1288 1289 1290 1292 1292 1293 1293 1295 1297 1298 1297 1299 1299 1300 1301 1303 1305 1305 1306 1307 1308 1308 1310 1311 1312 1312 1313 1315 1316 1316 1319 1320 1320 1321 1323 1322 1323 1326 1327 1326 1327 1330 1329 1332 1331 1333 1334 1336 1336 1336 1338 1340 1339 1341 1341 1343 1344 1346 1347 1347 1348 1348 1349 1351 1352 1354 1353 1356 1356 1357 1358 1359 1360 1362 1363 1364 1364 1365 1365 1366 1367 1368 1371 1372 1372 1372 1375 1374 1375 1376 1379 1380 1380 1381 1382 1382 1385 1386 1387 1388 1389 1390 1389 1390 1393 1393 1394 1395 1396 1398 1399 1400 1399 1400 1402 1404 1404 1406 1405 1408 1408 1409 1409 1411 1411 1412 1413 1416 1416 1417 1417 1419 1421 1422 1421 1422 1423 1426 1425 1428 1428 1430 1429 1431 1432 1434 1433 1436 1435 1437 1437 1439 1439 1442 1443 1443 1443 1445 1445 1446 1448 1449 1449 1451 1453 1453 1455 1456 1457 1457 1458 1459 1461 1460 1463 1463 1463 1465 1467 1467 1468 1469 1470 1470 1471 1472 1474 1476 1477 1478 1477 1478 1479 1481 1481 1482 1483 1484 1485 1486 1488 1489 1489 1491 1492 1493 1494 1495 1497 1497 1499 1499 1499 1500 1503 1502 1503 1504 1506 1507 1509 1510 1509 1512 1511 1514 1515 1514 1515 1517 1518 1518 1520 1520 1521 1524 1523 1525 1526 1528 1528 1530 1529 1531 1531 1532 1535 1536 1536 1536 1537 1538 1539 1542 1543 1542 1545 1544 1545 1546 1547 1550 1551 1551 1551 1554 1555 1556 1557 1558 1558 1559 1561 1562 1563 1563 1564 1565 1567 1568 1567 1570 1569 1571 1572 1574 1573 1576 1575 1576 1577 1578 1580 1580 1583 1582 1585 1586 1585 1586 1587 1590 1589 1591 1591 1593 1595 1596 1595 1597 1597 1600 1601 1601 1602 1604 1605 1604 1606 1607 1608 1608 1609 1611 1613 1613 1615 1615 1616 1616 1617 1619 1621 1622 1622 1622 1625 1625 1627 1627 1629 1629 1629 1631 1631 1633 1634 1635 1636 1637 1638 1640 1639 1642 1641 1643 1644 1645 1645 1646 1647 1648 1650 1652 1652 1654 1653 1655 1656 1658 1659 1659 1659 1661 1661 1663 1664 1666 1667 1668 1669 1669 1670 1672 1672 1673 1675 1674 1677 1677 1677 1680 1679 1680 1683 1682 1684 1684 1685 1686 1688 1690 1691 1690 1691 1692 1694 1696 1695 1698 1699 1699 1699 1702 1702 1704 1703 1706 1706 1706 1709 1709 1711 1710 1711 1714 1715 1716 1715 1718 1719 1719 1721 1720 1721 1722 1725 1725 1727 1726 1727 1730 1729 1731 1733 1734 1734 1734 1737 1737 1738 1739 1741 1740 1742 1742 1744 1746 1747 1746 1749 1749 1750 1750 1751 1754 1753 1754 1756 1757 1757 1760 1760 1760 1763 1762 1765 1766 1765 1767 1767 1768 1769 1771 1771 1772 1774 1775 1777 1776 1778 1780 1781 1780 1782 1783 1785 1784 1786 1787 1789 1790 1789 1791 1792 1792 1793 1795 1795 1796 1798 1800 1799 1800 1802 1803 1804 1806 1807 1807 1809 1809 1810 1810 1812 1812 1814 1814 1816 1817 1819 1820 1820 1821 1823 1823 1824 1826 1827 1827 1827 1828 1829 1830 1831 1834 1834 1836 1835 1836 1838 1838 1841 1840 1841 1844 1845 1845 1845 1848 1848 1849 1850 1850 1853 1854 1853 1856 1857 1858 1858 1860 1859 1861 1862 1864 1865 1864 1867 1866 1869 1870 1871 1872 1872 1872 1873 1875 1877 1876 1878 1879 1879 1882 1881 1883 1883 1886 1885 1887 1887 1889 1890 1892 1893 1892 1893 1895 1897 1896 1899 1898 1901 1901 1901 1902 1903 1904 1907 1906 1909 1910 1910 1911 1911 1912 1914 1916 1916 1917 1919 1918 1919 1922 1922 1922 1924 1926 1925 1926 1929 1930 1930 1931 1931 1932 1933 1936 1937 1937 1937 1939 1939 1942 1942 1942 1943 1945 1945 1946 1948 1948 1949 1950 1953 1952 1953 1955 1957 1957 1957 1960 1960 1962 1963 1962 1965 1966 1967 1968 1968 1970 1970 1970 1971 1974 1973 1975 1976 1978 1979 1980 1981 1980 1981 1984 1983 1985 1987 1988 1988 1988 1990 1992 1992 1992 1995 1996 1996 1997 1997 1998 2001 2000 2002 2004 2003 2006 2006 2007 2008 2010 2009 2012 2013 2014 2015 2014 2017 2018 2017 2018 2019 2022 2021 2023 2023 2024 2026 2028 2029 2029 2029 2030 2032 2034 2034 2034 2037 2038 2038 2038 2040 2042 2041 2043 2045 2046 2046 2047 2047 2049 2050 2050 2053 2053 2055 2056 2056 2056 2057 2058 2059 2061 2063 2063 2065 2064 2066 2068 2069 2070 2069 2071 2073 2072 2074 2075 2076 2077 2079 2080 2079 2082 2081 2082 2084 2086 2085 2087 2087 2088 2089 2090 2092 2094 2094 2094 2095 2096 2099 2099 2099 2101 2102 2104 2105 2106 2107 2106 2107 2108 2109 2111 2112 2113 2114 2115 2116 2118 2118 2119 2120 2122 2121 2124 2125 2125 2125 2127 2129 2129 2131 2132 2133 2134 2134 2134 2137 2136 2138 2139 2140 2140 2143 2143 2145 2145 2146 2148 2149 2148 2151 2152 2153 2154 2155 2156 2156 2157 2159 2160 2160 2162 2163 2164 2163 2166 2165 2166 2167 2169 2171 2170 2171 2173 2174 2175 2177 2177 2179 2178 2179 2182 2181 2184 2184 2186 2187 2188 2187 2190 2189 2192 2193 2193 2194 2196 2195 2197 2199 2199 2200 2201 2201 2203 2205 2206 2207 2206 2209 2210 2210 2210 2213 2214 2215 2215 2217 2217 2218 2219 2221 2222 2223 2224 2225 2226 2226 2228 2227 2229 2231 2232 2231 2232 2235 2234 2237 2237 2237 2240 2240 2242 2242 2242 2243 2246 2245 2248 2248 2249 2251 2251 2252 2253 2254 2254 2257 2256 2258 2258 2260 2261 2261 2262 2264 2266 2266 2266 2267 2270 2269 2271 2273 2274 2273 2274 2276 2278 2279 2278 2279 2282 2283 2282 2284 2286 2286 2288 2287 2288 2291 2290 2291 2293 2294 2295 2297 2297 2299 2299 2299 2300 2303 2303 2304 2306 2307 2308 2308 2308 2310 2310 2313 2314 2314 2315 2316 2318 2318 2319 2319 2320 2322 2323 2325 2326 2326 2326 2328 2330 2329 2332 2331 2333 2333 2335 2335 2338 2337 2340 2339 2342 2342 2344 2344 2344 2346 2348 2348 2348 2350 2351 2353 2353 2355 2356 2357 2356 2358 2358 2361 2362 2363 2363 2364 2364 2367 2368 2368 2368 2370 2372 2373 2372 2373 2376 2375 2378 2378 2378 2381 2381 2383 2384 2383 2386 2387 2387 2387 2389 2391 2390 2392 2394 2394 2396 2395 2398 2398 2399 2399 2401 2401 2403 2405 2404 2407 2406 2409 2410 2410 2410 2411 2412 2415 2415 2415 2416 2417 2420 2419 2421 2423 2424 2424 2424 2427 2427 2429 2428 2430 2432 2431 2433 2435 2435 2436 2438 2439 2438 2440 2442 2441 2444 2443 2445 2447 2448 2447 2448 2450 2452 2451 2454 2453 2456 2457 2458 2457 2459 2460 2462 2461 2464 2465 2466 2465 2466 2467 2469 2470 2471 2472 2473 2474 2475 2475 2476 2479 2478 2480 2481 2482 2482 2483 2485 2485 2488 2488 2490 2489 2491 2493 2494 2494 2494 2495 2496 2497 2500 2500 2501 2501 2504 2504 2504 2505 2508 2507 2510 2510 2511 2511 2514 2513 2516 2516 2517 2519 2519 2521 2522 2521 2524 2524 2526 2527 2526 2529 2530 2529 2531 2533 2534 2535 2536 2537 2537 2537 2538 2539 2542 2541 2544 2544 2546 2547 2548 2548 2550 2551 2550 2553 2552 2555 2555 2555 2557 2559 2559 2561 2562 2561 2562 2563 2565 2567 2566 2569 2568 2571 2572 2571 2573 2575 2575 2575 2576 2577 2579 2579 2582 2583 2582 2585 2586 2587 2587 2589 2589 2591 2592 2592 2594 2594 2594 2595 2598 2598 2599 2599 2601 2601 2603 2603 2606 2606 2606 2607 2608 2609 2612 2613 2612 2615 2616 2615 2616 2619 2619 2620 2622 2622 2622 2623 2624 2626 2626 2628 2628 2630 2632 2631 2632 2634 2634 2636 2637 2637 2639 2641 2641 2641 2642 2645 2644 2646 2648 2647 2649 2650 2650 2651 2654 2655 2655 2655 2656 2659 2660 2660 2662 2662 2664 2665 2665 2665 2666 2667 2668 2671 2670 2671 2674 2673 2676 2677 2678 2678 2678 2681 2681 2682 2684 2683 2684 2685 2688 2688 2688 2691 2692 2691 2694 2694 2694 2695 2697 2698 2700 2699 2700 2701 2702 2705 2706 2707 2708 2709 2710 2710 2710 2711 2713 2714 2715 2717 2717 2717 2718 2720 2721 2721 2724 2725 2724 2725 2728 2729 2730 2730 2731 2732 2734 2735 2736 2735 2736 2739 2739 2740 2741 2741 2742 2743 2744 2747 2746 2749 2748 2751 2751 2753 2754 2753 2755 2757 2758 2759 2759 2761 2760 2763 2763 2764 2765 2767 2766 2768 2768 2770 2772 2772 2772 2774 2775 2775 2777 2779 2779 2781 2780 2782 2782 2784 2786 2787 2787 2788 2788 2789 2792 2793 2793 2795 2796 2796 2796 2797 2800 2800 2800 2802 2803 2804 2806 2805 2806 2807 2809 2811 2810 2813 2812 2813 2816 2817 2816 2819 2820 2819 2820 2822 2824 2824 2826 2825 2826 2829 2830 2830 2832 2833 2834 2833 2834 2835 2837 2839 2840 2841 2840 2842 2843 2843 2844 2845 2846 2848 2848 2851 2851 2852 2853 2853 2856 2855 2858 2857 2858 2861 2861 2861 2863 2865 2865 2866 2867 2868 2868 2870 2870 2872 2872 2874 2876 2875 2876 2879 2878 2880 2882 2882 2884 2884 2884 2887 2886 2888 2889 2889 2890 2893 2894 2893 2896 2897 2896 2897 2899 2899 2901 2903 2903 2905 2904 2906 2906 2908 2910 2909 2910 2912 2914 2914 2915 2917 2918 2918 2919 2921 2921 2921 2924 2924 2924 2927 2928 2928 2928 2930 2930 2931 2932 2933 2934 2935 2938 2937 2939 2940 2940 2942 2943 2943 2944 2945 2946 2947 2950 2951 2952 2953 2954 2955 2955 2955 2956 2958 2958 2960 2960 2961 2962 2963 2964 2966 2968 2968 2968 2969 2971 2973 2972 2974 2974 2975 2976 2977 2980 2979 2981 2982 2984 2983 2986 2986 2988 2988 2988 2989 2991 2991 2992 2994 2996 2997 2997 2998 3000 2999 3002 3003 3002 3005 3006 3006 3007 3008 3010 3010 3011 3011 3014 3015 3014 3015 3016 3018 3020 3021 3020 3021 3023 3024 3025 3026 3028 3028 3030 3031 3032 3033 3032 3034 3034 3036 3037 3038 3039 3041 3042 3043 3044 3045 3044 3047 3047 3048 3050 3050 3052 3052 3053 3055 3055 3057 3056 3059 3059 3059 3062 3062 3064 3064 3065 3067 3067 3068 3069 3071 3070 3073 3074 3075 3076 3075 3076 3078 3080 3081 3082 3082 3082 3085 3085 3086 3086 3089 3088 3089 3091 3091 3094 3094 3095 3097 3096 3097 3100 3099 3101 3102 3104 3105 3106 3107 3108 3108 3108 3109 3111 3112 3113 3115 3116 3115 3117 3117 3119 3121 3122 3121 3124 3124 3124 3127 3128 3127 3128 3130 3132 3132 3133 3133 3136 3137 3137 3139 3140 3141 3141 3142 3143 3145 3145 3145 3147 3148 3148 3151 3150 3151 3153 3155 3155 3156 3157 3158 3158 3161 3160 3163 3163 3164 3165 3165 3167 3168 3170 3169 3170 3172 3174 3175 3174 3176 3178 3179 3178 3179 3180 3183 3183 3184 3186 3186 3186 3189 3190 3191 3192 3191 3192 3194 3195 3195 3197 3198 3199 3199 3200 3201 3204 3204 3206 3205 3207 3208 3210 3211 3210 3211 3212 3213 3215 3217 3217 3219 3220 3221 3222 3223 3224 3223 3224 3227 3227 3229 3229 3231 3232 3231 3233 3234 3235 3237 3238 3237 3238 3241 3241 3242 3242 3243 3244 3246 3246 3248 3250 3250 3252 3251 3253 3253 3255 3256 3258 3259 3258 3260 3262 3261 3262 3265 3266 3267 3266 3267 3268 3269 3271 3272 3272 3275 3275 3276 3276 3277 3280 3279 3281 3282 3284 3285 3285 3285 3287 3289 3290 3290 3292 3291 3293 3295 3294 3297 3296 3298 3298 3299 3302 3302 3304 3305 3304 3306 3307 3307 3309 3311 3310 3312 3312 3314 3316 3315 3316 3317 3319 3321 3320 3321 3322 3324 3324 3327 3327 3328 3329 3329 3332 3332 3334 3333 3336 3335 3337 3338 3340 3340 3340 3343 3344 3343 3345 3345 3347 3347 3348 3351 3352 3353 3352 3353 3356 3355 3358 3359 3359 3361 3360 3361 3364 3365 3364 3367 3367 3368 3370 3370 3372 3373 3373 3373 3375 3377 3377 3379 3380 3379 3380 3383 3382 3383 3385 3386 3388 3387 3388 3390 3390 3391 3392 3395 3396 3396 3398 3399 3398 3399 3400 3402 3403 3405 3405 3406 3408 3408 3408 3409 3411 3411 3414 3414 3414 3415 3418 3418 3418 3419 3422 3422 3422 3424 3426 3426 3426 3429 3430 3431 3430 3433 3434 3433 3434 3436 3437 3439 3439 3440 3441 3442 3444 3443 3444 3447 3446 3447 3448 3450 3450 3451 3452 3455 3456 3457 3456 3458 3459 3461 3462 3463 3462 3463 3465 3466 3467 3469 3470 3470 3471 3473 3473 3473 3475 3477 3478 3477 3479 3479 3480 3483 3482 3483 3485 3485 3487 3489 3488 3491 3490 3492 3493 3494 3496 3497 3497 3497 3498 3500 3501 3503 3503 3504 3505 3507 3508 3509 3509 3511 3512 3512 3513 3515 3514 3515 3517 3518 3520 3521 3520 3522 3523 3523 3524 3525 3528 3529 3528 3529 3532 3533 3534 3535 3535 3535 3536 3538 3538 3539 3540 3542 3544 3545 3545 3546 3547 3549 3550 3551 3552 3552 3553 3553 3554 3557 3558 3557 3558 3560 3560 3562 3564 3563 3566 3567 3567 3568 3570 3570 3572 3572 3574 3573 3576 3575 3576 3578 3578 3581 3582 3581 3584 3583 3585 3586 3587 3588 3588 3589 3590 3592 3592 3593 3596 3595 3598 3599 3599 3601 3601 3603 3602 3604 3606 3606 3607 3608 3609 3610 3610 3611 3613 3613 3616 3616 3616 3619 3618 3621 3621 3623 3623 3623 3625 3626 3626 3627 3630 3631 3630 3632 3634 3635 3634 3636 3637 3638 3638 3641 3642 3642 3642 3643 3644 3646 3646 3647 3648 3651 3651 3651 3653 3655 3655 3656 3657 3657 3659 3660 3661 3661 3663 3665 3666 3665 3667 3668 3669 3669 3670 3671 3674 3674 3674 3677 3678 3679 3680 3680 3682 3681 3682 3683 3684 3685 3686 3688 3690 3690 3691 3693 3693 3693 3694 3697 3696 3698 3700 3701 3701 3703 3702 3704 3705 3705 3708 3707 3708 3711 3710 3713 3713 3713 3714 3716 3718 3717 3718 3719 3721 3723 3723 3724 3724 3727 3727 3729 3730 3731 3731 3733 3732 3735 3736 3735 3736 3738 3740 3741 3742 3743 3742 3744 3745 3747 3748 3749 3750 3749 3750 3751 3754 3753 3754 3757 3758 3758 3759 3761 3760 3763 3764 3765 3764 3766 3768 3768 3770 3769 3771 3771 3774 3774 3774 3777 3778 3778 3780 3780 3782 3783 3783 3783 3784 3787 3788 3787 3788 3791 3790 3792 3794 3793 3795 3797 3798 3799 3798 3800 3801 3803 3802 3803 3805 3806 3806 3808 3808 3810 3811 3812 3812 3813 3815 3815 3817 3819 3818 3821 3820 3821 3823 3824 3825 3827 3828 3829 3828 3830 3832 3832 3834 3835 3834 3837 3836 3837 3839 3841 3841 3842 3842 3843 3846 3845 3846 3848 3849 3851 3852 3853 3854 3855 3854 3856 3857 3857 3860 3859 3860 3862 3862 3863 3864 3865 3866 3869 3869 3869 3872 3873 3873 3873 3874 3877 3878 3878 3878 3880 3881 3883 3884 3884 3885 3886 3886 3888 3888 3890 3891 3892 3893 3895 3896 3896 3898 3897 3899 3899 3900 3903 3902 3903 3905 3905 3907 3907 3910 3909 3911 3913 3912 3914 3915 3915 3918 3917 3920 3920 3922 3922 3924 3925 3924 3927 3926 3927 3929 3930 3932 3931 3933 3933 3935 3937 3937 3939 3938 3939 3940 3941 3942 3945 3945 3946 3947 3947 3948 3951 3950 3952 3952 3955 3956 3957 3956 3958 3958 3961 3960 3963 3963 3964 3966 3965 3966 3968 3969 3970 3972 3972 3973 3975 3976 3976 3978 3977 3979 3981 3981 3983 3982 3983 3986 3986 3986 3989 3990 3989 3991 3991 3994 3995 3995 3996 3996 3997 4000 4000 4002 4002 4003 4004 4004 4005 4006 4009 4009 4010 4012 4011 4013 4015 4016 4016 4018 4017 4020 4021 4022 4021 4024 4024 4026 4025 4026 4027 4030 4031 4031 4031 4033 4035 4034 4035 4038 4038 4040 4041 4040 4043 4043 4045 4044 4047 4047 4048 4048 4050 4050 4052 4053 4055 4055 4056 4058 4057 4058 4061 4061 4061 4063 4064 4064 4065 4066 4068 4069 4069 4070 4073 4073 4075 4075 4076 4077 4079 4079 4080 4081 4083 4084 4084 4085 4087 4086 4089 4088 4091 4092 4091 4092 4093 4096 4096 4096 4098 4099 4100 4102 4102 4102 4103 4104 4105 4108 4107 4108 4111 4112 4111 4113 4115 4115 4115 4117 4118 4119 4121 4121 4121 4124 4125 4125 4127 4128 4128 4129 4129 4132 4131 4132 4135 4136 4137 4138 4137 4139 4140 4142 4143 4144 4145 4145 4146 4146 4149 4148 4149 4151 4151 4154 4155 4156 4155 4157 4159 4160 4159 4160 4161 4164 4163 4164 4167 4167 4167 4170 4169 4172 4172 4174 4175 4176 4175 4176 4178 4180 4180 4181 4183 4182 4183 4185 4186 4188 4188 4188 4189 4190 4193 4194 4195 4196 4196 4197 4199 4200 4201 4200 4203 4202 4203 4206 4206 4208 4208 4209 4210 4210 4211 4212 4214 4216 4216 4217 4217 4220 4220 4220 4223 4224 4224 4224 4225 4228 4229 4229 4231 4230 4232 4234 4235 4236 4236 4238 4237 4240 4241 4240 4241 4243 4244 4244 4245 4246 4249 4250 4249 4252 4251 4254 4254 4256 4255 4257 4259 4259 4260 4262 4263 4264 4265 4264 4265 4266 4269 4270 4271 4270 4272 4272 4274 4274 4275 4276 4279 4278 4281 4281 4281 4282 4283 4284 4285 4286 4287 4290 4289 4291 4292 4294 4293 4296 4297 4296 4297 4298 4299 4301 4301 4303 4303 4306 4305 4308 4307 4308 4309 4311 4312 4313 4313 4316 4317 4317 4317 4318 4319 4320 4321 4324 4323 4324 4327 4327 4329 4330 4330 4330 4332 4333 4333 4334 4336 4337 4337 4339 4339 4342 4343 4343 4344 4345 4345 4348 4348 4350 4349 4351 4351 4354 4354 4354 4357 4357 4357 4360 4360 4362 4362 4362 4364 4365 4367 4367 4368 4370 4371 4372 4371 4374 4375 4374 4376 4376 4378 4379 4379 4380 4381 4382 4383 4385 4386 4388 4388 4388 4391 4392 4392 4393 4394 4394 4396 4396 4399 4400 4401 4401 4401 4402 4405 4405 4405 4406 4408 4410 4411 4411 4413 4413 4414 4416 4416 4416 4419 4420 4419 4421 4422 4423 4424 4426 4427 4426 4428 4429 4431 4430 4432 4433 4433 4436 4436 4437 4439 4440 4441 4442 4441 4444 4443 4445 4446 4447 4448 4448 4451 4452 4451 4452 4454 4456 4457 4458 4459 4459 4461 4461 4463 4463 4464 4464 4466 4466 4469 4469 4471 4472 4473 4473 4474 4474 4476 4477 4477 4478 4480 4482 4482 4482 4483 4485 4487 4487 4489 4490 4491 4490 4492 4493 4494 4494 4496 4496 4498 4500 4499 4500 4503 4502 4505 4506 4506 4507 4509 4509 4509 4510 4512 4514 4514 4515 4516 4518 4517 4519 4519 4520 4521 4522 4523 4525 4527 4527 4528 4530 4529 4530 4533 4532 4533 4534 4536 4536 4537 4538 4541 4542 4543 4543 4544 4544 4546 4546 4549 4550 4550 4552 4552 4554 4555 4555 4556 4556 4559 4559 4559 4562 4562 4564 4565 4566 4566 4566 4567 4570 4571 4572 4573 4573 4573 4575 4576 4576 4577 4579 4579 4580 4581 4583 4585 4584 4587 4587 4588 4590 4591 4592 4591 4592 4594 4594 4595 4596 4597 4600 4600 4602 4602 4603 4603 4606 4607 4606 4608 4608 4610 4612 4611 4614 4614 4614 4617 4616 4618 4619 4619 4620 4622 4624 4624 4624 4625 4627 4627 4629 4630 4630 4632 4633 4633 4635 4636 4637 4638 4640 4641 4640 4643 4643 4643 4645 4647 4647 4647 4648 4649 4651 4652 4653 4654 4655 4655 4657 4659 4658 4661 4661 4661 4662 4664 4666 4666 4667 4669 4670 4669 4672 4673 4674 4675 4676 4675 4678 4679 4680 4680 4681 4681 4684 4685 4685 4685 4688 4689 4689 4690 4692 4693 4693 4693 4696 4695 4697 4697 4700 4701 4700 4702 4702 4704 4706 4706 4706 4708 4708 4711 4710 4713 4712 4713 4716 4717 4716 4718 4718 4720 4722 4721 4724 4725 4724 4725 4728 4727 4728 4731 4731 4732 4734 4735 4734 4736 4737 4738 4740 4741 4740 4741 4743 4743 4746 4747 4748 4748 4749 4749 4752 4753 4754 4754 4756 4756 4758 4759 4758 4761 4760 4763 4763 4764 4766 4765 4768 4767 4769 4770 4772 4773 4772 4773 4774 4775 4778 4779 4779 4779 4780 4782 4784 4783 4785 4786 4788 4787 4789 4790 4790 4791 4794 4794 4794 4796 4796 4797 4800 4801 4800 4803 4803 4804 4805 4806 4806 4807 4809 4809 4812 4812 4813 4814 4816 4815 4816 4818 4819 4819 4821 4823 4823 4823 4826 4826 4826 4828 4829 4829 4832 4832 4832 4835 4834 4835 4836 4837 4838 4840 4840 4841 4842 4843 4846 4845 4847 4849 4848 4850 4852 4852 4852 4853 4855 4856 4857 4858 4860 4860 4862 4861 4863 4865 4864 4866 4866 4868 4869 4871 4870 4871 4872 4874 4874 4876 4878 4879 4880 4880 4882 4882 4882 4884 4884 4885 4886 4888 4890 4890 4892 4893 4892 4893 4894 4895 4898 4897 4899 4901 4902 4902 4902 4903 4905 4907 4908 4909 4909 4910 4912 4913 4913 4914 4915 4915 4918 4917 4919 4920 4921 4921 4924 4924 4926 4925 4927 4928 4929 4931 4931 4932 4932 4934 4934 4937 4938 4937 4938 4941 4941 4942 4942 4945 4944 4945 4946 4949 4948 4951 4951 4953 4954 4955 4955 4955 4957 4958 4958 4960 4960 4963 4964 4965 4965 4967 4968 4967 4970 4971 4972 4972 4973 4975 4975 4975 4976 4978 4980 4981 4982 4983 4984 4984 4984 4987 4988 4988 4990 4989 4992 4992 4994 4993 4995 4995 4998 4998 5000 4999 5002 5003 5003 5003 5005 5005 5006 5009 5010 5010 5012 5012 5014 5015 5015 5017 5016 5018 5018 5021 5021 5023 5024 5025 5025 5027 5028 5027 5028 5030 5032 5033 5032 5034 5034 5037 5037 5038 5038 5040 5041 5042 5043 5043 5045 5045 5047 5049 5050 5050 5051 5051 5053 5053 5055 5055 5056 5057 5060 5059 5062 5062 5064 5063 5066 5067 5066 5068 5068 5070 5070 5073 5074 5075 5074 5076 5078 5079 5079 5081 5080 5081 5082 5084 5085 5085 5086 5089 5088 5090 5090 5091 5092 5093 5094 5095 5096 5098 5098 5101 5102 5102 5102 5103 5104 5107 5108 5107 5109 5111 5110 5112 5114 5114 5116 5115 5118 5118 5118 5120 5122 5123 5122 5125 5125 5126 5128 5128 5129 5130 5132 5131 5134 5134 5134 5137 5138 5139 5138 5140 5142 5143 5142 5144 5144 5145 5147 5147 5149 5149 5151 5153 5154 5154 5155 5157 5157 5157 5159 5160 5162 5162 5162 5163 5166 5165 5168 5168 5168 5170 5170 5171 5174 5173 5176 5175 5178 5179 5180 5181 5182 5181 5182 5185 5185 5186 5188 5189 5190 5189 5192 5193 5192 5195 5196 5196 5197 5197 5200 5199 5201 5203 5202 5205 5204 5205 5206 5207 5209 5211 5212 5212 5214 5213 5216 5217 5217 5219 5220 5219 5221 5223 5222 5224 5225 5227 5228 5229 5228 5229 5230 5231 5232 5233 5236 5236 5238 5238 5239 5239 5241 5243 5244 5243 5245 5246 5246 5247 5250 5249 5250 5251 5253 5255 5256 5256 5258 5258 5258 5260 5261 5262 5262 5265 5264 5265 5266 5268 5270 5271 5270 5272 5274 5275 5274 5276 5278 5278 5280 5280 5281 5281 5282 5285 5284 5287 5288 5287 5289 5291 5291 5292 5293 5294 5295 5295 5296 5297 5299 5300 5302 5302 5303 5305 5305 5305 5307 5309 5309 5311 5312 5311 5313 5313 5315 5316 5316 5318 5318 5319 5321 5323 5322 5325 5326 5326 5326 5329 5329 5330 5331 5331 5332 5335 5335 5335 5336 5339 5340 5340 5341 5343 5344 5344 5344 5347 5348 5348 5350 5350 5351 5352 5352 5353 5355 5355 5357 5358 5358 5360 5362 5363 5363 5363 5365 5366 5368 5369 5368 5370 5370 5371 5374 5374 5374 5377 5376 5377 5378 5379 5382 5382 5383 5384 5385 5385 5387 5389 5389 5391 5392 5392 5392 5393 5396 5396 5397 5399 5398 5399 5402 5401 5403 5403 5404 5406 5408 5408 5410 5411 5410 5411 5414 5413 5416 5415 5417 5417 5418 5419 5421 5421 5424 5424 5425 5426 5428 5428 5428 5431 5431 5433 5432 5435 5434 5436 5436 5437 5439 5440 5441 5441 5443 5443 5444 5447 5447 5447 5450 5450 5450 5452 5452 5455 5454 5456 5458 5457 5459 5460 5461 5462 5462 5464 5465 5466 5468 5468 5469 5471 5471 5471 5474 5474 5474 5476 5477 5477 5480 5481 5480 5481 5482 5485 5484 5486 5487 5488 5489 5490 5491 5492 5494 5494 5494 5497 5496 5499 5498 5501 5502 5502 5502 5504 5506 5507 5506 5507 5508 5509 5511 5511 5512 5515 5514 5517 5516 5518 5519 5521 5522 5521 5522 5525 5525 5525 5528 5529 5528 5530 5532 5532 5534 5534 5535 5535 5537 5539 5540 5539 5540 5542 5543 5545 5544 5545 5546 5547 5549 5549 5551 5553 5553 5555 5555 5557 5556 5558 5558 5559 5560 5562 5564 5564 5566 5567 5568 5568 5570 5570 5571 5572 5572 5574 5575 5575 5578 5578 5580 5579 5581 5583 5583 5585 5584 5585 5587 5588 5589 5589 5590 5592 5592 5593 5596 5597 5597 5597 5599 5601 5600 5602 5604 5604 5605 5605 5606 5608 5610 5609 5612 5612 5614 5614 5615 5615 5616 5619 5619 5619 5621 5623 5624 5625 5625 5626 5628 5628 5628 5630 5632 5632 5632 5633 5635 5636 5637 5639 5640 5640 5642 5641 5643 5645 5645 5647 5647 5647 5650 5649 5651 5653 5652 5655 5656 5656 5657 5659 5658 5661 5661 5661 5663 5663 5664 5666 5668 5667 5670 5670 5670 5671 5674 5674 5674 5675 5678 5678 5678 5679 5680 5682 5682 5684 5685 5685 5686 5689 5688 5689 5692 5691 5694 5693 5696 5697 5697 5697 5698 5701 5702 5702 5704 5705 5706 5707 5707 5708 5709 5711 5710 5711 5713 5713 5715 5716 5716 5719 5719 5721 5721 5723 5723 5725 5726 5726 5727 5729 5728 5731 5731 5733 5732 5734 5736 5737 5737 5737 5740 5739 5742 5743 5742 5745 5744 5747 5747 5748 5750 5749 5750 5753 5754 5753 5756 5755 5756 5759 5758 5760 5760 5763 5764 5763 5766 5765 5767 5769 5770 5771 5771 5772 5774 5774 5776 5775 5776 5778 5779 5781 5781 5782 5784 5785 5784 5787 5786 5789 5788 5789 5791 5791 5793 5793 5795 5796 5796 5797 5798 5799 5802 5801 5804 5804 5806 5805 5806 5808 5809 5811 5811 5812 5814 5814 5815 5817 5816 5817 5820 5819 5821 5821 5823 5823 5826 5825 5827 5828 5829 5831 5832 5833 5834 5835 5836 5836 5836 5837 5838 5841 5842 5843 5844 5845 5844 5845 5846 5847 5849 5850 5851 5852 5854 5855 5854 5855 5856 5858 5859 5859 5861 5862 5864 5863 5864 5867 5868 5869 5868 5871 5871 5873 5874 5873 5876 5875 5877 5879 5879 5881 5881 5882 5883 5883 5884 5885 5886 5887 5890 5889 5892 5891 5894 5893 5894 5895 5897 5897 5899 5899 5902 5902 5903 5903 5904 5905 5906 5909 5908 5910 5912 5912 5914 5913 5914 5917 5917 5919 5919 5919 5921 5921 5923 5923 5926 5925 5926 5927 5929 5931 5930 5933 5934 5935 5935 5936 5938 5938 5939 5940 5942 5942 5943 5944 5946 5946 5947 5949 5948 5949 5950 5951 5953 5955 5954 5955 5956 5957 5959 5959 5960 5963 5962 5964 5964 5965 5966 5967 5969 5969 5971 5971 5974 5975 5975 5976 5978 5979 5980 5979 5982 5983 5983 5984 5984 5986 5987 5987 5989 5991 5991 5993 5993 5993 5995 5996 5997 5997 
2 1084
2 99
2 4202
3 4515
3 77
3 4823
1460 4148
2705 2497
4396 1587
4536 285
4651 347
1160 4199
19 1449
1272 3782
2734 2879
2537 1284
3316 739
1926 3368
325 3942
1664 2651
4747 452
1106 1807
1820 1396
992 4673
1421 927
3344 787
2645 3094
916 3477
2223 3674
3534 1340
586 1591
198 2725
3094 1409
2228 1791
3525 2493
3026 3284
915 970
2717 2760
956 3946
4077 2639
1550 1433
2297 3883
1290 1295
3107 210
1371 2782
2915 3034
3872 2677
1864 3319
629 2500
110 2594
3963 330
2952 2870
3661 2950
2160 1019
123 4791
4490 58
4159 946
1385 854
2843 3674
3758 2595
3005 1375
2909 552
2300 1812
3340 2912
2063 4368
2951 1577
197 3215
3088 1188
222 2159
492 379
754 371
1639 1529
2697 3849
4767 18
1212 1887
981 1217
1981 1422
1474 1503
2310 2429
603 2022
528 2458
2796 170
2974 229
2188 644
4442 5
2944 3307
263 3702
2991 915
2151 444
2148 1606
574 2271
2765 1992
1387 2565
2037 3327
3948 113
2609 4081
4249 368
2585 131
4345 1181
3905 2535
834 2573
2075 728
3050 1685
984 1751
557 493
4345 259
156 2662
540 3884
1658 3698
395 2763
1002 1929
3048 740
413 2196
330 4627
3078 337
4305 813
658 1733
4378 1674
1653 629
1518 1615
1590 1231
1245 4144
1055 1071
1804 60
1396 1160
572 3784
4556 1372
1358 4002
1688 616
584 4044
2436 1224
904 4164
2173 3768
706 183
4241 1256
849 1563
1500 2981
2682 901
2398 3817
786 4200
3158 716
3050 26
2047 863
15 3955
2222 828
1879 825
3884 1104
2497 656
225 3798
2304 1234
55 3794
3742 2822
1690 2931
4055 1933
1627 1858
2346 50
437 3434
290 4732
3981 316
3107 2673
3841 779
1262 1336
3946 82
997 1116
3975 55
2694 3981
2061 3145
1827 736
2779 826
2834 4027
644 1425
42 2681
4608 764
3130 3735
690 890
3884 625
2080 3253
3503 2868
4440 1190
644 1682
1100 4194
2954 317
578 911
247 2447
4602 603
234 3148
4528 1285
2121 4077
1156 3784
505 3542
3533 1356
421 2003
1200 523
4047 2863
907 214
2314 198
134 4077
3044 2363
1542 4088
462 1292
2665 2551
3983 2681
722 4396
1404 3942
3099 3082
282 1510
569 381
4083 2344
1119 3442
2912 2356
1319 3627
2209 2822
2415 116
492 1360
2155 4070
2759 402
4092 711
802 1942
2314 954
616 3227
36 2890
201 924
3651 844
853 4414
1149 4154
2770 2524
810 3566
1028 2977
4339 1528
615 4360
1099 3920
1955 2615
731 2648
1503 4439
1008 4587
888 2355
2127 2156
1625 2559
2599 24
3372 1952
3972 2194
1396 4264
310 1968
1028 3758
1396 2853
3364 1629
276 409
1413 1297
3694 1124
1690 193
2501 1593
4250 1602
179 4797
835 4105
1493 2192
981 3053
4125 2705
438 293
1558 118
4448 1261
4175 394
3843 562
423 2019
1587 3373
1245 3893
2447 3403
237 3939
3963 2953
107 1193
2201 2775
835 171
2963 505
682 3575
2765 557
2792 3377
668 4509
1608 3497
255 1631
2461 3713
1691 1611
99 4919
494 1602
773 2685
3849 2942
1321 3382
3930 550
22 3883
65 719
1341 2075
222 4374
228 1539
2157 957
4343 2303
2715 2552
1563 877
1503 4527
1258 1799
553 1344
290 3912
2797 2728
2187 1154
1731 3924
2320 1036
449 2193
105 1336
1052 3896
150 341
3403 1201
268 1177
12 4885
1005 2092
1976 838
1046 3117
547 3623
2003 364
2412 3989
367 3568
1511 3738
86 2905
2132 1399
692 1627
1477 2861
3610 804
344 523
3262 1886
2837 2924
1376 787
4013 2160
2415 1045
2069 3661
2410 3563
2656 2104
3005 249
4367 995
247 853
3990 2655
835 3253
1463 2744
731 4070
1543 2741
1757 3604
1965 4197
3955 1257
3698 2188
2444 2631
2258 4281
2954 84
3899 2344
1306 156
984 463
2084 1995
1122 2420
708 2447
385 1565
531 2251
2348 3666
3623 3178
4552 760
1784 2702
242 4195
521 4088
2348 3327
2056 1767
412 3960
1190 911
4012 2622
1859 2362
1200 3606
1682 3661
1456 1073
1284 165
3932 2224
1477 967
3693 2435
2977 3145
2430 2991
2461 1288
1176 1150
3235 1071
3991 2937
419 3991
3153 556
1382 4266
4093 480
2186 1674
2358 2192
593 2344
2741 3957
2797 3642
3932 2316
1979 1099
1570 4552
3028 2362
569 452
2214 1229
2356 311
4405 701
2399 2609
216 4924
629 4223
4183 1619
1237 806
2772 3854
3344 2472
3915 1104
3178 1737
4426 1562
3627 1677
4281 748
237 416
4378 1772
1973 2194
2802 347
1879 3990
2488 2758
360 3545
1176 2997
455 313
2409 69
2284 4000
1458 1084
3825 2125
107 3550
521 3172
3705 658
1616 3324
556 1493
3385 1411
4853 96
4924 274
3874 1311
3801 2837
262 4140
313 2606
1231 1245
2457 3979
1229 2104
4035 1065
1695 3825
4606 142
2724 2598
2834 2739
4324 96
234 1562
2830 2415
3792 1493
179 2519
3262 1430
2573 1101
825 1563
2351 3217
708 2868
3132 1820
1385 2019
179 4837
2559 3316
95 2007
877 3641
3312 1559
1559 781
967 1997
1477 3150
3370 1027
1358 586
2131 341
1458 3478
1463 3592
793 2682
916 531
1807 804
3955 95
1321 731
3143 3250
875 4564
3396 2175
693 2096
1242 3080
1558 3262
927 742
2494 2196
4368 319
3358 963
4456 1567
423 3698
441 879
3939 639
1177 113
2444 3130
3140 680
3839 29
1504 813
2834 2193
3888 1639
4196 672
207 4607
4232 310
566 4602
2387 1699
3478 1372
2278 2660
3932 1178
4383 1253
2971 2787
908 3507
1497 4419
367 2129
2673 1167
3352 3352
1556 1520
2213 2476
762 2153
3160 1677
1647 1041
1929 480
2642 1985
3731 285
688 3777
1483 1491
2855 4084
4070 423
550 2718
2568 2058
2318 2205
1523 899
4020 2586
924 2488
2677 3190
1385 3702
1033 562
4265 908
2691 3667
2988 1146
4012 2909
4490 552
2017 2899
4362 2245
2283 3155
4167 2370
1817 105
618 2777
3638 3437
556 3584
2567 1814
4068 438
2023 3073
2104 1419
779 4743
4321 56
1411 3758
55 4085
3678 3047
290 908
1804 166
4160 2197
572 2645
2081 297
102 708
4689 740
2155 397
1952 2053
3584 974
2186 1760
412 4026
82 2441
3047 1064
3272 1635
3729 2971
3795 1605
2485 3292
3834 1271
1949 84
3788 2160
2858 2918
1749 2937
4351 147
194 437
1238 4502
1639 2699
3834 2826
1635 3455
2565 2170
2915 3212
3958 2283
2326 456
4474 1045
4924 319
3104 1957
60 4856
15 417
2099 345
81 2453
4031 2391
3002 299
4048 2470
3745 2304
2205 3105
2240 1353
2358 4287
78 2348
3237 2482
2167 2861
2173 2201
2804 2996
2526 734
56 3176
15 2392
2800 569
2546 843
1633 1016
2114 639
1841 1690
1831 2853
2118 3237
2751 1819
2804 3857
2586 897
536 3396
2084 4339
2003 252
3447 1015
2125 3968
301 337
316 4684
2307 2196
3252 2639
2699 1053
880 3587
1812 12
4414 1460
4696 147
3839 1451
2834 2519
2548 3922
2140 2501
2287 2688
2770 3064
2765 1812
1604 3828
3081 904
963 4441
1387 3544
4223 1169
978 3178
56 2876
1253 3176
2096 4006
2032 2129
3924 1799
1637 2219
2423 2822
3618 1529
1725 2659
2023 1439
1864 540
4764 159
2121 1555
2866 1281
4318 1866
4533 808
2728 365
705 2732
671 3011
3827 1859
2772 1567
4225 1330
2685 507
842 2383
2931 1775
452 1585
2146 3751
341 153
400 915
2874 2557
3691 2069
1451 1821
1650 1425
3751 2592
821 4362
2175 1949
2724 751
262 2676
4290 623
3405 2458
1698 3011
835 4812
459 1539
2205 762
1645 1044
3616 2160
584 2736
1857 3528
3165 3731
3232 3509
72 4772
1347 1911
2734 1605
2364 3344
4738 584
1658 4365
4061 711
1171 1297
1582 3986
813 3808
804 577
919 24
821 734
2851 3070
45 4225
849 2022
1615 2914
615 127
2166 4362
2757 2582
872 1015
51 2909
2457 1799
290 128
793 4549
1456 1119
3005 50
1988 4316
3973 95
3604 706
2934 3005
1364 3248
2017 3787
1173 282
548 1996
757 2420
3587 1897
165 3610
2819 2551
1622 4541
3026 2977
90 4375
4197 648
2781 1744
3031 757
2824 1346
531 249
2306 3627
841 4588
4055 2504
609 4871
793 2249
1567 2461
178 702
110 2457
2452 3132
4128 1313
2623 2612
1165 4293
214 4145
826 4732
3469 1573
3863 823
2209 1227
2420 4026
2231 2565
2157 2855
1637 3150
2283 3738
1242 1074
3133 3064
3532 3321
1368 722
2389 2576
249 781
573 3895
12 3584
225 1866
1937 26
1532 2612
1327 1924
3043 3529
954 166
2234 3155
4188 337
2199 1746
3494 3491
2612 2264
1086 362
1201 3963
714 1625
2504 2983
499 434
4044 2800
3190 2131
2713 1256
2387 1213
4073 2594
2804 2326
4136 1207
1558 4400
4731 748
462 73
698 3638
2736 1224
2795 857
1201 1290
1136 4156
109 3485
2807 1500
4692 1195
95 682
42 3065
2157 2533
1106 156
1111 3634
975 1049
1120 648
2918 1677
2163 1133
95 593
975 3721
15 43
4399 87
4217 466
2861 2893
1271 3608
1044 3424
3282 2409
1044 425
3642 1656
131 3081
952 3231
448 2747
3232 2104
299 1741
773 2221
783 287
1286 3373
3379 1409
106 95
641 1018
805 4077
3379 2358
1140 4581
4673 1458
1835 2634
1188 2874
1371 1787
72 4816
3191 197
1901 3917
1308 1518
2480 2928
4767 867
668 3042
3653 2266
2170 253
1331 843
187 2420
127 844
4607 210
1504 776
3361 438
3231 2529
2072 1782
2175 1101
2843 2585
3411 3102
4144 179
914 313
2612 1509
693 322
1585 1437
3212 2046
1306 416
1171 654
2649 1737
2806 214
2178 1789
131 3197
45 1058
2143 1142
4081 307
15 2209
3229 2526
1933 975
690 3893
1864 463
4443 18
1425 2837
4151 606
4027 2606
1368 486
1642 4015
914 1979
95 1036
1413 313
3834 1073
1995 661
2240 3595
1667 2887
1469 3224
808 3344
3825 2688
2958 1212
1518 1751
855 3289
1523 1949
813 1814
2282 2222
58 2616
3757 1831
2053 3616
963 1451
269 1699
3155 1782
58 486
348 1682
1873 3186
3554 3220
3211 3379
3121 2276
1557 2151
1127 3433
2779 3545
317 4905
3020 3669
3405 3509
269 2391
1762 2467
4016 776
1313 2601
2013 3355
3082 3732
452 3296
2125 3424
2363 2154
2357 1931
2282 2131
970 4485
3082 2353
3406 437
1146 525
1924 2937
3512 3141
1417 29
3053 2240
766 3235
556 2061
2339 1207
2999 2438
4440 1831
755 2555
1336 1080
3141 3808
1176 2952
102 4697
4334 1036
1122 2392
317 4895
4607 369
1220 409
1271 2163
381 4759
153 4474
1266 2655
828 1674
4183 731
1892 3496
4367 1917
2222 369
1256 601
2777 755
938 1869
1030 3952
1436 469
4035 73
1924 1178
1348 4376
2534 4002
2709 3513
3951 2760
2654 1523
719 4542
2395 1659
1156 2797
4075 2565
1543 3883
1824 4128
3797 2282
1041 964
4015 1217
922 109
2197 1499
4753 140
3874 77
1486 1698
1543 2804
2240 221
3190 32
896 4098
1453 1460
3550 171
1387 505
3403 321
1590 4463
3803 170
3262 174
3461 382
548 2670
2338 1810
1767 4339
1497 4108
1200 562
2358 1831
4892 240
1604 469
3655 469
3716 1879
2162 2399
1451 1266
3563 364
2061 3945
2942 2678
1320 2406
4482 648
2406 3491
2919 711
311 210
3074 1742
3348 1789
1483 1831
1858 888
3364 2572
1390 4146
145 1879
1793 4093
1528 2022
1382 654
2043 1917
2392 3028
3932 2628
3367 904
1510 1943
1725 1323
3604 138
2699 1396
866 359
1191 608
834 1311
4606 123
262 60
1714 2034
646 4030
3352 1631
552 4087
229 3659
4451 593
3373 779
1116 744
356 3724
1375 3329
46 4927
2702 995
3937 1237
3697 708
140 2947
3505 1809
2106 3222
1421 885
1290 3258
156 525
472 1316
786 4440
4079 1114
1591 3284
2007 1544
1334 2813
762 739
2355 1949
3186 1124
1504 1336
1529 3698
381 3810
1428 3747
4043 268
2479 3156
2037 1767
2323 1826
171 1463
1100 3886
1973 2014
1154 3995
8 4016
4518 1015
2760 3434
3002 3939
3272 2544
1796 828
1595 2544
1536 3020
2491 347
1202 3595
793 3873
3491 2497
4536 321
4135 940
2137 1201
1353 2579
598 2394
1933 2104
823 4543
521 3872
4679 1362
1101 1677
2500 2717
1363 1737
2017 3616
1483 3256
1242 2026
766 3465
4009 1064
1016 3835
2676 437
4525 1408
3599 2472
201 4786
4016 975
819 3960
4058 1106
3896 1421
2264 2567
3995 2649
2224 3082
1706 2050
872 2609
4518 1408
1931 978
1311 3939
3608 888
2482 3292
3139 1996
1200 1563
731 2134
4088 2151
992 1550
1353 2066
3327 2853
1672 2466
1744 1514
3678 1601
1980 3635
1835 3148
1398 731
3143 1281
2290 4146
3665 2424
2420 1887
3907 3124
1229 492
2551 1933
922 513
87 3042
153 214
1463 1340
1606 2026
211 1810
1544 3986
2476 390
693 706
1071 1474
2137 3791
1297 2504
708 1061
2705 2333
4241 698
1188 1002
597 4010
3299 766
1055 1647
2282 3276
2858 638
927 2531
1647 2616
1277 3455
3117 963
502 2615
4092 1371
4020 1827
2157 3638
2887 1995
3707 483
769 3774
198 4647
1698 417
772 2112
3716 2893
1511 958
2167 1826
455 4214
3043 3740
1897 888
2112 128
1340 174
1000 4763
1968 2562
1489 2880
1169 1100
933 3534
1571 1451
3139 2187
147 3792
2361 664
1010 1990
2445 185
3801 1334
3235 2585
2971 629
4275 2438
3557 3026
4206 1229
1946 3552
4800 307
1171 1376
3978 2887
3547 2637
3727 2138
1586 455
142 4190
2084 4427
2215 3229
185 1532
460 629
2966 3924
722 3290
2699 3863
1605 4469
3529 1202
3044 1045
2559 2775
4115 1591
2582 50
1666 597
690 2795
908 1970
2789 69
963 2124
463 896
2046 1172
2096 2163
1544 1080
3372 3691
1142 469
936 4472
930 3031
2804 1046
885 4010
1106 1685
2143 276
3111 60
4350 128
4426 1467
2866 2747
4164 1917
3680 2362
434 4075
4791 417
2497 1171
3344 2656
3227 2866
546 2915
1819 1305
242 3279
2575 64
3685 1387
2971 1661
3262 1234
2840 3180
1528 946
2829 311
2079 412
779 4073
279 1282
4144 2747
521 4880
1493 1901
2739 3237
819 1433
2432 3857
1793 4440
1140 1049
38 2947
1692 2040
4375 1992
2535 3860
1288 3791
64 1119
2950 340
2997 2876
874 4040
3026 3979
1160 4666
672 2084
2131 3958
347 3747
72 3797
874 293
3878 2870
2822 838
3068 2637
1274 2286
4077 1873
3742 1421
2447 946
2224 4085
1802 3568
1739 185
2548 954
4579 90
164 4235
1271 409
2433 287
1421 1590
4458 183
1190 2222
1386 2205
1165 2257
4414 1224
2284 2157
495 1828
573 1539
1580 1802
2320 2261
1010 2129
3197 2782
1133 4607
390 4181
1903 3139
2516 1946
1585 3584
1679 1615
1796 367
3874 2261
2848 1019
4391 1471
166 1497
2228 1757
2398 1177
702 1262
3835 2906
1988 661
1730 4203
3364 2229
2194 2072
1016 2226
428 156
2055 3634
69 4265
3104 586
603 3679
802 698
4272 641
2014 4275
2119 1331
3289 1814
1619 566
731 3891
4251 2223
2299 2131
2612 2559
3638 1436
1901 4437
4667 671
3015 3520
460 1171
256 3545
1231 2355
1515 3808
3701 1924
452 228
2362 1970
2485 1871
3176 711
419 1892
1082 2741
2423 2591
1372 4413
3989 846
1090 4567
3677 1556
1802 1955
2066 2358
484 4145
1595 2944
1443 449
632 2137
790 2072
667 1500
2954 74
1474 595
3201 3327
360 2603
131 3316
2433 2213
952 1828
4573 1550
846 783
2931 2362
3513 2457
4287 1691
393 2649
1722 2535
2876 2099
3340 1887
846 1992
489 4772
2173 3545
4603 984
1890 3461
4814 764
786 3086
437 2181
2822 36
3560 2234
1919 2763
382 4195
3127 1018
421 3955
2697 4105
583 1580
1389 2537
3345 2270
3828 2616
448 4111
4821 170
24 2367
2237 1251
2971 2971
3155 3648
2950 285
835 1793
3930 1387
2066 4329
2012 286
781 3296
2084 1593
344 639
2240 2316
1658 4446
1844 4073
2728 2050
4197 2069
3385 3462
110 2734
2228 417
74 310
42 3955
187 2571
2713 2973
2252 1500
706 348
3176 3801
3525 3258
2042 880
2154 3674
3603 521
612 2691
2432 4010
4607 128
4329 2043
2009 3758
2205 3828
3462 731
1079 2709
2386 2673
1562 469
1119 799
1451 99
3741 1402
3031 2086
4135 1557
879 126
3797 677
2718 2467
664 1430
3557 1408
3587 2023
3237 3220
3542 1046
1237 3738
2399 1585
3210 69
2845 3183
2364 914
1737 3742
3299 2308
1474 2069
1269 3497
1262 3920
174 194
3055 2353
1587 1200
3667 2405
846 2335
1421 219
1820 2221
1092 4696
4102 1256
285 3557
211 4102
3246 3682
4111 2807
2186 786
1477 2162
166 1848
996 1528
4466 1949
740 3396
4746 828
1200 2189
1279 3832
2491 1706
3718 2504
1156 4603
2438 2921
3846 2905
3705 1146
4092 1336
99 587
2430 635
1257 2601
1917 1819
4343 2197
3219 319
259 2464
405 4365
4290 1428
2162 1336
3698 2718
1393 3730
416 3139
978 4439
2072 3554
2459 3797
2229 1334
2999 2708
2642 434
3269 1449
3627 2944
3509 1916
956 2890
3560 2391
1857 4186
2339 1567
1336 4296
1099 2421
1439 448
623 3175
1535 2896
4929 345
543 268
465 1826
1476 2986
2524 2937
740 3603
4311 2166
2215 131
823 841
1914 2405
1364 1300
340 4254
4860 269
3064 3782
586 1782
2575 2753
179 831
4077 2429
2325 2290
4129 1303
4073 1024
4047 1481
2754 237
1005 1140
1834 2501
3348 1661
4392 1320
4055 145
2156 654
3884 266
2807 3666
2903 3467
1576 3663
4704 386
1096 3314
3163 1898
1550 1790
390 786
473 578
3479 1872
412 566
441 548
2166 3976
2014 162
667 2971
465 623
2223 1922
259 3452
1045 2043
1996 1778
3551 2261
1363 2105
1071 4408
2479 4220
164 2800
1946 1543
2603 1033
3702 2628
4112 1906
2552 618
3795 2851
1727 3742
1364 3899
3758 3014
1084 3289
69 1543
1699 29
3282 2837
2826 1148
4507 868
2129 4196
69 4902
4308 698
2143 3610
2424 933
3742 2310
3392 2329
3869 385
2931 2234
1930 3183
3062 2694
2245 3784
2398 249
1942 3419
1204 1341
4672 460
2594 159
4862 299
1721 4194
629 1917
3952 751
1571 3223
2734 857
4519 65
1033 3455
1409 2609
1079 1295
4021 874
1106 2290
447 693
138 914
510 304
2316 256
2786 337
156 1253
332 3372
2866 4015
1104 2410
2971 661
810 2061
581 2014
2160 2089
4439 581
3145 2308
2151 1699
137 1259
3034 3568
2879 50
1706 4368
1200 3343
1965 3989
1053 2007
73 2339
1469 4073
82 3721
874 1224
3920 1398
961 4296
204 116
1311 4461
1353 1629
2819 646
2303 583
1274 2047
1269 3935
2433 2494
4038 2006
2106 1526
2739 127
2313 863
43 1100
4013 1817
949 3957
1853 3808
940 3096
2927 1906
73 1300
219 4759
793 1739
804 1544
434 1074
476 3575
734 3745
4308 1074
844 1338
1163 3332
616 3986
575 276
3351 290
245 831
2991 3260
1667 919
635 1124
2682 190
1311 4408
2829 2420
2318 3815
1600 1181
341 2323
4112 2796
426 2252
3411 2784
1220 4466
1353 4357
1327 4055
423 2363
4137 1821
3327 2996
3165 1300
4433 1639
3169 2453
2662 2089
1967 651
1442 3158
4256 409
4156 2094
1919 633
4458 1436
2890 3732
991 3741
1767 3065
2874 2453
3319 2295
2026 4278
4290 1653
3477 1919
386 742
4293 1561
1348 3395
2829 69
3130 1016
2510 766
364 3497
3205 3724
562 3975
3115 3041
842 3968
1857 434
3567 2441
2188 379
193 3343
2053 2474
116 4473
3770 3192
705 1559
2022 1387
1979 3482
1520 2081
1970 2905
3106 3552
170 521
293 2918
4044 557
1306 2213
1073 2273
3718 2403
2226 3048
2375 682
4908 321
1679 3150
1114 410
4573 1320
3085 1219
134 1146
2654 2482
3008 2175
2089 975
554 4050
1419 1433
2710 3643
1197 2072
3312 2313
221 4918
3657 1769
967 1562
3794 810
1290 2628
3927 1213
4989 11
1286 3750
185 2316
190 1021
153 849
3915 2851
1190 3176
4832 675
1474 1356
2132 2516
1331 2845
367 88
360 2853
353 1104
234 849
4492 159
2361 3697
1741 2586
2547 138
93 3037
3801 1142
549 2928
29 3780
73 4863
2166 3080
4700 748
4058 2300
2524 1264
1100 4708
3869 3094
1841 513
1200 4102
3528 293
692 1316
548 655
2193 4111
806 2940
296 1453
3690 1504
769 3888
2056 2837
1173 4636
2254 319
1316 1165
3065 78
836 3252
3293 1229
3155 1338
1685 348
1096 680
73 2356
1503 2555
1197 914
162 2228
866 2642
1380 2544
123 667
4342 178
2127 4308
2942 1130
1160 466
4121 2368
2029 2934
4492 1565
1041 3616
3716 2521
3803 1491
3096 2215
2472 1012
878 3205
684 2257
1290 2222
1455 2173
4692 1149
2132 1272
1864 836
857 3224
1864 2079
528 4829
2513 751
266 2919
686 1647
3150 1416
3863 1767
763 4223
3304 1453
1725 2438
3232 2447
655 3233
3930 1074
578 3419
3403 46
301 4102
633 2479
2802 1443
1316 4466
201 1897
2579 1362
719 476
2368 3373
997 3688
4459 1544
197 4265
1430 725
620 4871
4296 1997
656 3332
2519 3289
1185 4402
4895 480
2152 552
4378 2109
1052 4509
2606 4175
648 1841
3482 1437
2445 2188
4430 967
2014 3496
3539 1949
36 4669
4594 692
183 661
3550 2789
3479 930
215 4552
2639 593
1290 4211
869 4178
896 2973
1486 3970
4472 860
3275 3392
2491 2357
2893 872
2053 2118
3663 584
2266 1682
2807 2178
371 2840
2645 2421
308 4747
262 3575
804 2383
3729 1012
2145 3731
2594 2519
26 1000
3792 1734
883 4180
432 15
2192 55
2378 4208
2427 432
5 4688
708 4502
3768 3191
3795 1702
4514 1483
4180 1831
229 3375
1778 3379
2494 970
1458 4602
4622 1066
2779 3557
772 3866
2405 1679
684 368
1834 920
804 2364
1018 2175
2456 1892
1668 3498
531 360
66 4759
1570 690
3195 2313
544 1405
742 3828
2634 131
183 4040
928 58
364 286
3233 3260
2861 2421
3105 456
1132 1600
1214 4490
3857 1368
740 1886
1065 1892
849 2295
3896 2430
311 2138
3991 2395
1760 4009
549 4396
3727 1214
3311 3638
1605 2533
4571 1790
3311 2063
626 4519
492 2890
608 4196
2833 1084
553 1853
2905 3044
2654 1465
4240 2586
1084 1399
1709 3372
3201 1823
4115 805
1217 1871
3238 2921
3960 1171
2676 2562
1303 1802
1831 2420
626 4196
1436 2796
1483 2152
1721 1087
566 242
1080 3917
1253 507
473 2080
2148 4260
215 1200
3834 1313
2677 2266
2741 2063
1857 2465
2300 3312
875 4337
287 1425
1190 4128
4759 42
430 1667
3074 616
2748 3828
2536 2038
3501 763
2121 2329
63 2997
692 229
940 3795
843 644
1021 1887
1204 1942
4371 2307
3130 252
1101 1669
3068 626
4332 1275
2937 3528
3932 2705
304 2777
914 4675
1132 3156
2432 4125
4464 1489
3765 3285
4112 550
301 3852
402 4075
3780 1107
42 3204
2166 826
1154 4507
4161 513
975 2240
1306 1804
2667 1570
4541 877
2222 3319
3691 1323
194 3830
1542 3945
269 3732
1952 1077
507 1114
2114 1536
3678 1606
3471 1107
1388 1202
4093 684
1058 1698
817 1871
3367 510
836 1970
2517 3641
1806 2038
2228 3825
3970 1257
1240 2645
3020 1754
1127 3344
3462 2684
2585 3955
930 2845
3442 3299
4362 447
2069 3345
734 1096
402 3641
4565 1565
1358 4396
3444 1005
1926 1279
831 3031
2793 356
2592 515
3768 2721
3740 1264
1714 4053
3830 3150
3262 2132
751 4002
1136 4713
4424 1911
39 904
1137 553
2915 1214
2201 4396
4681 1313
5 1353
2793 2717
2444 3927
1898 50
1033 4748
2937 1834
3723 766
3873 2444
428 2063
3335 1886
296 2863
2186 1769
4225 1946
1130 958
1147 452
1259 3215
1529 2667
1027 2068
2084 1005
1212 2944
2283 2646
4530 1831
1869 2991
1300 63
2286 3575
2789 216
1731 2524
1071 3723
2717 1258
214 2436
204 2197
2832 1453
2912 2524
3621 1823
1499 1044
4194 1812
1968 1323
1455 4142
3491 1595
603 4471
3849 3033
2447 2459
3986 469
3211 3145
1627 272
1514 612
854 4098
1930 3766
4318 930
607 3204
868 1955
1690 3430
1297 3595
3995 2417
2660 4015
2175 1917
575 2362
1261 2654
48 4115
102 145
1279 3105
4015 1772
1639 3222
590 1124
1668 742
2040 1330
1344 623
2868 3232
3183 2991
620 93
1053 665
32 2356
137 3059
3777 2917
3299 2445
919 2504
3368 2403
3691 1817
754 2772
1772 3909
400 6
540 1409
1909 1402
2901 2006
3355 3429
2242 838
943 3828
4436 766
2290 2152
4108 1130
1431 2594
3184 1136
307 459
1409 1772
4203 823
1992 3047
356 368
1455 4203
1465 3741
2210 3830
3311 3143
1688 3475
2493 2775
151 216
1882 502
967 2603
4271 1821
2504 4174
2639 134
1733 371
4704 834
4472 1220
4033 1543
1807 3238
3945 231
3679 1790
3034 684
763 1906
4231 1274
1706 2678
682 1387
1730 1835
3740 991
15 808
1820 1866
4026 2267
1535 810
2276 1106
1365 2914
2058 1469
2770 2079
3819 2552
1107 3851
2034 3899
3246 507
3229 2089
3201 1627
879 4181
1193 3032
1338 4689
3587 3145
3324 821
1734 449
2178 1212
1195 287
2765 1946
2639 3881
2399 1802
843 4087
1185 2735
1451 1348
2170 1898
4446 1886
4006 1431
3367 3199
2423 3700
2283 2304
3810 3186
1293 293
901 1197
2159 1968
3539 2559
455 2682
3854 434
3592 996
2249 2777
1074 2973
2249 1147
3661 2162
2868 3917
2214 1754
3535 1955
3028 3834
748 3359
1730 4270
2550 3642
332 1949
4533 1093
3344 1365
1364 3246
1019 1960
1080 1277
4260 1529
1405 3392
179 4706
651 3863
1437 3256
3872 1814
2332 4148
221 901
1092 1100
2279 2012
5 2681
1232 3137
1279 772
4160 569
4721 107
3471 1591
3222 2681
1631 3625
2536 4232
1402 3827
575 2096
4246 242
1046 2405
919 1208
3262 1399
3399 2342
4794 671
1077 958
4543 1727
2075 793
573 214
3116 2140
3497 2375
325 3403
166 1099
2022 593
3167 601
4002 1887
3368 1033
2415 2548
2459 967
1284 2777
2257 1253
1520 4260
304 2622
32 4105
1080 4232
4121 131
1547 1865
3026 3338
3355 2747
1269 1821
247 2452
1055 781
3172 2708
93 1439
3618 12
3899 222
3557 1503
2796 1844
3784 1147
1790 3031
51 2662
2603 2009
1831 1460
1455 368
3370 1916
2251 760
1845 4229
1702 3599
3766 73
2286 2159
3332 1045
1973 4284
301 2488
1674 3065
2320 1257
4570 353
4441 1897
1457 4651
4931 369
1772 3795
2203 4297
4115 1677
593 4834
1778 2181
1341 557
3210 1389
863 3948
2410 4043
3801 3078
185 2950
373 3525
1293 3068
3141 578
290 1744
3857 353
3545 1762
2747 123
2146 369
1150 3034
2953 3757
2622 2474
2119 2104
2452 4199
2231 1181
3304 1659
3835 247
26 3033
1639 2284
538 601
1821 4505
1692 3020
1169 823
3608 2447
3455 65
492 590
4195 2626
4362 2203
4680 957
1238 3909
3636 634
2535 4216
2058 1234
1645 1019
4386 1719
4522 890
3497 105
3113 855
2479 3165
4555 1460
1320 3738
964 1754
1010 4087
138 933
2177 3039
915 4783
3507 2586
1695 1286
2151 1691
883 1500
654 4823
3262 523
4679 751
869 3429
2299 3102
3634 3392
1130 658
736 237
3351 2888
3674 3385
2053 4125
2222 2427
3289 1858
2355 692
310 2017
603 1005
1917 3563
65 3707
2511 3156
1865 19
2223 3233
1670 3694
1838 3915
2450 2490
4216 1777
2637 229
776 3509
1556 1458
2308 850
18 3508
2524 3690
1827 4376
987 4419
550 1967
3102 1326
2364 2568
400 2457
1293 3165
4370 908
3344 2143
2981 489
908 1068
426 3191
3130 3158
1024 4458
2866 3613
1821 3834
1191 3674
1590 1238
899 2061
1321 2519
2659 2728
2466 1760
2595 376
159 3536
2682 3130
3260 1080
4264 2287
844 4287
4327 1018
1968 992
853 795
242 3014
1780 1558
3099 3585
1897 3434
3732 867
2537 1099
1730 187
1702 110
3657 1897
407 1338
2707 1711
1766 2914
702 3951
748 970
1749 2346
3141 1195
2154 3456
3783 3140
3518 2491
4512 607
1952 2536
755 3768
557 4581
2573 603
1340 4619
4442 42
518 4256
3616 2356
321 4862
2444 4015
4006 2950
1100 2254
1169 2688
3682 2986
276 2744
2770 317
849 1659
2240 2951
1914 961
1973 4132
2829 795
425 2271
675 2273
3503 1652
1955 3233
2344 486
1591 638
2363 1176
1580 3361
484 4489
1234 4525
2125 2623
2606 3616
1311 3276
553 1509
1554 2594
842 3074
237 1066
1739 1119
1140 4332
3843 521
2287 1474
344 4169
299 81
2364 1570
974 4783
2386 2728
1404 2787
2491 1873
3634 56
2639 2257
4136 1535
1171 3424
1364 1647
1008 3024
1582 2591
908 4779
1055 3272
4819 353
655 4865
740 1491
3106 1148
214 1791
1425 3995
484 755
1238 3690
3467 3211
3032 2709
755 252
2777 63
1014 1523
764 1960
2237 3232
1433 738
1946 3978
2368 1297
4296 1936
1590 1458
1957 1781
711 603
2622 3237
3877 1313
1458 693
3021 3106
2775 1821
4040 390
853 1775
1368 489
4405 493
4477 1535
1911 1360
1619 598
1970 2138
773 4571
2782 221
307 134
1245 2329
2284 2405
3532 2152
2456 1970
118 4017
4301 734
2594 1240
2121 675
2018 2077
2510 2186
997 1929
3534 2670
2507 3082
3299 2804
2988 6
1558 888
2017 562
345 1979
2713 4038
3635 480
4766 272
255 646
2645 4128
3584 908
850 4220
4021 1859
3754 1191
3701 1871
3455 159
3853 1363
1631 4464
1264 1213
3899 2335
4576 1368
1386 2865
1052 4031
2853 2267
2138 2507
1066 2534
2304 245
1058 4035
1356 1334
2717 2132
2034 26
641 4530
2014 834
2557 2550
828 536
2313 2826
1582 235
1279 1200
1966 3231
2497 1978
1220 3351
4244 2386
4271 106
4249 901
308 3902
3581 802
1980 1148
616 4693
3666 1962
1190 3068
1528 393
1865 2648
4778 946
3718 702
3529 1476
4350 138
2832 1625
240 3503
1362 272
3304 2656
4240 751
1995 1388
1682 877
2981 3408
2348 690
2058 1892
2447 3534
1463 394
620 1780
1100 3572
2906 964
495 4044
1055 3344
1643 2040
3456 867
2924 1714
901 489
2915 334
4365 88
1804 1044
369 3694
2848 3721
3791 728
351 1567
3028 3033
1955 798
1871 4441
462 964
2534 404
26 4673
1456 4293
1288 2562
2751 1565
3359 3598
2905 1742
256 1780
3002 857
2757 2974
2944 60
964 4249
276 3141
3124 1165
867 3932
3246 513
1281 1136
2378 2177
3211 3275
1544 4246
3742 2568
24 1595
4063 1602
1565 4502
3096 3121
1556 2361
1264 3820
1008 3116
507 1699
462 2028
1906 1734
1012 3259
64 2865
1586 2332
1214 4308
1573 256
2655 3068
3784 42
505 156
1916 2744
2510 1682
2645 2807
2598 2047
2333 3794
2480 584
623 3589
2565 1077
1943 2333
2971 867
1000 3055
4564 1554
3105 2587
2678 409
269 4401
3052 3174
1140 2616
536 2715
1499 1120
2587 1486
1010 4004
569 2304
1358 3723
1211 4047
1621 1172
1535 2493
1451 3741
4264 489
4012 711
548 4376
3056 2213
1262 3983
2688 1497
423 1741
3909 2958
3348 3232
3922 51
2432 2273
1408 1080
868 606
1443 2210
3304 3592
706 3160
2129 3053
4308 110
798 1116
2655 3697
4362 2249
1995 1806
4743 1130
2760 63
1692 2357
1286 2106
2072 3979
1358 2991
716 3869
1814 4269
1107 3434
2516 1308
2571 2184
2159 3037
2753 2189
2865 598
1049 734
2770 3970
2603 12
1142 4616
1781 3065
478 2034
140 1356
3351 345
109 2344
2983 3933
1715 1858
2845 2223
773 1096
1489 1183
3635 3440
3324 981
1633 3860
185 3764
2547 2739
1425 55
4305 1882
2389 3724
1766 2758
2921 2819
1027 81
586 4223
2931 3037
3222 566
1471 4343
3459 814
2089 3442
268 1996
1711 4579
3050 3037
351 2947
1812 3659
1514 3791
3749 1698
2544 1405
2303 1145
3368 2865
430 3351
751 1674
4129 190
1532 4564
1495 2534
3180 2457
150 1469
3284 3121
2474 1834
2032 2739
2763 3232
3116 1930
4454 2086
1419 11
507 3370
4775 988
8 404
2479 4040
2609 1232
2879 259
437 387
2368 2441
5 4271
1404 2217
1979 3088
967 4266
987 1869
1987 2189
3956 1323
751 572
2757 2357
1955 4260
88 459
1195 2084
3641 728
183 1136
1282 430
502 2628
1213 1271
2954 1936
2691 166
1536 1532
2043 880
2361 3467
1856 2517
3697 423
4554 897
4666 113
353 3469
3783 127
1030 3641
1936 1157
4144 2129
702 3920
1871 117
174 3319
441 4829
4172 81
4065 2612
3262 1058
1769 3279
2741 1346
2863 1202
1274 4485
2229 2229
2718 3024
2615 924
1879 3042
1590 81
4611 671
3891 2934
793 808
4155 1529
556 4146
2361 835
2655 3952
719 22
3866 2980
1968 2670
123 1376
2870 1509
658 4758
462 4128
3439 3104
3321 2394
3700 64
4869 581
1201 2763
2459 2433
379 1093
138 1471
553 3329
204 4502
2181 1148
2118 4031
821 1864
221 1879
1130 2421
426 2986
3843 3165
1561 4471
3279 2482
473 635
240 2824
297 38
2488 2326
2325 3679
4337 240
3229 3778
3088 751
4284 690
2412 601
1449 3075
3106 1909
2497 4196
3965 2444
1442 4555
151 3150
2452 3956
1987 954
113 1674
2389 214
2206 1422
311 38
4439 43
2303 2524
1154 4351
310 1375
2361 400
15 3972
3665 2606
1943 1469
332 2829
2163 3379
1871 2546
2536 2445
2536 736
1871 2706
716 783
2706 1520
970 2589
2226 3839
843 612
1751 2955
2271 2927
834 1608
234 1727
3321 1266
84 4847
3685 1200
4725 995
2140 3690
3400 2293
1398 2228
2699 1942
3623 1425
3208 3068
1970 1565
1073 1601
4357 1014
836 3766
2977 3307
3693 806
434 590
686 405
552 2729
2084 1924
1699 2215
2094 2557
3304 1176
607 2541
423 1544
574 379
86 1962
95 3634
3742 282
2267 2436
3005 3886
1080 3377
3192 170
4506 1261
72 3952
42 991
334 3178
36 4482
2960 2834
875 2779
1297 3815
376 4653
4472 639
494 3638
4732 593
533 262
4365 2013
583 2084
1643 3096
2252 3469
225 2188
310 4225
2548 2983
2747 3803
3064 2848
1898 460
3846 3062
174 4471
2656 4164
3174 1275
1635 1597
626 3287
1275 3314
2848 2370
4843 109
3167 2129
1911 1645
2575 3364
1331 1495
705 2245
2364 2804
4321 200
3478 1443
3355 2559
1396 1570
2214 499
2096 4178
866 4675
1742 1917
981 1528
1079 4004
3215 1916
4225 2561
1604 2367
2893 2430
1061 2517
3924 2950
2318 1086
4536 211
1154 4622
1419 1606
4200 2326
2754 66
2436 664
1604 3316
3745 1890
3567 459
3920 1190
178 2405
1824 556
866 3041
3503 1627
554 2546
2914 2707
3784 2753
2226 489
341 846
915 2888
2493 722
2430 1500
410 2177
2587 438
1028 2159
2876 3978
1872 2472
1208 3751
240 2779
4696 36
4570 1709
4271 1926
1835 4474
4590 1706
2326 1887
1528 3812
2050 1207
428 1002
4196 1463
4348 2217
1834 3575
1562 2919
2796 1253
3927 2555
3942 2234
1458 2561
2536 1631
1591 3542
1997 3028
1212 3327
1033 3574
940 4627
4313 1417
1823 607
247 3584
2725 19
3033 2094
2261 221
1550 2159
1619 4367
38 3603
572 946
2741 1238
42 4002
1356 2960
3595 95
1799 3172
2530 667
702 3801
1799 116
2156 908
1796 1790
868 566
3396 2452
1385 972
731 3074
2851 465
3296 805
3471 569
3643 118
1906 3260
4160 2121
4260 2043
1368 869
896 3574
601 4638
1769 2942
3518 1365
1393 3942
4643 817
1879 595
277 1674
1408 738
1615 4428
2721 65
546 795
907 4588
1642 1744
3552 850
3685 1360
2947 1028
3578 2896
2501 1417
2718 1511
3368 1602
1601 4214
4701 804
2472 137
1149 2432
4505 1163
3042 569
1507 616
3741 708
3364 107
2457 2392
1344 626
3143 6
2461 1613
93 3429
4912 311
277 1217
4154 1008
543 4471
2834 1334
330 263
3513 3532
2524 1679
4241 1551
2986 1027
1872 1465
3829 2163
4571 379
1593 1149
3067 2075
39 1213
4405 347
1897 3648
1936 1911
4748 50
781 3426
2043 3172
3002 3248
2887 2367
4021 1292
4195 134
1068 4241
1393 2544
4680 499
2138 1992
1919 846
240 245
1570 3758
404 4424
2300 3400
3473 1455
214 1386
841 2832
3485 2575
134 2299
3669 772
2973 2950
2879 1253
1387 2213
1777 3863
633 5
612 3899
3461 2466
1256 4367
566 1093
2043 2444
2488 677
4174 616
1727 3598
1943 3192
1781 834
123 3290
3070 1895
2950 2667
1882 1869
4156 137
2504 2665
466 4439
4031 1791
4224 936
3382 1939
2205 1491
2453 1262
933 2909
3227 2767
597 4327
1476 3344
3606 2210
4791 151
658 2536
1532 3145
654 1731
1922 2684
3015 806
362 1130
2571 3829
3912 1229
4473 1305
3106 1780
3525 692
2175 2079
975 3212
405 3635
4402 1295
1269 1526
866 549
2040 2768
2383 1371
4203 290
2053 3740
885 60
572 2697
2513 2550
814 2562
1988 1279
1536 3137
2983 995
4821 87
4327 1939
2559 3497
2061 686
1394 1864
1556 2548
4494 2014
3174 1661
515 486
868 3599
2279 4378
3581 2355
1404 95
1784 3099
4816 42
452 4728
813 1382
2974 2372
2458 393
825 4428
4472 359
1656 3459
3385 2423
3028 1219
1313 2040
4298 178
2363 1132
153 2986
4597 1559
1191 394
817 4555
1469 1185
2047 2507
1292 2955
854 2906
1828 3222
3104 3878
4608 804
2673 4053
893 1886
465 868
3272 1340
2080 2550
2019 410
4834 55
2163 3898
4758 1156
1929 4391
137 2715
2333 3860
3787 2555
1652 4235
3338 1493
1425 3471
1451 2225
3042 1458
1277 4477
2709 1224
4137 229
269 2226
4026 1637
2013 413
3741 2888
1901 3204
1962 2988
2068 1895
1363 3604
2550 1596
1014 1929
77 4681
853 2430
2125 908
4291 1402
2732 48
1446 3473
2531 1557
4738 402
3891 2708
3748 3167
2736 1261
3907 641
633 3585
671 2796
1542 4237
4321 1253
2276 3680
425 1413
2765 2997
3430 1483
142 3059
2229 1363
190 43
671 2931
174 1413
1181 4380
746 2592
3470 2973
1633 1413
1219 269
1692 2026
489 4469
33 1305
3829 2905
3783 3269
1703 1650
2410 2872
1288 2029
3544 2155
515 3646
2037 1195
1272 3990
1428 804
1781 225
1879 2014
2214 3669
2474 2927
2592 2684
2529 3382
1481 880
3174 1033
4178 2606
168 1749
55 3883
933 523
4803 722
3533 1284
654 458
1402 107
1532 2793
4115 1679
2307 615
2568 1148
916 1926
178 4055
3259 430
4246 1627
2870 1987
2022 1486
3535 2591
419 817
2156 1177
3547 2436
1866 328
682 266
3316 165
3179 2055
1398 1650
744 345
234 1990
4169 2530
425 4442
2634 2474
4430 1869
449 1988
4800 548
549 29
2567 2386
1869 725
393 106
3178 231
3655 684
2032 1809
3314 2622
3557 2777
1458 4527
2323 2206
841 620
2765 2308
3406 1178
1848 2813
3086 484
3316 949
3377 274
1746 1924
460 4463
2642 4081
1789 3052
69 1190
2466 2228
1016 3529
3632 920
234 2205
3419 2665
214 1699
3379 2177
3764 1987
4164 256
3020 2717
4081 2586
656 978
3557 1931
1606 2299
1635 1558
1240 728
1016 3048
4661 385
3566 2879
3572 2598
4770 95
2075 1053
1995 4354
3031 1600
3246 1988
3073 351
2381 956
4091 826
3141 1669
1463 4035
2954 313
2958 2592
4530 351
1511 334
1613 549
2562 1565
4316 831
39 4459
1405 1451
3905 215
2457 2550
2784 379
3034 110
3180 618
810 560
550 113
2555 3854
1463 1919
1559 178
1661 4142
3352 2744
961 1943
3235 1992
2223 4223
1286 2491
2713 1853
1593 4543
1997 2715
4270 456
2953 2713
3136 3774
2310 2853
3319 1363
3718 2381
1929 3210
362 2585
967 810
4229 2531
2830 194
423 1071
899 1331
2314 3893
4178 1727
1814 4145
2944 1413
4530 1703
2874 3878
2248 4281
1237 2631
1996 2557
3296 914
4301 744
1869 3585
742 1591
38 644
911 3201
1027 99
347 194
2068 1931
2040 4480
2192 3082
1399 2072
2579 1099
2389 4209
974 2435
2387 1417
64 4724
8 2899
3956 626
4135 665
4203 1416
1613 3172
4250 1382
4702 493
2270 235
3475 1619
2386 3246
3304 708
671 1514
1734 2832
4211 73
1157 2770
658 1841
4606 117
1586 1130
2223 2855
266 1669
4291 1467
2599 4180
2438 88
3348 672
2598 3554
2721 3082
1699 22
719 1140
179 4443
456 412
1633 3010
1733 1428
1326 2034
3587 2177
2493 2589
1264 3646
2295 219
4264 2063
385 409
263 2050
1892 231
916 4754
1156 4590
1275 1478
407 3031
4244 2133
552 4692
478 656
3368 1065
2905 987
3172 2026
216 277
667 463
3021 3758
3648 176
1582 494
1565 2406
3479 2623
2706 2387
4102 790
4440 1997
1079 633
65 3895
1212 2576
240 3601
2758 3896
3440 1605
2148 1253
394 1353
472 2874
2118 2490
725 2307
3545 3368
8 465
607 32
2293 2019
1791 4079
2313 3520
1625 3414
99 1672
3266 692
4009 1001
2283 2654
1363 1719
1528 3075
2977 2193
4684 1344
1394 1528
2017 3899
4169 1137
1469 4396
1691 222
4710 722
728 2254
3610 1288
823 1101
738 3523
1282 3815
3292 2134
2863 214
1346 469
413 1504
1133 1692
2464 2641
2858 3293
2623 235
2927 2592
2137 3979
1380 456
914 2501
1320 3284
1746 1887
2363 4194
1692 426
2405 2893
744 914
2665 1841
4002 1637
460 2880
2257 1966
1688 4401
878 1608
2513 1096
581 4410
3915 2254
2997 1760
1086 1150
1613 2551
3557 3532
3304 3585
405 2534
4518 1576
2133 943
690 4392
3677 347
4482 1386
3452 3512
958 4775
1887 1292
1515 1981
984 4063
1719 2655
2383 3680
210 2944
1727 4021
2205 2490
620 755
1363 176
387 644
1782 1804
3160 1116
2513 3406
2081 3794
1390 4591
4581 179
3554 3233
2516 3237
3852 826
2724 2240
2541 3070
1408 3930
2510 3749
1886 2705
4800 252
82 484
3233 1428
2084 1208
854 1749
2461 1120
1985 126
3488 1015
3539 2053
805 3727
2551 2488
1817 4119
1742 502
1451 1419
4156 706
1080 2351
2370 2501
1992 1766
3108 1782
3141 2977
3877 2705
1150 1858
3488 1177
60 1099
3643 615
2173 3065
1386 4362
2592 2316
656 1008
390 3282
486 1926
4489 1465
2758 3989
1465 2215
3361 458
2517 2194
3797 2106
3749 1523
1821 2884
2344 4105
933 1850
3550 1633
963 4047
86 1650
2184 466
2474 1457
58 1237
531 2430
2615 1080
2308 2777
3465 395
4542 1425
311 2323
2501 88
2816 4063
2237 3694
855 3115
447 1595
87 4533
225 3883
159 1979
943 498
2772 1084
854 480
1876 3287
2219 207
2573 2981
513 2329
4035 2356
3732 1970
197 2893
2304 2465
1631 4608
2753 590
3359 465
2538 1766
82 2906
3973 2622
4740 462
2760 2609
307 1348
1573 3329
2646 117
1477 2329
489 3666
340 3140
1799 2381
751 2424
413 4736
1559 137
3627 897
2267 3976
1469 1041
1621 3942
4371 734
1596 2226
946 1375
786 3088
1419 3598
2223 2482
4298 769
2368 3411
2058 3217
1142 1467
2249 1163
2741 1082
1714 145
3718 279
2868 1590
3603 1866
3340 3574
449 1909
3034 107
834 1321
2927 72
3741 2405
656 3665
3434 869
3429 2971
4075 2659
334 608
3846 1106
595 2068
4308 1695
1442 170
4160 2655
1706 1739
307 4156
956 1133
3106 914
1781 3082
1308 3881
304 3902
397 1528
1195 1150
2297 2655
4426 2178
4459 364
4043 245
1110 3343
3105 2685
1695 2058
1191 4603
3909 2063
299 3408
3021 3047
1234 3006
1190 1573
711 2705
2134 3096
854 2257
2645 943
2485 3399
2424 2977
2131 447
3825 1398
2032 3334
211 3208
874 107
3841 492
2162 3721
930 2278
2768 3651
1949 332
2628 3625
4199 1266
4186 1428
4203 1259
2438 3730
1171 2960
3784 1677
4264 387
3983 1557
110 2114
1873 48
2736 790
3471 1380
348 118
1865 2022
1173 286
4688 1001
2843 145
595 958
4234 2579
242 3501
3437 2884
3657 282
834 3935
2552 185
1388 3608
4085 134
3455 1413
3960 1178
1967 2119
2068 2485
3396 1722
3219 2942
1393 2007
3825 515
1030 3935
2134 2656
773 1453
554 3625
193 2829
3124 1456
1045 1754
1014 484
237 843
4477 1645
466 449
3575 3496
2456 3488
1136 2399
1901 494
1201 1460
2134 29
2654 6
1005 940
1106 4241
3081 1100
2879 3630
2786 2980
4125 1725
465 1674
285 4651
1457 2389
2670 2467
2713 1073
2362 3832
2606 1234
1039 2879
2096 1224
1491 3276
846 369
4092 954
51 48
2592 897
1577 3952
2770 2092
1456 4466
826 1077
3836 83
2678 3197
3806 2245
672 2606
536 385
3957 1262
409 2203
1214 772
2210 609
128 2056
2718 2557
2323 3338
341 3693
369 3496
2931 2267
1873 307
1539 1898
1627 4169
705 1668
744 1201
1389 2474
1104 1988
4017 430
3068 1012
216 2579
174 3107
43 2432
4376 525
3246 2276
3878 2466
1571 1924
1458 1177
26 2573
1791 2775
3073 3223
147 2146
914 2648
1178 3335
853 437
648 1910
904 2245
493 4129
3509 1005
3895 43
4786 927
1979 2372
4026 888
2457 45
110 1943
321 825
690 3316
2240 214
2853 744
2721 3266
904 1730
790 3860
2996 1422
2429 253
237 4734
4443 492
2201 742
2094 3839
3006 597
4514 1463
2472 2884
214 1580
1491 4566
543 3801
1030 3220
2034 2642
3907 371
2240 3511
3018 1828
2332 1272
4124 1086
2065 3991
1661 3956
3385 1281
2649 434
2075 2955
3048 282
2775 1500
3116 1376
1966 936
4533 1092
4401 1674
183 1150
3505 2759
2075 4260
4073 1086
2154 3729
857 4701
1514 2973
781 4506
3666 469
688 2721
404 2206
2551 3635
437 4459
1257 2937
1536 3774
492 4690
4125 1256
3951 66
341 3039
4439 1853
1722 1901
2028 4266
2152 2586
1507 2032
1504 2146
1669 1030
1385 4063
1757 1331
460 1744
2003 842
3518 888
3028 3872
854 3905
362 4244
4448 498
510 2777
3340 1523
2152 2994
2316 225
586 3798
1474 319
2323 2830
72 988
875 3364
1269 2339
4159 638
428 3439
3505 1082
1065 3827
2981 806
3749 2919
1266 2283
1242 423
1058 4056
182 3523
368 2500
1012 4140
4348 1259
702 255
2047 2242
1336 3043
1151 967
4878 635
2994 2140
3241 3648
441 4767
8 3399
1754 1096
2237 3648
1817 1869
2510 867
2254 2181
1351 877
325 235
299 1528
846 341
3015 1024
3470 2069
1643 1213
1257 3115
4430 1493
3052 1980
1924 1828
11 4156
4160 2725
263 4065
854 3995
96 145
587 2188
4636 412
2014 877
1049 3688
4196 2587
3395 3241
379 1382
1154 1122
328 2552
2721 3866
623 1340
4135 1483
3235 2467
4454 1165
1787 1573
3211 964
4031 2053
924 4257
379 1481
3933 1471
1353 1240
4638 677
2151 1428
4316 933
3229 2055
1251 2358
2770 3852
110 1147
1232 2954
4602 1360
521 3651
1256 4394
1284 1744
455 646
2222 686
2538 1201
2127 43
2833 2688
410 4544
1616 3355
819 1706
1565 296
2826 2519
3832 2353
1380 1457
2175 3082
2802 3026
2757 901
1897 1647
2501 1597
237 528
543 1769
360 2863
1871 2214
3852 528
3252 2006
2839 3846
4020 2735
2300 988
4308 2018
2271 4232
1248 1148
2660 644
1767 466
4017 1600
1486 1782
3542 3034
1495 1019
1306 1844
1238 1515
2552 1605
1465 549
268 376
690 26
853 2326
4512 1625
938 2697
1154 1195
2874 3663
1862 904
430 2991
1046 1341
4085 1012
2423 2887
107 1957
2415 1341
2736 1419
949 4254
2137 4270
3056 787
1929 365
1413 489
3729 1353
3137 3237
1428 4194
634 96
1382 1838
1449 3184
2497 2287
3307 2297
2357 1883
3883 1477
364 4767
1562 2718
1036 1674
4058 578
2705 3039
1288 1984
78 1828
956 3915
1288 2651
255 1446
426 1933
412 4414
984 1144
3117 1185
4075 1787
1358 3184
4270 1402
48 1590
2551 1695
1079 4073
1876 2950
1477 1841
473 1943
3783 2417
2421 1567
2116 835
3989 2197
2465 2104
1439 2996
1000 3701
2806 3697
495 2963
2092 3447
4380 1556
2003 2148
3491 1326
18 4834
2678 667
1266 875
2491 2767
1106 952
3197 3491
2156 2592
397 311
927 3002
4779 1028
456 117
3525 3024
2114 2950
507 3727
4211 459
1404 3632
4446 367
711 2061
3237 562
1028 4640
3442 1645
3935 2887
1869 3634
3881 607
2665 376
3403 961
2415 3705
2573 911
3415 2441
2383 3791
3102 3682
1757 714
2832 3623
515 200
1066 3666
4633 615
1340 4262
268 3440
77 4244
885 3102
1408 2014
4721 455
2077 1762
8 2880
1577 904
2947 2591
760 1596
3817 351
1053 954
409 4710
1645 3738
3827 2053
2800 2960
2955 3307
4174 1955
3972 1826
1106 1190
4270 2381
405 569
441 1284
2043 4112
3747 3279
3411 2865
3939 2209
3279 2927
2775 2318
804 3933
480 1781
2339 751
3751 1968
3585 1966
1272 3655
2264 896
313 1214
2587 4077
1087 4581
447 2042
1224 4231
2531 3334
2533 661
2760 3344
4386 2028
83 4680
24 1757
304 204
4360 2116
3501 259
452 179
1469 1055
3085 65
2521 2971
1718 880
1232 3760
183 3121
3163 1303
757 483
1385 3229
4909 434
444 1901
1985 3075
364 1857
4021 1721
1942 2300
762 518
2501 4246
478 731
1831 95
1754 2576
2295 455
1371 2037
919 3293
1084 4043
277 1409
3888 2673
1965 1096
2568 2173
2807 2399
3293 502
45 4791
1379 371
3990 1261
4439 229
2456 2173
682 2541
1041 578
1474 385
3560 1936
2940 2019
2213 1882
885 3979
2914 3584
2046 447
2276 742
2034 638
1150 4002
3414 2040
362 3922
2784 2879
553 2333
64 3419
2386 4088
478 4324
1305 2226
3133 1405
1396 1565
855 4512
915 2903
2138 1831
18 1595
3742 2568
748 3608
2050 4140
598 2295
4938 165
26 4464
3854 1535
1727 879
2138 2789
1917 4167
2616 4146
4214 1079
1114 4278
60 3088
748 4471
1437 2521
1229 2116
2533 4178
4332 2203
3632 1765
407 4148
165 2056
2787 1523
486 868
3784 1469
1526 1360
486 1619
3314 2511
1500 1914
3550 3227
632 3471
1371 4536
3265 2436
3843 1271
719 2410
2655 221
3509 3167
1967 3566
3031 2441
4469 719
297 1272
84 2055
1062 1495
1809 1848
2124 2231
3671 3364
802 1706
285 4391
1165 3272
2534 1100
2264 4317
4228 1850
4077 1515
179 4571
2655 3991
1147 4666
4136 81
2599 3395
2616 2802
1695 722
1730 390
1068 2087
272 3758
786 533
2313 3678
113 3515
1351 3937
6 874
1528 3616
901 3680
2795 259
3690 1679
554 2228
3625 2623
2592 1320
3774 1606
916 869
1227 3478
2631 3345
868 2346
1211 1137
3327 3116
1140 2163
3304 2552
3907 1405
3661 1066
2127 151
1169 5
3836 1111
1284 2681
3532 2476
682 3990
2237 970
3575 1197
38 4965
992 3567
2159 90
557 554
2069 4027
2839 3815
2069 2398
3542 843
3550 2670
2320 3047
1044 896
77 4747
2293 1165
1422 2058
237 2194
1382 3893
4487 1706
692 3634
83 4142
2501 1535
2526 2410
2628 1760
3782 1201
1220 754
1557 773
4809 547
2368 2125
1622 2858
2261 4002
2159 3373
1016 2273
1718 123
2524 1478
975 362
866 498
3888 1859
1817 523
2958 1191
3367 214
4763 1150
2314 159
2824 823
3667 2140
1442 943
394 4800
3005 2472
3352 2551
2655 956
4115 626
2490 179
1721 1041
1702 240
3657 1942
3869 480
3693 316
731 3145
2670 458
3015 1919
1582 855
4214 841
1150 1183
2420 2188
113 3018
266 1277
2537 1727
3155 277
2660 1460
2804 277
1064 3475
2392 3533
924 1659
3345 1061
4017 2888
382 3370
3723 2304
665 140
4564 644
4013 200
390 46
266 3542
992 1220
3625 3309
1787 2999
36 2215
3671 3050
3732 946
766 3716
984 2880
1290 1984
162 4128
1460 2423
413 2991
686 3723
1733 3403
2022 1909
4542 340
1688 2387
1856 2094
113 1864
2681 3006
2270 1092
1096 1960
1542 1080
943 1702
1784 1344
550 4509
3153 823
2023 632
813 4459
3598 472
813 3248
930 3768
2921 367
893 3309
3047 2201
1542 2119
2042 1666
2579 764
899 3801
3080 117
1269 2599
286 2432
846 3005
3794 1442
1744 4055
880 3426
387 3293
15 3143
2732 3456
3434 575
2383 573
2940 3698
2485 4287
95 2513
1326 3175
1718 1132
1077 1952
2575 2445
2594 738
783 4197
1104 2231
1446 1124
2488 405
1425 458
2125 3074
1110 997
2572 991
2623 4012
4143 672
2758 3995
3385 3400
2459 2955
1285 2710
2974 1028
1066 3155
1631 3508
996 1300
2966 74
1259 626
2209 1224
1178 2042
1195 4522
3677 2333
2061 190
3765 3032
869 4405
168 3018
3368 1055
2858 510
672 2094
493 3771
1587 410
1543 1831
698 4211
1334 1892
4317 96
1021 4439
2166 3632
4278 2213
356 2187
1110 804
4128 1563
2087 341
2654 3302
4027 587
760 2221
2631 332
540 1960
4272 1119
893 3869
1419 1616
1876 3348
838 4092
330 4809
2616 174
2151 4321
1775 4487
2840 1674
1906 2656
4466 2042
2058 1086
744 899
3191 2156
688 1338
127 3651
3729 2622
1949 2598
4266 2391
3235 371
166 575
2639 297
3801 2718
4436 1659
4846 667
1266 4693
2045 421
1090 2724
2667 1858
3657 1458
268 4269
2056 764
2901 3456
4048 1211
228 4823
920 1016
2991 2587
2228 1133
4549 1062
3978 1145
3169 1008
381 1856
1455 2461
4263 29
612 4271
572 3801
1866 1033
2568 3575
860 2445
2609 3554
3361 1914
2868 1529
2918 2022
24 2089
1168 938
3358 1820
2534 2084
1727 1547
3550 3132
1489 954
3467 3204
1465 1306
3065 1886
928 4053
322 1058
2983 2753
4640 1257
2129 3508
763 3335
1285 1917
1706 2953
1336 2406
790 4443
296 4330
1621 2210
4324 2055
385 1780
1165 3195
3375 2646
967 2952
1002 1110
74 4492
3411 821
572 1387
2226 3920
3258 927
3621 2565
1968 229
2206 1666
3939 2276
857 1251
3395 1039
804 1600
2620 3304
1615 1033
301 572
4211 1099
1066 1363
1834 2173
2356 2715
3585 1931
4160 1812
381 3525
3946 113
1331 975
4050 1682
2351 3494
2715 3585
1303 2417
3137 1212
846 332
1172 3613
1018 4156
1573 3491
1838 179
954 3231
2507 3960
626 4424
3589 395
2654 1835
4454 1523
4474 1650
2997 1019
849 2585
665 1372
714 3373
1173 2977
1402 1828
2081 3081
1703 587
2378 740
465 3930
2741 2459
754 170
421 3653
1873 4264
3574 2000
1154 2673
3584 664
1642 1282
2278 1827
4463 1269
1570 3878
3730 3020
2493 252
2264 3010
159 1629
198 441
2870 171
2075 182
2909 1688
2744 228
171 321
4033 159
423 4214
3048 2325
3085 3801
533 2882
661 1685
1251 3768
3952 975
3282 3403
2356 3742
1033 1542
2181 2541
2777 3418
1890 2395
4246 523
56 39
3352 3566
2375 885
2094 121
1396 590
140 426
3485 1917
798 4303
2131 3509
2816 2063
2950 1544
252 3642
4249 319
1709 2325
4203 842
2417 2810
783 1421
58 231
43 4021
3557 462
2694 728
39 3026
1111 1136
916 3678
734 484
3252 3812
201 2521
15 4345
2641 437
299 2947
3034 1952
3738 2077
1269 781
1946 1619
2181 2924
2346 2772
1831 2694
3599 2691
1053 3995
3473 1453
51 240
1981 1739
2037 1001
382 4251
26 2548
4602 65
4507 740
234 1262
3705 197
1979 4079
690 4728
43 2888
2792 634
725 2079
3529 235
963 736
43 793
2364 1064
2951 3102
1093 1311
4942 107
755 32
1804 3014
3406 2840
4713 583
603 4849
2500 3794
1193 813
3241 1777
500 813
410 3447
2659 3815
1132 2565
3872 2819
2056 2222
274 1834
2203 2219
1611 1539
987 1810
207 26
1901 2313
3836 2804
2068 2758
1390 3655
1819 2348
1787 1119
2125 751
584 2278
2735 200
1933 3883
3220 1766
2196 1810
4461 799
3532 2915
3932 2287
2781 3730
4265 893
3115 3598
1806 259
1041 2133
1208 3912
2865 1256
1765 3406
1767 1191
543 4846
4899 42
748 1766
3068 337
1573 3972
1489 4527
3881 2157
12 3599
2181 3729
3545 3082
2351 4206
3319 1980
77 1587
242 2127
452 1850
1430 1124
2286 2571
3930 2420
279 3957
1168 3262
1814 3169
1386 105
2870 2217
658 4375
2748 544
1656 1567
2383 2105
1817 140
1980 4240
1809 3104
1737 2361
878 1777
3608 3107
719 550
609 1137
2055 1087
1188 56
1085 2278
3141 187
4559 166
1275 3782
3302 2079
2963 2375
3030 672
2261 2909
1547 2061
2501 1168
644 515
1897 121
2685 540
3223 438
394 4240
1709 2536
2405 437
1661 1390
36 3215
2187 1769
2603 991
550 3482
702 1144
1721 609
2705 958
3783 2612
36 2802
3797 2355
3153 3088
2887 907
231 4565
546 18
2279 3748
207 1571
3834 1130
4458 347
3262 2012
1402 96
81 4658
817 299
2303 2114
15 4461
4012 1931
3078 1419
1911 1518
3099 2958
3235 3570
4231 1428
1149 1807
385 165
2937 1864
2383 5
2536 3492
2843 521
3828 3180
2576 510
2599 1271
680 1585
1751 3332
2068 3440
1213 2500
3111 1831
3669 2974
2551 1727
4291 235
3195 3053
1148 3846
4485 805
316 2702
3682 2837
2667 58
577 2364
1217 2806
961 1968
1256 4713
1869 249
1853 394
1204 1532
2444 88
484 3525
2708 629
1722 2562
1886 1183
4305 2186
221 2318
3253 2055
4254 1207
2358 3669
46 2491
2855 1010
2118 459
2866 1093
3991 1622
3364 127
3770 842
2760 601
8 412
3997 825
266 3064
1368 3893
1021 2318
3059 1238
1695 1469
1229 1467
1911 1690
1351 2865
946 1862
2736 2931
413 3314
360 1055
943 492
3760 911
2546 3145
286 3632
341 922
967 3117
1702 879
458 3284
2710 2681
3679 1946
2166 1456
2476 956
3210 2893
409 3710
1303 1437
1528 1892
1099 2040
1746 1419
2802 4098
2125 2045
3104 2470
2734 1213
4752 245
4015 1499
2816 2536
147 4736
2284 869
2628 3284
4180 1330
855 3334
4128 1595
1160 3697
416 1160
2316 1453
1000 1784
2753 2423
3316 806
4655 1237
810 3212
1817 3290
3075 164
3034 540
340 2242
2153 3606
1021 2290
4065 528
2555 225
469 883
1633 3434
2367 2375
3143 3693
43 1500
22 2715
3014 2579
3798 1222
2124 1279
3528 549
472 390
836 1313
1073 2367
3424 2372
58 4002
3667 1870
1731 1520
379 1642
105 1364
2642 164
345 1028
2660 3544
569 3008
3852 970
814 846
1071 4084
1319 3669
2119 1667
1997 1154
1183 1936
3266 3567
3902 3124
3021 1100
635 22
1073 2954
4814 430
2824 2381
1144 4679
1976 675
692 648
3115 3666
413 2861
2899 337
3724 1458
2251 1334
1866 1489
2770 984
1217 353
2368 3197
2759 2206
1965 2551
4392 654
4332 1341
282 3995
242 4955
731 2177
22 4643
3659 2286
48 2721
836 3935
458 3205
3287 916
719 3797
3560 1140
3886 557
2576 473
964 3456
635 3648
1992 95
3956 2086
3287 922
1308 1500
3352 2375
3175 2702
385 4477
2106 1562
1495 1411
1363 802
841 1417
1741 3747
1910 2642
56 4088
3877 531
2046 4244
1041 2586
1980 2014
956 3020
1561 1737
1782 1191
606 4159
1231 978
1262 4159
4556 1351
2612 207
664 1898
1667 2156
1988 1251
1457 1669
1460 4572
4329 930
3002 166
2237 3511
2206 1237
1520 4509
441 2702
2386 2919
368 3258
165 1229
1405 2398
3018 3160
1559 675
904 3878
42 1389
2706 644
3545 3465
581 757
855 572
3070 3891
566 3735
3024 1200
121 3958
3379 2573
795 269
1154 2648
2450 4031
904 1049
3195 1586
2953 2909
1711 4419
73 1232
2667 855
4270 528
1698 4602
1145 698
2131 495
1168 1149
3148 274
4516 705
3653 3293
5 2075
2991 2154
437 2667
4033 2038
178 4678
4027 2732
1565 3485
168 2622
1295 1719
1514 316
538 216
1253 2197
4360 1181
2398 4146
1793 2951
2491 373
1903 639
185 113
1297 3545
150 1917
222 3379
2249 4015
2181 3067
1024 3201
2494 2534
2055 655
1340 259
1146 874
967 1777
2779 987
2061 3020
3979 1147
182 2351
2155 3400
1458 916
1041 3233
601 2670
4451 382
3648 3052
3857 2763
1156 521
2795 1274
3836 2620
2684 1937
3293 421
1421 131
417 3221
866 1781
668 1979
2656 2681
4858 279
478 2391
799 2562
3279 672
1711 3525
3096 1586
2143 3948
1879 995
1275 293
2628 1615
423 2435
3765 1385
728 3284
2615 896
2050 3473
379 2651
1542 1973
2361 3005
2782 1866
3958 1731
466 2188
4009 714
3632 3235
4549 890
3284 1559
680 3119
1510 3965
4522 6
4264 494
1033 4232
2557 2953
523 4451
1806 3469
2427 3053
1535 1130
1685 307
3641 1714
1055 4190
569 3364
2591 2482
587 1995
1625 2882
4562 286
3932 86
1892 3981
4077 2758
2436 2915
2685 1909
4648 672
3520 2529
3266 2682
393 987
587 2389
3178 3636
8 1670
4010 1834
2140 819
2375 2401
3136 3340
991 2342
742 3539
4339 1793
877 3429
2134 3505
3044 313
866 4779
4010 2251
4405 1503
93 437
493 4512
3111 3302
2770 879
3678 269
2760 3754
1992 1224
1489 4350
1422 2222
817 1910
3039 1183
1058 2295
1670 126
3471 3042
277 3634
2840 2162
4533 118
4195 2106
566 2199
3750 105
1872 1973
608 142
550 3028
2952 1271
1871 629
3748 2357
2757 655
2114 3359
776 4360
2676 65
875 1476
165 3429
1497 2424
1101 2951
1084 2432
437 978
3210 813
3282 330
1428 6
4228 1658
4033 1303
3006 1393
2332 3883
1114 1460
486 3279
3648 1348
3479 3091
2947 2901
1021 81
3758 1207
2284 3587
1010 2342
997 3665
198 3133
1372 2572
2210 3835
4692 773
2173 3167
2874 448
4758 641
3491 86
738 2387
3853 3140
4159 1802
3986 1737
2363 432
4044 606
1259 2994
3314 118
3955 2751
3382 2840
2427 742
2631 615
764 3246
1326 1253
828 1172
45 2826
2561 4124
3705 1936
574 3140
3156 2177
1439 2066
2763 297
2308 1405
2104 2405
2056 3299
2865 1238
3287 2501
2782 3442
586 1404
4559 319
3491 2159
1348 1147
1293 2219
4225 1016
644 4394
2129 4402
2501 1930
1766 608
3390 3340
151 4002
4516 1213
353 3563
22 2538
838 1510
2642 1344
2494 772
2751 1146
1850 325
4050 460
2996 2231
2368 1096
4144 763
438 310
766 483
1595 625
2476 3635
1670 540
3585 2973
974 701
3150 536
3372 3578
2595 2837
581 3355
2882 1256
2516 893
2075 2626
373 4512
4088 117
4021 499
1559 943
1601 3127
3450 3560
1190 1388
1787 2480
1146 1330
2089 2186
3470 3082
3137 2950
4012 1802
2372 88
3523 1500
814 1731
716 2983
2806 162
3730 2951
3208 1909
2432 2952
875 4550
3139 65
2851 879
2896 1068
2087 1799
1844 1295
593 4661
3475 2003
836 3693
1613 5
3232 2080
574 3721
1873 3765
4394 1065
1616 364
2066 266
4290 933
991 3232
2127 1417
1290 405
3105 3475
2245 1413
3924 2665
4658 1084
879 3415
675 432
2816 3909
2664 299
252 1942
938 1285
1810 1906
3512 2363
1834 2389
2370 3195
460 4208
2405 924
740 1742
2516 4208
4020 1451
3430 3302
2586 1433
2824 850
286 3447
3638 1348
1211 4506
3190 1465
755 3707
2251 3215
2755 3694
2316 1257
1116 3523
2951 739
3293 655
395 4496
2362 3507
493 2660
3909 1627
1872 1605
263 2245
325 4140
4015 2637
793 3884
1835 2968
3307 1458
1718 3351
786 2748
4772 769
1979 1962
45 857
2768 2403
308 1919
2760 2140
1535 2335
1214 3137
259 493
1049 2787
2453 1887
2000 2958
1580 2429
608 272
4477 237
1389 1262
2395 2444
2026 1791
4456 1577
1834 4357
2427 153
2081 2412
521 3784
3479 1766
1171 2806
3373 3158
940 1652
1394 2571
118 2344
1271 1404
3452 2893
83 4098
465 3685
2314 3983
3006 463
3008 2081
2691 367
4172 897
1368 3008
2242 2765
3229 369
4316 1119
3321 441
651 4700
2482 1082
1703 2472
3091 1021
1474 692
2896 1619
528 2893
455 3232
2055 2548
2530 145
3217 1463
198 4756
4370 963
311 3648
4332 740
279 2297
99 4254
4427 572
2032 1784
2660 2641
116 3888
1055 3312
55 2789
3238 1465
1107 3806
1631 1865
581 2131
1272 1511
706 1316
639 2950
113 2887
4135 345
1826 2579
285 4079
3745 3099
3952 2178
2276 3130
2806 193
3986 1965
395 3005
2297 3606
3352 105
523 1760
2357 1790
1074 1554
249 2914
1460 1968
4256 2257
1212 4492
81 2313
2167 1897
2217 562
1550 3470
711 1372
2326 58
3589 1834
634 2779
1213 4651
328 3599
3995 2170
3102 518
4386 1331
565 3975
1207 927
3697 2507
3697 595
1643 1124
2229 1631
2991 927
746 3299
1559 2784
4155 279
728 1486
970 1749
268 3679
3107 1892
2954 1571
2501 3335
1474 2819
458 684
1910 4374
3669 1409
3395 764
651 2297
1064 2323
4645 304
4327 1791
3189 2157
215 4509
2081 1024
1052 1557
879 3933
4573 1344
2029 2845
578 1376
3768 844
74 4915
3085 3794
2519 2283
776 4250
2684 359
513 3231
3878 808
2029 967
197 3295
2544 3396
1027 3610
523 3382
43 3074
2858 3937
3319 3289
2942 166
854 1099
316 3372
3718 1453
1652 4413
880 3560
3544 523
2521 2306
897 1002
1828 2893
1853 4499
2795 711
1699 1672
3002 3589
2224 1408
3231 2927
293 4902
1327 1886
3262 1613
2386 702
2138 1666
4105 1147
1870 1922
711 194
2300 1518
3002 1150
1622 1769
769 235
698 4797
2651 2504
2042 3764
416 2112
2870 3589
2013 3367
182 2940
1873 3498
287 2138
4772 907
2355 2888
2915 995
1762 2084
3262 3043
586 3891
680 1631
287 19
4257 476
3835 64
2089 1285
831 1955
988 1529
2392 3801
911 3199
2832 2304
2320 2796
3190 2755
3052 725
4136 914
190 4710
2092 3886
1809 3290
3774 3096
3763 1772
2567 3976
2194 3825
395 4866
2914 1933
3547 3160
531 3997
3891 608
1606 4485
1136 1547
3470 299
4538 1682
883 2023
2882 2248
1562 1782
2952 3994
757 1190
3018 1021
957 449
344 3433
4426 1939
3653 1597
2918 2040
4136 2145
2872 3570
2192 316
2497 1156
1146 2372
1848 1520
1200 3935
3014 234
2209 1817
385 987
1093 1943
4186 2068
1197 2927
1561 3567
2124 3819
1229 4092
465 2626
899 4348
4573 1313
1642 3574
2591 1116
1746 4514
3102 242
351 1787
3373 557
293 2504
4159 625
3269 156
3340 3059
1914 1380
1510 476
3770 3199
2804 2096
1065 972
4441 1313
1814 287
2363 3011
4803 914
201 249
1981 4100
138 3044
1605 701
1240 1960
1085 4144
1600 2287
1780 397
802 671
2395 50
2732 3026
123 4053
1085 1275
2507 387
4278 855
3623 1926
3190 1365
12 573
1101 757
495 2568
2757 1279
2102 4388
1124 866
4758 878
1939 574
584 3760
3099 2909
543 1996
2186 1311
1942 574
182 3496
272 4746
1576 2316
3542 1511
