1000 100000000
60856193 6144
67875693591 12582912
232295 24
249905459614 50331648
760307 96
85882840 12288
830504385 98304
33833856669 3145728
135141 12
242232 24
18739423230 1572864
166662 12
156668500113 12582912
17294650 1536
594559488 49152
114843702392 12582912
30420548 3072
827746625 98304
155096711 12288
128167 12
7969104529 786432
433001036 49152
21351681 1536
5513896 768
41213 6
26342375678 3145728
53911877671 6291456
1341046259 196608
12066878855 1572864
4394218 384
3757216660 393216
1844193 192
4057517043 393216
107080240 12288
1816228066 196608
140426 12
26380768321 3145728
15492673687 1572864
780834 96
600989968 49152
426346 48
30858478 3072
991418841 98304
9680962 768
596476 48
241889 24
49218799725 6291456
124389 12
131692 12
7727375 768
4323600903 393216
5107796 384
204915531 24576
260258 24
434660 48
1176268540 98304
7298768856 786432
1309150586 98304
72490529586 6291456
141143 12
26785 3
307422962289 25165824
1939857 192
553698 48
56343 6
31489614996 3145728
9400418 768
255709304 24576
1115478708 98304
272770582 24576
133905060692 12582912
1216383 96
23666 3
15124688 1536
493407935429 50331648
981270 96
55908691031 6291456
3333022576 393216
3491923 384
30018876090 3145728
292596964 24576
20295177713 1572864
29455394977 3145728
95476536 12288
9640226101 1572864
207906240 24576
468050067 49152
21829745 3072
555813545 49152
290718355485 25165824
127193486 12288
2891992 192
493262313737 50331648
153875 12
15670260192 1572864
223436440 24576
1946897 192
142016710 12288
4118455 384
1903802687 196608
11174128965 1572864
3952430 384
30878531 3072
1340141 192
132378519 12288
850195071 98304
2261803 192
862218103 98304
6715458 768
37753865 6144
218441714926 25165824
2350908 192
50147782898 6291456
16705098 1536
7678183183 786432
141826959461 12582912
143430656 12288
340096862 49152
7486943 768
251680 24
102035859416 12582912
17248169509 1572864
3838064707 393216
296959394 49152
18617 3
42109 3
960092 96
25421215 3072
467174 48
154584 24
4905187 384
528589 48
233763461793 25165824
14601555169 1572864
75428 12
586265369350 50331648
34288278 3072
18491782892 1572864
270262 24
197122 24
53795159424 6291456
472693394 49152
771246 96
1585722 192
1090707 96
119180877 12288
2149984 192
190965099249 25165824
217568704 24576
442966352001 50331648
72429 6
557409223 49152
185835538 24576
4475486 384
9177497 768
1759944165 196608
238104516 24576
439476088614 50331648
4133275763 393216
1942079 192
33407523 3072
432382 48
62792 6
5894196963 786432
856016 96
110482079843 12582912
6177820459 786432
121811 12
4740940099 393216
147577 12
2430568 192
48385892451 6291456
239367 24
509669 48
564755 48
384827585 49152
242253 24
15952377761 1572864
54951 6
51543049 6144
6860317608 786432
16564160 1536
76351 6
83229391159 6291456
492232 48
11638621 1536
29146925 3072
1273954 96
18632 3
13153360570 1572864
505025 48
1166693 96
699588691207 50331648
37661627946 6291456
2172678 192
30457894 3072
186130099 24576
60986239463 6291456
228947 24
6725656 768
104942078 12288
302264351 24576
108595591 12288
3595404 384
550094 48
11222811625 1572864
130639 12
129900063617 12582912
150908523757 12582912
66740 6
1315254970 98304
2010040 384
299971 24
1301105 96
66565978 6144
23913 3
245726034 24576
124338 12
1847548209 196608
3271106 384
10760310 768
121636871 12288
155232245893 12582912
242130624 24576
34289070208 6291456
6191588 768
2439039198 196608
200940891052 25165824
221677192 24576
449980 48
30886977980 3145728
493678613 49152
200895850361 25165824
464562774229 50331648
146510908161 12582912
201545399 24576
85040741582 6291456
159051 12
1648037 192
1398844 192
950553233 98304
18647250883 1572864
499520587014 50331648
7202914555 786432
5344786 768
7248175920 786432
8065209 768
501354907463 50331648
492802075 49152
119628 12
138735 12
99084547180 12582912
3864727 384
678998901542 50331648
120027 12
41438076 6144
64205709306 6291456
10772740747 1572864
954152015 98304
223160664329 25165824
30199400418 3145728
31634838 3072
1869017 192
17400049393 3145728
556125629 49152
1646072 192
11719626 1536
826757 96
25337902 3072
563646556193 50331648
12048722043 1572864
2520303 192
181404892 12288
33541 3
62628527731 6291456
1018504150 98304
16186811 1536
111767732358 12582912
797015 96
35686549804 3145728
260510563199 25165824
580679201302 50331648
4007271409 393216
11780553753 1572864
122223556141 12582912
529328644461 50331648
548883 48
673818 48
194698229984 12582912
204684639 24576
4517934236 393216
24517534 3072
243305560 24576
14873648 1536
102080996 12288
269218 24
66321462 6144
464908360 49152
360717414229 50331648
148302218 12288
14061116298 1572864
72382568750 6291456
575528481854 50331648
33680 3
52411 6
650520 96
1058730 96
20574513 3072
158647 12
293872 24
82430740850 6291456
351115 48
28042414 3072
315754363640 25165824
1823000671 196608
901963 96
481385 48
312858 24
6631449 768
274914726 24576
284436 24
1981219 192
199185739 24576
3733030 384
13897551 1536
217922208676 25165824
4314873 384
3230998341 393216
1630476 192
254594 24
128937 12
329292076066 25165824
54655360 6144
150507 12
4292842 384
4053983 384
231170166252 25165824
488758556 49152
52986 6
33612 3
68917 12
3932085462 393216
919231963 98304
8881955775 786432
207550 24
143196838757 12582912
72393610842 6291456
115655 12
1115394 96
8991590 768
134021 12
376869831 49152
1485698 192
722651 96
50060 6
4266176 384
440692100 49152
104071 12
62538 6
1112188 96
16855036 1536
594071 48
27969215 3072
67535858589 6291456
35865004 3072
499910333 49152
24009 3
368859042562 50331648
33556094269 3145728
9061379037 786432
583474041437 50331648
42184571825 6291456
571756 48
126766581574 12582912
3468259 384
476233469 49152
41376 6
50230367 6144
240249299018 25165824
6903375 768
2777660643 393216
1313560619 196608
30446721 3072
29997514084 3145728
1416362434 196608
202945 24
1699148 192
2576773 192
134932366313 12582912
67196376771 6291456
30890 3
1946535478 196608
1157187731 98304
139607277 12288
2043915 192
188292446454 25165824
159930317642 12582912
1656993 192
786556 96
2402963830 196608
6285740553 786432
28747402006 3145728
6948339197 786432
145971675216 25165824
17253842311 1572864
38266911884 6291456
27470134563 3145728
7414409915 786432
74071633442 6291456
47709929910 3145728
1025804 96
127068 12
172648998 24576
195729559069 25165824
8508953 768
128409 12
23516972435 3145728
1908196 192
139682 12
25911950 3072
99619676 6144
3047542 384
29336 3
252029893365 25165824
4474188067 393216
14330432283 1572864
273121637406 25165824
58719 6
65231 6
129341198 12288
1205636 96
2026828 192
2859044899 393216
24003547696 3145728
1599000258 196608
36996933029 3145728
38695 6
1380385706 98304
129308 12
190034 24
55056116 6144
1830322 192
1774558848 196608
1905004475 196608
36612 3
1233504 96
775084 96
418948 48
1028664786 98304
12844956858 1572864
74931296 6144
4010194 384
28582056 3072
22575320 3072
15671474 1536
2863739 384
3495211 384
3288501 384
53378936 6144
2651894061 196608
19792458584 1572864
19372042 1536
1558087 192
40715978 3072
499969752 49152
1092809542 98304
212114 24
513536047 49152
9133517833 786432
3411597252 393216
55482102 6144
6873566 768
59991461 6144
1704710018 196608
463844 48
763891 96
64623 6
98588718321 12582912
244392160 24576
301698148 24576
107290579 12288
78595 12
5851024540 786432
402974508 49152
36361052477 3145728
221234701359 25165824
7028539 768
405930 48
58372212857 6291456
478769285 49152
1888792 192
290912977559 25165824
6823613085 786432
472471 48
664033733 98304
309808 24
27370158435 3145728
5354380267 393216
4779230010 786432
16262822 1536
2990050299 393216
197089155 24576
80738 12
9294691 768
14252329 1536
16822699247 1572864
1509990 192
22346259 3072
418668929516 50331648
474356489 49152
509573828152 50331648
455683995096 50331648
21129400 1536
2176737 192
15845010 1536
9285529 768
81783 12
88662704449 12582912
10322519362 1572864
405334 48
21421597 1536
141009248 12288
88515223370 12582912
41069555795 6291456
8434540 768
53775 6
32066952 3072
1793868 192
18606238 1536
96380596 12288
4308282078 393216
78924187 6144
1118201 96
40008709532 3145728
3192294312 393216
3255236208 393216
74621 6
4033312699 393216
367061224196 50331648
71098252 6144
4076421915 393216
6747898012 786432
227709 24
502723 48
233117644528 25165824
29011226 3072
4682441947 786432
25673123 3072
2224688 192
1411509586 98304
12181458 1536
290947960 24576
29296 3
178297696428 25165824
2028013132 196608
165469 12
18261175 1536
3178067964 393216
3711083459 393216
31767 3
24872 3
1087552 96
112505572642 12582912
490949899298 50331648
386417285975 50331648
40210934476 3145728
331663 48
33778748 3072
408623 48
12250093 1536
5467482724 393216
472790534 49152
549703250 49152
1008243 96
423836636 49152
23176 3
816936850 98304
27616207 3072
7737698 768
322189631943 25165824
9339002284 786432
35587121 3072
1139134 96
20372428 1536
14821298846 1572864
991412 96
233165949 24576
75514339261 6291456
897123 96
1169063765 98304
59617 6
2879190 192
11988342 1536
770924 96
146969 12
123955 12
451391 48
488725760813 50331648
994242 96
37654 3
897865859 98304
72055463 6144
1099725012 196608
238460 24
3632923486 393216
3976453 384
2514043 384
54074178996 6291456
19836871 1536
50725 6
8723993 768
1064835 96
9480568 768
138021062 12288
15003720353 1572864
1840485 192
14298487 1536
181593565699 12582912
714394472 98304
2239173 384
8303885 768
5073687675 393216
12390258849 1572864
68232 6
274734240044 25165824
32546 3
126773710 12288
93890 12
75650415 6144
2318537 192
56710191112 6291456
19741680 1536
38065 3
285019265800 25165824
39595582417 3145728
111027 12
234891100 24576
30924062 3072
604499064020 50331648
1119358 96
396080220048 50331648
31422 3
51793 6
560700624727 50331648
4170572 384
6517635 768
11306634189 1572864
1463752818 196608
122662 12
3888285054 393216
102383 12
305079 48
239084751 24576
182092166 12288
757808901 98304
147851 12
5895450 768
73996373 12288
24370831 3072
2554026613 196608
333129427 49152
16670134 1536
15454714826 1572864
31446114715 3145728
29283718 3072
140420775 24576
32818456487 3145728
32839933 3072
131561868107 12582912
472699 48
1902947 192
555658557498 50331648
973579 96
163343 12
14920571472 1572864
1898986233 196608
34291835872 3145728
157591 12
4025231667 393216
60873008853 6291456
32672025 3072
1074219466 98304
36350389126 3145728
1641639 192
1954367 384
2921754 384
1081098 96
265110949352 25165824
68144738526 6291456
33673390 3072
100633859 12288
3737544 384
15015542 1536
4219516 384
61824346338 6291456
91888 12
13549852 1536
37928407694 3145728
232280341 24576
15368191 1536
121933701 12288
3509263 384
33417052595 3145728
14409449 1536
2529848594 196608
154242 12
1170448680 196608
16777285 1536
4596617572 393216
3611604504 393216
36673641097 3145728
34831 3
467298818842 50331648
61843935 6144
34568427 3072
35821 3
4080552 384
577563222 49152
31978 3
937707645 98304
5556748569 786432
465250 48
55465351266 6291456
941799994 98304
16814012 1536
464944449838 50331648
1327036635 196608
51360906 6144
476665 48
94979310471 12582912
21558173200 3145728
111434108 12288
2592214222 393216
80572 6
12447045958 1572864
474820419078 50331648
1765378 192
2162453 192
1000785 96
217881303 24576
491574 48
248766 24
1839618123 196608
32281013 3072
379626242 49152
2080410673 196608
488698 48
4030438 384
70719692 6144
218152279 24576
15525766 1536
2973760093 393216
1979798471 196608
552113546 98304
5059066832 393216
231675701267 25165824
3833716 384
246806382244 25165824
105270 12
113642 12
29360729530 3145728
2064234 192
4990197557 393216
43496 6
371071594614 50331648
983769 96
1233276827 196608
105604159 12288
46386 6
108209207 12288
25861844 3072
287275 24
122930996756 12582912
399086889956 50331648
278578257971 25165824
2186950735 196608
15572784435 1572864
42548960 6144
237527506297 25165824
28583261343 3145728
550911 48
4358438738 393216
38942336 6144
1487323519 196608
35696322652 3145728
532295 48
15391370595 1572864
1892340 192
1806319 192
2137951 192
305227459513 25165824
537095123168 50331648
59644 6
329027 24
6238869329 786432
1928914 192
563266702 49152
419819 48
24049992 3072
93656217946 12582912
28287 3
13268319 1536
5855695 768
1968498777 196608
2292194109 196608
39927 6
887016286 98304
1498083 192
385494 48
178561 24
513899376842 50331648
501739703 49152
130436 24
430320 48
135234377 12288
892099 96
240118417 24576
7124670 768
139408 12
86307860 6144
25325809830 3145728
4182660 384
158303832277 12582912
35238752641 3145728
401922242235 50331648
13973378310 1572864
31060 3
299200450 24576
15402066545 1572864
125326434312 12582912
65581840885 6291456
53692 6
321758 24
22386957432 1572864
603166 48
944405 96
120329817300 12582912
5706011 768
48990388277 3145728
2050959744 196608
233899 24
532796524571 50331648
7263052 768
672689 96
86920974955 6291456
11887530033 1572864
2813918 192
10829405189 1572864
286197819675 25165824
46107 6
396234857 49152
228118002 24576
463201 48
256846906167 25165824
14641638614 1572864
2736769675 196608
129000725 12288
121323 12
1172015 96
571174499 49152
126433 12
413918053706 50331648
7712139 768
292093876695 25165824
479972524 49152
8141265682 786432
8343636 768
121572 12
63987084150 12582912
281212936785 50331648
831670 96
130974386167 12582912
17723 3
8747403591 786432
3242015 384
33704 3
60604336 6144
10590656882 786432
5899775 768
466428 48
23998376 3072
1211187 96
52621 6
268070848 24576
7294583 768
326187 24
16345534623 1572864
27322962619 3145728
10017547 768
334039516 49152
104979539946 12582912
43989 6
148422 12
50657976505 6291456
234331109647 25165824
803998 96
3478758717 393216
54093756 6144
987256296 98304
252903329750 25165824
59671 6
7136396 768
27753 3
1916317 192
6446454476 1572864
140017 12
1456382 192
12223359112 1572864
57675572344 6291456
769801 96
330254526591 25165824
100149582 12288
28887116 3072
460402 48
585255622823 50331648
57154108 6144
21107680457 1572864
115499995 12288
3760809 384
7357010 768
49171319 6144
819308 96
12684684024 1572864
9257464504 786432
278325323 24576
2223679 192
15692887 1536
1269443 96
1553885599 196608
418638 48
4267102 384
15488 3
39509 6
211331039 24576
2290702 192
1092358 96
33106594293 3145728
32346484853 3145728
137314813 24576
2055324119 196608
47295708022 6291456
33040652875 3145728
344468473 24576
609946799 49152
217642 24
27784921 3072
1492879 192
6769688366 786432
847827 96
150383 24
13576284 1536
7910899 768
447769588 49152
32660017 3072
1693483599 196608
7052165925 786432
7170859 768
552612 48
81194 6
845102111 98304
531554083 49152
408059326900 50331648
103787 12
6227129 768
23540 3
244428778 24576
48489672 6144
2715453767 393216
61521847095 6291456
38332536 3072
15269661 1536
254036654813 25165824
467446 48
585721 96
6590033052 786432
520618 48
617725 48
63822877713 6291456
34146 6
169543075111 25165824
3783237760 393216
18130244064 1572864
590141 48
2338892247 196608
11333434360 1572864
27975749 3072
1734663318 196608
305141 24
4749419853 393216
277903294844 25165824
35698365582 3145728
8923142 768
418115 48
486209584904 50331648
7237342 768
184025418594 25165824
28405 3
11688209 1536
3919799 384
24352179387 3145728
