1000 9123
60759707 1
566244780319 8192
1606449219 32
453910760260 8192
430615900811 8192
1047471798 16
182091466056 2048
926750413 16
138856095575 2048
298183099605 4096
11946979983 128
247806809004 4096
100859508044 2048
4592706147 64
1075830128 32
4780918120 64
12330099949 256
399110847840 8192
120421824 2
491857484265 8192
382578904 4
232120353 4
142637771492 2048
426633725684 8192
185310508 4
1031329049 16
111882795098 2048
271510681 8
76697484990 1024
273331127 4
76192513901 1024
5140840347 64
31863474588 512
15318999170 256
349148767604 8192
7891914897 128
1128340230 16
858121817 16
221128774 4
1115448056 32
4577258920 64
53095247 1
988645834 16
77142113 1
17872076153 256
13082994559 256
72752722 1
1887015047 32
61094111 1
139340279 2
37867343143 512
147356132 2
2176447376 32
31102682501 512
9982108639 256
26536436158 512
257619730077 4096
1337234670 16
256950833314 4096
73199879 1
150804738 4
19772420319 256
50811702 1
79083494615 1024
862925971 16
1480259062 32
234150459254 4096
146934973272 2048
658160763058 8192
61266624 1
2648636101 32
185500220 4
6007725418 128
168776908 4
1994060625 32
33310325481 512
2122239401 32
458109516 8
158920814047 2048
66388602 1
68768599318 1024
503442317771 8192
51227486 1
2968983586 32
5338669027 64
86405615 2
118153800791 2048
816409971 16
8780122734 128
108083993 2
128283659 2
78022375 1
151597211466 4096
2109966014 32
86673092568 2048
3353320054 64
61744975709 1024
286337734331 4096
112544416 2
8560240780 128
126498186006 2048
184486761885 4096
2059527980 32
130943480 2
633495246 16
2043596989 32
13418141276 256
7114090509 128
18095238324 512
990052961 16
443531334 8
108587448 2
68887795467 1024
282248060 4
125548881 2
54706974 1
286616251 4
55069721771 1024
226557896 4
3933039025 64
564374645 8
59904903939 1024
110475197 2
60418241 1
679913657 8
43857523464 1024
243030969 4
32333752132 512
575967166 8
56993914 1
5226031476 64
3825360973 64
52626440648 1024
9591733997 128
822896734 16
4366355236 64
1777147659 32
547971171 8
1202974046 16
38613271194 512
477891640 8
32690065646 512
470969096 8
2622935707 32
16738291206 256
57942398584 1024
18057361330 512
2177584799 32
32392898086 512
13697905793 256
9799499290 128
550409519 8
19111891150 256
7527437893 128
65862852 1
15310331026 256
902927439 16
80344761010 1024
2159550247 32
71395366 2
313976510 4
454288491 8
152305225 2
9493455920 128
36863226332 512
39365305122 1024
1676068307 32
118815324 2
117562445 2
29553147070 512
28585045806 512
35640445294 512
74987647 1
51580546 1
647063409729 8192
3499531103 64
282300216733 4096
112171738 2
1275266588 16
329472836 8
229906067 4
234351214200 4096
133998795 2
7690258212 128
2177530662 32
207816204 4
304772351 4
368228681210 8192
92070879 2
8790980465 128
58791283454 1024
80772355 1
434713797 8
427375841590 8192
835309664 16
2537773891 32
322669161112 4096
53720280462 1024
113447150 2
22682169148 512
280266735 4
1066113343 16
362844033 8
351309120 8
100456946804 2048
82175408523 2048
4708213076 64
504958306448 8192
1076164231 16
1659065896 32
17365553005 256
14159187131 256
59198787525 1024
823444155 16
409337444 8
11652754060 128
528306851191 8192
7686439169 128
1019935396 32
283003387 4
61301810348 1024
6827109002 128
196681920 4
421632680505 8192
202179562 4
35372601397 512
70330346618 1024
401501988130 8192
107286635 2
7148794670 128
35418478341 512
48068428 1
369366269 4
400452151 8
773490823 16
58139724 1
201068850 4
114497481350 2048
57356416 1
75276867 1
32926090493 512
1883587429 32
1821470218 32
76603134954 2048
142727730372 2048
50327789137 1024
3227457128 64
122263875962 2048
575819450 16
251380367 4
539838499307 8192
4369288371 64
77229600 1
428204912712 8192
30764220 1
64469211725 1024
280908580 4
429893917 8
139077820 2
35222865577 512
16813505040 256
372835833 8
273473872 4
1863263835 32
39102685562 512
183526609268 4096
125695994 2
15276541471 256
531509278 8
271217349626 4096
77415779510 1024
17696266176 256
139413271 2
2125967839 32
62430014488 1024
132763263 2
298306160 4
91778953950 2048
251495960 4
1782799549 32
72054146323 1024
90802365618 1024
29460703436 512
270399233 4
226532145 4
11365169376 128
1865456534 32
21978306885 256
2066811175 32
111787978688 2048
195881723 4
290725779871 4096
384776146176 8192
270515194 4
1237087568 32
156709223 2
169290917635 2048
120065229 2
1195097962 16
59514149 1
6610145576 128
199057706597 4096
1264710449 16
63224885 1
19560644850 256
565577787219 8192
66932232 1
18634449437 256
114255165 2
14334145086 256
74295973 1
1809930031 32
243491840 4
222812201091 4096
89610899657 2048
576962332770 8192
1412078084 16
319325519 8
1056873805 16
262480632722 4096
3591692693 64
228361047 4
118333879 2
74890287 2
183973139871 4096
2013407732 32
1859230045 32
111463783 2
54080659653 1024
15149453829 256
219179006 4
257052607861 4096
3148579682 64
53253023 1
623094102437 8192
180704954996 4096
2354364010 32
1083305890 16
45459928419 512
1646825373 32
57141931 1
3657831136 64
280874559858 4096
129117250073 2048
113090257 2
197789297560 4096
12459152149 256
247058372 4
59172614578 1024
132440321345 2048
165857802628 4096
1502311140 32
116030576 2
234303565 4
16193563648 256
2040086756 32
257767160364 4096
42296677181 1024
11570309952 128
17637464982 256
433614426 8
88155164094 1024
106142620616 2048
20979640098 256
454152439 8
7647384103 128
5823112256 128
316546742 4
458881092 8
219086981142 4096
575513213 8
214312455 4
8827659355 128
120411642015 2048
115497513981 2048
53885612746 1024
110166310 2
328044169 4
10416309639 256
31648547652 512
109484830 2
72388618 1
70197319 1
44335048 1
175713008251 4096
63859574 2
312851072 4
31366083386 512
3591697358 64
1613849388 32
12565568011 256
1226595197 16
76503978907 1024
35266992442 512
663460712440 8192
12469584309 256
112881065914 2048
5262499594 128
17158699601 512
142489671 2
330884142 4
67172001954 1024
22571794670 512
1658745631 32
53019524 1
225098983 4
377252731 8
66270453016 1024
332958005579 4096
345453956120 4096
148942422779 2048
1750455188 32
3368557901 64
143711574 2
240962880143 4096
463731848776 8192
771990291 16
247091939663 4096
8831855786 128
52560362 1
10552548652 128
726379971320 8192
94280057 2
45869836 1
454711181 8
39943995773 512
301875347 8
689717031398 8192
929798526 16
34066564376 512
418725011677 8192
356916894 8
4682302257 64
203676699523 4096
989234115 16
7172350821 128
1977749339 32
15440498478 256
436035456 8
34391999429 512
152200088146 2048
3882795734 64
293228830394 4096
95999304 2
176796045 4
457081487272 8192
5413893580 64
4658537138 128
12114484829 256
488311533776 8192
75621130737 1024
46765946172 1024
1809101143 32
652210161622 8192
148203278 2
965728615 16
66972525 1
5788543701 128
373588021 8
567508314 8
132624544346 2048
30333400146 1024
40897165272 1024
20076345402 256
518446837 8
3453540328 64
260873152548 4096
177068867761 2048
127491041473 2048
564894151 8
207293433 4
106325320 2
248012321 4
547661380717 8192
381419307256 8192
1511842365 32
60313737 2
35996062 1
1772669050 32
283869392 4
4270655516 64
4248122834 64
341265852 8
75184771620 1024
4177274048 64
276861239370 4096
58279713 1
433296107573 8192
1030557946 16
36650031299 512
79317196480 1024
229757019626 2048
3058046942 64
113990331 2
478688426 8
3534893549 64
227548107570 4096
14711889970 256
695216676 16
1889434227 32
549690028 8
50288674 1
92627704053 2048
15422925602 256
34304558741 512
1846611615 32
128432019344 2048
264980231 4
148227141 2
389109152446 8192
602142136811 8192
302207977687 4096
72277221921 1024
3432544834 64
205299800 4
2241412912 32
736758827439 8192
129198413695 2048
1922692211 32
544312170797 8192
1020931853 16
506976966375 8192
294479165211 4096
75206161 1
2321096788 32
7494247691 128
152903386567 2048
112876108 2
61386184608 1024
3607787463 64
2324580410 32
250153641951 4096
242891784 4
3349993781 64
149961345574 2048
532434620 8
1228327679 32
2735352434 64
233735688 4
43313569884 1024
135881333650 2048
557980372 8
3912700549 64
667774518081 8192
407381873083 8192
132407751 2
168526688 2
65238146 1
15626145642 256
52605207154 1024
18812941658 256
28847019968 512
1156649251 16
239343617987 4096
81545367678 1024
2158429099 32
84278642 2
343830243593 4096
136540797 2
123123196 2
522153259 8
9085034627 128
101897968345 2048
7824197702 128
16206977355 256
51485603204 1024
133944898 2
188731465507 4096
1001560994 16
1577294331 32
2054470302 32
35039016386 512
219656717539 4096
21245389216 256
79464235 1
542701883469 8192
2057073272 32
139452719519 2048
4854637220 128
201994955 4
201898533 4
4397322006 64
207210972983 4096
146453918 2
35437995271 512
1164207546 16
3426604862 64
215885223 4
604210223 8
50628961631 1024
1076271124 16
359260115 4
29416516265 512
227659204882 4096
94657909 2
39707593769 512
7068449239 128
183183048 4
237276279757 4096
14819975770 256
139876306298 2048
190369511464 4096
3333057577 64
245355415009 4096
15748950269 256
1806590988 32
47570618227 1024
400516918188 8192
69514371 2
581922918 16
61518746 1
544325822 8
3272299590 64
4488980234 64
92990451 2
286183105618 4096
648207393648 8192
25797243383 512
981084904 16
63588702 1
4283228247 64
77327475 1
113144566133 2048
8149146228 128
8175725732 128
68250404 2
10166747881 128
116199467227 2048
2097168771 32
186234068452 4096
7085919604 128
68170469 1
121599920352 2048
320390514879 8192
478011806 8
46208159581 1024
119529374284 2048
85247240432 2048
19682031553 256
242435753 8
105424754326 2048
2618922847 32
550443786418 8192
72606908132 1024
57630632 1
56247372 1
50473585738 1024
9228670688 128
207655524 4
41725949 1
4855350505 64
22837698509 256
196714393 4
466129080 8
234835648530 4096
18839886382 256
4725053172 64
25070592834 512
431064973 8
229543588362 4096
9340723102 128
349941894114 8192
149862680 2
101112402 2
19131875461 512
40064432090 512
4555661508 64
35568760508 512
527239104 8
121154651 2
65498206 1
454955632952 8192
681572177894 8192
10592085632 256
24807417055 512
658842918 16
1572259633 32
3991225430 64
57415859314 1024
2066427214 32
366628002070 8192
9582219136 128
56438379230 1024
67412891 2
1957054735 32
2801258583 64
6181050111 128
100827075 2
54891110 1
567437879619 8192
245997385165 4096
11368258980 256
64124915495 1024
7419263575 128
3288841331 64
4746975052 64
66882907 1
1325577136 16
22237181509 512
97285343448 2048
263100829776 4096
132186042 2
19312448096 512
3801028345 64
49811368 1
576015286 8
271712922 4
137983980924 4096
582576715050 8192
1666041279 32
214501772221 4096
3338809524 64
120878513 2
304407997 4
17322532100 256
16517394804 256
30014622442 512
1102866775 16
117861925 2
21968957085 512
510999208 8
61986561595 1024
19553736053 256
1144072075 16
2441373365 32
4960730368 64
110441350875 2048
1763647649 32
376340704 8
45974471 1
66972463 1
230182906112 4096
53201763 1
2478595272 32
166939480 4
565043419935 8192
473438779 8
577099122442 8192
65777577834 1024
107972272171 2048
101033130 2
26686253172 512
38258931622 512
171045707 2
88768390 1
7018760962 128
201547774361 4096
688248600 16
16929850518 256
133048198439 2048
300751536 4
484836606939 8192
180464992015 2048
54116735 1
4881529581 64
1297627134 16
8694596751 128
236038648503 4096
302659251348 4096
113290100 2
89561907 1
71271433 1
128498635955 2048
514237620212 8192
5660728226 64
101651174450 2048
1076780069 16
184389747 4
339930297638 4096
3425797265 64
1587871582 32
102261698 2
113317612343 2048
221762936 4
17744291482 256
16005515833 256
222793658197 4096
154551659104 2048
760320268 16
1039550866 16
208995014 4
64931373768 1024
13136172505 256
71837912759 2048
508993198 8
17943469387 512
68098250 1
2348711625 64
1200340087 16
13432185181 256
240859490 4
1288824991 16
505049370 8
60548426 1
222060356620 4096
569781227573 8192
150162621512 2048
52591582 1
66941043704 1024
2991146944 64
604942215 8
289245623667 4096
1396082125 32
1993799500 32
929098279 16
780040692 16
1226953239 16
6176083997 128
1372805077 16
430948065 8
241741256190 4096
266405791066 4096
21282980636 256
9884568437 256
1111034184 16
49179628597 1024
49365116498 1024
39008313231 512
59373922 1
16849133827 256
2431652812 64
146971053768 2048
18050240120 512
3305626229 64
493536582 8
1042368674 16
31073889339 512
1029298671 16
52890908 1
15174774603 256
2617939773 32
92999964 2
7691871417 128
25303934716 512
229303603 4
65290976 1
6110906521 128
2314026874 32
4118087688 64
73707164 1
83389430 1
16229893176 256
169203741693 2048
139511132 2
83278116742 1024
480574962 8
222618992 4
60182014 1
3419277796 64
401390063970 8192
703539794 16
62485401604 1024
171049335 2
3427966760 64
308447081 4
12375290068 256
237326185548 4096
21691409618 512
517762651 8
797082080 16
467423429456 8192
450149055347 8192
4201331950 64
553501542 8
267586991 4
254759443292 4096
63131804 1
473794527 8
262966984492 4096
547080952937 8192
324740932 8
192871001161 4096
1180835227 16
66220356774 1024
368386759 16
3485678588 64
139891057174 2048
1283651667 16
6654306687 128
9941866618 128
112174261156 2048
600185383 8
160537442411 4096
215327958098 4096
258688387434 4096
435491613241 8192
31018650499 512
2014311570 32
17599284403 256
30568693159 512
435953533688 8192
33484866003 512
77428201038 1024
15765909803 256
15921456386 256
3472407332 64
643879175676 8192
64742291 1
1838304779 32
524634899 8
61590327313 1024
17152004665 256
52542918 1
46883535004 512
290065496827 8192
38626389 1
492926369 8
480577378172 8192
268469828 4
271703301690 4096
13162015274 256
61303958107 1024
68255180 1
102055575 2
67518900 1
159885714 2
56785842 1
78752727 2
238192698835 4096
577640934044 8192
32766675437 512
4442986479 64
6719145461 128
64832377 1
102231531 2
76915811 1
4290118642 64
540470939 8
290186569306 4096
135645818 2
418894601982 8192
14656287886 256
651164077388 8192
3602603743 64
73218643 1
55839787 1
82396058 1
560940582364 8192
523744287985 8192
130597149 2
28482506648 512
29107823464 512
4043534110 64
116129663561 2048
1033679292 16
274847736 4
143688958570 2048
16541291312 256
52699980 1
571534700 8
18842596924 256
7010515486 128
2499781988 32
525633184 8
61610240209 1024
1198239661 16
448926368863 8192
188211841 4
324628114 4
285684746472 4096
448664936486 8192
2315820394 32
3091003983 64
10302250914 128
99877636304 2048
113425767559 2048
79345975 1
50989217 1
149230601472 2048
138329646358 2048
2698927940 64
17963355663 256
69864162206 1024
277699052 4
70238605 1
424065158059 8192
63970180 1
4760258391 64
2236282318 32
529682752609 8192
67425587 1
4408646043 64
147568166 2
114098199145 2048
60418255 1
295424390 4
1079724626 16
158700183 2
1785944890 32
59583751 1
229764645 4
115380825 2
491344063 8
3879852421 64
42723917090 1024
1098799909 16
133553992067 2048
329681274060 8192
27224024593 512
2771940972 64
