1000 10000
130007850474 2500
111875603563 2500
119347500376 2500
233726935414 5000
128837865510 2500
341671165381 5000
135543140317 2500
159322296295 2500
293041188684 5000
309090475076 5000
121001006049 2500
575641900991 10000
111476603854 2500
221645904072 5000
245261159727 5000
654184536137 10000
200854964204 5000
707219673615 10000
90173194354 5000
279262790347 5000
241633033244 5000
175430941013 2500
154302098980 5000
181499261265 5000
111282174967 2500
248604875342 5000
630713865604 10000
487734386344 10000
605271574764 10000
434474225541 10000
502256994952 10000
144790433892 5000
104399861714 2500
160474317410 2500
232808148761 5000
511275157513 10000
476091290706 10000
173669143305 5000
149797127858 2500
406564451777 10000
451159351211 10000
472760784589 10000
219152586798 5000
116702037968 2500
531311597319 10000
99640516212 2500
187256789817 5000
153098087738 5000
70172312324 2500
301496866487 5000
286907725760 5000
484217232376 10000
103578584959 2500
306972584196 5000
510764831495 10000
165161128796 5000
253043867476 5000
179521359812 5000
509485788221 10000
113370636476 2500
481984353947 10000
118914604907 2500
542901887934 10000
286557770454 5000
586632583569 10000
101492670597 2500
227661336191 5000
135207949231 2500
99570181874 2500
227468424828 5000
148126343618 2500
118206431024 5000
136899502108 2500
478135081453 10000
418123279912 10000
302862188452 5000
600283389505 10000
570415929586 10000
355129426335 5000
441048494838 10000
129841250950 2500
382376891374 10000
280552992486 5000
289508125776 5000
280070353932 5000
118477886676 2500
279200453749 5000
122725293637 2500
163347577984 2500
222945721288 5000
98896723240 2500
104094766622 2500
373993058930 10000
464799529320 10000
489092038480 10000
706210951792 10000
100062253115 2500
135830185062 2500
412741198255 10000
405224876973 10000
120089209418 2500
285937934462 5000
244869533312 5000
116502388051 2500
129016399350 2500
117268567663 2500
245466694959 5000
113617764096 2500
590939351202 10000
413662768187 10000
106840589050 2500
676686227903 10000
157127717912 2500
136465895287 2500
391893981764 10000
138220534347 2500
263962124967 5000
267715371001 5000
120917843157 2500
359978398277 5000
104264365776 2500
104115391319 2500
329947985695 5000
72262637660 2500
584169481557 10000
646243983780 10000
578191892368 10000
393251157216 10000
546424216446 10000
163195036999 5000
221140964253 5000
698760637789 10000
120597943899 2500
130180545238 2500
191059445911 5000
134690559768 2500
476943861092 10000
561038399153 10000
118778146138 2500
120220901812 2500
125400731204 2500
151350748405 5000
255638447800 5000
340733658621 5000
198546766324 5000
541214386331 10000
122431891960 2500
429682981233 10000
752002632579 10000
570597729789 10000
117891087565 2500
209327979723 5000
170704475547 2500
405747670099 10000
127651541168 2500
434353950084 10000
224671026342 5000
173305598201 5000
258308541988 10000
583084428566 10000
132090990843 2500
546996511459 10000
427244455091 10000
152884297402 2500
524913974192 10000
191178208450 5000
210772481731 2500
223008045996 5000
127218145739 2500
246011139146 5000
429333880201 10000
193479920978 5000
614211644359 10000
410299696366 10000
578280623594 10000
190411784106 5000
372208227038 5000
521960042515 10000
87603286969 2500
145873841818 2500
283053854373 5000
115714664813 2500
173063041671 2500
205809443804 5000
579921956873 10000
249435242582 5000
287018402559 5000
472116585954 10000
134445867934 2500
250254278155 5000
414481212184 10000
523232647099 10000
134888547749 2500
126809159874 2500
244524605291 5000
490788986189 10000
134033389649 2500
506503881439 10000
166637412872 2500
159784076274 2500
271673426489 5000
104979629443 2500
579568208779 10000
180326284638 5000
317267974406 5000
721826975660 10000
99947685633 2500
594821748732 10000
137163883502 2500
276992622479 5000
520144744995 10000
375316170090 10000
217325220022 5000
275597870114 10000
675936151233 10000
409401382231 10000
137176238267 2500
84875691505 2500
226174654907 5000
314488907459 5000
144011469391 2500
221574510712 5000
459161737731 10000
304631477893 5000
544315077264 10000
335842815170 10000
271368247295 5000
84669893383 2500
161853935372 5000
325372532057 5000
348010131399 5000
156604191681 2500
226440508174 5000
134050923409 2500
101003005837 2500
366157691662 10000
496411599140 10000
451001792232 10000
128856593957 2500
220170005171 5000
565354914178 10000
225049555915 5000
268284384234 5000
188821615321 5000
151140402552 2500
123533918661 2500
101826987009 2500
134988773614 2500
235237700141 5000
261802836676 5000
109626537177 2500
337909276609 10000
199655510375 5000
269583367860 5000
228355626680 5000
244177406635 5000
513747791846 10000
141213780354 2500
122863648711 2500
556243170881 10000
196924066410 5000
351573756977 5000
521826517251 10000
314142530708 5000
603074010258 10000
139859443533 2500
555634094566 10000
264729081789 5000
426451786384 10000
171218832587 5000
276189893047 5000
115818218254 2500
105397559940 2500
266720886748 5000
284812811358 5000
246191533980 5000
333593524724 5000
293162266533 5000
242980351992 5000
436960759811 10000
201522509359 5000
114571517325 2500
501646641471 10000
188199546535 2500
172041475339 2500
139337118156 2500
180410623088 5000
287047388599 5000
497465152866 10000
409574880244 10000
160783960502 2500
680860844697 10000
194494852326 5000
283098658358 5000
128935168199 2500
361135643461 10000
142638126473 2500
246087184156 5000
519171295344 10000
478495350555 10000
178506649250 5000
87184781714 2500
380077094339 10000
165629181014 2500
323951372032 5000
568259673466 10000
326204176281 5000
320371234733 5000
409137376919 10000
588845192377 10000
449292540439 10000
241241918562 5000
137139427010 2500
547257601637 10000
162190301056 5000
156463546942 2500
131611952204 2500
120300151224 2500
111938514398 2500
138005876285 2500
626272881121 10000
89251964976 2500
432943736169 10000
137416452396 2500
103601005706 2500
202468327555 5000
129383660450 2500
253990406852 5000
130028822660 2500
164713288294 2500
90197853985 2500
219834239490 5000
427901671658 10000
320103255010 5000
227551972751 5000
179419168877 5000
269031009515 5000
511602939458 10000
200143370880 5000
148397313897 2500
550646340834 10000
439334432730 10000
306688555025 10000
117809517894 2500
270697582833 5000
82734255842 2500
501078475437 10000
490269800823 10000
99412908741 2500
472792506962 10000
111429999923 2500
463543070237 10000
304955607314 5000
280838295828 5000
600339969501 10000
436319368481 10000
261826032806 5000
270701467691 5000
397839363176 10000
531204513498 10000
318019161065 5000
133605788574 2500
396345696688 10000
577120793055 10000
133717859533 5000
269293868395 5000
408882262657 10000
132542634332 2500
226228226962 5000
254972199008 5000
319030174481 5000
125754634553 2500
111373377607 2500
390390493193 10000
128084297192 2500
284502414787 5000
637993388201 10000
454983116902 10000
327266396456 5000
493952138864 10000
79301554846 2500
106739602460 2500
515354231625 10000
263213580611 5000
595048041149 10000
244541884059 5000
290892829188 5000
250218650772 5000
591755853959 10000
340428182306 5000
277884441485 5000
430124978686 10000
463822189080 10000
489129496204 10000
156600958293 2500
281128741653 5000
263017450159 5000
99002020033 2500
336858442981 5000
113690927993 2500
565422961855 10000
547813302689 10000
126770785635 2500
138115255428 2500
206685723549 5000
144057853256 2500
456581968150 10000
148782769610 2500
362654212219 10000
180754348169 2500
211776303908 5000
152695481509 5000
133704685830 2500
288048578160 5000
608200704212 10000
362066001174 5000
208074641129 5000
137012099744 2500
213736876171 5000
407549034236 10000
580993328713 10000
344668025170 5000
489687204806 10000
131743812130 2500
276635106822 5000
450144248534 10000
142816818953 2500
159014391409 5000
157970483121 2500
490519103388 10000
307521013160 5000
161795752954 2500
207861056960 5000
469008050734 10000
264812508420 5000
760641841004 10000
123423032873 2500
83148157458 2500
226233661277 5000
378851427107 10000
206811045630 5000
279656593664 5000
144481899495 2500
500329463964 10000
503036375183 10000
136439100599 2500
223307329863 5000
130035557150 2500
116801028027 2500
122061306542 2500
70230519796 2500
285950305156 5000
215674922989 5000
141156253872 2500
608690752734 10000
325574143065 10000
550642183951 10000
398484891637 10000
101084465414 2500
478305752497 10000
60587717319 2500
185956346640 5000
685309560192 10000
191070254600 5000
258784612498 5000
239448445806 5000
157333966060 2500
107888181419 2500
226932332526 5000
401209747194 10000
167910654585 2500
441716249305 10000
320001658769 5000
163362054391 2500
187787782811 2500
226042329989 5000
582276663793 10000
179788330928 2500
421689649129 10000
124397676412 2500
273261836816 5000
573655129928 10000
107371236536 2500
533307724353 10000
103270506072 2500
216572874888 5000
136420888410 2500
352641473930 10000
243903443546 5000
422739923708 10000
210970970792 5000
513235105571 10000
269648928162 5000
525546031906 10000
118085702781 2500
423619160390 10000
555891334072 10000
151868705893 2500
571283847125 10000
289016026212 5000
189398604742 5000
201572602940 5000
352359669512 10000
647988462303 10000
126873761135 2500
449724697440 10000
547932196533 10000
139044638333 2500
132506732869 2500
134519202622 2500
158602022364 2500
282171389475 5000
241011509831 5000
462584597419 10000
142613694493 2500
260751933502 5000
127708951398 2500
561158553827 10000
92155759805 2500
68254505934 2500
204213879599 5000
95399574007 2500
587860716451 10000
143093596868 2500
594744365554 10000
534275301921 10000
93050424841 2500
286765530981 5000
338107084721 10000
215944543356 5000
607593411433 10000
118107436891 2500
373344554919 10000
138918828812 2500
219821447263 5000
267361608030 5000
332880696688 10000
131471298912 2500
119606789157 2500
231927909958 5000
152867839914 2500
626374229455 10000
522382951383 10000
139359910731 5000
200382337085 5000
151609929239 2500
626636303692 10000
163093163448 2500
218089363609 5000
156264287205 2500
318797754231 10000
299210511649 5000
430040963602 10000
574351700756 10000
281449025040 5000
133157737554 2500
111272648421 2500
435544654395 10000
152542661140 2500
523054839639 10000
115306548129 2500
186973122816 5000
143665504234 2500
267935657735 5000
211940930930 5000
622540954561 10000
535477770773 10000
403758967200 10000
287498795207 5000
162228139906 2500
483341924733 10000
148255539727 2500
226399740188 5000
670244236749 10000
139793513182 2500
275985153119 5000
148914606927 2500
602861052426 10000
434314291997 10000
115985300270 2500
626378831333 10000
183312656860 5000
551984419356 10000
131223111447 2500
600848364023 10000
91107981933 2500
91472499941 2500
477683769883 10000
569888564420 10000
463849414158 10000
400724122224 10000
90513541570 2500
134166660752 2500
246546548048 5000
215930707111 5000
536736821095 10000
144587867136 2500
489754150877 10000
235973527004 5000
72720061092 2500
145408827960 5000
125517182638 2500
144226196734 5000
615321250815 10000
601923527905 10000
148847904638 2500
552043355412 10000
217083777660 5000
244208837805 5000
249392693838 5000
351530278535 5000
511553239316 10000
498384415237 10000
120480044788 2500
668241701409 10000
215897005350 5000
119071308113 2500
122583896303 2500
572073662715 10000
140640393667 2500
324383363698 10000
83450909560 2500
116609965993 2500
522582112313 10000
541124194753 10000
99900719271 2500
359266438768 10000
241589611750 5000
139841846405 2500
476702070354 10000
126205816844 2500
493110344369 10000
327846634202 5000
254922326712 5000
104476043038 2500
139893390793 2500
253444973187 5000
124404850725 2500
150326287882 2500
151827702666 2500
164425721271 2500
304106654444 10000
588537793922 10000
483590457975 10000
96164993982 2500
89094941194 2500
107508658100 2500
96806814751 2500
153351302433 2500
157816113564 2500
215831294784 5000
123707209503 2500
346872076228 10000
431414348906 10000
223734601284 5000
212329279269 5000
442950736620 10000
365331745183 5000
543974218519 10000
281576393266 5000
133157170595 2500
305418877502 5000
400674835984 10000
131090805235 2500
199771310055 5000
567431408694 10000
462598677148 10000
302446515232 5000
165045186577 2500
151693805645 2500
556008941409 10000
240948400117 5000
515759254197 10000
156778237576 2500
458452606493 10000
486583284266 10000
125243598999 2500
197140503331 5000
366261827607 10000
129022682798 2500
127284600197 2500
279529351170 5000
233612524911 5000
278630528804 5000
563610831134 10000
259103320368 5000
441392273158 10000
156050411973 2500
478315714863 10000
428792077948 10000
292695064693 5000
560563287598 10000
453005354169 10000
452674726712 10000
186596237313 5000
379938955920 10000
423359237935 10000
305626057230 5000
243028617956 5000
448953696607 10000
101721516899 2500
151784111278 2500
270588315339 5000
241406337618 5000
157151498131 2500
198854546267 5000
353411250180 10000
99131159303 2500
310388773227 5000
67256407295 2500
260495306157 5000
164695601080 2500
529854961017 10000
208653503956 5000
345122734861 5000
154173974387 2500
472651231716 10000
196588714205 2500
132263708222 2500
206641035245 5000
460266594074 10000
183599865783 2500
519246364436 10000
762370839411 10000
143453343633 5000
117096777854 2500
529405843645 10000
351367500429 10000
353494715657 5000
247532392922 5000
409966971430 10000
188916980398 2500
218135611186 5000
663746953685 10000
233584854421 5000
202329689588 5000
157585749037 2500
458598522483 10000
276800338274 5000
173474856898 5000
449177972649 10000
558375358411 10000
579984434348 10000
135561137774 2500
181824956610 5000
91386665479 2500
124634035050 2500
131497175036 2500
296679546040 5000
113961539180 2500
251390485783 10000
143598803348 2500
141138524546 2500
489942693958 10000
469013840743 10000
158738829670 2500
472198697187 10000
279167240604 5000
372962139892 10000
369753465579 5000
212400964673 5000
201021429514 5000
151120487418 2500
264681897536 5000
134589442466 2500
120390554774 2500
279002257178 5000
595609310638 10000
312792542619 5000
540003536848 10000
248876963655 5000
241048439026 5000
604020315518 10000
587582034929 10000
155754529994 2500
443052660447 10000
328317494393 5000
204702787782 5000
547956389933 10000
727602598862 10000
126263298481 2500
353100223840 5000
751816556501 10000
134171902823 2500
124228948679 2500
328127102795 5000
325237493660 5000
118120389476 2500
97262429161 2500
129023805332 2500
321786124627 5000
256540366003 5000
113639945103 2500
120253663129 2500
79485679503 2500
118362471788 2500
111656530617 2500
90508311345 2500
498367867650 10000
237248633975 5000
267816408774 5000
114431626395 2500
128170184693 2500
230587572670 5000
297526225815 5000
143313680222 2500
91119047315 2500
219470023709 5000
363326118361 10000
527737048619 10000
201863210506 5000
223713892396 5000
107678567461 2500
377856795447 10000
616448574443 10000
118668082161 2500
139920830042 2500
88508495624 2500
274888237395 5000
430148531759 10000
524771236286 10000
246152797357 5000
273640849897 5000
669922684508 10000
176634704516 5000
366615295092 10000
524689522885 10000
595708494238 10000
363935643269 5000
707267933057 10000
99717524154 2500
569023285095 10000
547013717003 10000
273850124748 5000
140615063937 2500
281698540337 5000
614450526242 10000
147580579477 2500
130443929600 2500
149835436270 2500
118420255461 2500
242181986729 5000
400945893534 10000
168423741367 5000
375560159980 10000
378000362775 10000
103692428288 2500
148393748841 2500
260930194714 5000
444811436943 10000
240018129468 5000
548783085810 10000
362370221328 10000
74840855145 2500
255720891047 5000
513176731870 10000
545473155737 10000
176918872014 5000
231232438317 5000
749619206443 10000
110882233185 2500
263545685016 5000
446218386283 10000
249927361650 5000
98602627733 2500
147003659550 2500
323949406439 10000
113093374451 2500
90172215941 2500
479174303519 10000
303703599191 5000
473721882474 10000
220046185604 5000
330323700204 5000
292946968914 5000
560824937375 10000
659148291836 10000
251144313369 5000
380387504460 10000
137717406084 2500
494151679390 10000
126299504729 2500
140427584004 2500
225002211939 5000
122625947799 5000
321920925054 5000
425254936125 10000
280760195839 5000
279695130439 5000
505962152636 10000
131899204740 2500
267737993557 5000
390793301637 10000
252912010172 5000
99548308336 2500
116118332562 2500
498170336755 10000
140715123112 2500
527977685627 10000
333097220960 10000
136962489036 2500
193691505491 5000
536024483634 10000
264209835551 5000
679670466883 10000
410450346737 10000
144784880379 2500
118263445792 2500
125988359681 2500
263924858494 5000
610952395952 10000
593020320515 10000
257497228942 5000
461032435214 10000
93701117030 2500
486640005264 10000
566766572962 10000
93452806953 2500
273875017771 5000
213967118580 5000
305758793129 5000
521123952636 10000
411781004207 10000
123149088672 2500
156934189460 2500
143164997092 2500
708240266518 10000
149443622841 2500
108867103302 2500
545344177213 10000
102940006137 5000
290564628888 5000
479171799710 10000
434859932532 10000
145636772138 2500
108178093591 2500
174799101058 5000
514730220504 10000
145109535655 2500
442138610077 10000
251139513810 5000
236458837230 5000
553896915454 10000
144363329224 2500
687231273540 10000
370875298885 10000
285051841362 5000
529939322587 10000
224165328005 5000
283025204883 5000
140062741367 5000
532841134968 10000
550398238286 10000
417588547498 10000
221283523189 5000
566083110851 10000
159762044983 2500
466414325997 10000
578095245485 10000
203231966025 5000
285882644209 5000
138788896818 2500
574990105264 10000
160330094926 5000
132948779552 2500
172336429455 2500
592471349744 10000
111805146104 2500
220106923245 5000
262445926738 5000
197611946756 5000
115761985690 2500
517820904067 10000
156665918589 2500
339130396309 5000
718944952935 10000
141745159599 2500
361382005047 5000
594113817071 10000
121042818445 2500
249065082013 5000
96663133866 2500
224846435084 5000
261125343856 5000
159376398416 2500
578263440206 10000
145848442748 2500
253270008814 5000
520464235879 10000
224713897230 5000
107080934544 2500
546095688439 10000
298905701825 5000
561586605726 10000
240501053631 5000
590867645979 10000
179566116346 2500
355470204832 10000
119839285971 2500
122089363081 2500
