1000 10000
75341149662 1024
265339517627 4096
70760234 1
18183102345 256
306922668 4
136735501974 2048
21318811980 512
48571448403 1024
69378997 1
257465508 4
3725900186 64
339400973758 4096
50466228426 2048
241692240746 4096
4074800576 64
250668680448 4096
373896615 8
132308087 2
522031427539 8192
15974439251 256
156271645040 4096
90451390 1
5067605157 64
4667720020 64
60132468579 1024
7672701266 128
2004909967 32
40472767556 512
270171518110 4096
92882806254 2048
279600305 8
84202878 1
354020121033 4096
4018144810 64
28062454407 512
287644677139 4096
9895576584 128
10556657738 128
754720596 16
18939883555 256
425256671979 8192
261265005487 4096
1662433611 32
247295551 4
55206801419 1024
116738356670 2048
5607525618 64
287490178570 4096
85503025854 1024
60710456 1
102873447210 2048
61922933 1
203734418 4
53814075 1
274783630 8
5577421188 128
61049592 1
15148691085 256
157270533 2
117555621 2
119252555835 2048
473662269554 8192
480189234 8
230747156019 4096
478412970 8
130155132 2
252164971282 4096
444338229 8
4177498549 64
1261542984 16
8356858966 128
7755152008 128
2348548337 32
506789109065 8192
6497078788 128
132146621437 2048
5560122461 128
58434455467 1024
5367327829 64
193964149376 4096
233550335 4
494493603907 8192
1985268439 32
55930873 1
4844564690 64
129447434 2
270152903107 4096
523326856248 8192
451811378365 8192
154506105 2
104408612 2
1216462097 32
33474510738 512
29961995583 512
211930653 4
397830759451 8192
127156383 2
2777833097 64
2256051505 32
118107986575 2048
54093691 1
64450648457 1024
46119427891 1024
121413778886 2048
2415658056 32
57004680 1
2028636567 32
2705438745 64
15523397859 256
41635609 1
45034955 1
278657057147 4096
31686724208 512
30240247676 512
615016999823 8192
20104729134 512
275414904 4
33721240855 512
894341554 16
285555581 4
92245288657 2048
71773929 2
264832556 4
249186150 8
56555641001 1024
130907540326 2048
262870767 4
2271727466 32
13345437695 256
20765764752 256
125009780 2
15398009764 256
177237059 4
147202750751 2048
512522991220 8192
1040479718 16
200553123913 4096
2502700921 32
68621770491 1024
528728785 8
520538200 8
505928202 8
223305040 4
13023835892 256
2188926102 32
145976928531 2048
125331952 2
236663170023 4096
136980434 2
6336878427 128
897677780 16
239334210593 4096
141155411 2
15079689621 256
1356036470 16
14140668046 256
566448008 8
753788735 16
673368362 8
8634087403 128
14187098510 256
892288343 16
77883731 2
7943410647 128
8577683632 256
495270068 8
119668329972 2048
2203165218 32
44388835 1
1036013310 16
4004005059 64
76293763533 1024
6745439776 128
40519596954 1024
7182293264 128
570651264197 8192
3417111918 64
246964525596 4096
18560693760 256
438413977145 8192
19869738349 256
560047126529 8192
907259272 32
52115581 1
445545661 8
35990002543 512
450729460 8
33907924688 512
91442118 2
79394772518 1024
132082148 2
140855459 2
670445153 16
291974269 4
518409923250 8192
10484589858 128
26171679905 512
31550784598 512
1094564828 16
969923246 16
112537998569 2048
7878340903 128
2108789772 32
3311717110 64
20338491693 256
32807329541 512
16879170034 256
27775436341 512
16430527488 256
101018320 2
500907552 8
26409535434 512
61859924 1
52986656 1
57320639644 1024
25137513109 512
2253369723 32
81245048 1
11996532515 256
219228305209 4096
466737250 8
2341285977 32
373915230 4
9469804113 128
55112348 1
5422943519 128
209956141 4
908087303 16
123818917212 2048
441772077128 8192
53998247061 1024
8701028347 128
140743421527 2048
1081303033 16
3469964270 64
4018950318 64
8423877727 128
77062150275 1024
121510071 2
79096569574 1024
26753380985 512
30846676628 512
1225111707 16
6355560373 128
17136042046 256
93218741 2
1604407043 32
1145474280 16
584941148774 8192
132405067 2
3088881395 64
190531449 4
5437300903 64
680432436630 8192
937677389 16
2185524849 32
5356681942 128
286259232 4
8665820123 128
17036530243 512
604681295 8
411759295 8
290567152 4
23782980317 512
277424080494 4096
655105814 16
76274460835 1024
125441325 2
275112682814 4096
214856066 4
213227343143 4096
8406608012 128
114670002958 2048
111871498 2
35039089236 512
239040096 4
115590662 2
990357190 16
191667489721 4096
194072801024 4096
161011577963 2048
944015015 16
116312505462 2048
868976896 16
111878511779 2048
989588203 16
381546182 4
2306017442 32
463592576 8
5392131888 64
227446560306 4096
27807884375 512
42900727774 512
586699807017 8192
137838282 2
60374937 1
20331551016 256
7340763905 128
90407129 1
403136571197 8192
74474169 1
1960675620 32
63335686524 1024
16912311636 256
4791014174 64
85639815 2
149664257 2
60572770 1
70088591 1
7189747353 128
47560825 1
669718349 16
22987757970 512
1488978643 32
38799556334 512
339174268 8
1519862608 32
9720306131 128
274795657 4
17657773918 256
251792402479 4096
17259259863 256
9270167960 128
7680117340 128
15352855056 256
614313109 8
1234365996 32
10863599316 256
37175370190 512
234724923 4
13468076032 256
2290378870 32
141558601 2
3913530860 64
6231152131 128
421009066619 8192
396370275873 8192
306156127 4
512094146277 8192
58164852413 1024
125768259 2
7084440510 128
145141213 2
7766164444 128
30025107871 512
525489348 8
7414796649 128
65129549575 1024
19749440041 256
50093805319 1024
18320855011 256
27629479256 512
17585289821 256
252647018 4
172004024 2
136997268 2
33749328214 512
928259893 16
48650245 1
281093709 4
471972637 8
3703750384 64
846375590 16
19740860854 256
65377605020 1024
2308573757 64
594928075473 8192
54961415475 1024
46885603 1
103325662 2
4660834127 64
1572187274 32
142296990 2
1337365284 16
61909152121 2048
880245193 16
13683896972 256
54308027 1
16213414104 256
9716158731 128
121119764402 2048
6665489100 128
368534525 8
12750650599 256
249986445617 4096
582078085 8
33716289895 512
182035163 4
606472405 8
16009397909 256
329658879 4
478843494 8
810834075 16
264748957417 4096
151675219694 2048
709783344 16
3926806005 64
522597225405 8192
8888999036 128
4400969353 64
323431551701 4096
12353796247 256
289873411 4
300544652950 8192
206538251 4
3745243278 64
110044171 2
140153492 2
2975379175 64
2316121378 32
54232872018 1024
502260431911 8192
4151147738 64
234072348812 4096
34552944971 512
2390933573 32
58167665076 1024
16371775777 256
4280652553 128
135206519 2
4736104293 128
103482025 2
61022125304 1024
60691194 1
98715959609 2048
327077573 8
1397056260 16
3579732719 64
289740520 4
154650685 2
13635668694 256
423238907119 8192
4408549365 64
4239599716 64
460922401639 8192
2483440882 32
103728646341 2048
37694836646 512
6727794118 128
69706889276 1024
307592462982 4096
94437412162 2048
19190198105 256
252841628040 4096
984339914 16
436418924 8
16578383366 256
178420293927 4096
1977351754 32
65566666 1
533083938 16
240565787 4
15824744466 256
2015045175 32
1396878838 32
29984228357 512
75323320 1
1365301597 32
25975524224 512
519990900589 8192
18879412437 512
555326358 8
60040493868 1024
167345292 2
998024353 16
302249354289 8192
240628394 4
277126358784 4096
248464130 4
1724206257 32
10249884680 128
3836765264 64
71967731813 1024
8446540369 128
32070770444 512
164354827330 2048
2664314475 32
2001877476 32
10378094132 128
2259440530 32
4881558747 64
341602884 4
548639889 8
20498635963 256
127212224842 2048
265006163 4
334984270685 8192
112362752461 2048
4117343580 64
89641003100 2048
59147344886 1024
258642142 4
12381216846 256
602274997756 8192
2002035919 32
8852549031 128
9837933921 128
7747605463 128
48393323 1
361668571836 4096
706595133 16
20767609318 256
511045559 8
394230101540 8192
790685273 16
56815887894 1024
2173476677 32
350427147645 8192
15044560922 256
3116228090 64
148545760255 2048
9180179076 128
563114725 8
118377307 2
1046499249 16
393951754408 4096
563013608539 8192
2240883913 32
81028021 1
50515883 1
135206717586 2048
43129122022 1024
90113923223 2048
8594693067 128
3777810626 64
668949047 8
638207489 16
31324955803 512
251264228033 4096
481526390 8
84614789 1
255625362737 4096
569327008 8
480379185 8
485428359394 8192
363142498882 8192
1507420415 32
231365997301 4096
3912645045 64
40731755 1
8460445726 128
15965853580 256
266186586412 4096
43182275758 512
21107963384 256
15912760532 256
28597342635 512
507059156666 8192
27660280389 512
56308801159 1024
114971176445 2048
583139372 8
208879508 4
28205504128 512
4084591056 64
235709669286 4096
251003270 4
130199229 2
638965633249 8192
235203530388 4096
145887707 2
75816382 1
2991230548 64
388845591558 8192
213354659701 4096
4280163923 64
578006426 8
114456133 2
1649927171 32
284052286617 4096
122280698 2
33707268816 512
526106915442 8192
100749680463 2048
1157083983 16
237818597122 8192
416019481 8
1976004805 32
8178925599 128
1197371454 32
64116720420 1024
517006193280 8192
1941687382 32
257050475737 4096
574462551 8
7882180051 128
8741663110 128
5857569429 64
142714512 2
2186426215 32
134459789 2
196153306326 4096
3293129927 64
190505730744 4096
977973067 16
9210671485 128
380201484 8
1006422165 32
40487553 1
2076656327 32
2230084183 32
38032598467 512
8253885935 128
421062127105 8192
52351985 1
279513586175 8192
2665667734 64
84626521 2
2563846405 64
443147673 8
40421834322 512
17987479512 256
5921648707 128
63900256 1
196536684522 4096
122522416 2
207909769 4
4062096444 64
125890564782 2048
36049400620 512
31577387068 512
143838529490 2048
963533750 16
41918988936 512
121871202639 2048
1884554847 32
15604588782 256
96395436045 2048
147086573845 2048
824568559 16
12656455704 256
143994414 2
3993124694 64
10415534866 256
4184281740 64
8994788377 128
465227676887 8192
5218526638 128
647011082 8
491947647080 8192
453050419691 8192
484193789354 8192
124872760683 2048
142899595 2
15847660662 256
404975888 8
53555028524 1024
7929321631 128
1663553660 32
7053089386 128
392612414698 8192
7162030492 128
1498799465 32
93824017 2
77233613 1
593286744507 8192
48573990 1
138064621 2
122260216094 2048
49844409848 1024
120243742 2
41665195534 512
10365303321 128
264786308 4
281807773129 4096
1105429236 16
320396667 8
8822114409 128
522413990513 8192
32628560707 512
35486505152 512
6068522804 128
71714084 1
120861633162 2048
224962965266 4096
508303376 8
774642456799 8192
362144758 8
131607671 2
4845435789 64
4351305862 64
81358292 2
489679838 8
1041783387 16
34070418244 512
63253132200 1024
13844282994 256
837919193 16
31020723311 512
445224767 8
771687538 16
148569233425 2048
3023061727 64
20976185090 512
12797911141 256
894588501 16
531826425 8
589254168 8
337210301 8
216678339 4
40463087557 512
7867447117 128
59840181 1
3339481755 64
107167505110 2048
55895538 1
43525710 1
162818741 2
2150114920 32
66192861 1
83202607442 1024
18245348656 256
3207978772 64
147990545 2
613254077062 8192
24634641480 512
972897880 16
949273129 16
138016824332 2048
632279623452 8192
15761594448 256
53002354616 1024
48232713 1
698788498 16
619040151756 8192
250776029 4
435131788696 8192
82613629 2
32935473598 512
16602483253 256
63357171 1
93397848 2
1099252201 16
1821033463 32
147075522125 2048
54598028 1
79799455 1
139828275 2
161968750164 2048
12139307715 256
58190052561 1024
69275711 1
74370837458 1024
40101791427 512
5854207752 128
257551338549 4096
8788981114 128
138431624 2
262608201693 4096
120729365 2
482833453 8
2135450837 32
1155735260 16
199882967 4
68723060177 1024
582038626 8
133229816 2
68658494 1
3395627919 64
771721852 16
3848991343 64
9880218037 256
14860844599 256
277116181798 4096
140663267543 2048
1717268852 32
140977085064 4096
106207664 2
38240392 1
166034912 2
5160289794 128
235390099 4
420386891 8
1705290075 32
605070264 8
204946032 4
144652754569 2048
19608149798 256
678540298055 8192
1503554864 32
2770594963 64
965520846 16
60928283670 1024
176063380 4
76124904062 1024
153757586690 2048
3128694998 64
274387058482 4096
2178152388 32
40682589849 512
108026751409 2048
586610761930 8192
43217646 1
73384827017 1024
46085937 1
17205660600 256
41407449074 512
433193003093 8192
510957142866 8192
44816168942 1024
41889782190 1024
138036013916 2048
3623244224 64
67532295872 1024
505141200 8
162261273142 2048
1877475435 32
450046838253 8192
14718109165 256
262220566 4
5677460571 128
8746357773 128
250973194 4
1570011768 32
129563498 2
9268780010 128
4683580669 64
431327279 8
3081780987 64
270694165 4
259634951034 4096
5132995101 128
74423207763 1024
55313660 1
140912089502 2048
52093114 2
163329346804 2048
78848459656 1024
91504972657 2048
5105440938 64
513215723 8
139277478589 2048
3597316789 64
277236274 4
1357239942 16
124555400 2
1296023931 16
64148508300 1024
599036054 8
12771742871 256
25893037446 512
127264980 2
43838392 1
51828770 1
2182824768 32
2627202376 64
20223962253 256
6838088294 128
1887890196 32
30326235963 512
781845643 16
1580958893 32
2271522356 32
418197916 8
584767001582 8192
46773656837 1024
16865151855 256
259240289 4
6120200997 128
52710252400 1024
68893883 1
143856738 4
1980944754 32
1117215582 16
132455930 2
1583787626 32
144902197266 2048
346440772763 8192
150683624 2
10248752170 256
7642264648 128
248413909791 4096
49367163 1
4197084182 64
167549652416 2048
108158025239 2048
551539101 8
103379506 2
13775379053 256
9589863123 128
271452061706 4096
790394274 16
92164865 2
9663056045 128
287108372085 4096
40887205386 512
229182953305 4096
141797365 2
218718908468 4096
172429475 2
509208206352 8192
20070626796 512
51294719 1
7635157323 128
33479982956 512
20164176799 256
1354352044 16
6928967508 256
31480755062 512
583061657174 8192
17310842168 256
52601806282 1024
1574182509 32
377645840 8
2175476616 32
75937841 1
47173565 1
563765515 8
516004411000 8192
226160590 4
557466615354 8192
5361445934 128
2126442811 32
56617935 1
785054687 16
7454464828 128
84554150 1
408994669 8
246728737 4
6843661480 128
121186305 2
34848994154 512
223939639425 4096
5010747462 64
80735756572 1024
7928503551 128
1757781994 32
8957696120 128
103401287 2
15251706654 256
2947305377 64
12521544663 256
379705874 4
15383314143 256
1813778820 32
139440600 2
57940660594 1024
4033414416 64
2107017494 32
66556718 1
21607007252 256
416918265 8
2214109862 32
32549300633 512
137711560 2
150120110 2
23939698239 256
285151843 4
125874541929 2048
434341440844 8192
209135169377 4096
49634008 1
41395896 1
1695981309 32
63140780 1
29958615324 512
718218487 16
3548756432 64
303704120 8
441180799657 8192
37490906216 512
56173219368 1024
1391799945 32
13137681880 256
19065235077 256
233291799 4
87203806518 2048
26227664922 512
10342290868 128
497789962 8
123562077553 2048
4584511239 64
564107900802 8192
56493899287 1024
114072773927 2048
102275968869 2048
297777917 4
289103035805 4096
114515211 2
472205521 8
232618825 4
104528992 2
30478127030 512
30933940620 512
67344071 1
55635245 1
44017286010 512
36911849487 512
470223879322 8192
505565436055 8192
1155615594 16
8034688137 128
366001056796 4096
283747040 4
21624097717 256
12624977846 256
512297194 8
35764117297 512
565045737490 8192
24460268940 512
