1000 10000
130982361 2
9770326463 128
8689650364 128
142155552 2
4209884333 64
1835769032 32
61062462 1
448158459533 8192
266072901059 4096
3932627929 64
1210622212 16
7376810336 128
74766860200 1024
573576977250 8192
229290627 4
51809217202 1024
3473495063 64
287193207566 4096
800000331 16
1659274073 32
69837291 2
7326845683 128
9993348683 128
51358980 1
4750901706 64
20418723235 512
2069569077 32
128611867 2
605987115 8
266378634998 4096
1533706063 32
38763371786 512
77827809952 1024
4580592641 64
23962837723 512
8294560090 128
675862019660 8192
30460338836 512
26827935496 512
582494643452 8192
754614978 16
13633361348 256
478748179242 8192
10250894817 128
119578704461 2048
68007720 1
55778548330 1024
70036778554 1024
72822774 1
43809133358 1024
9175630221 128
508259931639 8192
4451608012 64
670737124 16
134339654 2
49844775567 1024
4786742983 128
272605144 4
52046949 1
61891076282 1024
2474340627 32
8668239566 128
4815992579 64
20978119879 512
6202867670 128
4500827026 64
5447912797 128
2497967114 32
46347908214 1024
37080377476 512
1706871653 32
496048416768 8192
1238162620 16
1184914161 16
232051233 4
16251059848 256
3590617530 64
2132016362 32
61411034 1
71484609 1
8749026991 128
612542884 8
907513300 16
22422966139 512
523916033397 8192
2157066479 32
602643129 8
590454206605 8192
63998470 1
27080475609 512
166188239 4
146231580 2
54653110 1
1619806860 32
1566951417 32
70138984658 1024
15765016216 256
126098475779 2048
130156509 2
683078201896 8192
58226225 1
532789944163 8192
77566901711 1024
80364750793 1024
1944744570 32
449220858616 8192
389342126 8
40064799953 512
494014482 8
211982459 4
17037090779 256
2008543738 32
66905089 1
183235595 4
336563657285 4096
114279697 2
29784631198 512
141742007142 2048
2176961216 32
25725323474 512
3922582281 64
3907971934 64
3983559411 64
74723920100 1024
42540377204 512
315743340145 4096
4635417927 64
2720475934 64
242974705359 4096
179154059419 4096
3939222038 64
97328097 2
1900471661 32
42100079095 512
1001771226 16
120518196 2
73352036 2
252915873 4
63235426961 1024
144479318 2
79782838313 1024
26643963130 512
214444865 4
411674869928 4096
483967413 8
53005474615 1024
163735064732 2048
150793727270 2048
217664000045 4096
458176684113 8192
525206397052 8192
2086523727 32
264356693 4
2475571114 64
5852702578 128
431480379 8
531997762829 8192
43774573 1
2106094419 32
6816701701 128
4219674807 64
188647756 4
10553094823 128
131663556550 2048
2224669687 32
663484712851 8192
25689939543 512
1326677663 16
133831884077 2048
2125951540 32
310210028 4
274449884069 4096
3469821698 64
231274093427 4096
226748979 4
234639714637 4096
128997014076 2048
2260040332 32
265582702 4
953541548 16
34390139753 512
2422696636 32
2288992122 32
68733926306 1024
231618052995 4096
543650627 8
143448569 2
592077414 8
30802499834 512
68249310522 1024
54022740 1
80431511 1
266013871939 4096
65620568 1
371668076968 8192
286490358953 4096
104386900 2
202912848984 4096
852973347 16
118434940787 2048
312521364831 8192
107790122 2
111715513 2
8937949222 128
34434884330 512
229012127 4
4227084160 64
215895198648 4096
57361077 1
3544419346 64
684163274 8
282428224 4
72607084 1
2098588723 32
151947511190 2048
7424721618 128
136747531 2
44404925052 1024
117560186136 2048
48891162 1
214021717674 4096
62735287 1
97210232822 2048
266644122702 4096
59338979 1
58699398 1
1619339063 32
22043309607 256
2549002278 32
147187711549 2048
205409981 4
2193673265 32
330913082 4
157813312634 2048
8725887235 128
183850317 4
674271513 8
1861864454 32
252414871291 4096
3390450207 64
79099327139 1024
256520882 4
28931358773 512
36302442390 512
7952754847 128
113913501 2
35898781489 512
107093034662 2048
2291469982 32
12792824136 256
106013925168 2048
875286304 16
529932760995 8192
243253216319 4096
41932410007 1024
476664043755 8192
146761843139 2048
78610559 1
1403914431 16
522372858 8
146001093446 2048
1214547573 16
1620774093 32
53723639392 1024
125686094 2
97820697 2
4546631796 64
146626924836 2048
252383940 4
113712262 2
4523414842 64
5047164759 128
144943942648 2048
156969020736 2048
254371720455 4096
2054958283 32
45172135209 512
928033108 16
365853513 8
1100185314 16
303559028 4
439581736 8
71225272 1
17109133997 256
173557729643 2048
1999052174 32
327911945 4
111260433 2
213776722 4
14960547233 256
8706125571 128
35738959109 512
1318847292 16
294521244 4
7837982205 128
949426572 16
55001247 1
67579824486 1024
860499724 16
2441535468 32
16766153972 256
26250584588 512
52395460 1
80381039951 1024
36893963246 512
35540359791 512
1314059821 32
3991441613 64
100177197 2
138456737455 2048
533908552829 8192
21282686022 512
599860697584 8192
96016579 2
329869898518 4096
316538849359 4096
378372534006 8192
682479247681 8192
5375403439 64
9520536106 128
82893259370 2048
142035280595 2048
6233352512 128
979501322 16
100663014368 2048
13237591398 256
37320810604 512
624159714 8
983937858 16
31568096509 512
1198926043 16
4627729045 64
36046644657 512
465471392 8
542375608350 8192
35497250643 512
222839855590 4096
300136726 8
57619401392 1024
320127073586 4096
662370164650 8192
2982205914 32
1518726624 32
1394292747 32
130074199384 2048
257324669 4
3974200124 64
323105793 4
360001379348 8192
2484447644 64
164338207 4
336834646 8
536590567 8
8359789453 128
122337732591 2048
61607103 1
97003950844 2048
490934592148 8192
69487962297 1024
3587048112 64
2535163402 32
3272746378 64
1212601088 16
1249062016 16
376316664700 8192
57025506 1
496211324 8
8548767319 128
17510452296 256
415040781015 8192
348595887807 4096
849400771 16
37586137678 512
55108888107 1024
7694700335 128
24023294695 512
100284157851 2048
278987575616 4096
5659615709 128
3519437537 64
13456876108 256
140401615 2
139872252648 2048
601736324030 8192
523628584031 8192
209726051250 4096
434487985231 8192
69444681 1
488604440 8
2657396526 32
41850788 1
555658537 8
163576019675 2048
4407480936 64
254558473454 4096
483881599898 8192
15590293552 256
14376849907 256
145155538060 2048
3507844658 64
1757661882 32
7548741368 128
52051955839 1024
208197231 4
3392408019 64
266290822 4
528698275260 8192
199828683 4
118875659152 2048
108584944 2
50606021332 1024
4811379494 64
59709830888 1024
238190849 4
81050802368 2048
269654215 4
314376395 8
2028712461 32
54517188596 1024
15527216984 256
118021490317 2048
209576467 4
56489375636 1024
481704411413 8192
165770404 2
6893684560 256
1746531193 32
591118041381 8192
935215868 16
434911729219 8192
10270060235 128
189175595 4
574666607634 8192
38926359052 512
133593670396 2048
21518981481 1024
5242857196 64
401186043888 8192
132717446 2
530891542105 8192
9462106951 128
219261317 4
243532246665 4096
230088950376 4096
141395826 2
114362266 2
1072125696 16
3151567315 64
134342777863 2048
1855143225 32
203651866545 4096
259479562 4
8105299909 128
8380936176 256
555564126 8
412822386031 8192
294200152965 4096
40146040 1
33571345296 512
315141842839 4096
14079475071 512
492357177012 8192
58259194688 1024
661900971 16
567600520 8
2052434413 32
3480418598 64
217833675 4
8975773302 128
38849909640 512
288186456 4
4934377068 64
476796123269 8192
508573890 8
222199547319 4096
57471290 1
199388012 4
72206668 1
2324106276 32
5245996549 64
10443238394 256
146560527207 2048
1330213440 16
32271119555 512
5523801658 128
67907288 1
531233534 8
4682676283 64
1643819786 32
1986748033 32
35291057835 512
248828358 4
43911820209 512
60604755224 1024
11219178980 256
173453659167 2048
92623450 2
6789867055 128
55995644 1
295140963325 4096
1410380048 16
23385158137 512
2088696780 64
17067238755 256
9690703320 128
57880426761 1024
28137115600 512
47173459594 1024
3527511261 64
188842235894 4096
16764619663 256
46694267837 1024
39135768110 512
42363261314 1024
46847984903 1024
218321535 4
590235183 8
30560255888 512
107494132 2
92312695815 1024
152438268583 4096
272956996 4
134662938 2
16664828863 256
493820226 8
121141055 2
6623253543 128
123288098 2
290845601 4
8008194044 128
63868290916 1024
149905780 2
3227536535 64
1107788201 16
87219358277 1024
344429130 4
447335532 8
15856954005 256
9745580464 256
20006485941 512
1931102837 32
31773003415 512
20969428405 256
118690383 2
5057597417 64
55987418464 1024
9648174171 128
491873413353 8192
316195975076 4096
242547952742 4096
9486036252 128
60138356 1
133483449 2
5570399964 128
2561893449 64
231876178128 4096
28397573331 512
151612058248 4096
1620079769 32
108729658 2
392416589312 8192
2394014675 32
38076483894 512
26382985883 512
39499825712 512
27990630079 512
54665976 1
1876256197 32
79449433071 1024
3379710083 64
268142040985 4096
12645266693 256
122847716 2
516335158968 8192
161377991 2
13356978072 256
215944904850 4096
1261197504 32
1255623067 32
654385085720 8192
4408397886 64
2527478965 32
214945057686 4096
70137674120 1024
14574099991 256
8970413399 128
31499540 1
58149326640 1024
1554949950 32
3475906057 64
58068654041 1024
272701719593 4096
91589537890 1024
132491296 2
3130718748 64
1030075547 16
572653969967 8192
201228861 4
1950363800 32
2619392150 64
15985864783 256
974543115 16
190355394877 4096
1016211205 16
259655899634 8192
124896086391 2048
5448885838 128
1673314052 32
127940354 2
1135628883 16
209456861 4
19710158891 256
387217350 8
548028173505 8192
71255320 1
3214380339 64
8212942987 128
2173622416 32
251506958923 4096
564644261 8
12643139934 256
35136730552 512
1022859742 16
7530043228 128
280603153951 8192
45730282 1
352370632880 4096
14779333631 256
109366943 2
1295783014 32
40885925894 512
143516076681 2048
3780779372 64
534752978 8
27098710090 512
423457530 8
136567294958 2048
142889186646 2048
3627589818 64
286116698497 8192
10340164218 256
353096917642 8192
141457063882 2048
1122001093 16
11623779760 256
393290539 8
973162804 16
4356689521 64
75421917101 1024
276203617 4
446189718 8
443478432299 8192
65215204 1
449744294398 8192
29490282323 512
35164298365 512
483790170 8
143199118 2
283061407576 4096
149717942508 2048
146886867264 2048
75559534441 1024
1234998114 16
7974549310 128
39280618165 512
18089740885 256
668518296 8
80500781030 1024
381146187 8
376494004634 8192
4232197889 64
770821544000 8192
46857019673 1024
4361333846 64
294008950 4
235605726 4
5364434687 64
106978701509 2048
70035788 1
1193251949 16
987609076 16
243279555090 4096
70928646 1
26482463422 512
9502714043 128
2219622576 32
351891874724 8192
155733575 2
421882823509 8192
47396700 1
1592586577 64
7909242948 128
415890512 8
59339410548 1024
3073063804 64
30279884549 512
583198702553 8192
293030770230 4096
6953758443 128
8672441380 128
202421278 4
3622553631 64
773116249 8
228479226517 4096
106444108191 2048
650973910623 8192
8819980281 128
321745768 4
129843100992 2048
640215202 8
53664643 1
79185265 2
116160277801 2048
5438817555 128
242702850 4
204577392 4
7852204203 128
445154450 8
267348818218 4096
555374057354 8192
1854614754 32
3540950989 64
26249478401 512
92828806705 2048
246973563 4
223549658 4
25596064055 512
4653177355 64
682094930 8
645578356218 8192
419438097 8
4343869279 64
7511727236 128
304981221 4
359816312 8
1260868978 32
597509206044 8192
150070982 2
585144312526 8192
110442048900 2048
100024514 2
58725632564 2048
3916360993 64
31610870172 512
281816924857 4096
92977611 2
304737768 4
835108014 16
3789584283 64
30003125139 512
3850526098 64
285854765 4
38693064177 1024
141393752353 2048
4169551184 128
149273954702 2048
317915323881 8192
1664884587 32
113585027381 2048
1483175450 32
1844054129 32
260644722449 4096
1312152682 16
149025099092 2048
171046944 4
9739204622 128
2787505989 64
573745736 8
1949025271 32
488936017852 8192
595111213060 8192
55513675 1
92355362576 2048
143581755 2
965716772 16
2284544611 32
44634983 1
585158736 8
114160793490 2048
426200203895 8192
896091675 16
143901464322 2048
34884414006 512
94934601786 2048
87438302 2
49107623 1
113552526794 2048
7825427870 128
18713971877 256
507552700 8
647988074 16
126587172612 2048
532186512020 8192
4173920335 64
59151264976 1024
3913495124 64
337539969926 8192
1382259004 16
412377148 8
530390629533 8192
322633093 4
83154751 1
428257197 8
18701674635 256
8727565575 128
243606390290 4096
79220832 1
229916067 4
2546212411 32
101905289634 2048
73194354063 1024
3467762926 64
14819946572 256
13778511767 256
139452501 2
37938595563 512
209423772253 4096
954717336 16
105730815 2
2003248220 32
8356008357 128
748144666 16
80496473500 1024
77464818407 1024
8935069188 128
8073693506 128
67763688 1
509890226 8
123741520 2
1781830077 32
20133843083 256
573067065893 8192
59052853558 1024
68110255381 1024
28525493867 512
74759881479 1024
1605999037 32
578223560 8
3287238113 64
607913784144 8192
9323955013 128
484903457 8
1068677735 16
383550384 8
285822840273 4096
3735128544 64
19881675400 512
504198880 8
166795520874 2048
3078929359 64
267712358 4
1814813614 32
117768806 2
840365039 16
1990672349 32
111559114728 2048
104595926746 2048
69290631 1
126363374442 2048
2776814828 32
176427740 4
61534963 1
656134986 16
57802470 1
16136197454 256
16034292425 256
68737782542 1024
2896533767 64
222357438305 4096
61252433051 1024
290498703 4
607519466 8
111475525680 2048
838959432 16
228256083122 4096
210028882134 4096
86971490 1
721333017 8
39747428000 512
49663445392 1024
20429951286 512
571319073 16
146942362211 2048
3755685315 64
65093758786 1024
73628510251 1024
503290555 8
41743474962 512
71579136 2
64461328 1
3679629955 64
49931657945 1024
182619612148 4096
52237017 1
387697076 8
7572912249 128
64010330538 1024
535778732 8
76303878 1
6691157633 128
94809572 2
251585727 4
215829786 4
1143482513 16
58002026397 1024
6655782482 128
38657027703 512
7954072764 128
125087267 2
68523729 1
12891715261 256
347349050621 4096
6260015377 128
349098509423 8192
25303629218 512
12227079547 256
2326761826 32
246844306309 4096
21252925826 256
47797557 1
12177986715 256
1828582901 32
88769789450 2048
260250222 4
1048063175 16
6733591643 128
53296901388 1024
214484855 4
141606018 2
1791972777 32
2220395893 32
121291828305 2048
174218441 4
68374147627 1024
542028327262 8192
8728127367 128
80549165 2
7359528106 128
312149900 8
191936959518 4096
29597484758 512
120337005 2
19025810606 256
4795333762 64
28019278067 512
87907372 1
119438265 2
32889138999 512
68865996 1
66517481536 1024
43014342882 512
581177949937 8192
95319059361 2048
4229362647 64
300158481 4
170031407231 4096
433943461 8
120995601 2
132964711 2
60392899 1
287876995734 4096
511145495946 8192
3176541022 64
192471915 4
285999426 8
133457616 2
7502576821 128
112074191 2
17574908108 256
5338089281 128
27122416296 512
1708505009 32
11203014314 256
13580333398 256
293220402 4
22197602184 512
221270597605 4096
484580827 8
191282607 4
155725405 2
552521479258 8192
117747245 2
1712085567 32
219306629129 4096
621862430 8
3884941926 64
65485761899 1024
6570161349 128
652362746403 8192
284470067479 4096
2022147778 32
7466276275 128
401023738 8
276498219263 4096
481813639711 8192
3535826500 64
111500103585 2048
121795578 2
150435223192 2048
432151350644 8192
