1000 100000000
210442 49920
196621 49920
86 24
963841 399360
86 24
1 24
7663 1248
13981257 2795520
2228170 399360
29 12
10163267 2795520
84 24
9069 4992
29555971 2795520
1656969 399360
25524 4992
39662 4992
17561 4992
13213729 2795520
306956 49920
1 1248
7384 1248
16449970 2795520
2051902 399360
140 24
2013 312
262679 49920
52165766 25159680
2364 312
2304 312
7753 1248
966 1248
1082 312
4460 1248
1450229 399360
121966272 25159680
796 312
93 24
10906 4992
30 12
10317175 2795520
14304489 2795520
24034722 25159680
55721486 25159680
6549 1248
119290 49920
111320516 25159680
13934849 2795520
2929268 399360
4 24
14773 4992
3912 1248
5686 1248
54 12
2711 1248
1471 312
35 12
2608 1248
186024672 25159680
1508216 399360
82019959 25159680
45 12
37 12
53 24
4214 1248
717 312
297370 49920
1660 312
1535 312
10887443 2795520
1 399360
203 24
14909640 2795520
2083 312
5454 1248
221 24
1894121 399360
27 24
129392838 25159680
1987094 399360
123 24
8812730 2795520
1927676 399360
8003204 2795520
103 24
116696114 25159680
110565743 25159680
1274 312
87859916 25159680
6064 1248
30950 49920
298010 49920
96 12
62287221 25159680
7381 1248
155711 49920
1991 1248
25103 4992
118 24
1 2795520
8118 4992
141 24
15769788 2795520
145 24
30427 4992
148678 49920
104723087 25159680
213010 49920
5763 1248
40169914 25159680
18366971 2795520
6687026 2795520
217604 49920
23723 4992
99 24
12019648 2795520
7170 1248
1086 312
2008 312
227767 49920
11185 4992
64 12
126331424 25159680
1471322 399360
15250 4992
8942 1248
210385 49920
7388 4992
5811 1248
32 12
13774759 2795520
1477 312
130077104 25159680
1833072 399360
1725 312
1735 312
125834 49920
15249 4992
93 24
100618 49920
17826951 2795520
93442 49920
151 24
4378 1248
75 12
1185 312
38 24
2233 312
49 24
95964260 25159680
1429 312
4184377 2795520
23 24
448194 49920
36 12
1761 312
625252 399360
20882429 2795520
155582082 25159680
92 24
16834 4992
1 25159680
141 24
61 12
1771 312
224367 49920
318818 49920
14081796 2795520
175363 49920
92 24
210548 49920
274090 49920
85 24
75 12
27099 4992
115 24
13232622 2795520
4852 1248
39 24
264146 49920
817 312
6377017 2795520
279966 49920
272 1248
1554489 399360
23276216 2795520
1464 312
1280 312
13369411 2795520
4016 1248
46 12
8806 1248
24957 4992
10937812 2795520
1822 312
87 24
3209 1248
131 24
18704815 2795520
128 24
1526158 399360
12531529 2795520
1 312
797 312
3224 1248
1160 312
4274 1248
9612696 2795520
8111 1248
479901 399360
37 24
1025 312
82 24
143556 49920
155 24
5758 1248
149 24
23 12
1 1248
310547 49920
1176 312
152122 49920
11301305 2795520
1550161 399360
157019 49920
105 24
57 12
11 12
136671 49920
137523 49920
98 24
25 12
159 24
58 12
26126 4992
42718835 25159680
15287950 2795520
124 24
20920 4992
33 24
11260309 2795520
9854525 2795520
18 12
1041234 399360
1708 312
1234225 399360
366240 49920
27435550 2795520
14829005 2795520
7108 1248
142267514 25159680
12582559 2795520
294 1248
5619 1248
58312990 25159680
90877144 25159680
1605533 399360
1670 312
11019723 2795520
286795 49920
5715 1248
6066 1248
11212752 2795520
106 24
2363806 399360
104525408 25159680
1119 312
142885 49920
13892068 2795520
737 312
208572 49920
17414890 2795520
6 1248
1832853 399360
9 12
19162 4992
1470 312
17600831 2795520
2014942 399360
315026 49920
1519582 399360
126 24
1935518 399360
37 12
115642440 25159680
1 399360
80101 49920
121 24
112729563 25159680
158308217 25159680
227010 49920
83276 49920
147 24
63 12
241009 49920
10252 1248
160 24
4355 1248
709 312
153 24
86 24
8853051 2795520
306988 49920
4223 1248
26759904 2795520
982 312
2422 312
139 24
787 312
2044 312
1636469 399360
4091 1248
1555 312
38 12
6170 1248
26086 4992
1361 312
516564 399360
2023342 399360
91001295 25159680
165420 49920
55 12
68313639 25159680
410 312
1886 312
14839 4992
3724 1248
906 312
760078 399360
2163 312
960754 399360
22764 4992
1 24
76163400 25159680
669414 399360
112 12
32 12
1518 312
1925712 399360
1639620 399360
7395 1248
92141571 25159680
9003 1248
8172013 2795520
110772 49920
41 24
113 24
20596 4992
4731 1248
146 24
164396777 25159680
157 24
17744 4992
9343 4992
141759372 25159680
64865135 25159680
295960 49920
4975 1248
142234795 25159680
31073 4992
23590 4992
2636911 399360
990499 399360
13094853 2795520
344944 49920
428 312
1 1248
103 24
13827519 2795520
1 312
5682 4992
8453 1248
10720822 2795520
20655542 2795520
171 24
1682943 399360
544 312
135 24
282726 49920
1 49920
74 12
131 24
123 24
49 12
785517 399360
11 12
140443257 25159680
96 24
4499 1248
4932 1248
39134540 25159680
346857 49920
8591085 2795520
4290 1248
12082 4992
19520508 2795520
17557324 2795520
9015342 2795520
6762 1248
74 24
723 312
163162681 25159680
83 12
15510173 2795520
1519851 399360
146237227 25159680
13508867 2795520
49569838 25159680
3733 1248
22719747 2795520
123 24
1646669 399360
573 312
1433053 399360
46 24
1147009 399360
759 312
9901121 2795520
1565 312
1313 312
1467778 399360
2201 312
24416 4992
2501 1248
728 312
18542 4992
7002 1248
17 12
251422 49920
64829009 25159680
129293976 25159680
1 49920
59 12
1549764 399360
1642125 399360
1653058 399360
1100301 399360
1922229 399360
2533 1248
12404680 2795520
416 312
30642 4992
157873 49920
13581486 2795520
5764 1248
1487156 399360
35062 4992
23304 4992
10369098 2795520
1 25159680
4154 1248
6741997 2795520
4710 4992
83 24
13174 4992
10248825 2795520
154707 49920
16618737 2795520
109 24
12069 4992
100331285 25159680
1432221 399360
10148306 2795520
6736 1248
85944817 25159680
157345920 25159680
746 312
77 12
66570 49920
12548276 2795520
2193265 399360
16489726 2795520
26795069 25159680
94308197 25159680
131619555 25159680
5327173 2795520
328397 399360
8734707 2795520
1126 312
77 24
1021949 399360
98 24
1807 312
24 12
22732989 2795520
6399 1248
1201117 399360
694 312
1767847 399360
35582 49920
84 24
657 312
67 12
18350 4992
101548 399360
22761 4992
1046 312
10097 4992
1913071 399360
3117348 399360
6633 1248
3185 1248
1714 312
2054482 399360
1539 312
1185 312
91721 49920
153 24
5960 1248
4718 1248
332694 49920
127 312
40 12
75 12
8476 4992
1936 312
48 12
20034 4992
33358 4992
127655675 25159680
22201 4992
41469322 25159680
1197801 399360
164 24
48 12
35 12
22986 4992
17066445 2795520
191567 49920
9 12
1342354 399360
6 12
99 24
117384545 25159680
1416479 399360
2856956 399360
100658636 25159680
55 12
157682 49920
158978 49920
37976781 25159680
59 12
26 12
28 12
29461 4992
31 12
5756 1248
10109220 2795520
41 12
16601 4992
258800 49920
5491396 2795520
84 12
37 12
126126654 25159680
3175063 399360
71 24
35356 4992
5860 1248
13 24
12018867 2795520
10126507 2795520
2768071 399360
39 12
2703113 399360
74 24
78 24
185923 399360
13744785 2795520
40 24
1471223 399360
103025811 25159680
29309 4992
112 24
1197 312
8196 1248
58902303 25159680
136 24
88 24
44889100 25159680
15949 4992
139 24
1896 312
38 12
1784772 399360
31612 4992
50950935 25159680
56 12
10684 4992
2130 312
77676 49920
62 24
62596067 25159680
20439 4992
169 24
202685 49920
74 24
78 24
1 25159680
85118 49920
1262168 399360
1379 312
130 24
2489717 399360
1 24
5770036 2795520
71 24
172 24
1994399 399360
3789 4992
185080240 25159680
93733243 25159680
15439767 2795520
39 24
18807 4992
22397 4992
59 12
212804 49920
321 312
20867 4992
1080135 399360
252189 49920
121909840 25159680
176864 49920
938598 399360
1558 312
248717 49920
5496 1248
34546 4992
3731 1248
12677117 2795520
64 12
903957 399360
138 24
4826 1248
2511 312
26774 4992
131 24
18876 4992
23 12
104 24
6686020 2795520
57 12
2101042 399360
1916 312
71 12
2082 312
5243 1248
282903 49920
366631 399360
12301 4992
367039 49920
71 12
218063 49920
109 24
66 24
128 24
30 12
370296 49920
2143 312
753 312
101 24
120398 49920
94947524 25159680
5106 1248
107 24
26 12
15940375 25159680
409637 49920
8 24
701 312
2155 4992
19826931 2795520
121700642 25159680
13507 4992
22371 4992
10251401 2795520
48 12
77 24
8576 1248
113502 49920
169 24
1947774 399360
5815 1248
109 24
11 24
1451554 399360
35 12
3624168 399360
255221 49920
79 12
826299 399360
32157 4992
154815788 25159680
1512 312
62202109 25159680
2550 312
393910 399360
1915 312
169778 399360
19976 4992
27 12
3064679 399360
123140666 25159680
413023 49920
8619854 25159680
104 24
46 12
163772 49920
7801 1248
1 24
93264681 25159680
15974 4992
2060 312
56 12
10231467 2795520
217614 49920
102117029 25159680
78658246 25159680
151 24
35 12
12961782 2795520
1469163 399360
99661979 25159680
24401 4992
146712565 25159680
21669 4992
76551365 25159680
8371114 2795520
61012075 25159680
15831978 2795520
11585 4992
58 12
1162189 399360
23650 4992
240510 49920
2985755 399360
175893463 25159680
78134858 25159680
1 2795520
106 24
404954 399360
25467 4992
13870 4992
142702 49920
17131 4992
9087185 2795520
1853182 399360
122862 49920
2058065 399360
7563 1248
671760 2795520
6 12
196978 399360
63 12
2514 312
9879 1248
48 12
319137 49920
1629 312
90801834 25159680
56400698 25159680
1069 312
13185359 2795520
127983569 25159680
87 24
123917477 25159680
209402 49920
138595215 25159680
1402 312
44495443 25159680
2579006 399360
1473 312
2270 1248
65 12
6428 1248
568 312
173771922 25159680
25259 4992
20749 4992
2348 1248
2822 1248
8279 4992
70902605 25159680
1521856 399360
65 24
290065 49920
134169261 25159680
6378220 2795520
22 12
9031 4992
4296 1248
135456401 25159680
42 12
174627128 25159680
1552 312
90585988 25159680
2715 1248
1642 312
871808 399360
1610 312
17241 49920
1468 312
56 12
5765 1248
37 24
83353468 25159680
256049 49920
116 24
172 24
75996001 25159680
73 24
32 12
104 24
1 1248
258287 49920
94 24
7128050 2795520
2389 312
1384 312
55 12
1 24
131592382 25159680
1959653 399360
15216180 2795520
136856856 25159680
99576533 25159680
17958122 2795520
73 12
9924489 2795520
8165863 2795520
1309 312
58 12
164209676 25159680
1529 312
20 12
12247192 2795520
869903 399360
24033 4992
114 24
1654 312
45 24
8 12
77 12
47 12
12351 4992
12177812 2795520
43680785 25159680
19602 4992
6841 1248
4524 1248
8501788 2795520
119930509 25159680
238838 49920
10759243 2795520
6009 1248
81532 49920
135566520 25159680
46 12
12698659 2795520
17219842 2795520
4771 1248
2020665 399360
3357 4992
122339555 25159680
35670 4992
4621 1248
27401 4992
1185 312
934 4992
131 24
3276658 399360
12928 4992
1707561 399360
6170 1248
9 12
2054913 399360
99038214 25159680
10234 1248
49 12
43 12
3 12
136553 49920
1006 312
41 12
8182 1248
21686 4992
56 24
110048419 25159680
94 24
1 49920
1984 312
5662 1248
1747313 399360
5202 1248
4977 1248
4400 1248
21814380 25159680
1494 312
82462458 25159680
8420556 2795520
25 12
4949 1248
1940593 399360
2014916 399360
4928 1248
4579 1248
26 24
1904930 399360
25770 4992
18057 4992
15968 4992
10671664 2795520
2565 1248
64 12
11 24
1041 312
26259 4992
54 12
1221 312
13748 4992
1 12
136797848 25159680
97562 49920
1537 312
15 12
79 12
13890 4992
31774238 25159680
97 24
3005 1248
1652 312
4799 1248
52 12
2973 1248
1540635 2795520
5 12
89421748 25159680
2091 1248
1669951 399360
4372 1248
138793443 25159680
4416 1248
10308815 2795520
13536552 2795520
1593 312
1 399360
50612 49920
50 12
1799 312
30592 4992
690 312
10072 4992
8637 1248
86 12
1515 312
38 312
49 24
1400 1248
44375883 25159680
198465963 25159680
27 24
1599 312
91 12
71 12
6543127 2795520
294384 49920
30662 4992
119514687 25159680
90888069 25159680
4634 1248
2369639 399360
153 24
24 12
2972 1248
59 24
2844129 399360
8155542 2795520
2083 312
166150 49920
1698 312
164671462 25159680
7800339 2795520
64 12
42494 49920
233223 49920
1305 312
2087657 399360
190046 49920
451489 399360
220760 49920
117 24
75740 49920
72 12
1 312
1424 1248
17966 4992
1555786 399360
45 12
391753 399360
