1000 100000000
1020876883 131072
17095067 2048
190752 32
1804364048 262144
107075711 16384
206950 32
187319 32
349207302 65536
173666204527 16777216
129189 16
5271779478 1048576
127565158 16384
6545695 1024
12294575 2048
12464784 2048
7566 1
454668896 65536
27748542407 4194304
3198606 512
131970 16
579742 64
19117221369 2097152
68735609635 8388608
225478691215 33554432
112675555 16384
61062687188 8388608
17842754 2048
38061977 4096
1208577875 131072
50157567 8192
57229 8
91948106581 16777216
15621369434 2097152
10849941350 2097152
197740 32
68000300 8192
71945176 8192
70443228 8192
147243 16
26417011775 4194304
32941 4
79840778715 8388608
576354327 65536
521918590091 67108864
7902080 1024
6233 1
21108693 4096
71104617 8192
4422711 512
255500 32
2648210 256
74206333462 8388608
269663 32
25600 4
4515044883 524288
96639 16
220484872898 33554432
3699287 512
51611951854 8388608
2633315272 524288
49961 8
171079 32
120747 16
1639641096 262144
78274612 8192
463642 64
33515 4
62391528 8192
889920686 131072
258221865259 33554432
47352 8
46083267 8192
430203945 65536
2330891729 262144
106714 16
8244864 1024
25845 4
398774389 65536
141658 16
8154628583 1048576
255393093868 33554432
925740 128
8808898 1024
7958 1
92611217889 16777216
234996509 32768
9002037 1024
2011750678 262144
17192 2
607476434670 67108864
15191892 2048
29754567 4096
10475525 2048
15253770959 2097152
26721208 8192
4206070 512
1739079460 262144
8049224027 1048576
16523 2
2684936443 524288
1117848902 131072
249147007 32768
29220295393 4194304
2219806 256
406113699854 67108864
2974754013 524288
77517143 8192
8121 1
2193202804 262144
3370434 512
24903181 4096
894739 128
7068662 1024
828392169 262144
1116233 128
139203663 16384
21171224 4096
56914 8
365760209010 67108864
9447679577 1048576
187694 32
34266 4
49601 8
95361 8
228491513 32768
3211183821 524288
749454293842 67108864
41811112019 4194304
7851574 1024
108607906 16384
117081791 16384
1494951 256
18356211523 2097152
26389 4
165776265828 33554432
441761897933 67108864
49006252735 8388608
16472258 2048
4668007 512
512081028664 67108864
27793456 4096
2626476266 262144
505846112357 67108864
64106945 8192
76935627 16384
394164232407 67108864
32630 4
1402952879 262144
30157 4
721333 128
275603469 65536
162361662 32768
14398767910 2097152
72672804 8192
4317800196 524288
478985 64
643292292 65536
18780 2
18339909411 2097152
47868784 4096
95390823119 16777216
116562132 16384
65514235584 8388608
1951657 256
298695683 32768
8437580 1024
58996156 8192
15318 2
267848192631 33554432
1971833309 262144
928209355 131072
97031901236 16777216
450796492 65536
133427272 16384
310841787 65536
4920518416 1048576
2333272 256
253592 32
15051006020 2097152
6786322723 1048576
49853566524 8388608
115910232717 16777216
243444 32
31747170 4096
13426971 2048
517866 64
32796981751 8388608
643508809 131072
86023420600 16777216
15802191223 2097152
318119259 32768
19691394607 2097152
1042651505 131072
62079323 8192
329734 32
3418018 512
1281658762 131072
22073 4
7598357 1024
707399744 65536
225278 32
31229 4
459945 64
60067 8
5887455784 524288
1115076575 131072
536544 64
12915 2
1929808379 262144
232619623 32768
279794041 32768
23873 4
109178227754 16777216
578110901270 67108864
26159 4
30960907973 4194304
6692730830 1048576
17691661 2048
7748511594 1048576
3957860474 524288
368098 64
954235 128
50983310 8192
39394141713 4194304
32439 4
822918456 131072
117743 16
4422552957 524288
329643395590 33554432
66465972250 8388608
6331 1
103715066 16384
989068517 131072
570719376 65536
1020719 128
33938 4
15573387471 2097152
16106 2
2019916 256
18377 4
323201512362 33554432
5730372138 1048576
7407 1
5222833 512
8746 1
10116630243 1048576
530671324 65536
238091 32
9126982650 1048576
15955376 2048
1019496119 131072
955920156 131072
696091 128
8782539 1024
136191 16
10337235239 2097152
6134 1
2971892 512
14197366936 2097152
437105793 65536
234618 32
16877113007 2097152
578781 64
493596 64
20016445 2048
2339550 256
8221 1
442209 64
335605 32
64639893013 8388608
271468 32
1213741 256
73548 8
74992106459 8388608
434941 64
1982183 256
15154046563 2097152
555874408194 67108864
660455520 65536
63585439 8192
1033336349 131072
109756 16
12628 2
15062 2
1682767 512
8211709348 1048576
303825108927 33554432
283408653923 33554432
324050428649 33554432
64514787 8192
29274510127 4194304
1568415217 262144
28027 4
28981091322 4194304
2400448297 262144
4150111885 524288
109562872594 16777216
8057691061 1048576
1619284569 262144
925440411 131072
73641576 8192
514562924 65536
7240528 1024
120757 16
425530943 65536
142379210034 16777216
246352902 32768
6346943 1024
296423566 32768
8214 1
7081 1
29837 4
1219888 128
54184419 8192
21565 4
260767463279 33554432
61237035775 8388608
2010720247 262144
111269 16
31932 4
156657 16
20517 4
208734373193 33554432
329468096311 33554432
1301405 256
18378 2
59548 8
3843634 512
2174029473 262144
67686 8
134922539 16384
1114699 128
1415746346 262144
18992 2
55807 8
39349714990 4194304
129955 16
6827624 1024
53093174068 8388608
6023131 1024
533173882 65536
101400625 16384
1464236869 262144
407176955958 33554432
7476 1
8227 1
8919639 1024
4656875 512
25518580194 4194304
131758444220 16777216
4814664487 524288
13664931204 2097152
18054346098 2097152
22826 2
7491 1
496453 64
2231842190 262144
302385805 32768
2069515023 262144
7058081245 1048576
537104865 65536
1112408 256
26616015685 4194304
200911278849 33554432
24897263658 4194304
397145795 65536
13725 2
451084375 65536
8075752 1024
3269129 512
64814065 8192
20833476 4096
78379397879 8388608
20363 2
3103422261 524288
22958037382 4194304
15733170730 2097152
26704097 4096
204386 64
4697907 512
7098 1
2492262822 262144
1082506 128
1830371448 262144
85723280867 16777216
51684963 8192
125299411 16384
61383769784 8388608
10737 2
68634 8
206681 32
23987398946 4194304
28799723 4096
9773810656 1048576
212860 32
65910243287 16777216
647038411 131072
1088076 128
17117 2
2070018275 262144
3879560664 524288
3001729889 524288
128443999063 16777216
12423 2
8966595452 1048576
1170483697 131072
1733483576 262144
36557200 4096
128107668895 16777216
29107 4
12330 2
128188151454 16777216
1113773312 131072
139827869 16384
82291 8
16706948378 2097152
403374048604 67108864
6612 1
219651 32
4177172076 524288
299434 32
16744500480 2097152
1799366222 524288
39531312 4096
183763 32
62531719 8192
71114314726 8388608
7936327534 1048576
38198 4
35272935 4096
8734732048 1048576
112818772 16384
76996338458 8388608
30109 4
9628 1
220963 32
36402 8
273752 32
391279772 65536
5095174107 1048576
436967947 65536
372612541434 33554432
15468767 2048
240337747968 33554432
102607488 16384
395479 64
241173 32
6458 1
8603 1
453298 64
94824344983 16777216
14805690408 2097152
1634813458 262144
17278038 2048
119471043213 16777216
963079 128
217797 32
12124474181 2097152
675271 128
231859 32
152812349 16384
436339591 65536
239835638496 33554432
586812615514 67108864
30749418 4096
8187688441 1048576
10718 2
1861396 256
2363863614 262144
1932122 256
80862 16
864853318 131072
1630381567 262144
1044091777 131072
16072338361 2097152
967915 128
24886771 4096
508476877561 67108864
41219 4
973432657 131072
114966906 16384
8586 1
120823786070 16777216
14673 2
6059895806 524288
2708670867 524288
102062 16
532758 64
488402904712 67108864
7946 2
441934041 65536
18203 2
26005350 4096
8395512 2048
64948609 8192
2216688791 262144
135904 16
562649 64
11716 2
558205 64
311405 32
96505 16
6122224 2048
3465299416 524288
9964 2
55875686509 8388608
9852684114 1048576
113255 16
564869173 65536
2232726 256
28622 4
375934213863 67108864
27114594 4096
16735106691 2097152
75544783514 8388608
238463009 32768
34591053 4096
856522977 131072
111883 16
824491512 131072
557795 64
49763 8
4089931521 524288
3362679 512
146719 16
2991394 512
124399185708 16777216
960414 128
17665391 2048
1124261644 131072
48190 8
1984521943 262144
3667494307 524288
247594201805 33554432
4406200 512
42126274 8192
891230 128
470185721230 67108864
24297 4
660845 128
2700271206 524288
8128141176 1048576
6795341 1024
1069600900 131072
39132644 8192
4454852701 524288
2041718516 262144
36904 8
1149606 128
4632680062 524288
7918 1
986071 128
10550268872 2097152
1090907771 131072
14351 2
15174 4
6892840852 1048576
1026559 128
8398062 1024
1454447 256
17671644 2048
66811646492 8388608
548695608 65536
924637 128
9820242 1024
1904653354 262144
2456015 512
250825984805 33554432
560743708525 67108864
3679866134 524288
308582 32
57618708844 8388608
6635 1
3949928 1024
26589649 4096
19361759304 2097152
560625105183 67108864
1684072598 262144
196907598354 33554432
21743 2
374034665 65536
1447428506 262144
7350610431 1048576
295752 32
16834936 2048
18590 2
26589 4
3727553 512
266087106583 33554432
182918 32
989536 128
13838 4
20447 2
1517005 256
34155 4
96467 16
14962062 2048
4451580 512
99558515096 16777216
1921600 256
20371146902 2097152
3770470 512
9370308433 1048576
587230624 65536
2582852759 262144
5252 1
336613534787 33554432
622657227262 67108864
9486688756 1048576
57479 8
2005708 256
1835649218 262144
2140109781 262144
621473846 65536
18138960 2048
7446653 1024
38271604 4096
502743646 65536
244574917 32768
292781786099 33554432
41777218 8192
1808664917 262144
18464852 2048
1121401 128
10534948162 1048576
6064 1
71840572 8192
53009802 8192
25459802097 4194304
8278680569 1048576
687649 128
17046786 2048
47224091 8192
3899399 512
59854 8
3912052 512
529978815135 67108864
142461968712 16777216
155518 32
304971255572 33554432
936406075 131072
6250758064 1048576
1207130 128
589361768 65536
6600632980 1048576
64150 8
9869 1
126315267 16384
502197 64
413798933563 67108864
3302511 512
379677087 65536
20738 2
504004634171 67108864
122424413977 16777216
17253796 2048
12091967378 2097152
97440 16
7990 1
20057288 2048
37615648811 4194304
274987 32
329956456 32768
568128649 65536
55178641 8192
4168375 512
2799097 512
7640923757 1048576
13377 2
1761035 256
7003 1
1179170653 131072
894645 128
23833311 4096
3865629 512
467986939 65536
5171 1
261874 32
247615 32
1871643 256
7575 1
27049727 4096
3017040 512
115879132 16384
14482231217 2097152
26480 4
52258 8
32930066468 4194304
126193712492 16777216
19232508 2048
45390 8
361150089135 33554432
48051268685 8388608
491581 64
133596666 32768
129663881 16384
41338779658 4194304
3976924 512
512720555529 67108864
343995105284 33554432
144078 16
10662696528 2097152
208256313 32768
474608586425 67108864
39404910859 4194304
4834014 512
776236160 131072
4546561597 524288
4783640 1024
39576 8
178119495 32768
269652 32
2730479 256
18507 2
65046928802 8388608
10680622 2048
194588530 32768
14416744 2048
473356 64
10894 2
1221482 128
12495968 2048
973990135 131072
74139040350 8388608
7215 1
13961 2
111673 16
146949648 16384
7221056160 1048576
323418 32
15087929 2048
3943067 512
2694730194 262144
55756351 8192
7817 1
4922671 1024
156054173176 16777216
32276085 4096
56346710039 8388608
237939052381 33554432
6713687826 1048576
313760132852 33554432
4202548698 524288
136367158 16384
895083829 131072
233246 32
183607872189 67108864
145588 16
167837464870 33554432
6573733850 1048576
147620415649 16777216
64336538 8192
41504 4
19376891 4096
15284 2
1728172072 262144
81430408581 8388608
7372223 1024
33629 4
13856 2
1149483 128
28447 4
26122173 4096
36429152238 4194304
15736538 2048
60817635348 8388608
98437 16
540538237 65536
12876 2
6446561120 1048576
3594457 512
260461920 32768
10875248 2048
464698021463 67108864
19531513 2048
5878942104 1048576
100527 16
430848819125 67108864
6724 1
865829 128
56515149210 8388608
1105111520 131072
6412 1
668928920366 67108864
98542901828 16777216
344687097 32768
114831904239 16777216
8796340 1024
5464 1
281175339 32768
108706507248 16777216
159636658510 16777216
218148361 32768
29034 4
877720 128
34368389929 4194304
190960 32
29609351209 4194304
15033407792 2097152
525799201 65536
74243545 16384
2331536699 524288
161749529 16384
448510041748 67108864
2009706014 262144
12747 2
53489 8
158621442355 16777216
2092370853 262144
8237861 1024
5825762 1024
56499974948 8388608
75357209 8192
976393490 131072
247666 32
411368006 65536
25805 4
30963245157 4194304
32533071 4096
13919479 2048
395382 64
5881 1
85043884 8192
29829473 4096
30638212 4096
5335 1
81493621 8192
3668020264 524288
156201970790 33554432
1284213 128
2177611 256
31622400 4096
2605278895 262144
233145163826 33554432
116803748 16384
238106 32
80030211980 8388608
9339447884 1048576
3254979 512
32094350 4096
348090471 32768
1185896 128
2196773 256
15976 2
64251511238 8388608
246495 64
22954856166 4194304
15011400 2048
53163 8
558824 64
473333566 65536
422190126845 67108864
8443041 1024
14177 2
132609 16
589090185773 67108864
8096 1
834080911 131072
15899 2
8123916 1024
71945717 8192
19357713521 2097152
580285197431 67108864
77112 8
522740 64
20364282681 4194304
90751833205 16777216
9062 1
145355110 16384
4544366 512
6228 1
31035200232 4194304
2453250 256
12612237217 2097152
7458052 1024
30241730 4096
50800065888 8388608
49554962283 8388608
21389401549 2097152
285169777528 33554432
16259 2
268222500 32768
32474 4
63423 8
41499290095 8388608
215678721 32768
2045386157 262144
210545191937 33554432
74089939 8192
217541 32
7801560898 1048576
182701 32
336089039 32768
16175 2
4942040061 524288
31336918 4096
185031 32
4011509944 524288
629717115 131072
76057744395 8388608
1378975105 262144
27532463 4096
198027187536 33554432
70016040 8192
1016799 128
1099752706 131072
474947919579 67108864
4028342 512
1241243068 262144
88066899 16384
552719 64
27125 4
5535709 1024
252995 32
3899940452 524288
32480767743 4194304
11127 2
8354 1
6876465 1024
2418216709 262144
3996063997 524288
13306623 2048
279492632394 33554432
1604137 256
2433435365 262144
278906 32
195571765336 33554432
3912810233 524288
4546 1
1056767 128
9384573028 1048576
9018367388 1048576
19395585167 2097152
837057 128
32786486239 4194304
1702193 256
1521581053 262144
17234 2
18812 2
2098865 256
798853 128
962192 128
1843248 256
298813 32
44923263 8192
81904 16
183568494927 33554432
7458740998 1048576
784346 128
13988 2
6512509 1024
55233716696 8388608
64542 8
280240 32
17279880 2048
6779070 1024
278895454 32768
58358 8
196004 32
6515 1
377739603794 67108864
888257 128
5080969476 524288
129311193992 16777216
187969907 32768
512469264106 67108864
17342621103 2097152
35621503294 4194304
4696308874 1048576
4675720 512
651449 64
268422 32
33929 4
31641389 4096
61909 8
32938983956 4194304
3070878 512
8178703 1024
161469497 32768
17195 2
26938 4
3318810066 524288
9838641955 1048576
910364 128
553422 128
1789743 256
485739628958 67108864
6390280218 1048576
3588101 512
13649113386 2097152
13202965 2048
15014720 2048
62409 8
2282568 256
68610145343 8388608
242429007 32768
243367136 32768
78314 8
504227 64
472092 64
