1000 10000
18465319 20971520
29593917 41943040
499346 655360
26 40
109 160
936643 1310720
451546496790 687194767360
110 160
1566 2560
298 320
293691406007 343597383680
3 5
112823825 167772160
13 20
503152 655360
66872 81920
235780 327680
8309 10240
606860 655360
2016352 2621440
499948612306 687194767360
82244 81920
32932 40960
2963387316 5368709120
15996501730 21474836480
14576 20480
32026962160 42949672960
46 80
319 320
2854477125 5368709120
1596175526 2684354560
11681 20480
15630 20480
501518410 671088640
11 20
3899 5120
67 80
843611 1310720
2616 2560
154 320
596 640
15268606 20971520
13860766430 21474836480
29832267 41943040
9 20
1071643172 1342177280
34792077959 42949672960
8037740 10485760
5269161 5242880
301240102903 343597383680
2485548 5242880
575561275249 687194767360
10685 10240
514252 655360
148505 163840
44817458255 42949672960
272357312148 343597383680
65 80
4282 5120
551755234 1342177280
1970062100 2684354560
1780266 2621440
9 10
679 1280
110748881968 171798691840
4 10
5 10
13980 20480
25 40
481 640
6418 10240
4512268037 10737418240
225471 327680
3 5
245 320
211452 327680
13 20
974301 1310720
278860974687 343597383680
1811072 2621440
59 80
70 80
13 20
1726 2560
564 640
62658572 83886080
12234 20480
10804800167 10737418240
4739 5120
212 320
3129437 5242880
3074717 5242880
18435 20480
9143011432 10737418240
54000704 83886080
4007942246 5368709120
1168264780 1342177280
24737 40960
6021466 10485760
14505599 20971520
2956565433 5368709120
500084142829 687194767360
480253 655360
10 20
3 5
44149294 83886080
6804482 10485760
8221 10240
53138 81920
1858525259 2684354560
652818 1310720
74018202 83886080
16056527922 21474836480
4603659202 5368709120
42737120 83886080
27383864 41943040
124786 163840
38265445450 42949672960
4242 5120
1952 2560
4878 5120
79524 81920
434 640
5369 5120
7481 10240
74 80
4040182 5242880
55 80
123055929 167772160
63800015592 85899345920
16 20
118532015 167772160
116 160
125777799943 171798691840
52 80
397 640
964222 1310720
12424843 20971520
7 10
42231677 83886080
423998 655360
903975 1310720
404532 655360
54603577995 85899345920
209412 327680
31 40
24258409 41943040
1424492 2621440
1494 2560
218278 327680
22103 40960
31635635 41943040
34982955 41943040
56758 81920
5 10
180219953079 343597383680
2477106 2621440
7 10
27816 40960
5 10
98992 163840
228 320
28525 81920
56 80
10 20
2868 5120
137 160
1015 1280
10760 20480
32056 40960
4854674 5242880
513 640
33993 40960
285466228895 343597383680
140495382127 171798691840
808268436 1342177280
27336 40960
547 640
2655870424 2684354560
1859038 2621440
228608452 335544320
604987 1310720
534 640
1084 1280
414506 655360
17663 20480
286 320
579 640
13968376 20971520
7147881425 10737418240
185725279 335544320
2090310379 2684354560
664852502 671088640
16450110 20971520
3 5
80373001 83886080
81 160
9207 10240
700048072 1342177280
1988210 2621440
27 40
9380764 10485760
532955571477 687194767360
23 40
4 5
3009759154 2684354560
1401 2560
5 10
934922 1310720
160 160
2862058427 5368709120
194 320
10054 10240
120885 163840
228427 327680
94767499 167772160
4 5
25190549 41943040
33170563705 42949672960
10332028 10485760
143298 163840
8808 10240
60 80
354475 655360
4103 5120
414461417227 687194767360
9795901 10485760
3844239 5242880
58089734 83886080
7232 10240
18657 40960
353 640
34 80
144119296 167772160
46657519 83886080
2030 2560
5526782708 5368709120
227 320
951 1280
204736635198 343597383680
11 20
601922740 671088640
93 160
5782815609 5368709120
4252 5120
4079385359 5368709120
1815 2560
306727100945 343597383680
2252 2560
6 10
28 40
5346613482 5368709120
226004495014 343597383680
3684885676 5368709120
466428569404 687194767360
58 80
231 320
14314927 20971520
25446710 41943040
116523959619 171798691840
118 160
6 10
2883796891 2684354560
10 20
4552902 5242880
222141 327680
496049064 671088640
37726339575 42949672960
129 160
61 80
2325334 2621440
27 40
837266943 1342177280
112912 163840
973202 1310720
123238759977 171798691840
8 10
212064 327680
3 5
32901672 41943040
44053 81920
3922207080 5368709120
271797928 335544320
503697 655360
6 10
3 5
50083678 83886080
222568099690 343597383680
4277 5120
3 5
14 20
222 320
4068 5120
13208126 20971520
1810029 2621440
29 80
17 20
35430862 41943040
146985418051 171798691840
100451437 167772160
24 40
5105 5120
28233557 41943040
102590 163840
8029 10240
1051 1280
28142594264 42949672960
82611272424 85899345920
4312738677 5368709120
17842 20480
48654 81920
17053780578 21474836480
202491675 335544320
15166 20480
4212390513 5368709120
31743 40960
197 320
54131 81920
217 320
28969592 41943040
156388652 167772160
8641157219 10737418240
25323453426 42949672960
3230998016 5368709120
4155669 5242880
55734835626 85899345920
32557287 41943040
47356744188 85899345920
14020 20480
100 160
382 640
35664 40960
15583 20480
1952 2560
64 80
1913162 2621440
20601072 20971520
791574012 1342177280
20 40
6286234786 10737418240
79183277 83886080
86 160
216 320
36 40
247732216 335544320
14 20
14030 20480
129346469558 171798691840
17540834750 21474836480
5 10
522375166108 687194767360
543 640
819299048 1342177280
57238139091 85899345920
221 320
1852778 2621440
6 10
702347242 1342177280
1317484 1310720
2789377 2621440
33 40
53255 81920
188 320
68 160
13 20
19837067 20971520
15372 20480
86677 163840
114233621 167772160
634285658071 687194767360
527014239 671088640
102532387 167772160
968 2560
53890354 83886080
901275 1310720
160035109923 171798691840
103 160
210266 327680
52 80
24556671479 42949672960
1434969590 2684354560
253 320
141507883894 171798691840
14441840 20971520
9320925858 10737418240
7315334242 10737418240
11 20
6756358 10485760
60530145 83886080
511431036713 687194767360
7747 10240
3487881721 5368709120
87141409202 171798691840
329 640
284944077 671088640
50061 81920
1323032 2621440
38487930 41943040
6027 10240
4773237015 5368709120
11 20
6 10
2047 2560
71529285200 85899345920
3 5
73 160
139 160
521 640
5041065345 5368709120
29859736 41943040
267258661383 343597383680
256529737004 343597383680
294407207 335544320
211251332 335544320
402991 655360
19642 20480
44 80
4 5
542965064 671088640
123733625 167772160
6828 10240
40737907889 42949672960
242199780013 343597383680
10385 10240
428230 655360
4 5
3021 5120
259591320 335544320
9851739 20971520
171948 163840
306 320
34 40
18693181 20971520
4547517 5242880
129 160
85502991 167772160
518 640
132519 163840
28057 40960
259117912325 343597383680
254331 327680
230977 327680
164912212 167772160
7111 10240
342448128 671088640
13490 20480
13113207 20971520
77408914 83886080
51290 81920
6631164166 10737418240
118974697 167772160
20017133 41943040
2262545907 2684354560
15354 20480
307687 655360
425483342 671088640
3873355 5242880
695414447029 687194767360
413211 655360
3679036 5242880
184 320
26 40
917872 1310720
3690341 5242880
29 40
1008358209 1342177280
121033648316 171798691840
677420375068 687194767360
5344621 10485760
97 160
3525 5120
16066856 20971520
45117079 41943040
4233461 5242880
231435752962 343597383680
20515249 20971520
3511365 5242880
1492 2560
295895798 335544320
11 20
896514788 1342177280
163516831 167772160
481775305 671088640
2 5
14732 20480
2026040704 2684354560
447308617 671088640
8145316 10485760
2293 2560
1193 1280
302605102 335544320
3402107 5242880
154727134 167772160
26 40
1047 1280
45888186 83886080
3967661 5242880
507992 655360
14419143638 21474836480
31920491 41943040
960791712 1342177280
1462 2560
271744878647 343597383680
3 5
93396731627 171798691840
15043041 20971520
24011 40960
2143495 2621440
237886293901 343597383680
2602173763 2684354560
16140 20480
4101185253 5368709120
429488193 671088640
40 80
376784 655360
54417121375 85899345920
15778 20480
234553564761 343597383680
23460341 41943040
24 40
60 80
2289038 2621440
34172 40960
4573584473 5368709120
64 80
70468 163840
35192 81920
17 20
28 40
17432100 20971520
39354 40960
6 10
494726372 1342177280
213958866 335544320
1962693083 2684354560
1796034712 2684354560
4207381255 5368709120
63620 81920
10175304 20971520
746874533 1342177280
380 640
132 160
11285671 20971520
103126 163840
1057251707 1342177280
368153491 671088640
13793982 20971520
141 160
411697 655360
3203532442 5368709120
553545431361 687194767360
72 80
2796884396 5368709120
30773 40960
359 640
527 640
217527308102 687194767360
845 1280
930 1280
5337 10240
389092948846 687194767360
2559245 2621440
3065597827 5368709120
2399729 2621440
124626398459 171798691840
4 5
144 160
337103883 335544320
10051228 20971520
7180 10240
3820 5120
18 40
16774 20480
188672058 335544320
4219 5120
47 80
36 40
7 10
507 640
214932846944 343597383680
16544 40960
192 320
3185 5120
161413 163840
4234597455 5368709120
3 5
838085224 1342177280
11 20
3262616030 5368709120
3 5
33 40
7971 10240
13 20
3736517 5242880
520429 655360
16357455 20971520
24409 40960
50 80
1540 2560
3 10
16 20
495911013111 687194767360
1040561255 1342177280
1868 2560
1138 2560
1098 1280
266224992 335544320
711 640
1180708 1310720
32 40
1013749543 1342177280
989 1280
71576493402 85899345920
229302751 335544320
2462 2560
30291009 41943040
117223228 167772160
66830 81920
4398820530 5368709120
241374877 335544320
15548117041 21474836480
1049195803 1342177280
3530509448 5368709120
6834957 10485760
10748 10240
4576272 5242880
513 640
4440 5120
8 20
180730177240 343597383680
32 80
237617395 335544320
112865389795 171798691840
3829 5120
2930 5120
5010158958 5368709120
8487044681 10737418240
13971855170 21474836480
2854162 5242880
30 40
2 5
1071210419 1342177280
21889 40960
4878 5120
15637728719 21474836480
1771684728 2684354560
67924 81920
19940307862 21474836480
27126 40960
7364 10240
77156 81920
5275886698 5368709120
30 40
8 10
3531910 5242880
1149765 1310720
6201189686 10737418240
124497 163840
154956463 167772160
271528091 671088640
236 320
65 80
97341 163840
597470979682 687194767360
3954152 5242880
267653134386 343597383680
2 5
542 640
1067439297 1342177280
8238 10240
2410 5120
473752559357 687194767360
9156 20480
1056611871 1342177280
3 5
487 640
2491 2560
74921222 83886080
431624 655360
84133 81920
297499 327680
132 160
97994887 167772160
669390010330 687194767360
3348960 5242880
13 20
20300229 41943040
246127 327680
2403620386 2684354560
174 320
472447 655360
13345 20480
114575073520 171798691840
17925718 41943040
44507 81920
3527989022 5368709120
9147 10240
259868 327680
28 40
3 5
638582091 1342177280
1320 1280
80830 81920
16271652855 21474836480
8907 10240
3739026178 5368709120
3165 5120
986668 1310720
372307994720 687194767360
49778798 83886080
564 640
981883 1310720
31797398385 42949672960
130203447 167772160
1951 2560
16965494101 21474836480
21 40
7403117586 10737418240
5 10
14116318 20971520
3933132 5242880
65253 81920
485605 655360
89129 163840
1943 2560
7 10
7617106549 10737418240
152016242721 343597383680
8925902956 10737418240
56 80
455 640
1414 2560
31365479 41943040
11774 20480
4106471003 5368709120
234861827 335544320
7811419482 10737418240
17768 20480
1054740 1310720
12365289132 21474836480
4272016924 5368709120
268822625335 343597383680
2153848120 2684354560
1162770 1310720
365476165 671088640
504 640
3 5
3717150918 5368709120
14936 20480
26 40
140813 163840
980010274 1342177280
6900543251 10737418240
7575 10240
125922899892 171798691840
17043504 20971520
4804 5120
30388 40960
3875330 5242880
2705 5120
12773645 20971520
142 320
48 80
31444 40960
1392545858 2684354560
62847 81920
4483 5120
3642471434 10737418240
124559422 167772160
3902714 5242880
223828166 335544320
134747 163840
945 1280
1478269168 2684354560
294414 655360
3 5
14700 20480
33881334436 42949672960
581636659 671088640
275 320
2707856576 2684354560
15322735957 21474836480
33 80
129 160
2015398 2621440
616979802 671088640
67866750 83886080
99 160
876851 1310720
25519 40960
806 1280
221205955596 343597383680
156799397 167772160
3454977042 5368709120
1388 2560
3928649 5242880
64129125 83886080
353967641723 687194767360
7220286 10485760
28927129633 42949672960
121 160
27 40
9096574493 21474836480
38 40
1619635 2621440
2959 5120
5486 10240
3703793049 5368709120
1393839608 1342177280
549840992397 687194767360
12 20
250 320
65417142 83886080
52403 81920
1037530 1310720
14406061179 21474836480
35606065 41943040
9259200 10485760
7820076844 10737418240
5 10
32576310 41943040
10846481852 10737418240
211968827492 343597383680
8589121252 10737418240
65 80
46582388 83886080
130 160
12311 20480
1041567729 1342177280
121719549 167772160
412220589573 687194767360
10042486 10485760
56042 81920
1337919145 2684354560
317336 327680
712962733 671088640
6 10
114324372314 171798691840
870491514 1342177280
8190 10240
52733775246 85899345920
31291469 41943040
2643047 2621440
48 80
1286220067 2684354560
110799254 167772160
37988306656 42949672960
299282630476 343597383680
15 20
101716 163840
1066070 1310720
18305513 20971520
19231504386 21474836480
981297601 1342177280
2091778322 2684354560
125360306680 171798691840
3555052 5242880
10644374066 10737418240
3 5
128631767364 171798691840
110 160
8 10
35861495617 42949672960
95261698 167772160
272856 327680
130346385 167772160
557 640
60971935 83886080
124005111521 171798691840
38365715 41943040
2264900 2621440
3710644725 5368709120
593842439 671088640
101819 81920
118698 163840
50899 81920
206668250854 343597383680
3276833 5242880
814 1280
193364 327680
1469 2560
4443505 10485760
6913 10240
240102 327680
7 10
62422813 83886080
3 5
8648 10240
81391276176 85899345920
963510262 1342177280
689294394 1342177280
117097789994 171798691840
6 10
4114769 5242880
18307 20480
21119272880 21474836480
19 20
3 5
9699 20480
9558266 20971520
42554698270 42949672960
90687 163840
222 320
11665708627 21474836480
58499666969 85899345920
18589689982 21474836480
176595001698 171798691840
3239067637 5368709120
754 1280
149173604706 171798691840
245254263357 343597383680
3 5
681427464953 687194767360
7 10
30495 40960
4144 5120
1650 2560
253351795538 343597383680
19037 20480
62694 81920
462202866415 687194767360
1669627615 2684354560
122311 163840
512828387 671088640
7 10
2292475736 2684354560
657 1280
52 80
8021 10240
49 80
435267626 671088640
1095 1280
4 5
11743550348 10737418240
17114 20480
424598322 671088640
3 5
31693 40960
131135159791 171798691840
215683 327680
6992 10240
4 5
487549 655360
12727 20480
52508 81920
93447936 167772160
365 640
5547899016 5368709120
1512516 1310720
938829002 1342177280
5 5
64 160
257 320
869 2560
16830571783 21474836480
2 5
63 80
95694 163840
160940 163840
1311708480 1342177280
826364039 1342177280
338 640
276 320
8036907421 10737418240
65 80
12087134692 21474836480
256127100 335544320
676163858 1342177280
61 80
1591 2560
32480638 41943040
85082844 83886080
4651314 5242880
302 320
231282573217 343597383680
144 160
28346455299 42949672960
115680070768 171798691840
47163891 83886080
61582526730 85899345920
7801620380 10737418240
6684883 10485760
358 640
641104 655360
13588 20480
27452 40960
269 320
219310 327680
3422705 5242880
42720 81920
785 1280
34 40
953233164 1342177280
9500875 20971520
241889740 335544320
317 320
4105350 5242880
804234341 1342177280
4 5
14339679 20971520
