1000 100000000
60298953920 68719476736
1 1
134916 131072
2 2
4812435 4194304
229 256
857908076 1073741824
312894489 268435456
12 16
221565845 268435456
7 8
130816129687 137438953472
81 64
14338344 16777216
234703004 268435456
1248952694 1073741824
402214074 536870912
271752525392 274877906944
2446147061 2147483648
10785904230 17179869184
164 128
1283 2048
1843 2048
28 32
4361994092 4294967296
104 128
85736 65536
288 512
271255 262144
4551344064 4294967296
17527 16384
131 128
29 32
15807245655 17179869184
4 4
3166535 4194304
1 2
1016884 2097152
390941 524288
610605 524288
1 1
252403 262144
8 8
45 64
194785 131072
101171961 134217728
1 2
873740 1048576
21418 32768
131 128
590468 524288
2236813 4194304
319 256
81 64
21369759 16777216
13584 16384
30186636 33554432
602502648090 549755813888
21739642138 34359738368
27383289 33554432
2707199619 2147483648
5220 4096
34021176165 68719476736
6380 8192
1 1
50 64
8844522667 8589934592
89789 65536
1 1
501797 524288
298727 262144
1040 1024
3840380701 4294967296
10959400 16777216
3 4
1 2
1 1
45714634698 68719476736
7319409477 8589934592
1310717240 2147483648
420938010 536870912
17 16
10542620 8388608
13258581291 17179869184
297579846249 274877906944
70595176564 68719476736
13818124580 17179869184
592792432373 549755813888
4622186031 4294967296
1 1
1 1
4187 4096
14357385198 17179869184
75 128
1 1
138280 131072
1114 1024
6156302278 8589934592
437573 524288
232007 262144
73 64
6698 8192
1 1
14 16
2170984666 2147483648
279211 262144
345407144 536870912
7866016666 8589934592
1 1
4937072363 4294967296
14513231723 17179869184
20057235719 17179869184
44416885434 68719476736
9820617143 8589934592
119 128
4293634581 4294967296
322875674 536870912
1 2
1957265 2097152
2599421 4194304
2 2
695516331992 549755813888
1216 1024
1459901961 2147483648
30056 32768
35485 32768
3672468 4194304
2043749321 2147483648
53323 65536
1165996629 1073741824
581992 524288
144309 131072
3414032231 4294967296
34372231 33554432
134784 131072
30 32
1687 2048
39474786 67108864
133 128
97135663 134217728
64688010382 68719476736
38268816 33554432
44 64
7828996534 8589934592
1 2
2162 2048
41160 32768
49722913094 68719476736
171569 262144
1 2
6697 8192
899326394 1073741824
525 512
2128189821 2147483648
1284397 2097152
6853 8192
1616 2048
36133 32768
18570543335 17179869184
1787 4096
79929835009 68719476736
126550 131072
476460274 536870912
12284385 16777216
9135416431 8589934592
951 1024
7749853201 8589934592
2 2
124 128
1701058006 2147483648
50326194117 68719476736
7 8
162302 131072
55013043864 68719476736
14257663177 17179869184
217 256
260237216483 274877906944
156444960658 137438953472
260230297 268435456
172080869 268435456
9721597896 8589934592
32965 32768
214052965533 274877906944
4983 4096
64626680 67108864
9 16
503420714 536870912
140016379 134217728
22760688869 17179869184
11099943035 17179869184
20238 32768
1688 2048
53805085968 68719476736
7436284 8388608
15 32
1043426 1048576
15980 16384
332647 524288
1669 2048
446096074 536870912
83 128
18643338249 17179869184
492 512
72057664014 68719476736
14922312691 17179869184
31 32
71432480 67108864
1576 2048
35259214 33554432
22841538563 34359738368
473 512
44322741 33554432
8514 8192
2 2
7 8
4 4
439 512
1808 2048
6242384 8388608
137126210809 137438953472
398833501495 549755813888
52 64
44479076 67108864
174 256
63841980 67108864
1171127 1048576
59931 65536
29037012 33554432
118546584 134217728
38323878 67108864
88342764489 137438953472
72901075 134217728
56 64
106907 131072
23257671 33554432
458186 524288
15 16
472501590192 549755813888
1 2
20199 32768
12 16
223698 262144
696 1024
57126219 67108864
2324 2048
526 512
27702442 33554432
85 64
353516 524288
695907291630 549755813888
48 64
848159092 1073741824
98 128
2119542 2097152
1352179590 2147483648
24166 32768
15 16
252374 262144
160584 131072
5 8
55479633 67108864
141081 131072
25613942 33554432
571 512
1062 1024
12841843 16777216
3742843194 4294967296
245836798 268435456
511656 524288
3915339346 4294967296
1440919 2097152
16324 16384
140154317113 137438953472
68 64
295301217 268435456
8953116341 8589934592
3580751 4194304
120509173322 137438953472
54748623178 68719476736
8 8
13096112704 17179869184
1574372 2097152
56 64
22665142691 34359738368
2041436 2097152
660866 1048576
255431 262144
254148272 268435456
3096 4096
520084985479 549755813888
310300441 268435456
7747 8192
253144 262144
1095677586 1073741824
2234 2048
21202409995 17179869184
219704030262 274877906944
119396 131072
1341 1024
176574 262144
1030 1024
5 8
1 1
235943649750 274877906944
13664 16384
234797 262144
309978 262144
8 8
7 8
492053009336 549755813888
74458 65536
4010 4096
15 16
185 256
1207205 1048576
3345230908 4294967296
17252 16384
6925633 8388608
15024 16384
475149 524288
1 1
144 128
1533544 2097152
1701 2048
146390038935 137438953472
29927505235 34359738368
7872177802 8589934592
217932 262144
695856095 1073741824
148342063 134217728
284433197 268435456
3 4
25 32
1944 2048
438110196187 549755813888
16861068832 17179869184
519868405 536870912
17336793375 17179869184
211 256
200438240 268435456
2059724 2097152
876049 1048576
1 1
1 1
2298 2048
63720128167 68719476736
95575179 134217728
1 1
2281867 2097152
11902979062 17179869184
10814144681 8589934592
9421751847 8589934592
15405016411 17179869184
8143 8192
463 512
364430 524288
526588210705 549755813888
385419083 536870912
141018563942 137438953472
25 32
947203332 1073741824
1636148441 2147483648
29822755 33554432
1 1
98114 131072
4387000 4194304
8464 8192
967327690 1073741824
3136 4096
249577 262144
1007 1024
174 128
6507820307 8589934592
68735 65536
30126770 33554432
68337 65536
866444 1048576
81 64
36612 32768
173 256
182 128
122141 131072
8873 8192
53058 65536
17444476 16777216
472773447 536870912
4 8
147 128
17 32
289 256
8269 8192
136 128
3 4
131808208 134217728
441214432 536870912
54333 65536
67296791 67108864
354066146971 274877906944
3007513774 4294967296
12630 16384
9274959319 8589934592
28030 32768
9721 8192
452 512
2 4
155 128
24990 32768
7662282274 8589934592
264390837 268435456
113795 131072
74870950225 68719476736
2964 4096
112 128
13182556 16777216
129 128
15760 16384
168890232235 137438953472
173367880 268435456
1 1
64570086556 68719476736
512746 524288
3599886135 4294967296
1291 1024
112179953975 137438953472
56 64
6 8
2353620 2097152
474912228 536870912
452388 524288
509 512
228888 262144
883907657 1073741824
146 128
1226864 2097152
61399306516 68719476736
2756232 4194304
36 32
454410031 536870912
242479938005 274877906944
82435 65536
4323837 4194304
862 1024
164 128
105 128
12801986807 17179869184
30902549037 34359738368
279536 262144
278538417318 274877906944
11 16
120874215978 137438953472
3 4
21 32
14 16
3411497950 8589934592
2087 2048
9005617723 8589934592
5122484 4194304
877 1024
12 16
8 8
1 1
462 512
11504536 16777216
108044480 134217728
34474534 33554432
4629859 8388608
1923 2048
622 512
30 32
810333928 1073741824
3 4
37048 32768
545023411 536870912
46389897670 68719476736
491269 524288
17021 16384
413382 524288
71964282458 137438953472
2979 4096
256374057 268435456
129780283 134217728
65792326582 68719476736
28615 32768
1865595043 2147483648
134237792316 137438953472
364314743510 549755813888
8 8
10104392895 8589934592
76 64
5146 4096
50 64
3940936298 4294967296
1069624736 1073741824
27833196904 34359738368
3905725 4194304
189 256
33 32
7851691796 8589934592
32990 32768
20847 32768
400548535883 549755813888
657345095 536870912
63 64
48095132623 68719476736
2046272717 2147483648
256330744 268435456
55223545948 68719476736
36 32
6371214 8388608
271825104 268435456
101 128
206553311 268435456
511526926 536870912
52 64
40754261 67108864
3725761 4194304
29433998 33554432
361151163 536870912
1473168 2097152
12996796 16777216
2535 2048
1102749076 1073741824
6850897 8388608
208689042160 274877906944
113883 131072
8 8
6776440 8388608
414 512
1070074663 1073741824
197 256
2063 2048
545080 524288
17426 16384
3185681686 4294967296
1951404420 2147483648
333021 262144
4642594 4194304
225312317 268435456
533579582893 549755813888
126 128
8619853339 8589934592
73878253 67108864
5111192156 4294967296
112788149 134217728
182806000319 137438953472
586585027523 549755813888
57903 65536
32 32
39 32
115556 131072
269317577451 274877906944
1070 1024
20429 32768
1402 2048
1089612 1048576
5239272384 8589934592
325480844 268435456
160404087780 137438953472
28872035 33554432
20280250484 17179869184
51478 65536
1843413041 2147483648
7 8
953 1024
152 128
3 4
2 2
22 32
53744 65536
20472960060 34359738368
1735444443 2147483648
139429 131072
11666 16384
31 32
1677 2048
36343324949 34359738368
17609497 33554432
4 4
3457 4096
1 2
14 16
1790554 2097152
263544 262144
42618352720 34359738368
8099862 8388608
20777 32768
4422420826 4294967296
16295 16384
13 16
493740809 536870912
1017548292 1073741824
7238609 8388608
2096051278 2147483648
68645745 67108864
412907 524288
51632 65536
7741 16384
14164 16384
4299666993 4294967296
12804593297 17179869184
238 256
44620011 67108864
4827582484 4294967296
2507679336 2147483648
20018577659 17179869184
130 128
1836 2048
13485802882 17179869184
14 16
136555375 134217728
3 4
19548 16384
222027 262144
140 128
228439824 268435456
263 256
28785 32768
23985 32768
7222908 8388608
116495 131072
785752 1048576
281517935916 274877906944
25562001315 34359738368
3609 4096
16935 16384
11335 16384
61136 65536
6773268057 8589934592
200782543163 274877906944
365 512
2042469415 2147483648
7 8
3 4
206 256
268150335838 274877906944
64561090630 68719476736
1 1
2149198 2097152
1897679 2097152
132689624 134217728
3 4
61 64
802980320 1073741824
6815070 8388608
6708 8192
4687932828 8589934592
4 4
119248178 134217728
39836619193 34359738368
13811 16384
55 64
4498245 4194304
6620846031 8589934592
918359716 1073741824
4364 4096
376978779 536870912
6 8
3778583 4194304
2293373 2097152
9797823 16777216
137432141 134217728
290 256
1014501 1048576
17621 16384
8569526264 8589934592
4922207 4194304
1088350647 1073741824
6977 8192
284228832 268435456
437670 524288
15950 16384
61177130 67108864
8537734 8388608
222 256
6960 8192
249 512
34677 32768
1 1
15391 16384
4 4
213 256
1 2
99 128
1 1
1066544237 1073741824
429893685050 549755813888
3842 4096
107 128
123847 131072
2154081332 2147483648
11672 16384
636 1024
6 8
524291125 536870912
5410536530 8589934592
23148 16384
117224045 134217728
204747 262144
26725804506 34359738368
60 64
70545797766 68719476736
6859 8192
386397771169 549755813888
104402149 134217728
28000 32768
1875682 2097152
1111 1024
15631310 16777216
14 16
3579062202 4294967296
528374916 536870912
68292 65536
184 256
68006888 134217728
15964062 16777216
1001474 1048576
259 256
467417492271 549755813888
49041 65536
84743168736 137438953472
2632 4096
227912529 268435456
51909 65536
46133714 67108864
6837758 8388608
555572298 536870912
161828795 134217728
4224609 8388608
121540857 134217728
1816499552 2147483648
6586663768 8589934592
903 1024
135448 131072
627935099428 549755813888
20849 32768
504557 524288
81 64
128 128
5815124486 8589934592
8217319 8388608
17100511 33554432
6048 8192
9 8
31117589 33554432
3048797052 4294967296
590 512
1823790 2097152
13010 16384
2567 2048
1 1
190609296 268435456
483285 524288
12436862 16777216
29215016 33554432
22 32
132275939532 137438953472
1787524 2097152
1142849 1048576
144687129279 137438953472
455058905 536870912
462668432 536870912
281269 262144
1136739 1048576
1012014518 1073741824
98616 131072
352740084 536870912
1 2
11 16
16829189 16777216
1928231 2097152
1154436423 1073741824
1920 2048
6936711379 8589934592
144357243 134217728
283217 524288
1 2
98490334866 137438953472
1029426087 1073741824
1 1
8627859507 8589934592
67205754 67108864
32680 32768
78066116496 68719476736
2044771 2097152
120417 131072
7 8
543834 524288
135 128
2 2
2690036 4194304
476887727 536870912
924347 1048576
9374 8192
3419800 4194304
28862221 33554432
7555 8192
13212748 16777216
34583436108 34359738368
1 1
896776 1048576
284 512
5055526635 4294967296
287630889743 274877906944
1 1
333 512
60 64
1112 1024
3287 4096
532 512
912832781 1073741824
387898057068 549755813888
64752193 67108864
119141 131072
4555986744 8589934592
253866992 268435456
9422443 8388608
3 8
5815671 4194304
950506895 1073741824
131289485 134217728
1091319977 1073741824
198669011070 274877906944
478607305 536870912
4645000124 4294967296
11639395 8388608
51217 65536
6 8
34 32
76605 131072
325392126 268435456
545 512
18127 16384
2041125 2097152
4225290 4194304
243881354 268435456
87022 131072
117353007495 137438953472
8702685372 8589934592
284818763 268435456
529014774101 549755813888
232163 262144
4274345 4194304
4693573 4194304
11 16
631220830 536870912
19549393 16777216
40738 32768
11216 16384
4 4
36402314568 68719476736
1 1
4126625 4194304
1 2
4 4
42050322 67108864
22711 16384
29128 32768
171430 262144
26615 32768
1 1
2 2
3593704 4194304
17943220 16777216
305498273783 274877906944
18784176 16777216
7 8
56231882231 68719476736
2472 2048
3612660781 4294967296
3 4
19 32
15 16
20511143562 17179869184
7266031199 8589934592
633612257632 549755813888
1906821 2097152
155828 262144
5702516801 8589934592
47878814 67108864
259803097 268435456
17113711492 17179869184
8 8
2289600046 2147483648
234366951 268435456
464232655 536870912
3536 4096
16881388 16777216
39190162 33554432
637 512
120209507 134217728
31104 32768
3 4
354741 524288
1652 2048
3618271614 4294967296
194 256
1080717578 1073741824
1 2
131771429 134217728
32453270 33554432
4244071 4194304
1051158 1048576
440 512
1 2
1823006371 2147483648
1463 2048
22764950 16777216
11972 16384
1396 2048
28674 32768
7840234362 8589934592
7985598 8388608
246 256
2258701035 2147483648
27296 32768
186363 131072
413179677855 549755813888
47374923 67108864
611 1024
617238856 536870912
438 512
37 32
36898962 33554432
4143582315 4294967296
265425715 268435456
219 256
889070209 1073741824
4045059580 4294967296
9 8
347144470947 549755813888
16 16
71206 65536
3045 4096
167928 262144
1552 2048
2 2
36874259212 34359738368
2 2
1001625 1048576
52 64
15 16
260 256
207 256
57134013 67108864
12607 16384
110497151 134217728
3 4
4114403325 4294967296
89107528 67108864
802568322 1073741824
469533845 536870912
407214176915 274877906944
1575 2048
1041855 1048576
1 1
972273092 1073741824
135 128
87626173 67108864
34757 32768
4 4
291400 524288
1020362920 1073741824
37966935219 34359738368
10 16
329461929729 274877906944
2 2
7617570932 8589934592
15403213 16777216
12 16
27150 32768
8911434 8388608
614092207316 549755813888
98878 262144
349475128301 549755813888
308000 524288
475 512
1 2
147136983 134217728
59 64
485570458 536870912
28138888709 34359738368
15247 16384
218138248 536870912
4603622773 4294967296
7 8
78434145270 68719476736
8479344295 8589934592
4089190056 4294967296
445 512
2386 2048
13 16
8 8
107576054 134217728
4210 4096
899422 1048576
366 512
131 128
269466340530 274877906944
164212314669 137438953472
389523 524288
