1000 100000000
797 1024
729 1024
484658180 536870912
8238926 8388608
95374957 134217728
100365380 134217728
242061468546 274877906944
3270487064 4294967296
239375 262144
58127123575 68719476736
451065707 536870912
278036 262144
1260970 1048576
1 1
19409519300 17179869184
2373248636 2147483648
4 4
468345844 536870912
73544639150 68719476736
24816 32768
282252750734 274877906944
227496548357 274877906944
63 64
222565680842 274877906944
14654 16384
265 256
5379522413 8589934592
5 8
22572835 16777216
110483 131072
56 64
33089000 33554432
437688 524288
10265727017 17179869184
9297 16384
32591 32768
528580135 536870912
119675511797 137438953472
1 1
2 4
723529880 1073741824
370 512
5619104 4194304
3 4
44745 65536
1082 1024
1278121 1048576
375 512
78755251 67108864
3576876 4194304
598284781 536870912
4592756963 4294967296
2195446369 2147483648
928 1024
67754339376 68719476736
11 16
18523721 16777216
32291702543 34359738368
28 32
755178751 1073741824
39165951226 34359738368
148943 131072
3905358 4194304
19029924 16777216
6820 8192
4802572 4194304
29 32
21899805852 17179869184
154506811 134217728
862510 1048576
610254397075 549755813888
7539 8192
6280087588 8589934592
7 8
30456664 33554432
2513291721 2147483648
61 64
887 1024
95 128
6276 8192
2695 4096
2637356 4194304
435504595629 549755813888
26637 32768
142 128
911830911 1073741824
133276 131072
1182887 1048576
77481 262144
225054394487 274877906944
8472 8192
14782 16384
15516440 16777216
20700095324 17179869184
28096971 33554432
23310022 33554432
6881 8192
76199114 67108864
43 64
133712749821 137438953472
65084893 67108864
18 16
4878694 4194304
453159 524288
271889834715 549755813888
1 1
10 16
28 32
1 1
1470317 1048576
4998410 8388608
479436405 536870912
534573441356 549755813888
233 256
18 16
9763202 8388608
712 1024
15 16
1 1
7 8
293 256
5979 8192
1064029647 2147483648
3 4
9413 8192
255820947558 274877906944
4424 4096
16744774211 17179869184
4504593 8388608
7 8
7672 8192
3057 4096
126112960820 137438953472
1 2
1 2
6 8
6 8
225275 262144
403 512
37043 32768
3509 4096
294572665 268435456
17910237 33554432
161 128
5949 8192
529 512
4 4
48 64
1037 1024
1 2
20 32
250251252 268435456
514198249548 549755813888
44907288921 34359738368
2169764 2097152
19 16
1700395 2097152
2373 2048
909 1024
692947289 1073741824
27538 32768
132404174223 137438953472
223743097700 274877906944
138037128 134217728
240 256
5642591 8388608
580173799 536870912
6133566 4194304
3 4
38 32
3596604 4194304
283601 262144
141838568798 137438953472
690717051 1073741824
3607918939 4294967296
3464154 4194304
98520462 134217728
4409 4096
7 8
52 64
851324 1048576
10800105231 8589934592
164992779650 137438953472
1456 2048
7 8
88066098212 68719476736
133676118489 137438953472
1204 1024
3586 4096
4 8
1903151677 2147483648
7732465196 8589934592
4118991949 4294967296
7 8
1236170 1048576
772573011 1073741824
21471 32768
4 4
541674868 536870912
871 1024
202 256
203679007051 274877906944
10078 8192
131472583 134217728
80298 65536
3918764 4194304
122198 131072
1702621547 2147483648
5088 4096
4717495 4194304
196775538 268435456
1108738 1048576
1483812 2097152
54706 65536
590033 524288
41964999851 68719476736
21414083 16777216
1176406184 1073741824
6819008629 8589934592
5177791 4194304
271262352697 274877906944
731875 1048576
1 1
181 256
520426204710 549755813888
9113123893 8589934592
6465 8192
52229 65536
16996 16384
7414504 8388608
1175158941 1073741824
11869337813 17179869184
1 1
1 1
530419 524288
29087075688 34359738368
94 128
48217 65536
24002 32768
8368 8192
60 64
820 1024
539 512
116943013 134217728
68836 65536
739 1024
129580800 134217728
14 16
53735 131072
271156 262144
1049759407 1073741824
271217450 268435456
16262184 16777216
13258911 16777216
2276019746 4294967296
904695791 1073741824
22236 32768
1855397 2097152
1305 2048
51 64
29691967 33554432
52593 65536
6 8
4 4
32967 32768
32849 65536
12 16
127277 131072
389928925757 549755813888
513 512
261183966078 274877906944
15 16
4 4
291544394 536870912
310601996774 274877906944
8820196727 8589934592
1 2
725879 1048576
212007 262144
59 64
8 8
4717270 4194304
249 256
890 1024
276279587 268435456
2090004 2097152
479765 524288
2376452017 2147483648
34 32
58668 65536
16 16
10 16
420613474 536870912
3 4
1 2
556223071781 549755813888
1 2
1077 1024
922287 1048576
18695410 16777216
311116454 536870912
7 8
6 8
278 256
114 128
131501387 134217728
549051932440 549755813888
1 1
918652 1048576
12955084 16777216
476004 524288
14331 16384
31293692 33554432
50 64
1858 2048
16596648446 17179869184
4467258157 4294967296
1147800777 1073741824
50 64
2391164848 2147483648
17 32
33496913 33554432
852 1024
251158362625 274877906944
826895 1048576
63327325 67108864
486564 524288
468716 1048576
1 2
107240 131072
119 128
33417774964 34359738368
970499 1048576
1904 2048
33361285 33554432
61 64
26852 32768
6141499 8388608
18731458 16777216
6929 8192
115075106541 137438953472
115106228 134217728
5 8
39061685 33554432
14940721 16777216
589250219 536870912
22000683082 34359738368
112697 131072
6424999 8388608
2231177771 2147483648
2394328 2097152
417983 524288
103922972 134217728
6059764487 8589934592
352781 262144
497868142415 549755813888
284721228 268435456
47447874 67108864
8420 8192
124578523149 137438953472
36657595611 68719476736
501 512
29762271 33554432
564436813472 549755813888
15854788 16777216
137096317544 137438953472
1028524 1048576
56970 65536
104 128
6097 8192
13 16
66038561509 68719476736
12728938 16777216
4 4
34 32
83775 131072
10 16
305 256
227262031 268435456
5 8
2183652 2097152
78732010 134217728
1984 2048
59 64
1095 1024
572814582095 549755813888
4549402675 4294967296
2926 4096
1 1
6541275 8388608
859914 1048576
4144244 4194304
268995775560 274877906944
2345454890 2147483648
1080752880 1073741824
441132975980 549755813888
7872 8192
31 32
8192851789 8589934592
29 32
3 4
57555571 67108864
536 512
1 1
3 4
98 128
29 32
123701029185 137438953472
10428575018 8589934592
19810935669 17179869184
156168 131072
2205 4096
3644738 4194304
1 1
17 16
69899467340 68719476736
7021561 8388608
976697 1048576
1 1
2 2
170341025 268435456
77 64
510730 524288
143226318 268435456
45934491 67108864
15054 32768
645 512
82545 131072
503744515997 549755813888
15269008 16777216
16 16
2098633 4194304
28 32
244579 262144
24852186 33554432
355559018687 549755813888
20038 16384
1 1
15243117 16777216
15577 16384
19288937748 17179869184
3775716088 4294967296
3483678605 4294967296
148 128
485471007025 549755813888
125475 131072
14 16
63896553 67108864
2220895 2097152
129 128
629562027 1073741824
15547503269 17179869184
16 16
31093982 33554432
94 128
874 1024
148360933086 137438953472
77983008583 68719476736
47327 65536
128 128
7 8
12293692 16777216
1 1
8339630805 8589934592
11 16
290 256
69627744 67108864
120437294 134217728
29315 32768
423199033334 549755813888
1 2
3 4
4359 4096
280961401082 274877906944
39370196448 34359738368
2 4
280646 262144
820 1024
1 1
121324983 134217728
1 2
3 4
47 64
977 1024
1350900 2097152
228839751269 274877906944
6 8
169800276259 137438953472
29340795753 34359738368
67221743 67108864
1573885 2097152
120 128
1266 2048
1162 1024
428 512
2 2
15126364100 17179869184
644 512
928719339 1073741824
3715727475 8589934592
138551584 134217728
5 4
2175592 2097152
280613788 268435456
56157927 67108864
433076108786 549755813888
3818116473 4294967296
1910359574 2147483648
21 32
562161714151 549755813888
289232876 268435456
397429 524288
99 128
39384409 33554432
14 16
1371433850 2147483648
1 2
24858 32768
2153 2048
646669404983 549755813888
519901818009 549755813888
22522 32768
3554648 4194304
55591817 67108864
491753154 536870912
40153794685 34359738368
190858553 268435456
939 1024
831876 1048576
58157 65536
3 4
1569641 2097152
243441943917 274877906944
462675 524288
3022446669 2147483648
22694013 16777216
387 512
30760 32768
147235 131072
69120290 67108864
8 8
270024841 268435456
124960042 134217728
175916897904 274877906944
18161670017 17179869184
522 512
3085 4096
120654939 134217728
3100259 4194304
18034707036 17179869184
998568 1048576
305840637553 274877906944
1043685055 1073741824
3385 4096
575143526 536870912
1415610170 2147483648
786950 1048576
95825765245 137438953472
775689 1048576
33347153 33554432
3188533 4194304
491 512
313475 262144
732 1024
12811850286 17179869184
42307 65536
596894 1048576
215684 262144
7882 8192
128164420 134217728
108865113 134217728
24130943 33554432
21311508 16777216
53829110677 68719476736
39960493 33554432
716 512
9889728 8388608
8044 8192
6236271424 8589934592
121745092 134217728
7893259 8388608
1 2
2 2
1537661 2097152
63940936485 68719476736
77993 65536
2310708951 2147483648
121139 131072
14 16
484789577 1073741824
2229350 2097152
180 256
851360 1048576
76713661 67108864
257398 262144
135624439282 137438953472
678518 1048576
38364680021 34359738368
1491665740 2147483648
2375140749 2147483648
523 512
887169400 1073741824
245173 262144
1140142168 1073741824
15171200 16777216
5210 8192
61954612 67108864
402414225521 549755813888
230220 262144
1075 1024
26208670 33554432
668 1024
257 256
2 4
5301644 8388608
110900 131072
4377 4096
279192176 268435456
1 1
27958933121 34359738368
145522 131072
210 256
83786122741 68719476736
876400419 1073741824
98977 131072
65390777885 68719476736
85 64
245702 262144
415 512
224337 262144
3549 4096
62848704 67108864
17346236569 17179869184
18750 16384
346524 524288
15949 16384
22877 32768
48204353 67108864
115661710 134217728
1395183 1048576
1312392774 1073741824
40536009444 68719476736
47 64
18116 16384
7539 8192
10534130 16777216
2 2
783553 1048576
5 8
90 128
11 16
1065 1024
19165063 16777216
1 2
3387 4096
69400302011 68719476736
2 2
3531387 4194304
79140193 67108864
6780 8192
4681 4096
61715 65536
78439 65536
9735246 16777216
3517 4096
4248 4096
385422903797 549755813888
34 32
1 4
1 1
65191 65536
112036647734 137438953472
54379 65536
4409529 4194304
2253558 2097152
37122674 33554432
8 8
16043 16384
44832309823 34359738368
753054 1048576
3666 4096
3 4
6178581 8388608
62471506 67108864
487242 524288
24737596916 34359738368
18014556745 17179869184
10648440 16777216
1312 1024
3 4
178551 262144
274491 262144
1 2
225 256
20346 16384
2245 2048
658 1024
778308494 1073741824
1629620 2097152
8698351 8388608
1713 2048
161679 131072
3810 4096
131361124832 137438953472
16 16
505558667 536870912
151556 262144
16944334 16777216
4068 4096
17966917558 17179869184
19810748093 17179869184
22 32
106290794748 137438953472
70161610146 68719476736
29 32
649685951 1073741824
76634 65536
2477 4096
35637735 33554432
1882170 2097152
259442241292 274877906944
296626777 268435456
216188 262144
17 16
40089476015 68719476736
4831000429 4294967296
963 1024
2 2
264056 262144
16177657 16777216
21856123 16777216
1 1
212 256
291015 262144
6 8
2674425859 4294967296
198544911915 137438953472
3363 4096
214678 262144
1562026394 2147483648
4417332 4194304
31494 32768
112500 131072
84696 131072
197 256
2256028284 2147483648
31078847 33554432
201692154 268435456
7471486538 17179869184
1007881345 1073741824
30 32
132 128
2 2
454 512
8180 8192
1 2
7018413771 8589934592
24233639408 34359738368
2 2
449453797 536870912
8866 8192
90449974342 137438953472
232811362 268435456
1040 2048
58742424083 68719476736
25747 32768
195437 262144
54371924 67108864
179 256
164 256
2016884635 2147483648
1136 1024
162611128 268435456
1 1
1707486 2097152
56 64
8336546464 8589934592
449061113118 549755813888
2 2
60 64
170141193838 137438953472
109 128
1830 2048
20628404815 17179869184
538 512
10 16
9235310332 8589934592
26568859337 34359738368
29 32
863023 1048576
40262 32768
908938 1048576
241628 262144
940 1024
261104857 268435456
27 32
7 8
310020333 268435456
817236 1048576
4557215985 4294967296
5123893223 8589934592
11 16
24 32
3794 4096
48427117 67108864
592780 524288
110348 131072
7396828 8388608
1898072 2097152
7780380264 8589934592
285 256
24582921 33554432
8128 8192
74801774 67108864
4105080 4194304
103976451 134217728
1 1
990 1024
54353 65536
61 64
864 1024
38698308 33554432
56 64
296 256
1921 2048
54702723 67108864
975851803 1073741824
15611624441 17179869184
36997471 33554432
30 32
7834 8192
27 32
4 8
15 16
10466209419 17179869184
73190450 67108864
4156 4096
503858 524288
479 512
58474 65536
143 256
28794841 33554432
1 2
4530252311 4294967296
274381344821 274877906944
1174 2048
172723587 134217728
119988825424 137438953472
59734556 67108864
32868 32768
393584175359 549755813888
69322 65536
12071 16384
1932024 2097152
306960625 536870912
1 1
1091767 1048576
15756188937 17179869184
2187 4096
140364576903 137438953472
8 8
18969 16384
18306221123 17179869184
2156914 2097152
27612759765 34359738368
19021 16384
32265271 33554432
12583820 16777216
16137 16384
3547 4096
3 4
15326 16384
14447 16384
71114629 67108864
136179 131072
1 2
27 32
20 32
142816612737 137438953472
29 32
3384 4096
203430811491 274877906944
22598657616 17179869184
6 8
65741435337 68719476736
18 16
2014161 2097152
387963406 536870912
143288934 134217728
162648549774 137438953472
111917185 134217728
238791311 268435456
111421874 134217728
778863 1048576
241057408456 274877906944
28 32
8365 8192
332962 524288
63 64
909 1024
6788 8192
211423 262144
3537060557 4294967296
269731590 268435456
15281276428 17179869184
68941 65536
31 32
221772763097 274877906944
1159620 1048576
2868261 4194304
2 2
665774830 536870912
21328751061 17179869184
141016453 134217728
495082454 536870912
16 16
184 256
204628 262144
966121 1048576
2108 4096
1 2
9921127 16777216
2123101166 2147483648
125549 131072
539458533221 549755813888
511 512
215838972310 274877906944
1445317359 2147483648
16 16
273110 262144
757497 1048576
23827662121 34359738368
7 8
34457553 33554432
134343748785 137438953472
1001163458 1073741824
1 1
14786806 16777216
603592310193 549755813888
4258 4096
6967792129 8589934592
557 512
1025 1024
122951045 134217728
1 1
9 8
14 16
491138479462 549755813888
158006256020 274877906944
6 8
2030610 2097152
3 4
30 32
866954115 1073741824
1732450 2097152
1 2
272989 262144
3 4
33 32
21853877805 17179869184
155149037946 137438953472
129974639747 137438953472
1 2
3014018880 4294967296
12959 16384
23 32
465416680975 549755813888
118299 131072
931531619 1073741824
3331282 4194304
153308051 268435456
2051479499 2147483648
451721774601 549755813888
4 4
2972 4096
27616069259 34359738368
92970 131072
868 1024
6 8
2831756845 4294967296
8177311288 17179869184
115184402 134217728
509203058 536870912
100219239 134217728
1 2
3405 4096
28122 32768
5547605387 4294967296
46622 65536
2458 4096
1 1
455045825971 549755813888
142059221 134217728
4691001135 4294967296
103 128
273697920446 274877906944
120281 131072
864 1024
14718421694 17179869184
65037 65536
