3868 3257 2567
2481 3631
3278 362
3278 1418
2347 3631
3682 589
2567 3201
2142 3278
3682 2894
56 3440
3682 3662
3278 1693
56 2219
2567 360
3682 1824
3392 3631
56 3479
1798 56
1045 3278
2295 448
56 2730
2567 1570
3278 1124
1082 56
311 3278
1459 56
3742 3682
3039 3631
56 2893
1520 3682
1682 56
179 3278
2695 3682
577 3682
3739 3631
2551 448
2567 1313
56 559
194 56
2567 3330
3756 3278
3631 1665
1541 3682
56 2981
3631 971
1389 2567
3682 3365
1921 2567
1291 2567
56 269
2567 1912
3047 3278
56 1629
56 2562
2567 2947
567 2567
3865 56
2567 3689
2158 3278
56 647
58 2567
2410 3631
1374 3631
3278 964
3707 3631
3682 3161
945 2567
3682 2587
3121 56
3719 3631
2122 56
464 3682
3278 3154
3631 3390
56 799
3786 3682
2567 330
1296 56
3631 3669
2856 3278
2997 3278
56 1113
2567 3070
3766 3278
3278 2482
3098 448
2567 2799
1017 3631
3278 2589
56 1034
3631 3197
2567 1901
3558 3278
56 2827
56 885
172 2567
2552 3631
3278 1467
2788 2567
110 2567
2237 3682
3278 3014
723 2567
3631 2941
3278 2243
665 3631
3278 3007
3682 1115
3631 2919
3278 1528
2748 3682
3164 3631
3631 3458
3501 2567
1977 56
56 2628
2787 3278
2567 1811
3746 3631
314 56
1220 2567
1202 56
1701 3682
1465 56
3278 3169
3840 3278
3682 3403
3631 1151
3631 1610
164 3278
3278 2020
56 3671
2517 56
56 963
56 2616
1868 2567
989 2567
2567 2504
3682 2866
2567 1564
2567 2558
3280 56
3278 684
198 448
154 56
2693 2567
56 831
3682 2104
3492 3278
448 913
56 996
3601 56
2567 1188
3259 56
2567 1048
2567 1329
3430 3278
1946 3278
3483 3631
3278 785
56 911
926 56
3101 56
56 3055
3682 1002
2567 2259
3074 3631
3631 158
56 1312
2543 3631
2567 1171
56 48
1260 3631
3682 3467
56 833
1637 448
275 3278
56 404
1245 2567
3631 2451
3631 2425
3399 56
3278 1336
1261 3682
2033 3682
3631 3013
2567 429
2567 290
710 3682
119 3278
2005 3682
3631 1560
3278 2921
505 3278
3278 954
2791 3631
2452 448
56 2432
2335 3682
2733 56
1684 3278
1899 3278
3804 3278
3682 2334
3278 925
3682 1079
1468 3631
2567 2173
294 3631
1451 3631
3755 56
2567 2958
2052 3631
1975 3682
1676 2567
346 56
3856 3278
2567 3356
2567 733
3312 3278
2171 56
56 440
3432 3682
3682 3110
3278 1549
448 285
2203 3682
3682 3620
56 3666
56 1107
822 56
2404 2567
2762 2567
3631 2623
3631 566
3029 3278
3041 3682
56 3347
3682 1192
2274 3278
3682 1307
3631 865
2668 3631
2881 3682
443 3278
1848 3631
56 3443
2567 2988
2567 1394
2567 3733
3278 1862
1972 3278
3631 3618
3278 1162
1874 3682
3278 2533
1185 3682
2850 3631
3631 1232
3682 3368
56 1947
391 3278
3149 3682
3012 3278
1808 2567
3272 3631
755 2567
3086 3682
56 133
56 1621
56 828
342 56
3225 56
56 2463
537 3631
56 743
664 56
3631 3263
3631 2224
3510 3631
1119 3631
1916 2567
3165 3631
3278 1475
3682 3243
2999 56
2567 1686
3019 3631
3682 1803
3631 3303
634 3682
3864 2567
2226 3682
937 3278
3646 56
1948 3278
2179 2567
2567 3379
3278 3325
2321 56
3682 2297
3408 2567
950 3278
3682 2595
3613 3278
86 3278
3319 56
1734 2567
2567 2806
2596 2567
32 3682
2567 562
1273 3278
2789 56
1784 2567
2016 56
3278 112
3278 347
3682 3795
2567 737
2567 151
3278 820
2567 697
1071 56
317 3682
217 56
3779 3631
3331 2567
308 3682
3061 2567
2567 105
56 582
3631 2676
2975 2567
3682 3850
2090 56
2567 3822
183 3682
2567 2692
3813 2567
56 1010
2167 56
56 1362
448 1252
3550 2567
64 3682
1058 3278
3682 3042
3631 2946
2275 3278
3278 2784
3278 960
3631 3122
3364 56
2567 2412
2420 2567
3578 3631
3631 747
3278 3425
3682 3554
3278 125
3278 1469
751 3278
56 3536
56 2414
980 3682
3278 2111
3278 1945
2567 3757
3631 777
2965 3278
56 72
3278 1217
1670 3682
3278 2652
3631 2767
3631 3622
3206 3682
56 3135
2817 3631
56 3380
2541 56
56 2194
2567 2933
2283 56
3454 3278
3631 1461
529 3631
56 320
2081 3682
2567 2926
2094 3278
2883 3682
1673 3631
2567 1156
3278 286
3278 3824
295 3278
177 3278
2431 2567
3124 2567
769 3682
2564 3631
2454 3278
90 3682
80 3682
3278 2003
3278 1732
3278 2889
56 1466
1157 56
3631 2234
1136 3631
2626 2567
2529 3278
3631 228
56 790
3682 47
3631 1736
98 3278
3140 3631
1228 2567
56 2012
3278 3291
3631 3108
3535 2567
3631 409
2768 3631
3631 2987
3682 1285
2874 2567
3278 2964
3278 1966
2542 3631
2567 994
3058 3631
2270 2567
2287 3631
3682 3518
3278 236
3080 2567
1612 2567
2567 1551
2567 1387
185 56
1678 3278
3631 1135
69 56
2567 1888
2632 2567
241 3682
2567 3163
489 3278
3682 259
3278 948
3682 2525
2778 3278
3631 3562
56 3515
3278 3266
3714 2567
3631 35
2567 1872
1295 56
56 3160
3406 2567
2457 56
3278 2438
3631 734
2567 2082
2140 3631
1527 2567
2567 3064
3631 2497
940 56
2567 2290
3631 955
3205 3682
56 3434
3342 2567
3278 3043
3278 1806
2567 421
1423 56
2567 1496
2478 2567
3387 3682
2531 448
1239 2567
602 3278
3024 56
1346 2567
3221 3682
3300 3631
2858 2567
3278 3507
3428 448
2713 3278
1452 2567
3308 3278
3017 2567
2911 448
3278 3407
2567 2405
511 3278
3682 1213
54 56
1256 3631
3631 137
1778 3631
56 2294
997 3278
3682 3000
3682 3307
2439 3631
3631 415
1964 3631
3682 880
2313 3278
3278 3251
2900 2567
1635 56
3654 3631
15 3682
3278 3793
3628 56
56 753
1879 2567
3278 938
572 3682
2567 1842
3619 3278
3545 2567
2050 448
56 821
122 56
3682 2583
3278 2359
1757 3278
2567 2726
2469 3631
3682 2738
3682 1749
56 2466
2511 3278
56 1182
3523 3682
375 3278
3682 663
3278 506
2567 928
56 599
942 2567
3710 3278
3594 56
56 2378
2567 492
1137 2567
3631 1683
2801 2567
1760 3682
56 978
2433 3278
56 2638
3682 2697
1523 3631
3718 3682
218 3682
2810 3631
3682 1022
3278 3173
56 3569
2567 2524
2176 3278
345 3682
3278 70
3418 2567
3682 3696
1936 2567
2567 420
2035 2567
401 56
3682 3234
3278 214
2036 56
3278 930
56 638
809 3278
2614 3682
3811 56
3278 1437
3698 3682
3667 3682
2178 3278
3277 3682
3278 1721
56 2992
1513 56
56 2360
3557 3631
3682 1040
3278 787
1218 3631
1170 3278
3097 56
3631 1530
3682 2907
3278 933
3631 3770
3451 2567
3631 2402
3631 564
3278 321
56 3056
3278 1386
3631 1877
3682 1149
3673 56
3278 3229
3278 523
56 3238
3361 2567
949 3631
2013 3278
3631 37
56 557
3631 10
411 56
3278 1768
3211 2567
2826 2567
2567 3265
205 3682
1104 3278
2567 3520
3150 3278
2567 2540
3631 3223
2197 3278
3631 1738
56 2918
3682 495
784 3278
778 2567
56 629
1110 2567
3682 181
3631 173
1403 448
3278 1243
3589 3278
1634 56
488 3682
3631 1712
2567 3204
56 182
2567 27
3631 912
1546 3682
56 2434
56 695
3631 3327
2567 2228
2044 3682
1388 3631
3276 3682
451 3631
2416 2567
439 2567
199 2567
3644 56
3278 2822
3631 864
1572 56
1830 3682
3631 87
1303 3631
3112 56
2847 3278
2249 3631
3631 2829
56 3847
1396 2567
3631 3678
3631 1101
2617 3278
3631 1240
2128 3631
56 2488
3278 3747
56 1834
3631 1380
3278 1666
3631 2317
3682 558
2355 3682
2567 524
3411 3682
56 1072
3682 1618
56 1183
1863 3631
3456 3682
56 3808
3631 1293
251 3631
244 3682
2567 3789
3631 1782
2567 519
2102 3278
2567 1476
56 1898
307 2567
2864 56
229 3682
3631 1648
493 56
2567 687
594 56
56 2365
1495 3682
1965 2567
56 2214
2567 2121
1586 3682
2027 3278
1907 56
1333 3682
1302 3682
3682 3429
1978 448
3278 1616
1918 3631
1350 2567
3682 3452
3631 248
448 669
3749 3278
2665 3682
3278 85
546 2567
1553 3682
3145 3631
2567 598
374 3631
3728 3278
1163 2567
56 1860
2479 2567
368 3278
2567 2103
3862 3682
1289 448
3682 5
1897 56
2955 2567
1221 3631
2834 3631
56 2053
1338 3278
2567 974
3631 212
3682 1066
66 3631
2567 341
77 3631
178 56
1599 3278
636 2567
3032 3278
1363 2567
2567 2025
2567 651
3631 482
3682 2761
3631 39
3682 2737
3631 2264
3682 2276
2029 2567
3278 2671
3682 348
3631 2332
1353 3682
356 3631
2567 2666
3278 1298
1314 3631
2442 2567
1039 3682
888 3682
2381 3278
2670 2567
3224 2567
56 3624
1812 56
2567 748
3572 3682
2063 3682
3631 1145
1908 3278
2567 2077
1282 56
3278 394
696 3682
3682 3275
3682 1450
2532 2567
1165 2567
535 56
3687 2567
3592 2567
2567 1702
3631 1726
56 1449
2567 1401
2567 3136
3419 3682
2166 448
1474 56
1928 56
372 3682
1582 3682
2515 2567
3631 3022
2567 1533
2943 3278
1033 56
448 2749
1774 3682
1769 3278
3682 3713
1821 56
3631 600
2391 56
1510 2567
56 1035
56 1356
2021 3278
2279 3278
2101 3278
56 552
3278 2363
56 817
56 2669
2379 3278
990 448
3631 1506
1181 3682
338 3278
56 2408
3278 1402
3083 3278
969 56
445 56
56 3028
628 3631
2120 3682
2602 3682
3682 967
2567 1594
3631 1440
810 3682
2484 3631
56 1064
56 1262
3278 2836
3631 2588
3631 3105
1529 56
2385 56
1091 56
3278 2062
2045 56
2567 1142
2871 2567
56 2715
3631 612
3586 3682
3278 337
56 1881
2567 1845
1805 3682
3631 3753
3781 3682
1478 3278
56 999
3231 2567
2567 431
2567 545
3278 1446
2567 952
807 3631
3682 2138
897 2567
3126 3278
2567 494
653 3278
1709 3278
3682 591
3631 2963
3631 1589
1369 3278
3278 3246
56 1786
106 56
3488 2567
56 3690
3682 2821
3278 892
3631 1150
3539 3682
3658 56
3278 3073
2567 2777
272 3682
3631 739
1319 56
3631 2506
2098 3278
2468 3682
56 3608
2567 2472
3631 1175
56 3316
3375 3682
3682 270
2310 3682
2567 243
3278 520
3682 3484
3682 1571
3682 3780
246 3278
2567 3318
3278 543
3320 2567
3682 1994
3631 3299
2567 389
3682 1715
3682 904
1558 3682
3682 1056
3631 2112
1968 2567
3631 1299
866 3631
3278 3077
3801 3631
3278 2653
2446 56
3072 2567
469 3631
1984 3631
1348 3682
2567 3386
953 2567
1957 56
2567 278
868 2567
1105 3278
3682 3730
2567 1233
3278 2876
3679 3278
3818 3278
56 1084
1026 3682
1951 3278
1244 3631
3448 56
3682 2495
3279 3682
1889 3278
2567 2256
595 3278
448 423
3278 2089
3682 1614
56 3582
3278 3052
3278 2932
3631 1674
2870 3278
3004 2567
2567 1242
2011 56
2567 2272
3278 2895
3388 56
3682 2113
276 56
2968 3278
1831 3682
2289 2567
2421 3278
1019 3278
983 56
2567 1103
2633 3682
3278 3500
1372 56
3682 2594
1248 3682
3498 3278
448 1224
448 2833
3631 1652
3631 1705
956 56
3838 56
221 56
3682 1317
3278 932
56 1882
56 3304
2145 3682
1728 3278
3532 3682
3855 2567
2007 56
316 56
56 2559
3278 174
3250 56
3631 2306
304 56
56 2873
3682 882
1012 3631
3278 1671
417 3631
2990 3278
2567 3645
3625 3682
2567 2447
3631 351
3702 2567
1241 3631
3631 3293
773 3631
3682 3660
976 3631
962 56
459 56
3748 3631
1697 56
3631 2161
2485 3631
1935 3631
56 153
56 2014
2354 56
1900 2567
3682 2403
3278 3661
791 3631
56 115
3295 56
998 3682
798 3278
3631 2586
2366 3682
2567 3617
3682 2615
3631 2108
3631 2642
3283 56
2567 1552
3682 3762
56 491
1776 2567
2428 3278
56 3385
3131 448
3631 1519
2567 3635
1606 3682
361 3278
3631 521
680 3278
2430 3631
2266 3682
3631 2548
2494 56
3587 2567
1062 3278
1148 2567
2567 3549
816 3278
3384 2567
56 1426
1404 3278
3631 1050
3682 3787
905 56
714 3631
3682 3414
2567 979
2292 448
2567 578
56 2436
1875 2567
2603 3682
2247 2567
3602 3631
3109 3631
2567 14
2567 344
1037 56
56 3178
3682 3559
2206 3631
3783 3682
438 3631
1223 3631
3631 1318
3682 3200
3631 1569
1853 2567
2747 2567
2567 1347
3791 2567
2567 3721
1981 2567
2567 1462
3682 381
2567 1854
2567 3119
815 448
2246 3278
3682 2375
3682 550
2613 3278
3631 3394
3476 3631
448 1555
56 1209
2759 448
2567 1320
56 446
3344 3682
56 2573
3682 1479
56 1121
3682 2677
2567 867
1412 3278
3631 426
525 3631
3278 2779
3682 3754
56 2706
1866 2567
1179 448
148 56
2248 3682
3800 2567
1327 3278
1716 56
3631 1140
282 3278
3682 2885
3631 782
2567 1494
2155 448
1688 56
56 2651
3556 3682
3682 1432
3631 2536
3631 3561
3692 3631
2567 3814
3426 3631
3447 3682
3278 2372
3496 3631
583 3631
56 3771
851 3278
1959 3631
56 2129
3682 3099
3502 56
2868 3631
2673 3631
3682 2845
3682 2010
681 2567
3631 2358
3278 2220
3329 2567
3682 2751
56 3269
56 3261
3278 614
224 3631
2927 56
3682 3157
3631 2643
3542 2567
2567 3202
2535 3278
3459 2567
448 1481
2125 3278
1322 3631
667 3278
3278 1692
619 2567
3859 3682
555 56
3036 448
3682 1483
3682 3060
452 3631
1047 3682
56 2086
863 56
3682 1371
827 2567
3682 1939
1740 3631
1849 3682
3631 3374
56 1747
3631 3493
2567 2649
56 893
3278 2398
3631 2727
2396 3682
3682 1713
2567 1638
3682 637
3278 2859
1995 3682
3631 3785
3278 2765
3631 3708
1215 3631
3631 3370
56 3046
56 500
3631 403
202 2567
1869 3682
2567 2581
3631 2118
3631 740
2567 1300
3134 3631
3631 601
3278 1097
56 1453
2567 643
2664 56
1146 56
3118 56
2567 2699
3682 237
2719 3682
1368 56
2567 1696
2242 2567
3682 1330
3006 3682
3682 2340
2582 448
2567 253
3682 2339
2305 2567
56 1067
56 1989
3631 2192
2567 3278
3278 780
2437 2567
2567 3517
2896 56
3682 3298
2282 56
1357 3682
1550 3631
3682 1751
834 3682
2567 561
1741 3278
1797 3631
1604 3631
1083 3278
2698 56
240 56
3837 56
1687 3631
3278 2189
56 2227
3181 56
3278 1003
3682 1694
2567 299
408 3631
1068 3278
56 195
3626 56
1504 3278
3631 380
3631 1837
56 1011
1038 2567
3682 2064
3682 2754
56 16
56 1563
167 56
223 56
1933 3631
2567 613
3610 3631
2496 2567
2028 2567
3682 2567
3631 856
2757 56
3278 2503
3513 3682
862 3278
1809 3682
3631 1411
3278 2148
3581 3278
2567 2119
56 1990
220 3278
3631 569
2567 2168
3278 2977
3278 3217
2567 958
3682 1955
56 2731
3631 832
2567 2884
2567 3194
3278 2621
2239 2567
3278 3576
56 1532
56 3310
1793 56
3631 808
2567 965
56 2240
3278 678
3631 2753
56 1892
1785 56
1609 3631
134 56
56 783
3648 2567
3682 435
2 3631
2567 1190
3682 2709
3682 3188
56 2293
3278 1018
3159 3631
2567 146
56 211
2567 1992
56 2539
3278 2972
1514 3631
1204 2567
3067 2567
3631 2406
3631 138
1395 3682
2567 1410
3278 1196
56 1277
3552 3278
3682 3117
63 56
3631 79
1987 448
448 1820
3151 3278
56 1858
8 3278
1093 3682
370 56
2954 448
2892 2567
2860 3278
3527 56
3790 3682
56 3745
2099 56
204 3631
1971 3631
3631 1274
2471 3278
56 508
2350 3278
376 56
3631 265
1592 56
3278 2188
3115 3682
707 3278
2567 2165
2606 3631
3631 36
3682 460
2567 1061
1851 3631
1567 2567
654 3631
592 56
3278 3529
3631 1008
3631 1993
3631 872
56 1679
2690 3682
56 2680
2333 3682
3142 3682
3682 3343
3092 3631
1077 56
3682 1375
3682 767
718 3631
2659 3682
3682 3242
1160 3278
3682 1539
3682 262
2241 2567
2783 56
3278 717
56 1620
1166 2567
2514 3631
874 3278
2267 3278
56 3226
56 1176
3682 1013
3682 3627
3278 31
935 3278
3494 56
2732 3682
1123 2567
1815 3631
3543 3682
2567 2593
3038 3682
3489 3682
56 1646
2746 56
3631 2764
56 1486
2567 3003
3631 3281
3732 3631
3631 3729
448 3087
3278 319
3268 56
659 56
2157 3631
2567 1132
448 499
1392 3682
2567 2657
2567 2522
25 3631
3278 3351
3278 2505
2570 3631
2686 3682
2314 3682
3278 2838
56 1316
1000 448
3267 3278
1883 3278
3278 124
2510 3278
419 3278
750 3682
860 2567
3682 883
3278 424
1253 3631
3631 2991
758 3631
3278 357
2567 2368
3682 3249
3682 3049
3682 666
699 3682
2567 1015
2567 2473
59 3631
716 3278
3278 3045
56 3548
3278 698
2303 3631
1852 3278
3144 3682
3278 3723
3278 2149
56 108
56 1112
56 705
1799 3682
2979 3682
3631 313
2846 2567
876 2567
56 1733
2418 3278
3132 3278
1770 3631
55 56
2920 3682
3100 3278
1505 2567
1406 2567
1792 3631
2567 586
3682 825
3631 1484
3631 2619
3278 3731
2105 3278
2995 56
3631 3305
3631 3810
2567 3568
3631 920
3278 763
3607 3631
3833 3278
2458 56
3278 3715
3222 3631
2486 3278
3528 3631
3631 1236
1724 56
2382 3631
2813 2567
2265 3278
3278 3021
3631 2736
2567 1515
1391 3631
184 2567
2667 56
467 448
3631 144
1352 2567
3682 3381
642 3682
2782 56
3682 551
1735 3682
3405 2567
606 3278
2567 444
2982 2567
3278 3166
475 3631
3631 2233
3631 819
1229 56
3278 2254
2399 3682
3631 74
3863 3631
188 3278
56 234
56 3486
3682 2006
3682 3315
2257 3278
3278 2174
1850 3278
2415 56
3631 2030
902 3682
3278 939
3278 625
483 56
1331 3631
800 56
107 3682
238 2567
56 366
56 1856
3391 2567
3631 2760
448 2026
2307 56
2567 3505
3868 56
2567 2939
2567 542
2211 2567
1717 2567
1585 3682
2890 3278
56 3171
3682 1677
3682 2717
3278 3436
56 1325
448 2513
2364 3682
575 56
3682 1950
2032 2567
2796 2567
3278 527
3278 3765
1967 3278
1211 56
3631 1321
3220 3682
3271 3278
3631 2775
3631 662
56 881
1535 3682
333 56
30 56
3691 3631
970 3278
1442 3631
1310 56
946 3278
2567 632
2221 3278
448 189
3338 3682
3278 2938
3767 3631
56 2814
1561 2567
448 2060
2891 56
56 2935
3278 1923
3631 3842
2563 2567
2725 3682
56 2960
2567 1065
3081 3682
789 3631
56 1053
339 3631
88 3682
3682 2262
3682 2067
3701 3682
2567 2691
3255 2567
650 3682
3402 3631
448 3104
1537 3631
2951 3682
3278 312
1710 56
841 2567
2567 910
2567 1021
1878 3631
770 3682
2567 1544
1370 2567
56 3433
1843 3278
3682 3155
3631 921
226 3682
3631 539
3593 3631
3631 2286
448 3009
1894 3278
302 3631
1328 3631
2244 3631
2646 3278
3631 3248
3631 81
56 2187
3631 1216
102 3631
3631 1577
3278 1131
2654 56
3278 9
3631 1429
2567 982
3236 3278
3631 1152
1378 3682
2794 448
1855 2567
3631 1306
2477 3682
56 7
3682 1562
724 3278
1929 2567
3050 3631
3631 3001
3631 103
3397 3682
3682 749
673 3631
3631 2280
3287 3278
944 2567
2672 3278
230 56
1266 3682
2567 1596
1650 3278
3631 2361
3827 2567
899 3278
3682 398
1680 56
2519 56
1956 3682
3631 709
1937 3278
3278 155
2516 56
2629 3631
3682 1739
3278 3531
3345 3682
1649 3682
3292 3278
1870 3682
1309 3682
676 3278
1280 56
2567 2037
1566 3682
227 3278
2763 3682
3682 901
1074 3278
56 466
3631 1695
3278 263
1109 2567
3123 3278
1839 3278
3682 1144
2875 3682
3362 2567
1487 2567
788 3631
2567 1122
2569 3278
2498 3631
1257 3682
2049 2567
1284 3631
1254 3631
685 3278
2567 2620
3682 3773
1667 56
3682 1005
2567 861
3682 2742
2945 3631
2544 2567
2072 3682
2928 3631
2567 3196
3631 1745
3682 3167
390 3278
3278 1611
1691 3278
1164 2567
3631 1699
3254 3278
1029 56
509 2567
2567 354
1263 3631
516 3631
3682 3203
1791 3631
1421 3682
879 3278
2636 56
56 1231
3682 2349
1052 56
2330 3278
2567 2740
2427 3682
1007 56
2337 3631
3278 1931
2959 3682
3631 1656
145 56
3651 3278
1720 3278
326 3631
3682 1046
3472 3278
2936 56
870 3278
45 448
56 957
3829 3631
621 3278
1982 3682
3643 3278
474 3631
1246 3631
1861 3631
941 2567
192 2567
2567 289
3278 97
1623 3682
3278 3727
3631 128
2509 2567
3631 2070
3546 2567
2744 3682
3682 2325
2655 3631
2969 56
56 3763
3278 1574
2480 3682
3652 3682
2255 2567
2735 3631
1086 2567
738 3682
3631 136
3631 117
1419 3278
56 972
3631 2073
722 56
2909 56
3170 56
1960 448
3631 3614
3694 2567
3278 2766
3078 3278
3615 3278
1116 56
3133 3682
56 1807
3611 3631
3631 480
1536 2567
3278 3777
2567 2115
3278 2565
23 3278
2567 2222
2914 3682
3682 1873
3682 281
56 2309
3091 3278
3278 3596
3682 142
355 2567
3252 3631
2567 324
2815 56
2567 3665
3682 1057
216 2567
3682 1129
3682 742
2328 3682
3580 2567
3631 1653
2872 2567
1661 2567
3278 258
3682 590
56 2610
3851 3682
2567 1366
56 1195
56 3296
377 3278
3278 2002
2342 2567
3076 3278
53 3682
2567 1443
2956 3682
3631 3481
1283 3682
3294 56
1379 3278
3177 56
2567 257
56 1822
3682 1689
3278 1455
3469 3682
3278 1276
3278 2574
2567 2718
1417 2567
56 2162
2567 1304
2181 2567
1463 2567
56 3328
2046 3278
3682 1593
1024 2567
3682 2320
1400 3278
786 2567
56 2601
92 56
2567 1376
3034 3631
2284 3631
2567 1685
2572 3631
3682 1512
100 3682
56 3799
3278 1294
2567 3208
1521 2567
1963 2567
3369 3278
3631 52
2635 2567
3682 510
843 56
3631 3247
1626 3278
2567 2341
3278 2816
3682 3764
689 448
3682 721
3278 2585
2567 3761
56 266
1509 3631
3682 2507
455 2567
56 1600
315 3278
2567 2712
2567 1292
3820 448
210 56
2971 3631
3703 3682
584 3278
3631 249
2898 56
608 448
56 3591
806 3278
3082 448
3278 2019
3682 977
987 3631
382 3682
56 617
2567 3861
3191 2567
986 3682
3002 3278
3676 2567
3631 2322
301 3631
526 3631
3631 3583
3682 190
2154 3631
56 830
1311 3631
961 3682
3278 1902
3631 826
56 1985
1238 56
1979 3631
3278 2970
56 1489
2489 448
225 3682
3631 1441
3631 2843
2493 2567
3278 2684
1060 3682
2567 560
3682 2978
56 2250
2567 846
3278 1543
2538 3278
162 3682
2483 3631
3631 1172
3682 477
51 2567
13 3631
121 3682
1397 2567
3631 1154
56 2704
909 448
701 56
1225 3631
877 56
56 1340
56 1147
3278 1825
3278 1458
65 2567
2567 1627
1127 3682
3631 1788
1804 3631
3025 3278
3278 3239
2567 2912
690 56
2567 1507
387 2567
3682 3215
2567 1054
2567 1187
2216 56
845 3631
448 2326
3682 1098
56 2599
2842 3682
448 781
349 3631
2798 3682
3278 465
3063 56
836 3278
1334 3682
56 1500
3278 1771
837 2567
56 1913
1174 56
3631 2645
2839 3278
2092 3631
56 795
2567 1493
56 2903
3278 1954
432 2567
3631 1672
3538 56
56 797
231 56
2263 2567
3037 3682
2567 607
3631 3636
298 3278
615 3682
3670 3278
2567 3210
1267 3682
3631 3232
3278 2554
1114 3278
56 1783
2825 448
462 3682
3102 3278
3424 3278
3631 325
273 3631
247 3682
1932 2567
56 2949
570 2567
3682 966
3682 2952
448 2702
56 829
1750 3682
2218 2567
3805 3631
3682 1641
1028 3278
2147 2567
3682 3564
56 3590
3631 1762
3682 1407
3485 2567
3682 1457
2009 3682
1602 3278
1668 3278
1927 2567
3278 322
3278 3317
2567 1847
3278 3463
3631 794
468 3278
772 3278
56 1398
2567 2923
95 3682
3311 3682
3474 3682
56 2184
1420 3682
3682 1485
454 3631
3516 2567
2400 2567
3631 1023
56 3688
3278 683
3423 56
3278 2417
1095 56
3603 56
140 3682
2567 2278
56 1117
2567 2198
1976 3682
3278 2008
3631 731
713 3682
3682 1920
3631 803
3174 3682
2150 448
3113 3631
3172 3631
507 2567
1227 56
2311 3278
2567 3398
3095 2567
448 1134
1884 2567
3278 1841
3519 3278
490 3682
2039 3278
2567 1041
2854 56
2534 3631
1597 2567
887 3682
2238 3278
3768 3682
917 3278
3278 67
3682 730
2674 3682
1722 448
3278 2346
2170 3682
56 2828
3682 604
3631 729
3278 1938
3631 2550
3631 3487
528 2567
1924 3278
1619 3631
3774 3278
267 3278
2824 3631
3682 305
3278 1681
517 3631
2976 3682
3682 2537
3682 1752
56 2312
1591 3278
536 3631
3278 2795
2567 3400
3147 3631
56 239
923 56
1063 2567
2567 2644
3278 280
3473 3631
2356 3631
331 3682
2910 56
56 1659
3383 3631
3278 406
3682 3657
3682 96
11 3682
2567 931
3631 1055
56 611
318 3682
3278 3336
3631 984
3278 805
3631 2792
448 818
3794 56
875 3631
2924 56
849 56
2331 56
3836 3631
1425 3631
2567 2750
3682 518
3464 3631
3682 573
1413 3631
3199 3682
3278 150
56 3068
3682 1816
3682 1823
3278 60
2567 1758
56 631
2567 1090
56 1324
56 3143
3278 1247
3682 2908
3631 3348
2567 3309
1051 2567
340 3278
3262 3631
3682 1991
3682 2722
1973 3631
3278 1106
3682 2793
1588 3682
2567 1278
1044 3682
3682 1178
2460 2567
3682 1915
1624 2567
2567 130
2567 2441
1969 56
2568 3682
1301 2567
1444 3278
3631 3506
2567 992
2567 1761
3278 1613
1568 3631
284 2567
3289 56
2683 56
3631 143
358 56
3682 2508
147 3631
1111 56
56 1189
24 2567
3631 3421
3631 1373
2528 448
2600 3682
2567 774
2567 3726
3352 56
2567 41
501 56
1143 3278
2567 2059
56 3848
1764 3278
56 620
3278 2996
2291 3682
3631 2849
3278 139
2137 56
1838 3682
3631 3349
2281 56
3631 6
2567 2144
2139 2567
671 3682
3682 2023
56 3680
3682 1846
3682 38
17 3278
2940 3278
2258 3682
2370 3278
2444 3278
56 1014
2853 3682
1198 56
2567 3103
2231 2567
3682 3253
2567 3107
56 2491
3631 3623
3278 2205
3278 2618
3682 746
56 2018
2567 3341
3290 2567
3278 463
544 2567
2641 2567
3631 3008
3168 3631
3278 2389
2450 56
2647 2567
3802 3631
3212 3682
670 3682
56 3835
1663 56
3278 1800
2288 56
3682 2930
3278 1980
3278 3350
2110 3631
56 245
2245 3682
3090 3631
3278 3059
56 2462
56 1194
1203 3278
2567 392
3797 56
3278 1345
2567 3363
3475 3631
56 2802
2804 2567
3631 1914
1226 3278
3633 3682
1076 2567
2685 3631
3153 3631
433 3631
3682 2097
1647 3631
3396 56
3682 776
3278 42
1832 3278
1773 3682
56 2146
159 2567
3278 2857
2780 3682
3190 2567
3682 3189
3393 3682
1891 3278
2714 3631
2567 3372
2357 3631
56 1207
1813 3631
2998 3278
3631 1503
3148 3682
3631 471
56 2373
3477 2567
56 1810
3750 3682
2567 3445
3278 2159
1729 2567
3631 2967
3682 1036
848 3631
56 3260
3631 796
1983 448
2369 56
1941 3682
3631 2087
2180 3682
1367 56
1099 3278
3127 56
3278 2100
603 2567
1258 3682
2567 3640
3533 3278
1081 56
1004 56
3817 56
2567 1075
3682 82
768 3278
3053 3682
56 2475
61 448
56 2054
635 3682
56 1073
3682 1700
3335 3278
56 2315
2604 56
3604 3682
854 3682
2567 1958
56 2017
3631 2453
56 379
3631 916
3659 3631
2567 2040
2075 3682
3631 168
571 3631
1554 3278
476 3682
56 3744
3313 56
3682 1016
2567 1094
1651 2567
3631 1343
2567 2580
3631 1953
3278 1364
1100 56
56 728
2394 2567
878 3682
3631 2865
3631 141
3278 3697
472 56
3278 1409
3198 56
1942 3278
3682 3412
3011 3278
3278 1102
448 2169
2567 3819
3278 413
3682 752
3631 1006
3631 2390
1208 3682
3278 3176
3512 56
2769 3631
2567 2076
541 3631
2567 2461
3709 56
3682 1548
56 504
1772 3278
1893 2567
934 3631
679 3682
844 3631
399 448
1108 56
56 1120
56 3478
3278 3401
383 3682
3712 3631
3278 3213
3278 1414
2567 2811
56 2807
3682 3297
894 2567
1177 56
2376 56
3278 775
56 2809
2567 233
3278 2393
2567 3674
2253 3682
3682 3514
470 3278
56 1814
2689 3682
1658 2567
3278 2888
3772 56
3044 3682
3631 1607
3521 56
3682 1583
3079 3278
3682 1383
1737 3631
3278 3563
2567 422
3631 3700
56 3686
329 56
2905 56
1235 2567
2630 3278
2465 56
2916 2567
1438 3682
1630 56
3096 3682
3682 3574
3736 3278
2567 2038
1435 3682
56 2201
3682 3137
3278 2223
3278 2229
3682 2151
3278 436
3504 3278
943 2567
1180 3631
3720 3278
2687 3278
56 1819
62 56
2922 56
2567 2106
1020 3631
3461 3631
3453 56
2217 3682
2043 56
2567 2141
3682 296
3184 2567
1270 56
56 373
152 2567
2567 3235
3631 44
1456 3278
3270 3278
3278 3579
3631 3301
3675 3631
1780 3631
3631 593
3631 84
2567 1886
3560 56
3547 3631
2567 3120
2156 3682
3631 2841
1828 3278
3288 3631
2374 56
3682 1664
3278 2682
3616 2567
1584 3682
502 3631
1639 2567
2085 56
56 334
3682 1361
3508 2567
802 2567
56 2022
3854 3682
533 2567
2567 1439
1415 3631
414 2567
56 3860
2190 56
3682 1580
532 3682
448 2134
692 3278
123 3278
56 3441
3682 1903
995 56
3278 3286
1801 3278
3278 2116
3682 135
2401 3682
1384 3631
56 581
1473 3682
3631 1767
2316 3631
3584 2567
2567 3186
3682 2934
2080 56
3682 1974
3637 3631
2567 2790
3631 554
56 1885
3682 3585
2236 3631
3230 3278
3682 2755
1153 3682
1746 2567
56 2212
203 56
3631 3218
3642 448
596 2567
3278 3237
3257 3631
3631 2598
3093 2567
1032 56
3682 640
1802 3278
2546 3631
927 3631
3631 3031
3631 2925
1744 3682
2743 56
579 56
2269 2567
2567 842
706 3278
3278 367
3278 741
3682 1271
456 3682
884 56
3682 2611
169 2567
3631 1043
3278 2448
3278 813
56 547
3775 3278
3788 3278
336 2567
3682 2781
3278 2001
3751 56
1344 3682
3682 2492
1998 56
3278 2348
3241 3278
3420 3278
3065 3631
1865 3631
56 3084
2567 2579
3699 3682
56 922
540 3682
113 3682
2567 646
3866 3278
3682 3346
2164 56
2047 56
3326 3682
649 3278
56 3752
56 2929
3598 448
1269 3682
149 3631
56 2336
1970 56
3278 2384
3389 3682
2855 3682
293 3278
3606 56
56 1622
3631 3324
2196 2567
1490 3278
3631 2260
3631 3332
412 3682
56 2193
2980 56
2734 3278
56 3738
2567 761
56 3302
3704 3278
2851 3631
2961 2567
1161 3278
3278 2974
12 56
3278 1573
400 3682
3540 2567
702 3278
839 3631
3631 1999
343 3682
3839 3631
3631 3111
3278 891
2567 3366
3278 2819
914 448
3769 2567
271 3278
56 1704
2567 2096
196 3278
3573 3278
3114 3278
2567 1940
442 56
3278 2739
56 3264
3682 1431
3278 157
2567 2191
3541 3278
219 3278
3682 3339
2079 2567
3631 585
3857 3631
56 2832
56 2545
3631 3138
186 56
283 3682
2426 3631
3631 3214
3146 3278
2567 3450
2962 56
56 2034
292 2567
873 3682
2567 2213
3278 639
534 3631
1133 2567
3026 56
3682 1662
3278 2202
919 3278
56 3831
3631 2848
3631 1381
3278 3647
3631 261
3668 3682
2499 56
3457 3682
3631 2640
3278 1944
3278 353
3631 3759
3682 2268
2567 268
3631 2567
1698 3278
3631 303
2567 1482
1576 2567
3682 1590
1518 56
56 3656
3631 2387
1857 3278
3631 2710
3683 2567
556 56
3631 2622
2318 2567
947 3278
3677 3682
2567 1787
3088 2567
3631 1905
3682 622
56 2772
2344 3278
56 779
1542 56
3852 2567
2567 1911
1754 3682
3834 3682
3631 478
1472 3278
1288 56
213 3278
3631 3282
3631 3841
2567 568
3278 1723
3682 2455
3355 3631
34 3682
2567 1169
3821 2567
448 2443
3278 2547
712 3631
1141 3631
3631 3577
3278 3735
2567 2721
3682 2879
3682 33
3682 3306
2786 56
3057 2567
3278 2897
56 936
3631 754
3431 56
2556 2567
708 3278
3631 1454
56 3337
2567 3612
300 3278
1534 56
2567 3693
3278 1859
427 3278
1669 3631
597 3682
3682 397
3631 503
1781 3631
2004 3278
448 2422
2820 56
2567 1579
515 3631
68 3682
3071 56
1126 2567
3233 3682
56 191
3278 1430
3631 645
306 2567
3278 801
3682 3849
3278 73
3278 3228
3631 1517
3359 448
2741 56
405 3278
3462 3278
1460 3278
3631 2950
56 1436
1690 2567
3490 3278
3511 3682
3395 56
2567 3069
823 3682
3245 3682
2449 3278
496 3682
3631 1595
3353 3278
3682 3422
2567 1470
1009 3682
3278 3741
2567 3555
3682 201
2057 3682
3682 486
3682 3209
3631 951
56 104
56 2343
3278 46
2109 3278
3278 1934
2078 3682
3278 633
3278 1910
2429 2567
906 3631
3682 2300
3182 3631
2994 2567
2567 2729
2567 1657
56 915
2862 3631
3816 3631
3631 1540
2567 3740
2195 3278
3278 2186
3653 3631
2681 2567
3106 3631
1522 3631
1287 56
428 3631
56 3695
2055 3682
56 2345
3360 3631
2701 3631
56 1433
3631 3565
2612 2567
1608 3631
1633 3682
2567 1759
56 1264
425 56
2058 3631
2409 2567
3278 2521
1617 3631
3444 2567
56 3382
3682 1405
2567 1817
2607 2567
3682 1587
2904 2567
3655 56
448 2131
2830 3682
1499 3682
2567 1880
448 3706
2567 1643
2576 3278
56 2650
1480 56
2567 3588
3631 485
3183 3682
2476 56
2575 3682
3278 3826
2200 56
3682 1636
762 448
101 3631
3278 332
1210 56
580 56
1358 3278
3758 3631
3278 3566
3278 1904
2383 3631
56 2024
129 3278
43 56
2567 975
3631 3853
2567 3664
871 3631
3278 1341
3631 2931
56 1351
2567 2577
2380 3278
3682 2694
1080 3278
1488 56
448 3016
56 2182
2567 2688
2567 416
3682 1447
3634 56
3376 3278
1290 3278
3682 1601
3371 56
3094 56
3378 2567
2177 2567
3630 2567
908 3278
759 3631
3631 587
2567 2584
3631 1795
448 260
56 1355
1796 3278
3278 3812
3631 1642
1422 2567
2983 2567
2048 3682
3278 2605
1919 56
3567 3682
1222 3682
744 2567
3035 3278
3503 56
3639 2567
3278 2210
3631 2867
3682 672
3631 487
2160 56
2592 3631
3631 1603
530 2567
3278 450
2304 2567
2130 2567
3631 2423
1615 3631
56 3005
3499 3682
2567 1756
310 56
3278 166
2567 3085
3278 1864
2296 3682
3682 2470
3278 1078
56 1390
2392 2567
2567 328
1578 3278
3682 2523
3278 1360
3682 2091
1049 3631
3682 2660
56 903
2566 56
3278 461
448 2609
660 3682
2567 2678
771 3278
3682 2225
3631 1250
2567 859
2944 3278
2051 3682
1508 56
3796 56
1996 3682
2675 3682
434 56
1286 56
2324 3278
2567 132
56 691
3682 2679
3682 2913
91 3682
2071 3278
3631 2474
512 2567
3809 3682
56 1789
2803 56
410 56
3631 1926
2407 2567
1896 3278
3442 56
2567 29
2567 1660
56 2502
3682 3830
3682 2800
3278 1385
641 56
2567 3333
3278 457
2567 2377
2567 2136
3278 3193
56 2093
3631 498
56 2571
2567 116
2567 2419
694 2567
1727 3682
2567 156
3631 3599
18 56
2056 3278
2530 3631
1962 448
3278 3629
2352 56
3776 3682
968 3682
56 3323
1305 3278
3471 3631
3682 99
2440 3682
3631 2487
3631 1835
3682 291
2068 3278
2567 2986
56 2490
2512 2567
2835 2567
3631 2000
3139 3278
473 2567
222 3631
3806 2567
161 56
56 232
1906 2567
2397 56
3682 3491
3631 2424
657 3631
2957 56
3631 1138
75 56
449 56
682 56
2948 56
2567 3030
3631 2388
127 3278
2301 3278
756 3278
1259 448
2152 3631
3240 3682
3284 2567
3682 2776
3278 745
3141 3278
3278 208
1559 2567
3278 1130
898 56
395 2567
2823 56
3631 193
2774 2567
2553 3631
3784 2567
56 1297
3278 3322
1323 3682
1448 56
1416 56
3357 2567
3682 1326
1511 2567
2133 3682
3595 56
3278 565
3278 49
2634 3682
3682 1042
3828 3278
3631 2627
2966 2567
1818 56
3682 1556
3278 688
3278 1354
630 3682
56 735
2061 3278
973 3631
369 2567
3631 2902
2597 3631
3631 895
1155 3682
56 918
3682 4
2199 3631
732 56
3631 3705
1765 3631
2567 1492
3278 835
3682 850
514 2567
2567 396
1714 3278
2208 3682
56 1219
2567 89
3278 3040
3278 3219
2567 78
160 3631
2567 2942
3187 2567
2877 2567
889 3278
3278 3027
1943 2567
3631 2703
448 2351
3844 3278
56 3621
858 3278
2500 56
711 3631
497 56
56 3845
2277 56
3631 187
3278 2557
3682 1214
1718 56
2567 209
2663 3278
907 2567
3682 3367
3682 206
3185 3278
3125 3631
1201 3682
3631 3340
2567 1279
1707 2567
3278 242
1547 3278
1949 3682
3631 352
2861 3631
3631 574
2163 3631
2844 3631
2435 3631
56 109
3278 1001
3278 1197
3682 3207
3051 56
3682 993
56 207
3649 3278
56 1708
56 1031
1625 3682
3054 3682
3631 1952
1173 3682
3278 588
3278 3435
2985 3631
3278 855
3278 437
56 3551
3530 3278
3631 675
3631 3832
3278 1895
3278 2271
1234 3682
56 1359
2567 2906
2235 3682
3631 256
3278 1930
857 2567
2812 3278
3278 3522
2937 2567
56 3734
3684 3631
2338 3631
2696 3631
2327 3631
3192 3631
2567 1655
3116 3682
1237 3278
2567 686
2041 56
3023 3631
3470 3278
56 1598
2831 56
3803 56
1464 3682
3278 2209
3682 94
3631 1961
3682 3437
1382 3682
3682 3256
56 725
1628 2567
3682 2114
56 2185
3631 3534
3278 959
3631 2708
2590 3278
2567 812
1730 3631
56 2852
2567 1255
2869 2567
2728 2567
288 56
3278 3314
2591 56
2567 847
441 3631
2639 3278
2567 985
3682 2207
3682 610
56 656
3631 430
2724 2567
3278 28
1199 3631
2567 627
2299 56
448 2015
56 3605
3631 2973
1092 3682
3682 3544
3278 838
2153 3278
3631 3663
1988 3631
1085 3631
2329 3631
279 2567
3482 2567
2567 538
896 56
3278 2069
3062 3682
3631 886
171 3682
327 3278
2567 1251
56 2319
3682 3377
2123 3278
3737 2567
250 2567
3089 2567
2567 1059
1516 56
3638 56
760 3682
22 3682
1575 448
3681 3278
3465 3278
3682 2084
2567 335
3682 180
56 323
3631 1200
900 56
2818 3682
2567 2298
3278 2984
3682 2467
1777 2567
3631 1335
3631 793
1829 3682
2567 1491
2567 1501
2567 19
56 1909
764 3631
2143 2567
1917 56
2886 3278
3278 1159
1871 3682
3798 2567
757 56
3278 3760
3631 1193
3631 2126
56 3672
2261 56
1471 3278
2065 2567
2662 2567
200 3278
131 3682
1766 3278
2520 3682
609 56
1725 3631
3129 3682
56 3597
56 2840
2661 2567
56 1997
1377 3278
1205 56
3066 3682
2773 3682
3631 2251
3682 350
3682 765
1315 3278
2567 363
2567 1605
1069 3682
1206 56
2805 3682
2567 364
365 3682
3782 3631
3682 2518
2705 3278
1538 56
3682 3354
3682 3439
175 3631
2567 1763
1644 2567
3278 2183
3278 2785
2083 3278
56 3455
3278 484
56 176
2567 3641
3682 652
448 2637
3631 93
2567 3778
2567 2127
693 3631
3682 458
3682 1477
3631 3162
2567 2863
3278 3128
3020 3631
1890 3682
2567 3497
3416 3631
2567 277
2752 3682
56 1230
1 3682
648 56
479 3631
2567 2362
3825 3682
393 56
1158 2567
3631 3010
1088 3278
2567 2648
988 3278
3631 840
3278 3509
2567 576
3631 3466
3278 2371
3867 3682
2567 549
448 264
1070 2567
1922 2567
3682 715
2232 56
3631 1779
2567 2700
3575 3278
1349 3682
197 3682
3495 3682
2175 56
1645 3682
727 56
50 56
548 3682
1502 3682
2456 3631
3682 2915
3716 3631
1748 3682
766 3631
677 56
274 2567
623 3278
3373 2567
2567 3195
2353 3278
3278 2066
2745 3682
56 3537
2720 3631
1275 3278
3278 83
1089 2567
3175 3682
3682 359
3427 2567
3018 3631
1545 3631
453 3278
3631 3722
3682 2608
3682 126
3438 3631
3278 386
3682 1424
56 3273
3278 2917
56 3285
3278 3415
56 2204
3631 3274
2756 3682
56 170
1339 3278
3682 1531
2273 3682
1030 56
2567 869
3631 1925
2567 3526
3682 1272
924 3682
448 3858
3631 1581
2252 3682
655 3682
56 1184
40 56
3278 1867
3815 3682
2567 626
3631 2993
3278 2631
3711 3631
385 3682
3682 3553
3682 3033
20 3631
981 3682
3631 668
1337 3682
2567 1836
3682 2887
3682 1876
1139 3682
56 378
3682 3685
3682 2901
3278 811
3278 2624
56 553
618 3682
3682 1497
736 3631
56 513
1565 3631
3446 2567
644 56
2567 1557
3358 3631
56 1308
3631 21
2567 71
3278 522
3525 3682
3278 792
1775 3278
3682 2758
120 2567
2567 56
3413 3682
726 3631
3631 3524
3278 2031
3158 3278
56 2172
3682 3227
991 3631
3682 3480
2459 2567
2560 3682
3631 2989
3682 3409
3075 3278
720 56
2837 3682
1427 3682
57 56
2771 56
114 3631
1844 2567
56 2464
2567 215
1703 3631
165 3682
2567 703
2117 2567
3682 3650
56 2367
56 624
56 890
3682 719
2386 2567
2567 309
2797 3631
3278 2074
2880 3631
1399 56
3631 1342
56 3216
2567 1790
531 3682
3278 1711
3631 371
2770 3278
3179 3631
3278 3130
3334 56
1265 3278
56 402
2567 3048
2567 3717
252 56
3631 1753
3278 1755
2124 448
3015 3278
2549 3682
3152 3682
2567 448
3278 1027
1365 2567
3631 3410
3278 3404
3823 56
3180 56
2088 56
3278 2095
56 1125
2656 56
3321 3631
3724 3278
388 56
3682 1640
3682 1719
852 3682
1128 3682
3278 2215
3417 56
163 3278
2567 2878
3278 235
3278 2555
2302 56
2658 3682
56 853
56 3468
448 3725
929 3278
56 1827
1743 3682
3278 2501
2567 384
3807 3278
76 3278
1526 56
2953 2567
2567 1498
447 3278
1742 2567
3631 2561
2567 2042
1833 3278
3631 563
3682 2107
814 3631
3631 605
3631 1524
56 3449
3631 2132
3631 2395
824 2567
2707 3278
1434 2567
3682 1249
2567 118
3792 56
3682 2527
2285 56
3682 3570
2567 2413
3631 804
1332 3631
1826 3278
1632 3682
1887 3682
56 1445
2567 111
56 2899
1191 56
3278 1268
407 2567
3156 2567
1281 3278
3278 1525
2625 3278
2567 616
297 2567
1212 448
3278 1096
2808 3631
3278 2135
2567 3843
1631 3631
1408 3278
2411 56
1025 2567
2445 3631
56 3258
2716 3278
2323 56
56 255
2567 704
2567 3244
2882 3278
1118 3278
3631 1654
3278 1731
3278 3460
3631 2526
1087 3682
700 56
3631 481
1840 56
56 1794
26 3278
3278 1168
56 1393
3631 1706
3278 3571
56 3846
3632 2567
3631 2711
1167 2567
1186 3278
56 254
3682 661
3631 658
3600 3631
56 2308
3609 3631
2567 674
3631 3
2230 3631
3682 418
3631 2578
2567 287
1986 448
3278 3743
1675 3682
56 2723
1428 448
3156 3868 3142
1887 3868 56
3380 3868 3682
1 3444 1045
3000 3000 2829
3471 3868 3338
1773 1888 3769
1 1369 3278
2212 3868 2567
966 3868 3278
1 413 2920
387 387 1939
1 3635 448
92 1631 1767
825 1068 3278
1565 3868 324
868 868 1666
1 2620 611
1781 3868 1053
395 3868 1674
3112 3112 2567
3265 3265 2567
1 1495 2567
1550 1734 2045
1054 1054 2831
2531 3868 3631
2903 2903 2699
1411 1411 3278
1 2201 2275
1 3617 2567
1 3614 56
2319 2319 3631
2226 3655 3682
1227 3868 710
1013 1945 1928
2385 2385 3631
964 964 448
1813 3010 1519
1 3572 2567
460 460 2567
3484 3484 2243
3569 3868 3584
1 775 1873
2789 3868 3682
873 873 385
1151 3388 328
2051 3868 3278
915 3868 3421
408 2804 448
2500 3598 3035
2710 3868 2457
557 3868 3682
1221 1221 809
1688 3550 3460
3709 3868 3635
1556 3868 2567
1874 1874 56
2900 2900 2182
959 3035 2765
1820 1820 953
1 1938 2567
1628 1628 3682
1621 1621 3189
3665 3868 3682
1078 1078 3631
1 3806 56
1 2501 3682
1 603 870
602 1319 3278
194 3217 3278
1396 1396 3278
3067 3067 3682
1872 2225 3631
3246 3604 3631
1 3568 3805
3579 3579 3278
1550 3463 3278
1 3294 448
2044 2044 3631
425 911 2635
2174 2174 1258
503 3868 766
1295 3868 3631
2023 3868 62
1287 3868 3631
1 2151 2567
138 3868 2468
1 638 3750
2662 3868 2399
3766 3791 3461
2765 3868 3682
1104 1104 3606
2546 2546 3278
3066 3868 1163
2478 3868 769
2497 2497 3278
131 131 569
889 889 3609
80 758 2702
3209 3209 448
1264 1264 2012
3401 3868 2567
3827 3868 1182
1721 1721 1779
1 411 2829
540 540 1802
3215 3215 784
1160 3868 3682
1 1414 3278
1517 1517 2627
1 3205 832
1 2078 1059
1 3664 2716
1550 1819 2567
1409 3432 2567
1 657 2567
647 1736 2567
1 1483 130
503 503 2567
2996 2996 692
3805 3868 3709
1570 1570 3538
3842 3868 1689
847 3733 56
1697 3868 331
2538 2538 3037
2565 3195 3120
1887 1887 562
344 887 2150
3655 3868 2240
3330 3868 3631
3705 3705 2461
175 3868 3278
2800 2800 3682
1767 3868 2613
2910 2910 2567
2558 3868 3631
681 3622 448
1 2096 3314
2483 3868 448
2654 3785 1529
1 2213 3682
1 2324 3278
2159 2159 3744
1 1375 56
2439 3375 448
1901 3670 56
1815 3868 1997
281 3436 2567
2355 3868 2787
1 1301 3682
2124 3868 3631
2628 3572 1306
1 2942 3682
3768 3768 448
421 3420 3278
1 709 448
3210 3868 3631
1778 3868 573
1 2742 3792
1368 3868 2567
86 86 3278
330 330 1492
2945 3868 2923
992 3767 190
1573 1573 1989
3347 3868 448
1 393 2567
3060 3060 56
3184 3184 1234
1844 3438 2987
2790 3868 2567
1 3516 56
580 3868 56
2559 3868 448
117 3868 3278
1749 3363 398
178 3868 3540
2275 3868 3631
1 2475 56
281 3868 1771
147 147 448
2430 3868 3638
1 3021 56
1 2190 3366
2148 3868 3278
1229 2168 3631
1 3585 56
1 141 56
1329 1329 2067
1 306 2567
138 2839 1854
2580 3868 56
1 1406 531
462 3868 56
3436 3436 3682
1 2079 446
2912 3868 687
249 2819 890
1022 3868 3631
3709 3868 448
286 286 3682
1184 3868 103
2993 2993 2567
1 1238 1806
1863 1863 448
247 1982 1195
470 3868 56
1205 1205 1627
326 3283 2019
1 3129 3631
3618 3618 1537
1 3206 2417
395 3868 2354
1851 3868 1041
3770 3868 3806
1 3377 3682
2494 3868 56
1 762 650
1636 2233 2567
3205 3205 3278
1 840 3682
1 2978 356
3214 3868 3631
3696 3868 3278
1676 3868 56
1957 1957 1153
1 3119 3278
1 2097 1865
1 2859 1598
2414 3311 3714
1662 3778 3682
1 3059 595
1401 3868 3631
3262 3623 69
1 2317 56
1659 1659 443
2412 2412 1103
1 159 56
1 3834 3631
1 3300 2567
3586 3586 3682
3652 3652 3682
3389 3868 1781
3101 3868 1039
1 653 1785
3412 3868 56
737 737 56
588 2707 56
1 2688 3278
1 341 3278
1 2164 3278
3379 3379 3265
2668 3868 3420
2308 3868 3631
1 966 3636
1874 2875 1493
1 2118 1729
1489 1489 338
3403 3868 448
1050 3868 3631
2986 3868 2374
2328 3868 3682
1 2428 3278
3426 3426 3278
3282 3282 3080
2188 3868 3682
1071 2560 3631
2841 3868 3278
668 3097 584
2426 3868 2567
2111 3868 2567
1 3152 10
669 2071 3278
3199 3868 3859
1 289 2567
1 2610 3682
2690 3821 3022
1357 3868 1860
793 3868 56
1736 3868 56
2267 2267 742
1 2232 370
603 603 3278
1188 3868 1094
1730 2759 3278
300 3587 3682
1459 2102 448
522 1718 2470
965 3868 3585
914 3868 3742
143 3868 3278
1 3348 3631
309 758 1515
186 3868 3631
196 1694 1727
2063 2843 2251
700 724 844
1 3519 1508
1 2768 95
3322 3868 3631
1215 1266 605
700 3868 3278
1 1892 3682
2920 3868 94
753 753 3631
3569 3569 56
166 166 1386
1596 3664 448
704 3868 448
743 3143 2215
215 966 448
1 1828 979
2501 3868 801
2335 3845 3278
3106 3868 2567
3797 3797 2073
967 3868 3631
1 1891 807
527 3868 1141
1 3138 1413
1292 1292 3148
1 275 3682
654 3692 2567
1 359 56
1 1647 3631
613 2831 3682
869 869 3631
786 3868 2567
1896 1896 1958
3556 3556 3682
1076 1076 681
1183 3868 3631
1343 3868 448
1 637 448
1 3103 3529
1 61 3343
1 26 448
703 703 2567
1 3734 56
3423 3868 2567
2428 2428 3682
202 202 2960
1 2249 448
2280 3868 1325
2582 3868 1146
1527 1527 3247
892 3868 3600
82 3868 1425
2357 2357 2945
1 2317 761
2529 2529 3682
1390 1390 448
392 865 2567
1 436 2567
3404 3868 1051
1 419 3682
1 2170 3682
2506 2506 59
1128 1167 3631
1 1227 3090
260 260 2967
3088 3088 3682
546 546 1210
794 839 3278
2236 3868 1756
238 3868 3631
923 3353 3631
1 719 2567
3269 3269 2166
1 2182 3682
1 280 448
499 3868 3631
1 135 370
1 2119 2011
1766 2116 1589
1 3689 3631
1899 3868 3631
1 322 2533
1 226 2678
2406 3868 56
1047 3361 3631
3696 3868 3682
1395 1908 1026
2488 3304 3042
2498 3868 1151
1 3122 446
1 501 144
1 2407 2261
589 3480 1363
1 384 56
1 1682 448
1 2929 3278
791 791 56
3839 3839 3682
701 701 99
1 264 56
1756 3806 3278
2756 2756 3339
3369 3369 2567
3086 3868 1652
1775 3868 448
1873 3868 1515
1054 1054 2745
1 2167 3278
79 3438 3278
1207 3084 2567
500 500 1056
204 204 2525
803 1866 3682
2745 3400 1825
1 1527 3682
3218 3218 2395
1 2257 1408
3545 3545 448
1 1883 56
3009 3009 3769
2521 2521 448
1300 3868 3278
1 3126 2567
1828 3868 2603
2741 3868 1991
1 2642 3631
1190 1190 56
770 1518 3682
1 1430 8
3191 3868 198
770 770 3278
1 2457 3715
1684 3107 320
1 502 56
1 3049 496
271 3868 448
318 318 1977
692 2816 2814
694 1706 3278
1 556 1596
2929 3868 2893
2211 3815 2840
1 382 2938
3824 3868 3682
1120 1363 1154
3 2752 1314
1 1972 966
652 2631 3056
1 2573 2567
1 2887 3682
1 12 1266
1 2231 2567
3177 3868 448
1804 3387 1819
1 477 71
3477 3868 448
2894 2894 2567
2461 3868 1217
53 3868 792
1 2057 2820
2842 3868 2567
1 2405 56
718 718 432
1 1566 2567
3327 3327 3278
3487 3487 1939
2798 3629 56
1723 3868 1764
1462 2040 448
1252 3868 2567
1 1236 56
165 3673 1823
12 12 2701
1 2318 3682
1 2374 3682
3352 3352 177
145 1287 3278
485 485 2567
206 206 56
552 2336 390
822 3868 3278
3471 3868 2427
1614 1614 2567
2756 2844 1644
3327 3327 2524
2900 2900 1933
56 560 2628
450 2797 448
3788 3788 2567
1360 1360 248
1 285 2292
97 1051 1798
57 514 3631
816 816 1337
1938 3868 384
2280 2280 56
1 2971 3027
1 166 3278
665 1443 3682
2070 3868 448
975 3868 2307
2572 2572 2567
1115 3868 2842
852 2108 2567
185 3868 2567
1 308 3631
678 3868 1853
267 267 3384
1 3062 932
1654 3868 2567
516 3868 995
1 3159 2898
1789 3868 3631
1 1081 177
1860 2991 3631
335 2011 56
1 3548 179
1414 2805 3682
1 760 56
1668 3380 994
1457 1480 56
2756 2771 3631
167 3868 448
3757 3868 2567
1 1384 1646
1754 3868 1280
1 183 3631
1 2262 1705
2798 2798 3278
1 2659 3278
212 3846 1932
2224 3868 478
2327 3868 3278
2420 2445 3291
2777 3868 1334
3186 3868 3798
1951 2207 3836
1 1359 448
1140 2803 3278
1 1055 1669
3205 3868 3631
1666 3868 3241
22 1919 3582
2939 2939 3682
740 740 2567
1097 1097 482
1723 2295 3631
2032 2818 24
2142 3868 448
3191 3191 3631
685 3868 3278
990 3411 3593
1912 1912 3138
191 191 1289
2158 2158 3162
3301 3868 1573
2625 3588 2567
1 536 3682
618 1549 2816
2143 3868 3184
2610 3868 3278
1 3731 3631
1782 1782 3278
216 3868 394
1 1364 56
1 2622 3291
3430 3868 3682
300 300 27
1691 3715 3642
1110 1110 3631
1 2414 3461
1 550 2004
1753 3868 2567
652 1567 3105
2450 3868 756
1027 3673 448
1512 3868 2567
1611 1611 3682
3483 3868 3631
460 3868 448
460 3868 56
49 3868 2774
1 202 3295
1535 1535 1381
1654 3868 3682
2859 2859 3631
1 1236 56
1 1572 2205
3569 3569 1217
3268 3268 679
1 271 448
1 1002 2412
1 49 987
3494 3868 448
2835 3868 2567
347 3868 3278
1705 3868 2896
1461 1461 3278
824 3868 3682
3075 3075 2567
1 1685 56
1 2291 3631
1 1983 56
3023 3023 2861
3295 3295 2160
458 3868 2567
448 2637 1081
918 918 3278
3096 3096 3682
1 2390 2567
1347 3776 2266
3210 3868 448
1 3159 3579
2507 3868 3631
7 7 448
1376 3868 360
2449 3868 3586
607 3438 56
1440 2961 182
2534 3868 3278
1133 3673 56
1113 2127 639
1 657 448
1979 3312 2567
1 659 2135
2891 2891 2787
1911 2992 170
2094 3868 49
1429 3266 596
2495 3868 3508
664 3868 446
1244 1244 2372
500 769 3278
303 303 152
415 751 3682
1493 1493 56
1610 2680 3433
1 1036 56
873 873 3808
3798 3868 3742
1 349 568
3367 3367 3682
3818 3868 3278
3534 3868 2567
1126 1429 3278
3532 3868 1823
326 3301 3087
566 2747 3376
1 258 1898
787 2681 448
2804 3868 2929
1 3207 3631
693 693 3278
29 29 3045
1653 1653 1187
1 2856 364
1 176 448
2885 3868 3682
914 3868 2567
1206 1206 3631
1050 1050 448
3350 3350 3631
2201 2201 3331
1 1465 3075
25 1944 585
1 338 2567
1082 3868 1421
1 1385 2567
3027 3027 3631
1 1010 3379
1 3509 1195
3531 3868 3278
3220 3220 867
1538 3577 1521
3644 3644 3682
603 603 448
3425 3425 3631
1750 1750 3682
2657 2657 2570
1531 1531 448
1683 3868 3631
1 771 3278
1496 3868 765
1682 3868 234
1 3031 448
409 860 3278
2002 2313 3278
1421 1421 853
1 3195 2517
1 318 448
2827 3868 3278
44 44 3682
1 2540 39
2567 3868 1884
3428 3868 1066
1542 1574 2567
1413 3868 3631
2120 2120 3278
1 781 2567
1193 2172 2287
771 2663 448
2553 2644 2134
1 3707 2911
775 3353 1453
1 1190 448
1275 1538 1744
2313 3868 697
632 2295 3682
1777 2671 1646
1 370 3631
1747 3868 3631
2169 3222 1312
403 403 1567
1134 1584 819
3492 3492 3682
3817 3817 3086
3607 3607 3561
3482 3868 3631
675 3868 1229
2356 3868 1459
1440 2757 2567
1 249 2567
600 600 2567
1189 1189 2567
1 1891 2567
933 933 448
1229 3868 448
2219 3868 448
1 3607 2285
2947 3505 3631
3203 3868 3682
3743 3868 56
740 740 3599
1 3729 2098
1858 3868 3278
2600 3752 1734
3473 3473 2460
2462 2822 3631
1 193 2964
1 3641 56
1783 2767 1829
528 3868 2279
3269 3868 1785
630 3581 2039
2111 2799 1711
1 294 1354
1 903 3278
2163 3868 3682
646 3868 56
2403 3798 308
3593 3868 2424
1 700 3104
1682 3868 3631
1840 3868 448
3101 3868 1929
2026 2026 3092
2708 2708 316
1283 1547 2567
1002 3868 45
1 3602 2567
1024 1473 570
2628 2747 3682
580 580 419
1 1908 514
3209 3868 2095
1 3150 1486
2469 2469 858
852 852 448
1797 1797 173
2403 2481 1329
3359 3558 239
1304 1304 2901
1294 3868 3278
1786 3868 3278
1 934 448
2019 3634 3042
2097 3868 359
2790 2978 3631
1415 1415 2567
672 2093 25
2669 2669 2105
1482 1482 904
1 135 1500
1 1052 319
1772 3868 3663
508 3868 3121
3113 3868 448
2889 2889 448
1436 1436 56
1 2668 424
1586 3868 350
2761 3868 2567
1 1334 56
562 562 1149
1364 2569 3682
1 2520 638
1001 3868 56
104 1337 3077
3527 3868 3325
1 1950 2567
811 811 2606
1808 3868 3284
821 3868 3278
2043 3868 583
2574 3868 448
1 1668 2567
1294 3868 820
1204 1611 3682
1 3013 343
1 2373 56
179 577 2980
1 566 3278
3589 3589 3278
2322 3868 2973
1 3414 3287
1 3743 671
535 535 3847
3737 3737 2561
1 3864 3014
1885 3432 3278
3099 3868 3631
1 286 1672
1 3417 56
334 334 1201
1 591 2121
2980 3868 3631
1 746 3386
1632 2828 448
3464 3868 3631
2131 3868 1490
1472 3868 3634
2657 3470 2636
1 798 2136
505 1711 3346
364 2824 3578
1 898 56
446 780 62
1047 3868 2567
3867 3868 3187
2841 3868 2887
2686 2686 3278
1 1619 448
1 1843 955
1 2426 2080
3662 3868 3278
2118 3868 3278
1919 2852 56
1 242 2567
1837 3223 56
1 2528 1986
2628 3868 2567
3415 3415 85
896 1096 760
2291 3868 3631
2354 2354 728
1614 3141 3682
1 3405 1074
3743 3743 465
1678 3020 1835
3350 3350 2567
2602 3035 3278
1 874 56
3096 3868 3060
1 1297 3278
233 3868 2567
3745 3745 3278
2333 3868 3278
3690 3690 2567
1720 3868 3745
1970 1970 448
1 2619 3631
602 602 3682
15 3868 56
1 2636 3623
3022 3868 2163
581 3868 2567
213 3868 448
1 1284 56
3491 3868 2695
275 275 3090
1 811 3278
717 717 427
3553 3553 2567
1432 2996 536
1745 1745 1346
1 2908 2567
1 1065 3356
449 2303 2411
2322 3868 390
1 1901 2567
1 2808 3631
2742 2742 3278
1 3149 3278
2868 2868 448
190 3868 1995
347 347 2213
784 798 2091
497 2041 1838
1 3370 448
1911 2569 2458
1 1780 3278
1 3655 455
1714 1714 2477
1 3119 311
2475 3868 3397
46 3868 1918
3086 3868 95
557 1037 2237
2067 2526 3824
2600 3868 3787
3363 3363 2567
1 3585 2567
1060 1060 2567
2164 2922 2855
1405 2427 3124
1222 3868 1164
1 1896 3631
2081 3868 269
1801 3647 3631
1099 1099 988
3208 3868 448
1 2318 3682
2168 2168 761
819 1240 1787
877 1995 2567
1 3602 448
1586 3868 3631
238 3663 448
1547 1547 3321
1904 3868 552
952 952 3439
1093 3868 3631
1 196 3682
2393 2393 3721
2230 3497 3278
1 1279 2418
1 245 273
1 1945 2531
3012 3012 3682
2391 3177 2774
1305 1305 3631
3745 3745 448
3752 3868 56
79 79 2868
336 3868 3278
1 259 184
1451 3868 3278
656 1139 448
2048 3868 1680
3703 3703 3278
66 66 247
1 1969 2567
2150 3868 1473
884 884 3631
1 3109 3236
490 3868 2586
3682 3682 746
3138 3138 2994
2141 2141 56
2465 3770 3682
18 18 3801
2334 3868 797
3461 3868 3631
2510 3868 448
794 3868 808
333 333 1938
3675 3868 448
2301 3868 1699
250 703 56
1 3836 1514
3694 3868 2587
1 134 875
1 553 3278
2698 2698 59
1619 2748 3631
1 1502 448
425 2895 2567
3793 3793 1166
1881 1881 3682
248 1752 448
3623 3868 1900
121 121 448
239 239 3278
1 1284 56
299 3868 3278
3477 3477 56
2603 3868 3631
1 3154 2567
2794 2794 2140
875 875 486
1833 3868 1451
1 3265 141
1 160 2569
1 1598 3278
1 1921 3020
1 122 3278
206 206 1108
2449 3868 63
1 591 2200
1317 3868 3704
1 921 2567
1 3201 3682
1 2033 2567
1 2904 785
1516 2375 448
6 3868 3278
1 423 815
1 664 2642
1 425 1509
1 3674 3631
2278 3868 2693
2918 2918 56
1 911 2675
2221 3868 21
1551 2973 448
2251 3868 129
1 2606 448
1393 3133 448
61 2771 2347
3516 3868 3682
1911 1911 3278
3020 3020 3327
1248 3868 3374
1170 1170 448
1866 2164 3012
1 2513 187
1631 3868 3682
1674 1708 3549
1079 1079 3631
2839 2839 3682
1497 3868 448
1 2424 2567
37 37 56
1857 3331 350
1 3234 3682
1 3553 3682
3340 3868 777
3820 3868 448
775 3868 3278
761 3868 3168
1783 3868 3235
1145 3868 1898
2674 3868 893
1 1874 445
1996 3834 3631
1 2883 3126
1 1657 1757
1665 3868 356
1414 1414 2567
1 3241 3682
2 3868 56
71 2046 448
3852 3868 3278
1 3583 3367
712 3868 56
2375 3868 3197
2103 2584 1698
916 3868 2567
439 439 2971
1066 1066 448
2093 3868 2058
3570 3868 448
1 738 3682
2999 3458 770
383 3868 56
1 53 448
41 41 3278
1 2893 1778
1 599 3535
1411 3868 344
1210 2412 3682
1 1031 840
2156 3154 515
2681 2681 3682
121 3868 1829
3315 3315 3682
2003 3758 644
1943 1943 2567
1721 3849 3278
1 1999 3569
1 3035 3682
900 900 3327
1 1996 56
2533 2730 3278
3161 3868 1342
1539 3868 448
1 1008 3278
1 725 3257
2327 3868 971
523 2546 3278
1858 1858 448
1 2059 3195
3438 3438 2567
1613 3868 3631
249 3868 2567
565 3186 448
2290 3868 3631
1459 1459 3096
1 1509 115
707 1603 3682
617 3868 3682
1037 3868 3278
1 1294 1261
2021 3611 2927
1 3703 1817
2123 2528 2567
1 3093 448
3311 3311 72
2825 3868 3631
1 135 3631
1810 1810 3658
3794 3868 3631
1 2616 56
113 113 2567
1788 3868 2563
1 1302 2167
1429 1429 3278
1 891 448
1129 3868 423
2186 3868 2567
643 3868 1457
3141 3561 92
3812 3868 56
255 1408 448
1358 1683 448
1930 3868 1413
2465 3868 1080
1 3778 1614
3278 3278 3278
1 3198 3278
3170 3868 359
1 143 1859
1807 3868 653
2992 3468 2736
1 2961 1781
3295 3295 1182
2179 2179 3336
1 1390 448
673 673 25
2946 2946 217
3688 3868 3350
2608 3868 3682
2488 2488 609
1 3423 860
1 3209 3278
1432 3868 3278
1 1391 2024
3038 3328 2567
3692 3868 56
1 527 3278
1986 1986 1520
46 3868 2519
121 1439 2567
1 1893 3631
1 253 3682
2756 2756 477
2645 3868 3001
1 1079 3682
896 1022 448
135 909 2511
1 1425 2742
1601 3868 3278
350 350 1322
1437 1437 3631
2340 2735 56
1733 3868 1363
1 263 2432
2098 3868 1505
3039 3039 3278
1 1815 56
1 2501 152
1 3223 3202
1125 3868 3631
2015 2143 3278
2657 2657 3278
1 968 448
1 1417 3631
1 3079 1637
1 215 3821
1 1136 448
1415 3868 56
2619 3868 3631
2850 3868 2054
163 3868 2270
1 3138 2145
1784 3868 1755
1 1758 3631
1 2009 448
1 3811 2567
1020 1117 2567
1 1732 56
1 3811 3304
2614 3868 3392
880 3868 1881
1492 3868 1907
1 162 1912
3334 3868 3835
200 200 124
796 796 56
1 1715 2976
1063 1063 2567
2917 2917 56
1714 1714 3771
1 3629 1914
2524 2735 2567
1 2155 3477
2193 3868 448
2344 3868 1730
2373 2373 576
2745 3868 2604
1194 1194 3278
1976 1976 2390
1 2317 3829
2962 2962 2199
5 1773 839
1 53 56
3840 3840 1553
1 3687 56
837 1835 3631
2915 2915 214
3079 3079 56
1 1703 56
1058 3868 3278
1300 2016 3682
463 2017 3631
43 43 3062
251 3833 3682
2719 3868 3682
3387 3724 1625
2307 2307 448
1647 3868 823
1441 3868 2216
2003 2003 2623
3729 3868 2103
1 17 2245
2587 3868 3682
1 609 3661
1 592 3682
2238 2238 3278
676 676 3278
1 2211 2023
1 2988 56
1 116 3682
322 2179 3682
2667 3868 3278
3078 3868 966
3306 3868 3078
1 1970 3631
2081 3459 3032
1314 1873 56
241 2536 3278
1 594 448
918 3868 3665
1 3430 3631
2737 3868 2461
282 3263 2605
1816 1816 2033
143 1944 2567
1 3271 1326
1046 1931 3278
2021 3868 3278
2173 2173 3682
299 2762 448
1 69 3682
3667 3868 1826
1579 3868 3631
1 1160 335
1 928 368
612 3868 3631
2496 3095 3278
1044 1044 3682
1 2104 3518
3415 3415 3278
51 51 3631
2413 3329 2662
1578 3868 3096
1 2721 56
413 2711 3682
834 3868 3682
3204 3868 850
1 2536 2696
1 1150 3278
2101 2101 1952
1568 1568 3631
648 907 56
2993 3868 56
1 2082 2567
1 469 1034
2416 2416 3682
1979 1979 448
1 1401 2480
1 2898 3278
1509 1509 3682
3433 3433 56
965 3868 3631
3018 3868 2987
448 2413 3682
1130 1130 2567
2792 2792 448
73 73 448
1518 3068 1822
1455 1455 2567
1195 1473 2567
714 714 1412
729 3326 3631
2783 3868 2819
3437 3868 56
3561 3868 56
1 2448 3564
1 2510 56
862 3746 3682
1 1015 3631
891 3868 3682
1111 1111 3278
3018 3868 3633
2564 3868 2103
1 1977 2567
1307 1307 934
691 2180 2567
3492 3868 3444
1 3388 3631
1 2660 2567
1431 3354 2567
1 1682 2567
1 1528 2567
1450 1804 3006
2040 2040 3278
1371 1371 2567
1799 3868 3631
2791 3579 3199
575 3868 2567
1 213 3631
3443 3443 448
1630 3868 3682
2460 2460 3682
2120 3868 711
215 3868 3682
3792 3868 3682
2986 3868 1141
1 3420 3631
3478 3868 3005
1 3285 448
3074 3868 2567
2810 2837 2567
2843 3868 3631
803 3868 875
651 1523 3065
1 2530 3682
1 2033 2567
1 1703 3682
954 954 3682
948 948 1720
420 3868 3753
1848 3868 1124
507 1151 3682
47 3868 597
792 1717 2471
1 2484 56
644 1949 448
1 3210 1900
1 2919 3295
1906 1906 2425
1656 2480 3507
3400 3868 3278
1769 3868 3682
1249 3868 808
2698 2698 56
449 449 3174
1 3544 3631
1329 3868 3425
391 3868 3278
1866 3868 3682
3128 3868 3682
1 3121 1847
1 1041 3278
1 2366 2038
1797 3706 56
3591 3591 3278
1 2317 2424
2674 2674 362
1116 3197 2729
1267 3868 3682
603 603 56
924 3868 3631
2236 2623 2567
1 469 2295
1809 2136 165
2589 2589 2677
1 758 3521
156 156 3331
1353 1353 416
2692 3868 3278
3686 3868 306
1 31 448
1 499 3802
1557 1557 448
2321 2447 1569
3175 3175 2784
380 380 448
3330 3868 298
689 689 399
2048 3295 229
1 2039 2474
3798 3798 317
1243 3868 3278
1174 1174 894
2832 3868 3278
191 191 228
3610 3610 56
770 3868 1920
161 161 448
62 1032 170
1 209 56
1460 1460 572
441 2353 3682
1 2195 56
1590 3868 2987
2928 3868 3394
1478 3868 1874
1 398 3343
2212 2416 3278
1 2386 2567
587 2254 3682
464 3868 3767
1 3180 56
2307 2307 3631
2984 3868 2209
493 493 3631
1056 1056 544
1 1483 1795
1 2053 3631
589 3868 2990
2801 3868 56
681 3504 1568
3404 3404 3278
1 3796 35
326 326 448
1021 3301 384
2095 2463 3631
3293 3293 1896
1 832 56
1 1156 448
1 1985 56
485 2099 2567
1 3093 2567
1 1904 3682
3254 3254 3534
897 3868 1600
2038 3868 3278
3042 3042 269
505 1646 3703
1684 1701 1929
1 3410 2006
2725 3868 2567
3223 3868 2567
437 437 3278
2401 2401 2567
1 1538 2967
1441 2400 2927
920 3567 1458
1 3253 542
2839 2839 56
1656 1656 1558
2390 2390 1054
1 2098 56
2052 2425 391
1726 1726 217
1078 1078 1469
1859 3868 1789
767 2753 2567
1 3179 3637
1680 2394 2374
1 3663 2567
3805 3868 592
2397 2397 113
2739 2898 56
1323 2238 2850
1348 1348 2737
1 2349 3402
1 101 2062
1 1854 3631
3042 3042 1959
1 189 1675
1077 3868 3682
2346 3382 1455
732 822 3631
266 2337 448
1463 1726 3321
1798 1798 1605
1908 3868 448
1688 1688 1364
383 3868 2428
191 3868 56
812 812 448
1 2185 3278
2964 3868 169
3212 3868 448
1200 1200 3682
525 3868 1620
1 2073 3012
3139 3868 2567
3531 3868 1320
168 168 2956
3252 3868 177
1539 3868 2567
3320 3868 3278
1 590 741
2322 3868 3631
282 2778 2661
452 3868 3682
587 587 2567
1 3844 1880
1 3853 2828
1 3021 56
2147 3868 3682
918 3868 3278
3631 3868 3682
3699 3868 1277
325 325 56
560 560 2567
2926 2940 3682
3396 3396 3503
1453 3697 3298
2349 2349 3631
1 2236 625
1 3506 3278
161 3696 448
1 2660 56
3573 3573 3682
1719 1719 2766
1594 2973 56
2924 2924 2901
1 2965 2176
3279 3279 448
3545 3545 3815
2376 3642 3631
1541 3868 3278
515 1621 675
1 2063 3682
2161 2161 3041
1 3210 2011
611 3725 1366
2304 3868 56
434 434 3278
2829 3868 870
1 3531 2977
2694 3868 448
1 2883 56
1 1902 2567
2093 2093 2567
303 1010 2567
1 573 1487
2243 3868 762
2111 2717 3278
2086 3868 56
2186 3868 2603
1 1025 56
1367 3868 3578
2214 3868 2567
1762 1762 3584
2528 2528 3631
3608 3608 68
1505 2584 3382
1 2826 3682
1 508 3682
1489 3868 3474
281 3814 2567
3381 3868 3169
2096 3868 368
1473 1473 2280
2118 2118 3631
2201 2426 64
2888 2888 1139
1 2286 2076
1290 1290 2567
1436 3868 3798
274 2456 2946
1504 2336 3027
552 693 3682
1 1662 56
1922 1922 3829
39 3868 3682
1 12 448
2065 2636 2263
935 2186 3550
1 896 264
691 691 3682
1 615 3278
653 653 3133
301 301 2567
1 2385 3682
1572 2559 3682
2848 3868 3682
1114 3868 2937
1195 3305 1946
1 348 3159
1 1329 3631
1 1154 3682
1166 1166 2567
18 1208 448
3333 3868 2316
1 1875 2535
2405 3497 3682
1778 2794 1443
1 1116 2905
2045 3066 448
1 1581 329
1 2357 448
614 3868 3360
1 701 3682
1881 3868 3003
1 2876 2567
1 2785 3682
899 1372 3061
1 3182 3682
1158 3868 887
466 1949 565
1861 2199 3635
1 2137 448
2964 3868 1343
248 3276 2141
2645 3868 1695
1 1204 3624
2318 2318 2695
429 3090 3185
749 2784 2246
2544 2544 3278
2699 2699 2269
626 833 1741
2728 2728 3377
1700 1700 1355
2360 2827 1743
1 292 3631
3248 3868 3376
1 379 3278
1 1889 3278
3804 3804 3682
1601 3795 2391
1 158 448
1 526 3439
1 991 3700
1 1337 56
384 2792 448
1 3412 3631
997 3868 2567
3391 3391 448
1 437 610
574 574 3682
2814 3403 43
3219 3219 3754
1319 3868 2075
1 674 56
221 308 1591
1 487 270
3186 3586 3631
1 798 1182
1680 1680 3185
1814 3868 3631
2417 3868 2728
1 3092 56
1192 3868 551
2425 3868 2567
3751 3868 199
2700 2700 103
2643 2643 1751
678 3868 3278
1408 1408 2378
2822 3868 2567
1972 2376 2379
68 2538 56
884 3868 3278
2679 3868 678
38 38 448
2655 3868 2567
2068 2068 22
1664 1664 2567
2975 3868 3278
1957 1957 56
1783 3868 3682
1 1291 874
3335 3822 2567
376 3044 1030
1627 1788 3631
2716 2716 1978
608 3868 3278
230 3868 3682
1 2970 3631
315 3868 1871
326 2668 1130
3167 3167 3631
1557 2889 2205
1416 3868 287
1 2092 330
239 3868 56
1856 2151 3650
1165 3868 448
994 2982 2277
2529 2529 3278
2399 3868 2567
3721 3721 448
2612 3412 56
2468 3868 448
1997 2704 3527
2403 3868 448
1 86 775
3314 3314 56
1 183 448
1 1072 3631
2618 2618 2567
2758 3293 3682
2084 2703 56
1 1284 337
187 2344 2567
1 3547 507
402 3868 56
1 3779 2567
854 854 3631
1 162 1901
546 2044 3066
3005 3031 56
2592 3868 535
2737 3868 3682
1959 3868 3682
196 784 3278
1687 3865 2567
78 3868 3838
3160 3868 3278
381 381 448
1356 3868 1036
706 706 1198
2620 3868 56
2292 3574 3278
61 858 2567
684 684 56
708 3868 1721
582 582 2567
1072 1072 2567
1124 3868 56
321 2018 3682
3345 3868 2616
1 2783 580
1 2767 448
1 3139 122
963 3868 3682
486 486 3319
1 3204 3682
3058 3058 3861
2531 2531 3622
995 1224 2567
1 2102 2853
2901 2901 2071
2945 2945 1672
493 3868 2567
2620 3868 2567
1870 3868 3631
1283 3868 56
3178 3178 414
1 1338 3278
1 99 3631
1 1025 2567
385 3868 3548
1 3775 347
1254 1254 448
191 2915 537
285 1348 3278
1 2719 2895
3337 3868 448
1 763 448
3516 3516 1564
1 3356 3165
1 3184 3631
1 659 2189
134 3868 2567
1328 1925 1216
1 2616 3278
742 3868 2203
1166 2541 3682
1 617 3278
343 343 448
1722 3573 56
1436 1563 3278
1675 1675 2567
1550 3868 1832
1 94 645
3715 3868 2668
1191 3427 3278
3041 3868 3278
2012 3868 3631
911 911 1064
1 2258 4
1127 3868 1052
925 2995 3631
1542 1542 2374
1247 2369 1495
1 3311 482
3599 3868 3382
1262 1262 2109
3434 3868 2294
1 3194 10
3121 3121 56
30 30 2567
1 3746 311
1044 1044 2369
2950 2950 3631
2222 3868 3593
3566 3566 3278
1 1745 3682
198 198 3682
2699 3868 2286
3620 3868 3860
1 3043 1586
1 1239 1638
1 844 162
1535 3518 3278
1686 3868 2666
3615 3615 614
2356 3855 3632
3453 3453 3631
1 2442 2567
2029 3508 1996
1226 3868 1268
1546 1546 3041
129 1691 1538
557 3868 3631
558 558 2567
1 2197 647
1 3691 588
197 3868 448
1 2746 1656
2975 3203 3631
2051 3868 3471
1 2817 619
1 575 529
3835 3868 1085
3158 3868 56
3433 3433 1171
3012 3868 2395
1 809 448
1209 1209 3682
1 492 3278
307 2978 1715
2567 3868 448
1 3225 448
427 735 3278
1 1685 2262
1 830 1356
464 464 468
3719 3719 3631
1604 1604 2385
2789 3868 1231
2613 3597 843
1145 1145 727
391 3868 56
1909 3868 274
2878 2878 3631
993 993 2095
1 2008 3682
265 942 3682
2526 3868 3631
1 3263 2201
3293 3868 3278
1426 3868 2616
1261 1261 965
1548 1548 56
2420 3868 448
301 3868 448
3427 3868 3631
1 1885 3153
1 251 2492
1 1066 56
203 203 3631
2860 2860 370
754 2144 2981
1635 1635 3114
1265 1265 448
1425 1944 448
2223 2223 2377
1 3111 841
1800 3868 3626
2719 3868 3278
1 3818 715
2039 2039 56
1170 1170 602
1 3059 32
1 3026 56
1619 3868 2218
1570 3868 2942
1 1581 3682
2498 3868 3433
2872 2872 1575
1 712 56
3356 3868 2567
1 2863 2296
2472 2472 3278
292 3868 3177
2156 2362 631
774 774 3278
3101 3101 56
2242 3868 3278
1 433 3278
2556 2556 2274
1 931 1119
1 553 761
3661 3868 3682
3121 3868 2094
1 52 1470
3753 3868 2567
1 1082 56
2864 3868 2567
2861 3868 3682
2741 3868 56
1 519 3121
1 1254 3631
1 2395 2600
859 3868 3557
289 1503 109
696 696 3485
1 693 448
2893 3868 811
846 3868 1790
2286 3868 3642
3675 3868 3631
988 1527 671
378 3512 448
1790 3868 448
3272 3868 3631
2565 3868 1211
2231 3868 56
1 2672 3868
1 2881 2362
11 1171 3435
1 2035 2567
646 3245 448
1 1509 3241
183 3868 3631
1 1169 711
1165 1363 3631
213 3868 179
1 1416 56
16 16 1118
1 2204 1955
3497 3868 3278
1127 3868 3682
1 2250 317
1 416 3349
3427 3868 56
3510 3572 2206
1323 1323 56
147 147 3754
945 3250 2567
1197 3868 2200
3606 3868 1527
1 3118 2462
1 1530 122
163 220 2567
1 1893 448
1 374 448
1 1791 3278
1 912 1098
3142 3868 318
1977 1977 3682
682 682 610
429 429 2567
234 3868 3682
469 469 2274
2632 3868 1045
1 274 2249
470 513 1970
2136 3868 3278
2609 3619 1021
1093 1093 56
3510 3868 3631
1 3403 1636
1 3211 565
1 2398 2194
246 246 1496
460 460 3204
3346 3868 2493
781 2981 1572
1 3672 1739
3070 3850 3682
1 3641 1805
909 2991 56
344 3868 3631
1893 1893 987
1 2819 2543
438 438 448
44 1117 56
2832 3868 448
1 2198 3631
3512 3512 1714
2617 3044 56
2742 3868 3629
1170 1170 2567
2223 3868 3631
2237 3868 2635
1 2917 3648
2747 3868 2567
2482 3868 56
3337 3337 2505
1 114 3682
862 3868 448
240 240 3631
2850 3495 2055
1 2592 56
1678 3868 3394
1 2920 3631
1 1938 3609
2887 2887 189
1706 1706 448
2528 3868 2447
1 957 3682
1 1699 448
337 3868 448
3236 3868 2355
1 2316 56
1227 3868 2933
2174 3588 1517
981 2118 3682
3070 3070 199
1297 3868 1618
1540 2323 56
795 3868 448
1909 3385 2573
552 1859 3278
510 510 2567
1722 1722 3278
1 1400 448
3246 3246 1977
1194 3868 3594
2976 3868 56
3153 3153 448
3190 3190 3278
1 1055 56
150 3868 1436
712 3868 3682
1 1478 3682
1 3180 2800
3076 3868 3682
3657 3868 851
769 3868 448
2049 2049 2080
1 570 1479
942 942 2519
1293 1293 3682
140 3868 1787
657 3868 2361
1 2222 3653
3069 3069 3278
1048 1910 3278
3799 3868 56
413 3868 3278
613 3868 3559
1 596 56
1 686 2464
3291 3868 448
2222 2222 448
3497 3868 3682
3377 3377 3682
1651 1651 56
212 3403 1013
3392 3868 1065
1555 3868 2567
2000 3868 448
1305 3868 3631
2697 2792 3631
2547 3868 2567
3062 3868 3278
4 3868 448
2508 3142 1126
2045 2743 56
3364 3364 2633
286 3868 2567
128 1035 2567
1232 3868 3682
1730 3868 2567
610 3868 256
1 294 206
1 1391 2567
2754 3868 3631
1 3363 1192
1002 1002 56
2818 3868 1000
1026 3809 2660
1007 1007 3631
1183 3868 956
729 3868 2567
1 1719 448
464 3868 2567
1 3257 3631
1859 3868 2827
1 3673 3682
231 231 1350
2894 3868 1645
3512 3868 919
1 1977 2684
1 1223 1240
1 3471 3517
1 400 3062
782 782 1934
1 327 2567
257 3727 698
1478 3868 3682
585 844 435
626 2692 3682
2548 3868 3631
2407 3274 3278
3509 3509 1695
3135 3868 448
1 2850 3682
2375 3868 3278
606 606 2567
291 1693 3135
1 941 3015
170 3143 3278
1933 1933 840
1292 1292 3682
38 2322 986
3787 3787 3377
1 1728 3307
1158 1158 56
195 3868 2881
1251 3868 3631
1453 1453 634
1054 3868 998
1 2606 448
94 3868 1086
1 1133 2567
154 154 448
2684 2684 260
1678 1678 3856
1697 3048 56
3325 3868 3631
253 253 3682
2261 3101 3278
36 36 2402
1 3546 2885
1483 3868 56
343 420 267
1 2590 2567
1 108 3116
1 2879 85
3370 3868 3682
2422 2422 3682
1 343 2567
1 2407 135
2880 3103 3631
2622 3868 2524
3540 3540 3278
1887 1887 2673
3363 3868 1679
1038 3868 1636
3551 3551 3278
676 3868 1474
1 2000 1057
270 3868 3631
1914 3868 448
1 3112 56
3097 3868 3765
2208 2208 3682
1179 1179 3631
1928 3868 3717
321 3865 448
1 491 3278
2780 2780 3631
3838 3838 2816
2611 2611 1595
592 592 3401
465 3868 233
1 3817 893
1519 3868 1706
2173 3868 2785
2484 3868 1623
1 3482 2189
1788 3359 872
1 3631 3682
2967 3868 3631
1 3004 1049
3636 3636 448
1386 3407 3052
1236 3868 2243
2773 3868 56
1484 1484 3631
1468 1468 3682
407 407 820
1020 3238 448
2776 2776 3363
2327 3868 3631
2754 2754 2930
900 2577 2399
1613 1613 3779
510 510 436
3206 3868 82
3787 3868 3631
3236 3868 1494
1 1257 2173
1336 3868 1036
1 2691 2604
1 858 3237
2945 2945 1944
2640 3868 2909
1088 3868 3040
1 761 858
1 2310 2567
1 3823 508
2232 2232 1630
415 415 3278
1 3065 448
3444 3868 1180
506 2801 1177
637 3589 3278
3404 3404 3631
1 2225 287
1090 3868 1818
1417 3868 2567
1873 3868 56
1 3182 1490
1 3241 3384
806 3868 3278
2090 3868 3278
669 3868 3631
2762 3868 895
2931 2931 3363
1 312 3278
1 2963 56
601 998 3689
1 1822 679
1 2560 2949
2742 3868 3631
1 1076 3631
3414 3414 247
1 1050 3278
587 3220 448
1196 3494 393
479 1974 55
663 1649 26
1969 3868 3631
1 2741 3278
3393 3868 2336
1881 3868 1710
1 1675 3361
2633 2633 2513
1 3689 1893
1844 1971 1526
3223 3223 72
1899 1899 2279
1666 3868 1031
3254 3868 448
3855 3868 3278
165 1124 3682
635 635 3278
3426 3426 2560
3615 3615 359
1 571 2567
1937 1937 3631
2417 2417 889
3697 3697 2567
1 122 3136
192 192 2402
1 2831 1239
951 1171 3856
1133 3868 448
1827 1889 2567
197 757 3278
1 3568 2567
1 1116 3278
1 1300 2452
1909 1909 3631
1255 1256 448
1 2842 3278
1 2048 3682
2632 3868 3682
3540 3868 3248
29 29 2594
2638 3868 2567
1 2495 3278
554 1248 822
1709 1709 3388
2940 3868 56
2273 3868 1025
1 2832 245
2965 3868 3278
1957 3868 1574
332 3868 3682
2723 3868 2258
1 1796 2793
2424 3868 2567
3026 3026 2567
1 2272 56
1992 3627 3631
267 3099 90
440 3868 3682
776 3868 3719
3317 3317 56
2458 3868 933
1628 2768 3631
1923 3868 2567
1427 3868 2590
1880 3868 278
3722 3868 448
2444 3417 1346
304 304 56
1 1187 2441
3069 3069 71
1 3187 56
1 1803 448
1107 1107 2088
3409 3409 3278
1 438 127
1 2782 448
1887 1887 1437
1234 1234 448
1 2454 195
1 3110 1758
2232 2657 3730
3219 3868 494
1201 3868 1401
256 256 3209
1 2977 893
773 3369 1475
3768 3768 56
1057 1057 3682
1 2342 3127
1715 1715 1012
1642 3868 808
3085 3114 3278
2719 2719 448
1663 3868 2567
478 3013 2817
516 3868 2567
350 3868 3631
3140 3868 2705
2064 2364 56
536 3264 3419
59 59 2889
1 2839 3631
1 230 2567
1 1149 3252
2853 3868 3631
2380 2380 2567
1 3716 225
3139 3139 56
3471 3471 2567
1384 2813 140
1412 3868 3631
1 988 3278
2822 3868 3278
1455 3868 3278
3208 3868 448
1 2574 3225
1 2488 1842
1556 1978 2567
2039 3799 2567
814 3868 1562
714 3868 2514
622 622 3278
3195 3868 3682
2582 3868 1560
255 3868 3407
1521 1521 3663
1 2350 3631
1 928 3278
50 224 3631
3260 3260 3278
1777 2648 3278
2861 2940 3278
1 72 1375
2461 3868 2639
1328 3868 56
1 436 421
2581 2604 3682
927 3868 448
1 943 2671
1 1657 1442
27 27 1953
3276 3276 2567
1 3167 1954
1426 3868 2567
845 845 2185
372 372 3631
212 3868 2011
1290 3436 2327
3693 3868 2567
915 1118 448
1 3579 2607
1352 1777 448
1081 2876 1798
1 1285 2567
951 3868 2517
1 2490 3631
768 3868 2566
1707 3868 2220
1 492 3393
428 428 3278
1430 1430 3518
1915 2660 1538
2139 2139 1296
2751 2751 3563
1494 3868 3278
2098 2875 56
604 3868 3682
1 572 3631
1 1825 3682
646 1508 1182
25 3868 3682
844 844 448
1065 2541 3682
2305 3868 432
348 348 549
1 549 2084
852 852 503
3806 3806 448
1261 3573 3278
1 3197 3278
3677 3868 3277
1794 3868 2567
1754 1754 2457
1 1638 3682
3115 3115 2973
1488 3868 56
2592 3868 3414
1416 1416 3682
1 3251 3490
1 1363 3422
45 45 2083
1 2788 883
1 397 3276
777 3622 3631
3863 3868 56
1010 1010 2983
3347 3347 2108
3169 3169 3682
1 340 448
1 876 56
2753 2753 3682
1911 1911 3631
3254 3868 3682
1 2637 1259
1 2048 2742
817 3868 489
763 3868 1130
1 2608 3759
118 118 448
29 46 3682
1957 3868 2139
3850 3868 577
1001 3868 2567
2104 2104 1927
471 2312 3405
2924 2924 697
176 176 1226
543 603 3278
725 989 3631
1 259 3682
2619 2619 3207
1773 3868 15
2228 3868 2305
3310 3310 448
3076 3763 56
1737 2328 2580
1 1852 3167
1 2032 3863
1021 1240 2567
247 247 56
2521 2829 1985
1274 1274 56
1 3329 410
1 2108 2327
1563 3802 243
2048 2048 994
2806 3868 1315
1 2007 2567
1 1705 1085
3088 3088 534
61 962 1849
2941 3799 56
1 1012 1980
1170 2480 772
1 2289 3278
3268 3868 3278
286 3868 435
1 3413 2567
2302 2535 3682
2658 3868 3278
2180 3868 2948
1741 1741 2739
1564 1564 102
1 1496 2293
2967 3868 448
1 3692 223
2323 3868 448
1 235 2567
2623 3390 1288
1 2622 1753
3413 3460 2311
2338 3360 3278
68 68 448
1514 3868 3278
2793 2793 56
360 1284 2567
412 412 3682
660 660 3011
400 400 881
1 2280 633
1104 3868 3278
3652 3868 1580
1380 3868 2241
1 40 3682
3657 3657 202
1 1452 3682
2380 2753 448
1445 1445 448
2045 2045 3682
1 3145 3631
1 1780 3278
1 1760 3631
1 875 56
2438 3341 56
1 1147 3278
685 3868 448
1 555 2567
1 1632 3127
432 432 1879
1 3005 3278
68 3379 56
160 3868 3848
1 2517 3631
3090 3755 2716
1 3039 3631
385 385 448
1877 2340 56
952 952 3682
2239 3127 1491
957 2678 56
2951 3868 2573
497 1139 3631
9 9 448
1 1527 56
1 2509 660
2371 2371 1847
1 995 2984
2036 2036 390
1 2938 56
1441 3490 2567
3342 3342 1361
1 2185 753
1 2747 2567
1 3826 56
3106 3106 397
394 394 1244
1 2048 56
2995 3868 1592
148 148 3631
3282 3868 3233
1188 1188 3340
1 664 448
28 3868 3631
2060 3868 2567
1860 3298 1171
1 1607 2567
1608 1608 3682
2708 3868 2361
2166 3226 3631
2394 2394 3631
2427 2427 744
1 3852 3278
1947 3868 56
3257 3257 3631
3452 3452 420
1 2633 1009
1 797 2567
3291 3291 2799
1 3452 448
1429 1429 3631
654 654 2928
2696 3868 2883
287 3868 3557
2885 3868 1272
1 554 123
1 1500 3096
1665 3868 56
1 105 448
1506 3868 3682
1 465 448
526 3868 348
1 3422 2683
3862 3862 2696
1 2439 168
557 1346 3278
1 3595 2287
622 622 1823
2531 3868 2567
938 3405 3631
1567 1567 2567
1 2919 1499
693 2078 448
1 158 3682
681 1803 3278
1 529 56
1 818 680
1530 3868 3278
2259 3222 2567
1 41 622
33 33 2794
129 129 509
3006 3006 129
37 3868 448
1621 1621 2567
1572 1572 3631
1723 2084 3278
1848 3868 3820
1 879 448
1610 3830 56
1 646 56
314 3234 2567
874 874 3431
2713 3741 298
616 2698 3631
3505 3505 1452
1580 1580 918
277 3868 3682
893 3868 3631
493 3868 3631
2572 2572 3682
580 580 3631
1 2282 2354
1787 1787 3278
2732 2819 3631
1 1060 2567
2759 2759 2880
362 362 2567
1661 1661 2221
190 3283 2232
1445 1445 2567
3151 3868 1348
1 3748 448
1279 2036 2407
855 3260 3278
1 1290 56
2034 2034 56
799 3868 1804
1733 1733 2867
1227 1227 3631
1 3780 448
105 148 2033
793 3868 961
626 3180 3682
3386 3868 1644
2908 3868 3278
1 2900 489
1081 2753 1449
251 3868 2196
823 1148 448
1 507 3278
2302 2302 1218
3434 3868 233
1310 1310 2567
3152 3152 3682
3344 3868 3522
1 1456 448
2650 3868 1416
1 3755 3338
27 3868 3324
760 1018 2567
3863 3863 448
645 3868 1076
1 2053 2795
3524 3524 3278
98 98 1078
1001 3566 1573
2324 3868 448
3483 3868 3631
521 521 2666
3259 3868 2567
98 3868 1705
1582 3868 3278
1751 3735 3255
1429 1429 56
1 3591 2955
1402 3786 3278
2214 2214 2873
3380 3868 448
190 190 3168
1 1094 941
2064 2064 448
687 687 448
1 2285 2636
933 3868 1772
2507 2507 2567
1929 1929 56
3287 3287 448
1569 1569 2567
1 1787 707
1 627 2283
1 1378 2567
2236 2236 1716
1536 3351 3305
1937 1937 1978
319 1565 3682
1 829 2922
1112 3332 1607
1 638 330
1561 3868 3112
2782 2782 3278
424 3868 3682
1 1066 1623
1051 1051 448
1 3771 2610
3265 3868 3845
64 2169 1951
1 2261 627
1 3069 3278
1 1918 2652
643 2638 2273
588 3868 56
219 219 23
566 2409 3172
2115 3868 3631
1 1947 3682
1746 3868 3631
1399 3868 1354
2413 2413 1862
1394 3868 448
3144 3868 3682
1 3466 2567
2874 2874 3835
388 1555 695
130 1876 689
3214 3868 1084
3620 3868 2432
1864 3041 3278
1073 1073 3631
1362 1511 3490
1 1990 372
1650 3868 3278
974 3762 2567
1613 1613 2579
174 2676 3278
1 2794 2567
1701 3868 448
2268 2268 2567
631 3868 3278
3282 3868 1723
602 1632 3278
619 3868 3682
1 1844 3631
369 369 3278
112 142 2032
972 3868 2201
997 3868 3278
1 3176 3682
341 978 1249
2335 3463 56
385 385 3631
1 1891 1094
2261 3200 2725
2864 3868 1188
412 2041 2567
1 1418 2567
619 2964 3500
1 3338 2355
2567 3165 2841
1882 2748 2567
3722 3722 3631
1028 2779 914
1 439 1725
3621 3621 2567
288 1512 1483
1 634 2051
1519 1519 3765
1 1829 2956
2568 2568 3682
461 1692 407
342 342 3682
1 712 2340
1086 3502 909
2210 2210 3631
1387 1387 3631
1 1341 2046
2993 2993 448
2475 3868 3736
2399 3733 3170
1026 3868 3565
2110 3868 2567
2126 2126 2393
148 148 2505
1339 2228 2124
90 90 2567
3654 3868 3278
1426 2512 2376
1 1635 2567
759 1597 1781
383 383 1124
831 2744 266
1 3480 68
1846 1846 2567
1 2213 448
1995 1995 268
3002 3868 56
620 1101 3037
1680 3868 448
1 2815 3631
2942 3868 2968
2535 3868 2764
809 809 2373
234 3868 15
1 1097 3682
462 462 3682
1 3047 135
2478 2478 2567
246 246 433
1087 2692 3631
1393 2722 1436
151 3868 3278
2451 2451 56
1919 3522 3278
160 3868 3426
1860 1860 1432
2928 3868 3682
3427 3868 844
2255 3090 3631
1775 1775 3682
387 387 2567
437 437 1036
229 3535 3278
1 1687 448
2926 3868 551
1111 3587 1085
3181 3181 2255
1 927 2829
3532 3803 2567
3198 3868 2390
3545 3545 730
1 454 3717
1315 1762 1081
819 2069 136
454 3155 1260
748 3868 2843
390 3868 3631
779 1135 29
1 2273 745
1561 1561 56
1 3537 2396
1 1171 56
1276 3868 2575
2667 2667 3278
1 3201 3631
1 1568 3631
3234 3234 448
1809 3868 448
1 950 3278
362 1058 448
1559 3868 2109
1 1103 3278
1 1762 1523
1205 3868 3586
869 869 577
1 3666 3278
1166 2685 1611
1 865 2567
219 219 448
1923 2044 3278
767 3401 2567
2490 2490 3305
354 3868 736
1368 3868 3763
2291 2952 3631
1 3223 200
1 936 3631
471 471 1448
1069 1069 3682
612 2085 773
1648 1648 2076
1 3600 2567
2528 2528 3278
327 1896 1021
1 1178 3682
3310 3868 3575
1 3356 2794
1 980 1612
1 1996 3631
1 863 1712
1 3577 2406
3446 3868 1365
2691 2691 2567
1499 3821 1262
631 2702 3398
1 270 2567
3557 3557 3682
1 394 448
700 3868 56
1877 1877 56
1363 1773 2826
1 2092 56
1 2259 3278
1 3239 1042
1327 1327 2567
37 1302 739
952 3868 56
3807 3807 56
222 3868 1883
1 2378 2504
1 1225 56
725 3868 448
3409 3409 2545
1 795 2567
166 3868 3682
1008 1507 2111
24 24 771
75 3868 2489
1 2766 1773
1963 1963 2742
1 1 3218
1548 1693 2567
1 815 3631
2848 3868 2646
1 1698 2237
1 2019 3631
1 3688 3682
1082 1082 1259
3064 3868 2984
3315 3315 3351
1 1588 95
1355 3725 483
2296 3868 1056
1 619 3631
2142 3868 56
137 2575 3755
450 1468 3662
2789 3868 56
1892 2337 3063
486 3868 2567
131 1582 2996
2504 2778 3116
3653 3868 1127
2616 2616 3631
288 3399 3501
1371 1371 3682
1 2889 3682
2059 3868 56
1 207 227
336 336 2567
556 1029 3806
2912 2912 860
343 3868 2567
2422 2422 3144
1 1007 56
3283 3283 2633
1 1042 1235
3012 3868 3278
1 928 3278
1 2069 3631
57 867 2735
1 1849 56
640 640 3278
1 2447 1508
3174 3174 3497
2074 2074 3631
3112 3169 3682
1124 2621 150
3509 3868 3682
3247 3247 3631
485 2053 1186
3180 3180 546
622 622 1036
1 409 1513
1 904 1916
1440 3868 3682
1 1930 3088
1 3314 3588
779 779 3682
1 1987 3778
914 914 14
3588 3868 3682
148 2976 399
2012 2247 610
2549 2549 56
1243 3868 2929
818 3868 3782
1624 1624 499
1186 1186 2567
975 975 3631
1 3392 448
1 2836 56
1153 1153 56
273 1773 3682
1303 1303 7
1 1965 2376
806 806 2567
2430 3868 56
1688 1688 3278
120 120 56
2472 2472 2781
1355 1355 1889
1 3322 448
1126 1126 2524
1 2668 3682
1714 1714 3682
2004 2004 3682
14 3868 1530
905 3207 56
2993 2993 3278
3732 3732 448
1 447 2567
2860 2860 3043
695 1506 2522
1825 2982 2567
1 1116 2529
1502 1502 1898
220 3868 3682
1318 2669 1377
1 1957 3278
2003 2003 3682
1 3561 448
2974 3868 1541
1525 1525 56
324 2381 1737
1009 3868 379
3278 3278 3278
1164 1164 3792
1 753 3682
2081 2081 3442
2110 2690 699
1791 3868 729
3618 3868 3278
1 487 3278
1 274 1227
1 2263 2461
1 3595 448
1 928 3639
1 1777 448
613 3227 125
875 1838 2856
32 822 56
1 541 498
3748 3868 2062
1741 2434 3278
1 3112 3682
3051 3051 3012
1 176 586
665 2593 3155
3790 3790 2358
1 2247 3308
297 391 412
2261 3868 3631
313 2901 747
1219 1219 3278
2235 2235 56
868 868 3639
396 396 56
1 1516 3472
2950 3868 2746
3281 3868 3318
1 2554 2848
1764 1764 467
3080 3289 1849
1306 3868 3278
2262 3868 2567
3462 3822 3631
3491 3491 2567
2506 3868 955
3421 3421 56
1 1364 56
2919 3868 3248
753 753 3360
849 1212 3631
547 3868 2125
609 3683 690
551 3868 3278
1 3672 3278
1 3806 3278
1033 3868 3739
1745 3868 2567
1951 1951 3815
406 3224 807
1147 3355 2593
677 677 56
1 589 1381
781 3868 448
2103 2103 3278
1979 3868 2818
1 2841 56
1256 3868 2751
1 1800 3278
1 2686 3631
759 3868 3286
1587 3868 263
1 428 2242
702 3364 2084
1609 1609 3097
3784 3784 3678
3384 3868 56
2912 3868 56
245 245 644
3733 3868 3682
1875 3868 2345
1 3696 3682
3478 3478 2277
2888 2913 56
2006 2204 56
2439 3868 1172
686 3523 2567
2783 2783 448
3667 3667 2842
1 2535 2567
1045 3868 2567
1 998 2567
1 2241 3631
2165 2165 3631
3792 3792 2567
1 3505 3631
1518 3868 2730
1267 1267 3682
1461 3868 3278
1 1386 2658
1 2230 570
3127 3127 3631
2272 2272 3278
1395 1395 56
1 2063 3631
605 605 69
851 851 3631
915 915 2023
2359 2359 2075
125 3868 448
365 3598 3278
2096 3868 3278
1 3103 1939
3268 3868 3816
1578 2480 56
584 2427 3682
1378 1378 2980
942 1255 3278
1990 2376 2567
1 2279 2567
2055 2055 588
3685 3868 56
2366 3294 131
856 856 2567
1 720 56
2063 2063 1749
2162 2312 2637
2530 2530 448
920 3868 3278
1 1518 1726
1754 1914 2567
1 3451 448
941 3868 1907
1522 3486 778
1197 2533 2060
1 369 3758
2913 2913 1293
304 2510 1215
1 2448 2488
166 3868 448
1 1998 2567
95 95 3278
1465 3617 2483
3388 3868 448
805 2472 3682
2379 3868 448
1740 2267 2567
2361 2361 56
2007 3158 3278
1006 1095 3278
1 2487 2046
2546 3868 3682
2236 2236 1585
500 3536 337
3301 3868 3278
748 1707 2431
2080 2080 3682
1800 1800 2249
91 91 1965
1288 3868 56
3461 3868 3631
1954 1954 2379
580 580 2208
2302 2945 2534
1 1363 897
1 2550 3334
1031 3868 363
1786 2371 56
1 3854 3169
2435 2435 2567
2187 2187 24
2060 2937 2236
1491 1491 3278
3435 3868 56
2259 2742 1686
2131 3868 1545
3428 3428 56
1548 1548 3844
590 3868 448
296 3097 170
800 1061 3682
1892 2856 3526
343 2748 1335
265 1531 2567
278 278 3278
3526 3526 2817
2211 3868 448
1 3662 2117
1 163 1515
1066 3868 1857
1 575 704
1 1856 3682
861 3771 2567
1000 3868 448
1 3084 253
388 3529 448
1 2401 448
1349 3407 2567
2348 3868 448
366 3868 56
3662 3866 56
1 728 2567
1231 3868 397
1 713 3631
1 2504 3682
1 562 3459
1152 3152 1781
690 1739 56
1862 3868 1708
2822 3868 3631
1 3475 2069
3325 3325 1550
1208 3868 2111
3495 3868 3682
1 3154 448
289 289 56
2732 3868 2565
1 1421 3278
2484 3868 56
1 2197 2373
2047 2348 2982
739 739 3353
3369 3868 1706
3737 3737 3631
290 1698 2808
788 3868 933
1 1081 3631
254 800 1231
1 3300 2567
109 109 1870
3154 3154 3682
1 1727 332
2045 3868 3278
143 143 3631
2368 3868 704
1344 3868 785
2175 3868 2252
1579 1579 448
1 2261 2512
3693 3693 3631
551 551 3668
1284 1284 3270
2105 2105 3193
996 996 3821
1499 3868 2531
