2000 1219 156
164 597
985 164
230 164
1215 164
573 164
164 51
164 669
46 156
1673 156
164 257
156 884
1410 164
164 1320
499 156
125 164
1772 164
725 156
1223 156
1624 164
164 613
1323 156
945 164
164 104
1154 164
156 1966
873 156
164 297
61 156
890 164
65 164
164 826
1984 156
793 156
164 1868
1383 164
218 164
213 164
164 1744
382 156
1962 156
13 164
164 455
164 190
905 156
164 1695
164 1439
156 1532
156 893
391 156
156 1676
156 42
156 1467
156 1913
164 1492
126 164
164 1093
81 156
156 1752
1719 164
1553 164
164 381
1067 164
164 1669
1522 156
164 1636
1451 156
164 26
156 197
596 164
1201 156
1754 164
953 156
1278 164
18 164
164 40
76 156
156 487
614 164
1638 156
289 156
164 1238
164 70
49 164
164 1435
264 164
1434 156
156 113
834 164
1405 164
164 380
962 156
602 156
1786 164
156 530
174 156
1833 156
156 742
752 164
409 156
957 164
1843 156
164 649
1960 164
1286 164
156 877
156 1561
156 643
729 156
156 1530
164 1724
338 164
164 986
1118 156
164 1285
164 1370
156 388
164 1193
156 1736
156 1122
1349 164
164 1220
156 1224
156 1061
164 1409
156 1203
156 1494
164 818
164 2
83 156
196 164
156 1496
164 12
156 673
164 1747
156 141
1981 156
156 785
1822 164
156 350
156 651
164 1748
164 377
164 1689
156 186
164 723
156 1604
164 1367
1699 174
1268 164
1178 164
490 156
575 164
156 1938
156 1661
164 4
337 164
1971 164
336 156
156 367
156 52
156 922
156 735
1827 156
34 156
156 1977
156 1051
164 712
156 1398
635 164
164 1183
164 1568
156 1526
164 684
156 1852
164 250
1104 156
227 156
164 385
1032 156
156 795
156 700
174 1771
680 164
249 164
156 127
1228 164
695 156
156 129
164 944
164 1418
1327 164
1098 164
156 204
156 6
1395 164
164 1399
164 272
164 1309
1684 164
164 1216
164 323
156 282
164 1897
156 1992
156 1854
1373 156
164 1442
164 640
156 574
1787 156
164 1717
1385 164
838 156
1560 164
156 182
811 164
1831 164
1079 156
156 534
1026 164
1369 164
1035 156
164 813
1280 156
164 68
164 629
975 164
164 1755
156 731
988 164
156 1102
156 1970
1034 156
1190 156
313 164
1757 156
164 526
164 1131
156 199
164 25
156 1338
1311 156
509 174
164 1344
1773 164
156 1066
164 507
156 189
1700 156
164 170
1606 164
1491 156
789 164
156 410
156 1904
17 156
295 164
156 1438
164 1509
164 392
1336 156
174 1354
156 191
156 324
309 156
137 164
1875 156
164 1838
1602 164
982 164
508 164
164 102
1511 164
1885 156
156 1245
164 1462
506 156
164 56
164 790
1123 164
164 903
1094 164
539 164
704 156
156 1210
167 164
805 164
22 156
164 1269
164 1928
535 164
970 156
156 1307
156 633
164 456
638 156
164 437
174 315
1738 156
357 156
164 140
164 870
195 156
1749 156
267 164
359 156
156 851
748 156
1096 164
156 1179
156 1241
1119 156
164 609
156 1230
1563 156
164 980
164 1221
164 670
156 778
164 667
156 1793
107 156
164 866
1582 156
156 124
248 156
1391 164
1548 156
156 1891
164 1629
164 1537
164 419
156 642
164 1485
1642 156
156 1460
1387 156
156 1476
156 146
1712 164
661 164
1261 156
369 164
156 210
1133 164
1729 156
891 164
1876 164
164 1740
371 156
164 1965
1688 164
164 1914
94 164
150 164
156 869
1849 164
164 172
1802 156
164 398
156 648
164 608
156 433
756 156
156 1862
761 156
209 164
948 156
1160 164
722 156
902 164
164 621
164 814
156 831
156 1143
164 1863
164 1374
156 1372
156 278
639 164
1607 164
164 771
588 156
156 971
407 156
1534 156
164 781
1477 164
164 1484
1058 156
156 1149
156 580
678 164
1174 156
164 843
156 505
1715 164
156 563
164 802
1263 164
164 841
513 156
156 435
156 626
164 1397
164 568
156 531
156 672
1650 156
156 464
164 1495
156 397
1468 156
951 164
822 164
164 1265
156 1912
1205 156
164 1
156 1240
156 1021
1953 156
1144 164
310 164
156 1217
396 164
1270 164
156 898
846 164
164 1153
164 612
164 968
156 572
156 1276
2000 164
1824 164
1718 164
164 1581
1980 164
963 164
907 156
1191 164
30 156
1070 164
156 112
692 164
1381 164
296 156
47 156
156 1325
164 1279
156 416
1264 156
156 1783
901 164
327 156
1781 164
156 1701
1763 164
156 238
1134 164
1590 156
156 1598
816 164
1697 164
1866 156
164 819
164 857
156 1452
156 1521
156 1271
1284 164
156 1273
164 1081
212 164
156 1672
1922 164
827 164
164 1246
164 1440
114 164
448 156
1745 164
164 1575
164 1647
701 164
1019 156
164 1911
156 1823
156 1173
1655 156
156 1931
1266 164
156 804
156 1085
1778 164
156 484
1731 164
131 164
1441 156
883 164
156 1815
156 774
1018 156
601 164
164 33
156 1641
156 824
1739 164
1591 156
1330 156
156 618
1472 164
498 156
156 685
1505 164
156 960
1428 174
1294 156
106 156
1816 164
501 164
156 1767
156 1112
164 1974
899 164
156 1298
156 1322
164 1915
708 156
991 156
1814 164
683 164
164 1175
14 164
164 271
164 178
1498 164
164 990
164 1993
164 998
1620 156
164 867
259 156
730 164
156 1192
164 1382
206 156
156 1167
1978 164
164 1759
156 1789
375 156
156 853
599 164
164 972
164 497
164 1732
164 932
1184 164
156 1141
156 1901
1895 164
156 1331
989 164
156 1504
1564 156
164 1199
164 666
156 1770
164 1857
1106 164
164 528
164 1874
1078 164
156 644
164 1136
156 943
164 403
889 156
156 728
164 976
164 44
156 220
1302 164
807 164
593 156
503 156
164 1536
1478 156
156 734
675 164
72 156
184 164
156 411
164 485
164 961
645 164
156 1572
164 693
1039 156
1063 156
363 164
1864 164
164 1103
577 156
878 164
164 1116
156 280
174 1730
164 1375
164 1580
156 274
1656 156
156 451
164 122
156 1392
156 1920
1234 164
1105 164
164 952
156 799
1626 156
59 156
1068 156
1743 156
164 443
1889 164
156 1741
164 1603
567 156
470 164
156 808
1466 164
1510 164
1569 164
293 156
164 428
156 325
164 512
1172 164
164 84
488 164
9 156
1165 164
1048 156
156 769
452 164
656 156
156 1592
130 156
164 148
111 164
803 156
1865 156
1259 156
156 1324
946 164
1050 156
164 1416
156 925
676 156
1109 164
1619 156
792 164
156 347
164 1389
1959 156
1919 156
404 156
156 355
164 1872
156 134
156 1366
1517 156
156 322
164 1236
156 460
156 632
1618 174
164 287
164 848
164 1800
1994 164
686 164
1883 164
164 1421
164 881
156 791
1721 156
156 900
164 755
164 326
164 1283
812 156
164 1084
707 164
306 156
156 815
156 252
156 88
164 895
156 201
173 164
164 1348
164 549
164 1622
1497 164
156 1860
164 1578
156 940
536 156
1613 156
164 817
164 1427
1646 156
156 1443
156 1756
1940 164
977 164
156 1856
1022 164
759 164
164 605
164 984
156 38
156 950
153 164
1364 156
164 551
1407 164
156 1873
164 934
1703 156
164 1437
1100 156
174 979
164 958
1704 164
260 156
658 164
1256 156
243 156
164 328
164 301
856 164
156 211
1573 164
156 1124
164 630
156 1185
164 682
254 164
164 449
164 936
615 156
1423 156
1362 156
919 164
164 1720
732 156
533 156
566 164
1299 164
1250 156
164 161
156 550
156 1469
156 1508
156 541
1481 156
1108 156
164 810
164 904
294 164
164 463
164 747
1690 164
164 149
164 1935
1196 156
1947 164
938 156
587 156
1450 164
156 262
751 156
156 1082
885 156
164 1347
1976 156
1292 164
121 164
288 164
164 589
164 1163
156 1075
1930 164
1723 164
1005 164
1208 156
863 164
746 164
1653 164
156 830
1682 164
87 156
395 156
156 1552
158 164
156 476
156 1539
205 156
1099 164
1954 174
256 164
164 1601
180 156
169 164
156 1356
157 164
1637 164
164 653
156 1839
1033 156
164 370
156 1152
892 164
1577 156
156 1780
620 156
174 1832
1090 156
156 1361
164 999
164 1716
500 156
164 637
1949 164
478 164
1253 164
1006 164
1576 164
414 156
715 164
442 164
1168 156
882 156
156 1811
200 164
276 156
156 1288
164 1404
156 760
1726 164
156 1587
486 156
164 1861
156 1788
164 552
164 579
54 164
156 1025
57 156
705 164
164 1107
156 1608
1180 156
156 1680
156 576
164 861
164 1231
1512 164
164 993
28 164
281 156
164 1314
164 489
156 275
1683 156
156 1326
164 935
156 1523
479 164
156 244
235 164
1384 164
1957 156
156 1272
1101 156
1341 156
390 156
929 164
284 164
1881 156
37 156
1507 156
156 164
156 631
697 164
1825 164
1458 164
164 910
1239 164
1910 156
1804 156
1301 156
955 164
164 711
1847 164
164 1308
164 1074
1041 156
1596 164
1200 156
413 164
164 273
156 311
156 305
408 164
1794 164
1329 156
1202 156
465 156
156 1305
164 1924
1086 156
164 1475
164 1777
1570 164
164 930
156 266
164 1791
1649 164
386 174
1898 164
156 1605
164 1531
164 1733
156 1436
283 156
511 164
156 1352
156 1936
156 1998
1516 164
156 1518
156 75
156 1693
132 164
156 779
156 845
619 164
164 556
164 1810
156 1368
1584 156
164 162
156 86
156 253
156 251
156 537
694 156
1907 164
1934 164
1888 164
156 1483
1303 156
156 1114
921 164
164 915
164 1639
156 1666
164 318
117 164
716 156
156 983
164 772
156 965
164 1836
156 842
143 164
1401 164
156 660
1571 156
164 477
1615 156
164 351
164 356
1806 164
1742 164
156 1805
1502 164
120 156
164 1665
156 634
156 48
156 1679
1295 164
1319 156
468 156
216 156
876 156
765 164
156 1426
164 1219
123 164
156 128
422 164
1982 156
430 164
1559 164
156 540
741 156
156 581
156 481
353 164
164 1991
174 1242
164 987
156 307
174 1996
978 164
164 1519
164 947
1430 156
101 164
156 41
847 156
79 156
402 164
319 156
263 164
1950 164
1080 164
164 1415
1667 156
58 164
459 156
174 1097
229 156
1850 156
164 603
1964 156
156 185
706 156
156 1425
156 1948
1177 156
156 82
314 164
674 156
164 1474
592 164
164 105
236 164
1555 164
156 3
560 164
164 1281
1799 164
156 1117
164 208
1614 156
156 923
156 8
1353 156
156 1566
156 788
529 156
156 1611
1457 164
156 133
156 1837
156 1161
151 156
219 164
164 89
1820 156
1812 156
727 156
164 625
920 164
164 561
1413 156
538 164
1925 156
304 164
164 1207
655 156
164 1933
144 156
156 1257
164 874
164 387
1007 156
156 491
78 164
997 164
524 164
156 179
927 164
164 657
164 298
164 532
164 767
340 164
743 164
164 373
627 156
156 610
15 156
1028 164
164 425
1038 156
156 624
164 780
156 1162
192 164
164 1316
156 434
1291 156
156 1929
547 164
156 1969
164 647
598 164
164 1782
164 1630
1547 156
1760 164
492 156
156 583
1313 164
156 415
164 1906
1049 156
1918 156
164 136
156 393
156 886
426 164
164 1558
1379 164
156 383
164 270
156 1164
164 461
1132 156
156 1488
1115 164
1714 164
1769 156
1251 156
93 156
164 1694
156 1130
164 60
454 164
156 110
29 156
800 156
1818 156
164 302
164 31
1737 164
164 1248
164 423
164 710
156 55
164 45
164 594
317 156
164 1287
852 156
156 1506
164 418
1396 164
796 156
1013 164
475 156
247 164
156 1057
156 1206
164 1461
237 156
164 1890
164 1952
156 839
164 1916
164 1023
164 1600
1493 156
801 164
156 1243
156 1431
1758 164
156 1447
164 820
1585 156
164 1708
164 1817
1595 156
156 677
164 1681
1987 164
164 341
164 1499
703 164
156 1065
164 1169
1657 164
164 1625
164 502
164 784
798 156
156 496
156 1056
1942 156
202 156
879 164
164 166
156 871
156 833
1909 164
174 1880
164 1247
156 995
1140 164
164 1710
156 835
156 299
828 164
43 164
164 1846
164 53
933 164
1586 156
228 156
156 1768
164 458
1188 164
1015 164
164 888
164 1159
514 164
156 1955
1515 164
156 586
231 164
74 156
164 1870
480 164
156 473
1332 164
1445 156
1135 164
156 198
164 1887
519 156
164 1946
1069 156
164 753
164 517
156 1293
67 164
564 156
737 156
300 156
1671 156
1989 156
1490 156
164 1339
156 719
164 1939
156 1454
339 156
156 646
156 1002
164 1828
156 1635
164 937
164 1092
156 543
156 1142
156 109
164 145
1750 164
1156 164
1340 164
600 156
1988 164
156 1790
164 1997
164 606
1535 164
156 1632
1550 156
62 156
1465 164
1464 156
688 164
156 1083
1400 164
292 156
466 156
1562 156
164 1926
1363 156
164 545
164 571
156 850
1851 156
156 738
156 754
687 164
164 1187
1111 164
156 1543
663 164
164 591
164 1692
164 39
412 164
164 95
164 1060
1593 156
156 223
156 1406
164 394
156 160
156 277
809 164
164 1819
164 224
1009 156
156 1623
156 617
91 164
164 523
164 261
439 156
1835 164
156 1010
156 1664
156 1333
862 164
164 1042
164 956
156 1388
156 168
156 1899
1975 156
757 164
164 1551
156 1698
917 164
436 156
1004 164
156 1583
156 446
156 348
1544 156
421 156
164 234
546 164
880 164
156 1501
1527 156
175 156
399 156
177 156
1792 164
1705 156
156 16
164 441
156 665
438 156
164 969
156 440
1252 156
1801 156
1709 164
156 467
471 164
1803 156
1722 156
156 374
156 548
1232 156
156 1047
1378 156
156 918
1377 156
1087 156
164 1345
156 542
156 389
164 1937
344 156
164 565
1775 156
156 558
164 1282
164 1713
156 554
156 226
750 164
156 63
156 1402
156 194
246 164
1040 164
164 1358
156 1809
1227 164
214 156
607 164
156 1139
164 1983
1675 164
156 1001
164 718
1328 164
1198 156
164 1973
1420 156
164 1660
164 352
156 265
1350 156
108 164
909 164
164 1037
1176 156
654 156
164 1394
868 156
787 164
1129 156
777 156
222 156
156 906
1776 156
156 1945
164 1054
714 156
1871 156
164 1073
1147 156
1542 164
164 1317
10 164
156 1128
156 1634
164 1893
156 721
156 171
894 156
156 1645
156 641
1233 156
156 1967
156 691
384 156
1225 156
156 896
1155 156
73 156
762 156
164 887
69 156
875 156
164 1359
156 855
1894 164
1489 164
156 116
156 1151
1011 156
164 1691
1556 156
163 156
749 156
1869 156
1878 156
164 1145
164 668
164 1545
702 164
662 156
405 156
720 156
1923 164
1678 156
1275 164
156 1500
1020 164
156 912
156 1290
156 193
164 159
164 1393
156 1513
1414 156
420 164
164 726
510 156
1651 164
1707 164
156 1892
1012 164
1659 156
559 156
156 1194
164 1000
164 1589
164 1643
23 164
1342 164
358 164
1214 164
164 1840
911 164
164 650
164 469
1654 156
164 258
155 164
1567 156
1921 164
1137 164
96 164
758 156
1834 156
1310 164
1546 156
1296 156
156 744
156 217
797 156
1746 156
164 582
1943 164
156 50
164 361
164 239
164 1538
156 1594
1455 156
156 291
1289 164
1113 156
164 1095
1171 164
1753 164
156 924
400 164
164 1668
1565 164
207 156
821 156
156 1277
782 156
1181 156
366 164
164 1471
156 897
164 320
27 164
156 1045
1903 164
156 1979
1432 164
164 24
483 164
1702 164
164 1884
164 135
1944 156
1255 164
279 174
156 1346
156 786
164 1932
698 164
156 1258
156 474
764 156
156 1077
1725 164
156 1961
156 1486
1166 156
1312 156
1125 156
516 164
1999 156
156 578
1343 156
164 92
1403 164
164 444
164 525
164 1658
766 156
916 156
156 926
203 164
1579 164
156 1254
740 156
118 156
584 156
360 156
495 164
164 1727
1146 156
156 837
156 147
652 156
1541 156
156 1204
1617 156
1017 156
447 156
286 156
775 156
164 994
156 1784
156 85
66 156
1449 164
164 1043
914 156
518 164
156 992
156 1877
1158 156
156 783
1479 164
164 1089
156 1986
164 11
138 156
71 156
1300 164
156 1424
1357 164
156 1631
164 103
156 1209
1528 156
164 1761
156 215
164 739
1027 156
1211 156
164 154
585 156
522 156
156 1696
1222 164
555 164
156 1774
872 156
64 156
97 156
1053 164
164 20
1766 164
156 221
1706 164
156 1306
544 164
1444 156
142 156
188 156
1024 156
1503 156
164 1376
156 966
156 1956
1008 156
424 164
156 1796
1170 156
290 156
156 860
1640 156
1473 164
164 343
590 156
1908 164
156 1088
1735 156
1371 156
1127 164
156 1213
832 156
494 164
156 1968
1821 164
156 689
854 164
164 865
156 1030
1633 156
156 1685
156 1621
1628 164
156 776
119 164
156 1249
156 1858
156 432
1380 164
164 1798
321 164
1677 156
1879 156
332 164
1896 164
156 376
973 164
1795 164
156 19
164 1260
690 164
164 308
949 156
164 285
164 1337
156 1514
1126 156
164 1195
164 99
156 1315
557 156
156 1470
770 164
569 174
724 164
1463 156
164 1429
164 1411
164 622
1644 156
1958 156
156 1189
164 1616
164 242
1711 164
164 504
1459 156
164 1882
1762 164
268 164
450 156
156 773
942 164
368 164
616 156
156 699
164 77
164 115
156 1417
156 1985
164 1853
840 156
1751 164
1807 164
836 164
1071 164
181 156
156 713
164 527
164 1157
156 1610
164 445
1905 164
156 1244
1274 164
156 664
156 1351
379 164
1297 156
1652 156
164 681
156 1304
1687 156
156 1446
794 156
1549 164
1044 156
176 156
859 156
164 1525
1972 164
164 303
1482 156
623 156
164 1456
152 156
745 164
1941 156
1841 156
156 1059
156 570
164 165
1016 156
334 164
241 156
156 763
156 1062
32 164
964 164
156 1826
1686 156
429 164
164 1480
928 164
164 431
1422 164
164 520
844 156
156 35
164 187
1031 156
156 1859
164 1121
156 1262
164 959
1226 164
1186 156
164 659
156 954
1674 164
156 1599
1487 164
1076 156
156 1433
364 156
164 1597
1150 164
164 1524
164 333
457 156
156 1064
1813 156
156 225
1120 156
164 1842
156 1995
164 939
453 156
164 1321
98 156
255 164
156 406
829 156
164 913
864 156
156 330
1990 156
671 156
156 1797
164 346
156 908
164 349
823 174
164 329
164 941
164 90
1779 156
164 1785
1845 156
1182 164
164 378
164 1917
164 417
156 21
331 156
1072 156
156 232
156 628
156 1419
156 5
849 156
156 553
183 156
768 156
156 80
156 562
164 1902
156 1365
156 372
709 156
164 100
342 164
156 1036
164 1927
164 1734
316 164
156 515
733 164
1830 156
1728 164
164 1886
156 1148
164 521
164 1335
156 472
164 974
335 164
156 604
696 164
1237 164
1052 156
156 362
1267 164
156 1318
156 1412
164 1867
164 1554
1670 164
164 1408
679 156
462 156
164 1091
1138 156
1055 156
825 156
164 1662
1648 164
1046 156
164 611
345 164
1360 164
164 1848
164 717
156 245
164 427
981 156
164 806
164 1765
156 1764
164 1229
1557 156
354 164
156 1627
1540 164
164 1963
1029 164
233 156
1588 156
156 1533
156 1855
1218 164
1003 156
164 1386
164 36
164 401
365 164
1390 164
482 156
736 156
164 1951
164 1900
164 595
493 156
164 1448
164 931
1829 156
1520 164
164 1014
164 1808
1612 164
156 139
164 1663
312 156
996 156
7 156
1197 164
1453 164
1110 164
164 1334
1844 156
1609 156
156 1355
164 240
164 967
636 156
1212 156
1235 156
164 269
156 858
1529 164
1574 164
1749 1749 164
513 1463 1054
478 1040 1759
1679 2000 164
1 1425 174
1216 1216 174
461 760 156
1054 1054 1812
1895 1895 893
242 2000 156
569 1154 164
1 1503 1522
555 1210 156
920 920 174
1 10 156
1 1724 174
1 575 164
242 2000 156
1895 2000 177
1533 1533 1646
1 1495 1387
1 1981 1076
1 288 283
1383 1776 174
1586 1586 238
1020 2000 164
474 2000 1431
842 842 360
1 1250 920
1 767 174
46 2000 156
1030 1030 106
364 364 548
772 2000 1300
204 516 159
913 913 156
1 1591 512
1 1793 174
621 2000 174
1214 1214 174
693 2000 1989
492 2000 1302
561 1389 174
726 726 1515
726 1030 156
1 851 690
22 2000 164
864 2000 164
107 1022 1681
621 621 174
1010 2000 156
641 641 156
1 74 164
815 2000 570
1210 1210 1977
806 2000 174
1 1455 164
819 918 1969
1701 1701 156
1145 1838 154
916 916 174
1912 1912 576
1027 1027 1901
1 1841 164
255 255 156
1 1368 174
609 609 514
1 1284 174
798 1531 1882
1430 2000 218
1 293 156
1 1121 156
884 884 353
1 1463 156
484 484 164
1 532 1421
1053 1973 1436
1906 1906 174
1669 2000 174
1120 2000 164
1114 1114 164
845 845 1152
303 1784 1534
1860 1985 1228
766 2000 1439
1372 2000 1566
1284 2000 697
802 2000 164
1 1635 112
1322 1660 248
1 1416 748
1138 1138 1838
1853 1853 164
1611 2000 480
1677 2000 164
1013 1013 816
333 2000 164
1791 2000 1466
56 1044 174
744 744 55
1 1682 164
1 571 174
245 2000 1172
1026 1026 164
298 1417 164
1234 2000 164
334 923 1755
1 1586 1822
875 875 541
1 1162 218
847 1370 1442
888 2000 1967
1158 2000 446
1556 2000 164
607 854 164
1613 1613 405
240 1960 1477
700 700 1715
808 1045 20
43 1541 1653
1 892 1037
1 1127 1948
132 132 649
389 389 156
1772 2000 164
1142 2000 174
1 1358 1673
1 845 174
348 348 156
154 785 156
982 1605 1546
428 2000 174
164 2000 156
613 613 174
1 1188 174
670 808 1427
1851 2000 156
1054 1054 1195
562 562 98
1 1154 1889
576 972 187
1887 1992 164
597 2000 1675
957 1130 164
1 140 174
924 1086 174
1 439 174
1017 1017 1934
145 146 156
1399 1399 109
1348 2000 156
1178 1178 156
253 2000 156
406 720 1380
1 526 164
73 1109 156
1587 2000 156
1448 2000 1399
1 110 156
491 2000 156
1155 1155 164
1 46 1586
1095 1507 174
841 841 164
975 2000 1076
1 1645 1884
1963 1963 156
1 56 174
1105 1185 164
1649 1649 174
288 288 174
1155 1155 164
1248 2000 1945
1 958 1448
1 1911 1883
1252 1252 1030
1 487 164
120 120 156
407 407 164
1 354 164
2 1070 43
1 34 1947
443 443 1670
1660 2000 1131
781 781 156
1 1814 1293
240 1436 1499
790 790 156
537 537 156
1198 1198 164
1 456 723
515 2000 164
1 1046 602
326 2000 174
1 1188 811
1665 1906 1361
1684 1684 327
708 2000 156
1971 1971 164
736 2000 174
1338 1338 1064
1827 1827 164
1571 1571 156
1695 2000 123
1584 1584 164
1895 1895 1299
1 1657 228
1162 2000 156
193 2000 38
432 757 174
1066 2000 164
608 608 156
1413 2000 164
260 2000 174
1 993 156
755 755 164
893 893 156
369 471 2
1883 2000 164
1 417 156
1 644 790
404 404 156
1626 1639 164
915 1371 574
1739 2000 1418
1 676 1316
269 2000 156
730 1009 64
1249 1643 156
1003 2000 156
584 584 1600
1550 2000 485
1 1353 952
1 1539 756
1 230 156
739 2000 174
1598 1598 174
1235 1984 1572
468 1799 174
746 746 1027
1492 1492 164
1050 2000 156
703 703 1798
1 495 164
560 751 156
1 685 156
1007 2000 774
315 315 174
613 2000 164
1 33 1414
1 329 1677
1 415 1519
1181 1181 923
1113 1247 922
1002 1537 1461
1505 1505 126
1 1612 164
182 182 156
1 1937 156
1876 2000 1797
1 506 164
1 1049 898
88 2000 1364
860 860 156
1515 2000 569
1 87 817
906 1699 1947
1468 2000 1921
1 1289 164
1 1635 1014
1 1992 164
1 42 156
1 1704 174
899 899 1289
1 1675 710
1591 2000 156
880 880 1728
1 1411 874
89 2000 164
1411 1895 174
1222 2000 164
1 1717 156
310 2000 1690
639 1229 1155
1 1739 1081
259 259 164
1019 1019 400
1 1548 164
1 977 924
1566 1899 164
1 1781 1533
1 1465 497
1299 1512 164
1060 2000 283
1 789 174
1169 1765 164
465 2000 981
109 109 6
1292 1292 133
920 920 1882
11 11 257
1 478 156
1255 1932 174
1369 1589 164
1 626 156
352 352 1067
944 944 156
1572 2000 156
546 2000 1682
1446 2000 1976
1786 2000 608
426 426 164
11 11 174
1 1956 156
1 1702 164
1474 1474 1609
1841 2000 429
1254 2000 156
792 2000 1361
1966 2000 174
1 511 1006
1143 1143 164
2000 2000 1244
1 1028 978
1376 1376 205
882 882 1472
1 248 201
1 1564 174
280 2000 164
416 2000 164
1642 1642 1391
1 305 824
174 174 164
964 1351 174
974 2000 156
1 970 174
1341 1425 156
1000 1109 174
1176 1176 174
1 479 156
95 95 174
992 2000 174
1064 1637 1003
1314 1314 1306
1 1673 174
1 1979 174
1 207 1578
1689 1689 589
1045 1045 221
1 230 156
1593 1593 913
608 1668 156
378 467 1383
260 1914 156
1114 2000 156
1 975 156
360 360 174
291 817 174
1216 2000 174
1848 1848 174
674 674 174
895 895 164
1 1798 174
703 2000 1951
77 1119 156
1 1124 164
1 1550 174
1 638 174
957 957 156
444 1221 1140
1 535 174
470 1703 156
1 1891 1093
934 934 624
820 2000 1423
1 1371 164
1531 2000 533
755 755 1357
1 220 174
327 2000 1166
742 742 156
1569 2000 164
1 924 164
1 1539 156
1 1082 164
574 574 156
1224 2000 174
1845 2000 1846
1222 2000 842
1349 1349 775
817 2000 89
936 936 174
1711 1989 174
1927 1927 1999
1 1412 164
121 1003 909
261 261 377
74 2000 695
488 1184 156
492 2000 1344
497 497 156
1798 1798 427
1 1470 156
1 1044 156
828 1856 164
1 1316 143
7 7 985
1850 2000 174
1306 2000 156
658 2000 1114
1953 2000 164
1525 1525 1414
1 1817 174
848 848 174
1480 1480 154
1982 1982 164
1843 2000 816
1 1001 461
1 1481 956
427 427 742
1 1862 1240
1284 1588 154
1565 1565 174
1 886 1287
1 1862 974
969 969 174
1896 1896 1599
1 256 1412
1241 1241 447
1900 1975 331
1 247 174
787 2000 164
982 982 174
1 494 109
351 351 353
875 2000 142
778 778 1726
850 850 924
50 1346 931
746 2000 1716
38 1208 156
582 582 164
1 1649 174
48 66 174
1380 2000 174
353 353 174
41 2000 691
1948 1948 266
216 856 164
1609 1609 174
1 1486 164
192 2000 442
1 921 598
399 399 701
888 1239 164
982 2000 683
431 431 164
1061 1061 1433
1 448 156
1 263 156
1332 1798 164
41 2000 156
1 285 156
109 1661 164
1 1142 164
1343 2000 156
1 1520 1084
1400 1716 1690
1 118 164
1409 2000 1052
394 1748 156
1 402 164
1437 1437 590
1 1257 1782
1504 2000 156
224 2000 156
1306 1306 1247
49 1044 156
1 1574 1324
921 2000 156
49 138 1105
1671 1903 1736
1 1050 277
1 1799 1832
91 2000 706
1 163 1742
1866 2000 1048
1 850 174
1 123 156
1325 1325 1254
1 76 164
619 869 1730
1992 1992 939
1927 2000 1014
1 1631 164
1996 1996 1849
1599 2000 642
333 1164 409
1 1275 255
740 833 469
291 1618 235
1741 1862 174
1943 1943 174
1 1874 164
980 2000 1185
1303 2000 164
1240 2000 1832
171 171 174
9 9 441
488 488 156
1 353 164
1624 1624 156
1028 2000 1159
1 582 164
1 1782 1314
1 1327 174
1 672 156
1 482 164
544 2000 781
1 1776 1133
1284 1775 164
1233 1233 1580
591 1996 930
1 126 156
1263 1263 174
1839 2000 164
1069 1069 516
290 1380 711
1 1226 1232
1497 2000 1348
1 1501 521
1 1089 256
1 1408 164
110 1566 1869
1 738 1586
1 1187 156
498 1721 174
235 423 1495
1 872 164
1762 1762 174
624 666 164
1631 2000 1257
278 2000 156
1 1167 1728
1 210 164
31 31 1423
863 1760 164
1 1704 164
489 2000 6
1546 2000 174
334 1122 164
769 769 164
681 770 174
1623 2000 1733
214 214 842
1 1718 140
1 1834 164
1026 1026 1958
1 1207 174
1832 2000 710
1813 1813 1706
1 1470 164
78 2000 174
1 1368 164
423 423 174
1333 1333 156
1 1671 164
1 1867 164
1 1628 174
1 243 156
596 596 174
423 1103 391
29 1397 1822
1535 1535 164
33 66 1297
1879 2000 1500
1948 2000 174
432 2000 1945
480 924 174
1259 2000 1920
1 1463 156
841 2000 798
1 1588 174
1 47 1729
1511 1511 1915
885 2000 156
1871 2000 156
56 2000 174
1325 2000 1953
20 20 799
461 2000 156
1046 1046 1021
1 139 1226
408 408 212
1 952 171
617 1504 174
870 870 1819
1839 1839 1549
1223 1223 164
1942 1942 1551
531 2000 156
869 869 1882
628 1305 1001
759 2000 1725
1849 2000 156
1378 1378 1416
1233 2000 1426
1 1361 1440
1404 2000 1275
1129 1129 156
853 2000 156
1474 2000 164
1 1804 174
1937 2000 24
1031 2000 164
650 922 156
653 653 174
1 1260 156
1 1675 174
1572 1927 174
1204 1801 759
1 1699 1156
1086 2000 154
1 264 164
1 1703 156
255 1227 1380
1218 1810 647
606 2000 164
1 988 174
187 631 164
1073 1073 174
1 131 162
1362 1362 156
332 2000 156
1611 1797 645
1145 2000 174
115 1271 1537
1 597 858
339 2000 156
184 184 164
745 1142 164
891 2000 174
765 765 1696
684 848 1831
702 995 174
851 1319 1513
1295 1295 214
529 2000 1858
365 1685 1330
1469 2000 1535
1888 1888 3
1596 2000 1038
116 1944 300
4 1833 164
1 1036 174
460 460 164
210 898 164
1825 1825 164
709 1135 174
268 268 480
1009 1009 174
1054 1550 156
156 156 164
1 1810 1707
1 1751 1560
1114 1898 164
913 1971 174
1303 1693 174
1 1528 156
1 1947 156
1447 1447 332
131 1408 1486
1 1432 1861
57 1047 475
1553 2000 156
1269 2000 156
100 1904 174
1696 1696 1926
855 2000 432
106 218 1358
1565 2000 1189
1 440 164
1 960 174
1985 1985 156
1615 2000 1366
405 1674 22
477 2000 174
1347 1347 1326
1110 1731 1749
609 609 164
291 2000 164
1827 1827 1493
1 1960 1579
1907 2000 750
675 675 156
46 134 1692
1859 1859 251
467 467 626
146 2000 174
1318 2000 164
300 2000 174
783 783 906
310 2000 174
1 297 164
1345 2000 174
311 2000 62
660 2000 164
1 1328 164
1465 2000 174
606 606 174
1 20 155
398 2000 1299
1756 1756 164
1852 1852 156
1 1068 1539
1569 2000 156
1 1374 156
1753 1885 1679
755 1697 1639
159 2000 156
1173 1173 1452
1627 1651 1264
1804 1804 164
1088 2000 736
1900 1900 174
1764 1764 156
464 1360 1790
22 22 1969
120 452 156
1 1362 164
538 538 1507
1415 2000 156
843 1330 164
1 220 156
718 718 77
1416 1916 174
985 985 574
1 1753 1010
1059 1059 808
1 596 949
1 1575 1584
1 1232 156
147 2000 986
1868 1868 156
1226 2000 185
1852 1852 1035
1 1104 972
1786 2000 335
1703 2000 164
248 248 217
1863 1863 1921
534 2000 156
1924 1924 156
290 2000 164
1 141 174
1237 1679 45
1 1172 174
1 1149 1560
467 950 1272
1495 1868 174
1258 2000 156
1663 2000 80
1811 2000 164
333 333 1813
1 470 1209
184 184 1566
517 517 616
1929 1942 490
1952 2000 164
833 833 174
1480 1639 164
257 257 156
1 1849 402
89 89 1705
241 1703 164
223 2000 988
1 441 1927
1220 1220 1888
1 314 164
579 988 1913
1142 2000 164
1 1722 1827
1 1859 1853
30 30 164
1524 1524 247
504 2000 288
728 1066 156
1989 2000 925
1 1791 435
44 44 156
1 17 1543
1538 2000 174
1560 2000 156
643 1738 174
1 570 1456
348 348 1364
430 1652 129
1298 1528 885
255 1352 1234
1666 2000 174
694 2000 156
1636 1933 164
1602 2000 174
829 2000 156
1723 1723 156
247 247 350
1877 1877 1467
1689 1689 164
1 582 492
623 2000 1929
1827 1827 469
979 979 424
1380 1380 164
1105 2000 156
1 236 972
1 1770 156
1213 1213 1936
1506 2000 912
1 326 156
1716 2000 156
1037 2000 81
542 1331 150
1000 1631 174
1110 1110 1432
1 678 440
1412 1634 156
1917 2000 156
513 2000 164
1 1020 1588
1 524 174
1 904 156
1 72 373
1322 1683 1109
52 2000 1659
1248 1969 1276
1195 2000 1162
440 1848 1248
1 1995 156
1684 1684 164
576 576 987
891 1711 200
1 1999 164
736 1821 341
1 1261 156
632 632 174
1355 1355 164
1 1249 1788
150 150 911
727 2000 1192
2000 2000 339
311 374 809
1575 2000 174
1136 2000 164
139 660 1811
1604 2000 156
1 1110 1664
1 1094 1713
1 455 164
1978 1978 1803
681 681 1490
1 1943 174
676 676 164
15 756 174
1293 1293 156
403 568 1280
1 682 156
1141 1141 1657
1386 1386 32
1457 2000 174
1 403 942
1356 2000 174
828 2000 1825
1275 1562 174
1688 2000 1847
1782 1782 1251
1049 2000 174
116 1161 156
1 471 164
1 1761 174
1449 2000 1457
1 739 391
1 210 156
1 545 906
1816 1816 164
465 1021 231
1 1701 174
69 69 174
1 206 156
762 762 156
633 633 164
120 120 424
541 1275 146
1 1075 156
913 1670 164
1 821 174
1497 2000 156
890 890 730
1 1032 1061
330 720 164
760 2000 1372
1 1771 191
631 631 174
1 1267 623
1722 1722 156
1796 2000 309
375 375 156
651 1914 1784
1 1954 1742
61 706 1409
1171 2000 738
943 943 174
1087 1087 837
261 901 174
886 2000 102
1124 2000 78
236 1471 1286
550 550 79
1 1266 164
1013 1588 1621
1851 2000 1801
722 2000 1094
1544 2000 164
1 842 164
47 47 1981
594 2000 174
1777 1777 164
414 414 1236
1 624 1170
1 1128 1770
1 1992 174
1106 2000 1058
1 404 156
709 1496 992
315 315 174
518 2000 164
1651 1651 1273
1674 2000 164
1743 2000 1497
281 2000 598
1558 1558 156
42 42 174
1692 1692 1949
121 1601 1752
906 927 156
1 491 164
1705 2000 448
1 925 477
1323 1655 865
344 2000 1272
252 1882 177
1564 1564 174
1 321 1436
1 1953 174
1 334 164
961 1531 385
1084 2000 1226
1503 1503 174
1 1838 156
1 892 1614
349 2000 156
1173 2000 174
866 866 164
1700 2000 174
1 523 156
473 1409 156
1 1994 156
1859 1944 7
658 658 156
93 980 156
1899 2000 164
1605 1605 173
865 865 1165
983 983 156
51 51 174
1 1214 156
1 884 799
1900 1900 156
1 970 164
778 778 156
344 344 156
1563 1563 164
1 616 156
770 2000 147
1378 1378 174
584 2000 164
1714 2000 1243
1 203 1192
671 1258 1656
1956 2000 996
177 2000 1849
1176 2000 1945
353 353 164
1993 2000 1560
871 871 174
1 781 156
1 424 1187
1 33 1122
1745 2000 164
1293 2000 449
1128 1128 156
328 2000 368
1779 1779 174
1398 2000 156
1 1861 164
311 651 174
659 659 829
1693 2000 983
469 2000 459
1052 1265 174
1945 1945 164
1 118 982
180 2000 1529
1890 1911 151
1124 2000 164
1345 2000 1609
299 2000 164
1 807 1985
1 588 1443
1 55 174
1 328 1064
283 633 11
1 374 345
1 1161 174
1010 1010 156
1351 1351 174
1 1063 1093
333 2000 164
885 1126 164
154 454 1935
1 623 141
1364 1364 719
1013 1013 174
1977 2000 156
1 645 174
1 608 164
550 2000 156
1783 1783 156
1 1516 164
364 480 391
1472 2000 164
1 754 817
735 735 1401
950 2000 1081
532 532 156
1 236 174
412 2000 156
748 748 174
1437 2000 174
1360 1553 855
340 2000 1386
734 1946 164
1208 2000 1691
1869 2000 164
525 1032 1599
1790 1790 273
431 1417 164
95 95 1003
1 1454 156
1 1153 33
1711 2000 8
577 1510 156
785 2000 302
449 2000 156
1633 1670 164
1045 1907 1660
1845 1845 1440
769 2000 159
534 2000 156
297 2000 174
1209 2000 164
1079 1079 1862
765 1713 366
1 87 1635
1662 1991 156
136 136 174
716 1436 174
510 510 641
1713 2000 1717
179 1604 1379
1 1207 174
1 362 174
1215 2000 164
142 2000 922
57 509 358
826 826 174
1063 2000 174
1886 1886 1646
1 1797 174
686 2000 174
1039 1039 164
1191 1191 1615
1 1485 1611
132 132 522
727 1087 745
1191 2000 531
118 1166 1137
1 757 164
90 250 1543
957 957 1474
1 81 164
125 2000 488
620 2000 834
1 1015 174
1 506 156
234 1674 156
816 2000 841
210 1822 174
374 2000 1531
567 567 1381
1 395 174
287 287 174
1 582 1182
1 1768 571
1 1776 809
577 1585 833
690 2000 1537
444 2000 1636
1050 1832 164
1552 1552 604
1 696 156
1 313 872
1 1131 413
1 573 156
1950 2000 174
1 1219 1911
971 2000 667
159 1452 1913
1 762 698
1 1719 164
1 1174 923
46 46 156
1047 1047 1769
497 1870 1692
1178 2000 254
1 1900 156
1043 2000 782
1 60 164
1427 2000 174
1 569 623
91 91 174
194 194 1119
1085 1085 156
1 1832 164
1 251 156
1679 2000 174
524 2000 1266
785 785 174
1 1368 174
345 1754 156
1 1331 942
1 397 174
587 1103 156
713 2000 1790
997 997 564
1 1403 164
1475 2000 174
1487 1487 156
1 626 242
1 932 164
187 187 79
817 817 174
233 233 1987
1600 2000 1238
765 2000 164
1608 1608 164
16 1321 1335
1 1426 164
939 1350 174
867 867 156
1 1373 164
1 1698 1988
348 796 56
239 1668 156
1704 1704 1647
1127 1392 1772
1 1460 164
1409 1409 1797
1340 2000 156
1393 1393 1088
175 711 715
1357 1357 468
1 1824 313
1906 2000 156
325 325 174
1032 2000 1731
406 406 156
675 2000 156
1510 1970 164
1 345 1968
924 924 333
1 1560 1695
1 1623 1746
145 145 174
1254 2000 656
833 1765 156
1466 1466 164
423 2000 174
975 975 1038
962 962 1823
1250 2000 754
690 690 952
1 1989 12
1259 1259 174
1530 1859 174
689 689 405
1 260 164
204 695 1789
836 2000 1452
1 543 174
1618 1618 164
135 2000 1864
1631 2000 164
151 231 827
882 2000 263
1397 1397 1598
236 2000 174
736 1684 156
1 612 941
1996 1996 156
