100 67 32
100 32
32 54
72 32
32 60
32 2
32 1
32 12
32 39
32 6
15 32
75 32
73 32
64 32
40 32
32 71
48 32
77 32
29 32
62 32
59 32
32 94
32 82
41 32
15 4
15 98
20 32
85 15
52 32
32 11
32 95
32 13
32 70
32 66
58 32
32 91
15 30
69 32
32 65
32 25
32 34
32 9
96 32
15 55
89 32
50 15
32 67
93 32
32 5
46 32
32 83
56 15
35 32
32 79
32 81
32 18
43 32
32 80
8 32
61 32
21 32
32 3
15 27
10 32
33 15
63 32
32 44
32 99
36 32
84 15
32 37
15 38
68 32
15 74
32 7
32 26
22 32
47 32
17 32
28 32
32 76
49 32
42 32
90 32
32 86
32 57
32 88
32 31
53 32
32 24
92 32
51 32
32 16
97 32
45 32
78 32
23 32
87 32
19 32
15 14
1 74 15
11 100 32
37 37 92
51 51 32
19 19 15
1 79 1
59 100 15
91 100 32
1 63 62
28 100 15
1 32 32
65 100 15
46 98 19
43 44 27
30 100 100
74 74 15
28 100 15
48 100 51
96 96 15
59 99 32
8 83 32
23 100 15
69 69 51
24 60 32
1 57 81
1 8 92
1 100 9
1 95 15
1 57 32
1 46 32
66 100 30
1 74 15
22 73 99
49 49 51
74 74 63
14 89 26
33 35 15
1 88 15
1 20 26
54 54 38
1 39 57
70 100 25
55 100 32
1 71 32
1 52 15
100 100 19
1 12 32
13 13 15
49 100 74
91 91 57
17 17 32
17 29 81
1 55 32
16 16 15
1 44 72
1 15 26
1 14 15
53 53 15
59 100 15
17 17 81
44 100 32
34 34 15
55 69 1
57 100 32
1 90 15
37 100 58
1 68 31
