2000 2000 148
67 1220
148 591
1311 67
213 67
67 209
254 148
67 651
67 545
293 148
1636 148
148 1033
67 528
419 67
67 1906
628 148
940 148
148 93
1211 67
1445 67
148 303
148 1404
67 127
1481 148
148 610
1022 67
1328 148
148 1247
331 148
791 148
148 865
148 152
67 1286
559 148
148 21
701 67
67 768
67 288
67 695
448 67
1161 148
148 977
148 644
148 758
148 840
67 767
148 206
148 1647
148 329
67 1819
67 1381
148 243
148 1382
1807 67
989 148
67 948
148 1540
1017 148
1473 67
1050 148
148 15
67 441
748 148
1627 67
148 1227
148 909
631 67
67 1944
67 1885
1926 148
883 67
481 148
1677 148
148 808
148 1378
148 1183
148 447
1941 67
148 506
534 67
67 461
1392 148
968 67
113 148
328 67
67 586
148 347
148 1122
311 148
148 1901
67 1875
148 237
240 148
67 864
1887 762
67 1
67 1908
67 472
680 148
148 925
148 1458
148 666
475 67
477 67
1998 67
597 148
148 22
1842 148
67 943
148 1515
148 222
1060 67
67 885
148 383
67 37
67 804
67 1589
148 1642
1553 67
799 148
938 148
67 200
148 759
1236 148
219 148
1008 67
148 872
67 1362
1903 148
1593 67
67 908
148 1208
67 330
1430 67
148 272
1290 67
496 148
895 148
1023 67
416 148
148 1778
67 102
374 148
1278 148
643 67
494 67
343 67
742 67
67 1300
67 1276
1389 148
1184 148
637 148
360 148
67 1966
564 67
276 148
148 194
67 594
67 1018
1792 67
67 1702
1975 67
67 874
67 1357
1822 148
1363 148
148 1844
67 1799
408 148
1039 67
361 67
1524 67
67 467
478 67
67 56
1163 148
238 67
1728 67
1123 148
148 1628
67 1860
67 122
1887 1512
853 148
148 391
894 148
1055 67
148 425
67 48
148 1771
650 148
1697 67
148 944
148 55
67 45
161 67
148 1318
148 309
1419 148
148 1907
1996 67
148 1488
148 1968
1073 67
148 90
1700 148
1783 67
67 111
67 77
148 71
195 67
1887 1682
428 148
1110 67
148 1724
1439 148
148 917
718 67
1210 67
188 148
67 1111
1563 148
67 345
390 148
725 148
1403 148
67 1250
1101 148
148 150
1375 148
148 1168
148 1765
67 1959
148 1624
67 1109
67 973
67 249
1454 67
148 1330
860 148
148 1749
1918 67
1366 67
67 64
168 67
375 148
1355 148
1887 234
217 67
148 247
67 1502
1917 67
926 67
148 36
1394 67
148 1347
67 823
164 148
1322 67
148 378
67 1893
332 67
387 67
1138 67
421 148
67 181
148 1312
859 148
148 749
67 862
67 683
148 1194
148 1622
148 1889
67 1356
1006 67
67 1758
1704 67
1289 67
450 67
148 32
1026 148
1225 67
148 588
67 449
1471 148
776 67
657 67
67 1519
553 148
812 148
1520 67
470 67
655 148
970 148
66 148
67 1659
67 147
1577 148
1579 148
30 67
1477 148
148 1987
1360 148
148 1978
518 67
148 1175
1594 67
67 286
148 7
67 119
520 67
1920 67
223 148
918 67
67 139
1495 148
67 389
67 1988
1658 148
148 1317
148 752
67 1869
802 67
148 333
148 1592
148 1692
148 298
67 1094
67 1625
148 1833
1480 67
1611 148
430 148
1720 67
497 67
1684 148
148 1195
67 138
772 67
1472 148
963 67
67 1358
1955 148
434 148
148 652
899 67
67 1144
148 1127
148 1491
148 1166
148 537
567 67
67 1936
310 67
67 1361
747 67
284 67
999 67
220 67
1976 148
148 1224
1251 148
67 493
67 317
539 67
148 1559
67 1919
837 67
869 148
1556 148
485 148
956 67
646 148
1353 67
148 630
67 1303
67 301
1790 148
607 148
1994 67
1870 148
67 452
1572 67
135 67
67 502
507 67
1513 67
1887 1154
103 67
67 598
1756 148
148 583
1302 148
67 1261
504 67
1983 67
148 1149
148 144
67 875
1887 603
691 148
1934 148
67 1424
1134 67
148 49
1701 148
824 148
252 148
67 1617
92 67
1815 67
67 75
148 1683
148 1241
1120 148
1887 1487
67 1463
1742 67
106 148
492 67
67 114
1146 148
148 738
67 601
148 682
148 1912
67 1596
67 167
67 51
1537 148
20 148
1099 148
1660 67
1172 148
445 67
148 324
1504 148
67 1321
67 1930
148 1669
67 1711
67 1639
1601 148
67 893
704 148
67 1691
148 1584
429 148
67 1173
65 148
396 67
67 326
308 67
1283 148
148 1401
67 1699
1716 148
131 67
565 67
148 83
1229 67
1887 987
67 18
67 1797
148 906
659 67
148 1256
67 1103
67 1892
69 67
148 1766
1898 67
512 67
67 838
67 1737
795 67
548 67
1474 67
148 818
482 67
952 67
1340 67
1793 148
453 148
67 1845
1632 67
148 366
148 1305
67 1764
148 1620
148 1292
67 1788
1651 148
1098 67
1890 67
148 947
698 67
67 1668
67 1130
148 912
148 1182
67 1179
495 148
1738 67
1949 67
811 67
1486 67
1655 67
148 1970
67 577
1244 67
67 1385
148 1202
67 936
148 576
137 148
350 67
67 1670
67 1931
1551 67
399 148
148 1422
148 242
67 769
1638 67
1281 67
67 939
148 1100
974 148
67 1736
67 1768
815 148
67 405
348 67
67 1679
67 1482
148 82
148 1641
67 1448
70 148
386 67
654 148
364 67
67 809
1721 148
67 1863
67 599
67 1331
67 1418
678 67
61 148
675 67
148 262
148 1237
148 479
148 1230
148 1159
60 67
67 1350
1327 67
1887 790
148 1304
1351 148
54 67
746 148
1921 67
67 755
873 148
148 149
720 148
67 1049
67 574
501 148
729 148
148 46
67 1961
148 1368
148 1320
1729 67
645 148
1335 67
67 1187
1777 148
1802 148
377 67
148 719
727 148
67 1952
148 1696
148 716
67 1313
148 1238
67 1118
67 1905
1652 67
1285 67
384 148
148 1676
1673 148
67 28
1856 148
148 160
858 67
1221 148
1820 148
23 148
1188 67
67 319
67 521
148 668
148 914
148 1085
148 463
25 148
67 266
148 1243
29 67
67 1485
67 1452
67 1028
1007 148
1067 67
67 602
67 1344
1021 67
1105 67
67 271
1812 148
148 1467
751 148
867 148
148 1483
67 1435
67 1004
1698 148
327 67
67 9
115 148
941 148
148 78
819 148
856 67
304 67
1533 148
148 658
1603 1887
67 694
67 1801
148 1853
148 829
148 74
67 980
674 67
1671 148
170 148
717 148
148 535
414 148
67 1497
1091 148
42 67
67 930
67 1417
1586 67
62 67
1147 67
148 622
67 1516
498 67
148 1295
1618 148
148 1578
1259 148
424 67
1814 67
1836 67
530 148
1061 67
148 273
67 1065
1411 148
148 460
677 67
40 67
855 148
67 711
148 1817
1630 67
67 731
67 1437
1197 148
1408 67
148 1838
1685 148
1068 148
67 1308
1077 148
67 1990
732 148
1910 67
67 413
67 1644
664 67
625 148
67 1263
67 778
510 148
67 828
1733 148
297 148
1069 148
1126 148
67 1569
67 833
67 1459
148 1784
1273 148
1993 148
67 1984
404 148
134 67
1084 67
1265 67
1503 67
67 1830
992 67
1546 148
1963 67
67 1222
67 1708
1200 148
1654 148
148 578
905 67
148 784
516 148
1775 67
148 635
1102 67
1260 148
337 67
148 27
67 1754
582 148
1882 148
67 264
197 148
67 1960
148 1782
67 835
148 1413
148 1365
148 1509
148 173
179 148
67 489
148 934
1310 67
932 148
1009 67
148 1713
148 468
1432 148
148 409
1176 67
1116 148
1610 148
464 67
1479 148
148 1878
67 825
148 813
1935 67
269 67
1284 67
67 1216
67 8
148 1538
568 67
1296 67
67 41
1942 67
1438 148
433 67
148 910
148 786
1087 148
148 403
148 1939
67 1466
148 750
67 1541
1750 67
59 67
1201 148
783 67
1307 148
432 67
67 1034
148 357
67 1881
67 800
965 67
1525 67
1597 67
67 1219
990 67
1776 67
148 1507
536 148
67 540
1380 148
148 163
239 67
1393 67
148 726
1591 67
1391 67
148 831
1571 67
67 782
1888 67
67 1810
183 67
756 148
1979 148
67 509
67 233
67 1661
1508 148
67 503
1412 67
1562 148
1124 148
851 148
736 67
148 142
1323 67
67 176
148 1332
148 1573
67 1751
1453 148
67 1884
148 1232
763 148
67 265
1349 148
1977 148
148 1761
148 789
67 1980
775 148
649 148
1956 148
1005 67
148 1534
148 1114
1045 67
805 67
67 1416
688 148
67 1899
902 67
67 781
3 148
148 136
148 1795
148 1388
26 148
148 1359
1020 148
1058 148
67 76
1706 67
148 34
67 438
148 1590
67 1075
67 355
67 797
67 1953
569 67
1268 67
148 1707
148 541
685 67
67 1169
148 892
148 845
1414 148
1329 67
67 616
1730 67
148 527
67 1748
67 1246
148 1769
1112 67
67 931
148 1599
67 538
422 148
455 148
148 1834
67 1299
67 550
148 258
915 67
148 1613
148 290
67 411
743 148
318 148
427 67
365 148
67 1315
1796 148
80 148
640 148
606 67
226 148
148 1325
177 67
67 1444
148 1631
1560 67
67 182
1012 67
67 1242
67 780
67 207
1957 67
67 513
148 372
67 1787
148 951
148 457
148 342
154 67
148 1258
352 148
148 420
1309 1887
1174 67
67 788
148 879
1862 67
1125 67
148 1864
1992 67
796 148
141 67
299 67
1657 67
589 67
67 1608
148 202
148 1343
67 1468
184 148
761 67
148 1667
67 1223
523 148
148 1883
67 700
148 1648
971 67
148 1780
67 99
1896 148
1640 67
148 976
47 67
1663 148
148 1038
67 4
351 148
67 367
1279 67
67 1606
67 1275
722 67
626 148
148 1986
67 211
1337 148
67 280
1866 67
1425 67
1621 67
1036 67
1204 67
67 1274
67 1056
1446 67
67 834
148 532
1587 148
35 67
67 442
985 67
487 67
148 1846
67 148
1145 148
1498 1887
1148 148
560 67
67 187
508 67
148 53
67 1558
67 1958
148 488
148 1650
1635 148
336 148
67 1743
67 1364
67 984
67 961
148 1449
436 148
600 67
660 67
312 67
1770 67
148 250
1092 67
1339 67
1003 67
67 462
148 1345
699 148
67 1088
148 120
1079 148
67 1500
590 148
1887 476
609 148
67 1390
1675 67
395 148
1407 148
210 67
148 1829
148 1217
735 67
235 148
67 1057
148 563
1857 67
1656 148
315 148
807 148
407 67
148 863
215 148
72 148
67 1072
67 1876
1081 67
67 1746
1427 67
67 133
370 67
67 1447
148 1989
770 148
148 995
1690 148
1428 148
148 969
148 1160
148 777
67 1543
1314 67
148 1301
148 108
1709 67
1228 148
1580 67
148 1019
148 1552
596 148
672 148
1478 67
1051 67
67 1602
148 1106
1789 67
148 697
67 279
1158 67
1843 148
1108 148
67 88
267 67
998 67
148 1536
148 255
67 1059
1029 67
148 1718
148 10
148 1031
1904 148
978 148
1078 148
1575 148
67 1985
67 79
1189 1887
67 322
148 876
706 67
1119 148
148 186
208 148
1971 148
490 67
1142 67
1129 148
358 148
67 458
1506 148
67 1496
148 901
760 67
67 1089
67 86
1107 148
283 67
1218 67
67 554
148 1409
67 1852
148 1306
1831 67
730 67
67 203
1492 148
67 839
1821 148
148 1933
371 148
282 148
148 558
148 1763
117 67
148 1231
67 587
376 148
950 148
148 531
1240 67
148 1215
67 1614
1626 67
148 896
393 67
148 673
846 148
1891 148
148 555
143 67
67 1406
368 148
1451 67
1527 148
67 1151
67 911
67 1443
679 67
148 1121
810 148
148 1262
320 148
148 174
148 1773
67 1044
67 11
67 17
1387 148
1909 67
515 148
148 1827
67 1568
148 335
148 1235
344 148
132 148
1165 67
1703 67
67 1490
148 1341
148 705
67 1484
67 1266
1840 67
612 67
1741 148
1897 148
148 1646
148 469
614 148
67 1803
67 1680
1476 67
1962 148
148 1093
67 547
148 277
67 1643
826 67
148 362
148 843
1688 67
889 67
67 24
1141 67
148 771
148 884
1689 67
148 151
671 67
192 67
232 148
148 1048
696 148
1902 148
822 67
67 1739
67 739
1900 67
692 148
148 993
67 2
663 67
248 148
148 733
67 1083
245 148
522 67
148 570
67 1529
67 1973
67 1076
148 1206
1916 148
634 148
67 397
67 1759
148 1880
1264 148
148 1929
148 426
67 1837
1999 67
128 148
67 392
314 67
148 180
1386 148
148 302
1672 148
1887 444
525 67
373 67
832 148
1868 67
148 997
446 148
321 148
67 1090
1293 67
67 814
148 263
148 260
148 423
1915 148
608 67
394 67
67 456
817 148
1582 67
189 148
891 148
734 67
1433 67
148 1576
67 1379
1521 67
841 67
67 1523
148 542
1887 1269
67 1714
848 67
1662 148
67 96
1511 148
866 67
1054 67
67 1712
148 346
533 67
946 67
67 1818
561 67
611 67
148 1964
1887 710
67 1398
148 1886
524 67
67 1319
1616 67
67 1678
67 1752
741 148
1948 148
148 687
1373 148
1027 67
1074 67
157 148
67 994
67 1557
1464 67
148 670
67 712
1064 67
1346 148
231 67
1047 67
67 107
1245 148
1858 148
67 966
67 1505
67 870
148 172
148 1595
67 145
148 87
633 67
31 67
148 546
67 1710
67 852
1528 67
1514 148
1731 148
67 890
1171 148
898 148
67 1804
1326 67
1653 67
148 1841
67 201
67 313
148 1824
148 1462
2000 67
1928 148
1585 148
844 148
67 1499
148 903
443 148
148 702
256 148
67 1384
1767 67
1832 67
359 148
1396 148
148 353
227 148
1938 148
1629 148
67 43
148 1874
148 1855
1080 148
571 148
67 1717
793 148
67 1143
148 1460
67 204
1336 67
572 67
1248 148
148 473
67 580
1132 148
67 1254
549 148
148 881
1162 148
1420 148
148 1871
148 259
148 861
67 766
67 1115
1426 67
148 1997
67 1199
1180 67
44 67
67 1607
922 148
148 623
67 1170
439 67
340 148
595 67
849 67
1722 1887
148 225
148 251
1887 50
67 575
1808 148
67 52
199 67
1666 148
67 95
148 171
67 1981
1535 67
1887 148
916 148
1140 67
67 785
581 148
148 686
67 1974
67 690
67 1532
334 148
246 148
67 105
148 1522
937 67
1665 148
356 148
1965 148
543 67
67 1369
958 148
417 148
67 1155
67 689
354 148
1753 67
185 148
1873 67
67 110
1649 67
1156 148
1383 148
148 400
836 67
253 148
148 669
33 67
1545 148
919 67
148 566
1681 148
307 67
67 1914
913 67
773 67
148 1288
67 907
148 1372
148 1489
1348 148
148 1139
1001 67
1865 67
218 148
410 67
67 639
1839 67
175 67
1252 67
381 67
67 1461
148 1395
148 1542
991 148
148 230
67 1013
1377 67
1726 148
281 148
148 1226
1014 148
67 1185
148 97
972 148
148 585
1924 67
949 67
13 67
1848 67
418 67
148 847
148 159
67 363
148 58
67 1153
67 68
764 148
67 1877
67 212
14 148
1342 148
67 1402
1015 67
270 148
148 369
728 67
1333 148
67 1823
713 148
67 1723
148 1600
67 708
148 562
1214 67
1352 148
67 1316
886 67
647 67
1455 148
927 148
1995 67
221 148
618 67
437 67
854 148
888 148
474 67
67 1947
1440 67
880 67
148 1945
398 148
148 1066
1850 148
1010 148
67 1539
84 67
214 148
1705 67
1436 148
1740 148
1609 148
471 67
67 982
67 1548
1940 148
67 1442
67 1719
1693 148
1747 148
67 129
412 148
1735 67
148 1421
67 278
1192 148
67 1135
148 435
148 665
191 67
67 1270
942 148
67 1951
67 1561
148 1798
89 67
148 323
1932 67
148 745
67 1167
981 148
67 198
1887 1400
148 118
148 1805
1423 67
67 165
379 67
148 816
954 148
148 1371
148 1510
178 67
721 67
67 1786
529 148
491 148
67 123
1744 148
67 6
67 857
67 1772
1779 148
656 67
1567 148
155 67
67 794
146 67
67 1415
920 148
827 148
67 316
459 67
67 1469
67 1800
1113 148
480 67
1196 67
148 1178
67 1583
877 148
1598 148
148 765
261 67
1097 67
996 67
190 148
402 148
67 1198
148 1806
148 401
67 613
339 148
67 1925
1267 148
148 156
67 236
257 148
67 703
1555 148
661 67
148 1809
960 148
67 1082
67 1255
850 67
1969 67
104 148
148 1104
1732 148
228 148
67 897
1405 148
714 67
431 67
979 67
148 1043
1213 67
1367 148
148 275
1727 148
67 830
148 466
101 67
67 1000
1052 148
205 148
148 544
882 148
1117 67
148 557
67 1040
148 1128
112 67
1397 148
67 526
67 1922
67 1063
653 67
148 988
67 962
148 406
638 148
148 681
454 148
67 1950
67 707
67 1429
289 148
67 285
148 1374
1030 67
148 121
1016 67
754 148
12 148
148 945
921 67
125 67
1694 148
67 388
67 1234
81 67
1588 148
1233 148
1205 148
1002 148
1565 148
584 67
148 820
67 1954
19 67
67 904
1032 148
148 1297
67 821
67 1825
1025 67
67 1879
67 556
148 1271
1324 67
67 1734
148 126
148 753
300 148
148 1150
67 1186
148 216
592 148
1687 67
723 148
1041 148
224 67
1861 148
148 1867
67 787
100 67
148 1937
1762 67
1835 67
148 629
67 1791
16 148
440 67
1633 148
604 148
1715 148
1794 67
148 551
1475 148
148 1282
148 806
1470 67
67 868
169 67
148 1564
148 1943
67 465
148 1164
148 241
1913 1887
67 1157
57 67
67 1493
148 975
1096 148
1249 67
148 923
1854 67
148 505
67 1494
67 1686
148 116
887 148
1338 148
148 641
67 109
148 1847
953 67
67 306
67 619
148 196
148 73
552 67
1070 1887
67 1781
1923 148
67 385
148 933
67 5
67 268
148 229
1887 774
63 148
67 158
67 341
621 148
593 67
148 39
929 148
517 67
67 1287
148 642
148 1518
148 1570
627 67
935 67
148 624
294 67
94 67
148 724
148 499
148 693
1604 67
148 1071
148 1450
900 67
1190 148
148 842
1872 148
148 1851
801 67
148 1619
67 287
1549 148
153 148
148 1859
740 148
148 1334
676 148
1062 148
148 1376
67 1531
620 148
67 325
67 1605
1695 148
148 1277
615 148
1291 148
67 1554
67 1927
1530 67
148 162
1760 148
166 67
148 85
148 484
1581 148
737 148
67 684
1574 67
148 1035
415 67
1645 148
632 148
605 148
148 1457
67 928
1828 148
1037 67
67 1354
67 296
148 1399
148 648
148 486
1193 67
148 1456
148 1191
715 148
148 1042
67 1280
1674 148
292 67
67 1634
1086 148
274 67
967 148
148 1046
349 148
1207 148
986 148
67 1177
148 451
1725 67
148 871
67 1785
1465 148
878 148
1434 148
67 1811
1813 148
148 38
1615 67
148 305
798 148
67 382
67 193
1991 67
709 67
67 1011
148 573
148 91
338 1887
511 67
148 1239
1946 148
148 1566
67 1826
1982 148
148 1894
1612 67
148 1410
1895 67
148 1816
1745 67
148 792
148 1272
964 67
148 924
1298 67
67 636
67 514
662 148
1209 148
67 1136
291 148
67 1257
67 1501
1024 148
148 1517
1441 67
667 67
1774 148
1967 67
67 1203
1755 148
148 140
148 1544
67 1757
1664 67
67 803
67 1253
148 959
744 148
67 617
1547 67
1212 67
67 124
148 1152
1053 148
779 148
67 1526
380 148
148 1849
148 130
955 148
148 244
98 67
67 757
1095 67
1972 67
148 295
1623 148
67 983
500 148
148 1370
579 67
957 148
519 67
1181 67
148 1431
1911 67
1294 148
148 1637
148 1133
148 1550
1137 67
1131 67
67 483
1106 2000 1887
29 2000 1334
610 2000 165
1 1532 391
1990 1990 1390
1 1287 1887
92 2000 431
565 565 67
616 616 1887
702 702 67
1002 2000 15
510 510 903
761 1347 1485
1952 1952 67
1 1928 923
1 1583 1101
1 1691 1887
1157 2000 1138
672 1959 1918
1 1406 148
1564 1564 67
393 2000 1507
402 2000 1133
581 2000 1887
821 1691 1585
1 1506 67
337 337 67
879 1134 1887
1 322 148
1301 2000 1495
24 24 1738
380 2000 400
1 536 1887
1 485 148
200 200 148
1880 2000 148
1 1312 1887
270 537 889
857 857 430
1519 1519 67
192 192 1862
205 497 543
1569 1569 1887
1 497 1795
1 859 283
1 1991 148
563 563 1171
1 511 1887
706 1379 67
1 1547 1887
671 671 620
1 248 1993
1 341 637
1280 1976 312
1441 2000 1755
577 577 1305
526 526 1887
1044 1340 1887
1321 1459 148
1 1352 1887
1 1450 67
382 2000 1887
74 74 491
1606 2000 1968
1773 1943 1511
1 227 548
674 674 698
412 412 67
321 2000 148
1 937 834
1416 1532 148
1 1229 67
110 2000 765
119 2000 1755
865 1705 67
1265 1265 1911
1 1550 1776
238 2000 1009
1410 1410 1887
264 2000 156
1 840 475
1338 1578 67
1 1122 67
207 1412 148
210 210 1210
1252 1252 148
1521 1922 1887
1007 1485 1893
575 993 761
495 495 67
903 1388 67
1047 2000 413
1456 1456 767
563 1990 1887
427 427 598
1322 1322 67
1 1220 652
889 1436 1202
379 417 14
1639 1639 1887
608 2000 241
163 163 1686
1 1284 1887
1974 2000 1064
102 635 67
416 2000 1887
436 2000 237
1 322 1887
1148 2000 1887
24 726 1887
1 799 148
1 1026 1494
1 8 1887
1 734 67
1 1841 67
1134 1938 148
582 1354 1323
1 1258 1846
1214 2000 1887
1 166 1887
882 1627 369
1 1325 148
1912 1912 989
1 275 917
1 904 366
816 2000 466
1594 2000 1692
1261 2000 1887
434 434 148
1553 1602 67
572 2000 54
1755 2000 67
1843 2000 1887
1463 1463 11
358 358 148
528 528 67
1 394 1002
1 989 148
958 1639 1887
1 1490 629
1 1433 67
874 1965 67
1 1906 148
1 1411 67
53 727 63
257 2000 578
58 126 1753
247 247 1774
526 526 148
1767 1767 1887
1177 2000 764
715 1415 1887
1 446 1887
1 304 148
1 680 148
594 2000 67
1279 1279 1887
1 1968 67
675 1476 67
850 870 1600
959 2000 1887
1 94 251
1 1148 1763
196 1799 148
83 1180 148
1326 1703 1887
1196 1196 67
1 669 148
1 755 148
655 1989 148
1494 2000 1887
1 789 148
1 222 1887
963 2000 1887
1731 1793 148
799 2000 622
1413 1413 1887
1760 1870 1842
1 1385 148
1 599 1887
174 1565 168
3 2000 561
839 2000 1887
466 2000 1898
74 74 148
1908 2000 1506
1 1205 1843
1506 1506 148
625 1803 1887
1333 1333 67
1926 1926 1700
1126 2000 1887
375 2000 605
1493 1531 1853
999 999 1887
204 2000 148
1 397 1896
39 2000 67
1595 2000 332
1 813 148
1685 1860 1887
636 2000 67
762 1754 160
150 1728 1189
136 136 1363
1835 1835 800
476 476 148
1 1420 1887
1458 2000 1887
561 1374 829
1 73 1887
1539 1539 148
1656 2000 148
1975 1975 1887
1412 1412 54
1256 1256 563
639 639 148
587 2000 826
1 127 1131
1 768 67
1868 2000 67
646 2000 1552
1 446 1619
1559 2000 148
653 653 516
1650 1650 67
1 1739 67
1 1910 1914
1981 2000 1491
1 295 1931
1 1429 515
1 932 148
71 281 148
1245 2000 67
1 1900 148
401 440 67
1296 2000 485
678 1215 1887
1 1383 1095
519 2000 1286
1 1815 1316
461 2000 148
1 1543 148
830 2000 67
520 520 1887
435 2000 67
1 1200 1887
912 1151 67
274 2000 513
546 2000 67
1 750 333
13 13 592
463 1862 148
1 445 148
1182 2000 1663
477 477 1421
1159 1159 1273
352 352 563
460 2000 825
589 1325 148
928 1980 67
482 1329 148
94 94 647
792 898 148
503 2000 67
1 839 923
249 504 67
1 668 1887
97 2000 496
1 1647 67
1 825 806
1 1458 457
1 1172 1606
1983 1983 1887
1541 2000 1887
1 511 148
695 2000 452
44 463 1753
915 1524 148
1 1926 1887
1 1645 1693
1546 2000 1284
1433 2000 67
450 2000 1489
1592 1592 1030
1 1611 1887
1 1932 421
281 281 1141
1 1562 148
1 1667 148
63 63 1538
1 175 657
1 480 220
852 2000 336
818 1892 1673
1941 1941 67
1082 1193 1887
592 592 1745
46 465 1903
1490 1490 67
976 1312 148
1967 2000 67
1288 1970 908
1 1053 1887
1 507 148
1743 1743 1887
276 276 148
355 2000 463
1 1172 1887
1702 2000 1887
9 2000 67
460 940 1106
49 49 1793
1 451 1887
1 1476 67
719 2000 1887
1002 2000 1887
905 2000 1654
1721 2000 1793
1277 1277 843
1164 1754 1887
1 529 805
291 2000 1184
872 872 1048
1721 2000 75
1973 2000 148
1 541 1887
312 312 528
1 1085 1887
233 1431 6
1 1826 1433
88 2000 1632
1 1554 148
1 1725 569
100 2000 1887
85 85 1579
1323 2000 436
1891 2000 1887
14 2000 67
747 2000 1285
1 368 148
1556 1850 173
1591 1591 377
1819 1819 341
540 833 535
1554 1554 243
1739 2000 1887
1 1391 148
494 494 760
1 1724 591
1 1071 770
243 243 1059
1 464 1407
1846 2000 1043
1 122 1783
787 787 148
842 1987 500
711 2000 1381
846 1094 796
1 1422 1887
1065 1667 148
408 408 148
342 920 1426
1 456 148
615 1020 148
757 757 1410
1 1199 1887
256 2000 1257
545 545 1333
862 1798 938
1511 2000 67
1 1892 382
1306 1306 148
1 619 1887
1421 1421 67
1 909 372
1 769 1191
1112 1344 1887
1 96 148
1 581 67
291 2000 241
446 446 1887
273 1372 67
375 2000 148
532 532 1724
324 1840 148
1723 1972 226
628 2000 437
250 250 306
1660 1671 1225
1627 1627 1887
1 605 67
433 433 148
819 2000 1108
1455 2000 1846
1 1584 113
1637 2000 1887
1 1590 1018
289 289 1887
378 378 12
815 815 942
1406 1406 1887
1659 2000 983
1 1221 928
221 221 148
1 493 982
1236 1236 1378
1 717 94
1 456 67
257 257 1863
1609 1795 1698
911 911 1546
695 932 148
1858 2000 1887
798 798 451
1 603 148
76 2000 278
1714 2000 67
1 251 725
1634 1634 67
1276 1276 148
1660 2000 705
1 638 868
1 784 1599
1 509 947
1 1714 1887
547 554 148
1852 1852 1556
156 826 1887
200 1703 148
74 74 148
1665 1665 67
1 1811 1887
941 941 67
1 482 166
1 285 1141
1083 1083 1887
706 1436 1887
1651 1874 1262
1065 2000 1285
1 1355 738
1 629 1790
1 975 1408
1 647 385
1521 1521 1710
1419 2000 1887
1303 1557 88
1 1456 1763
198 1793 431
1 1756 67
1 1683 67
362 2000 1142
1864 2000 407
1721 1721 1887
1 358 1887
1 327 67
1 1353 67
365 365 1939
1 1483 148
47 1877 1887
719 2000 1654
831 831 998
1850 2000 1111
188 2000 1480
1 32 1911
1 1407 604
1483 2000 1644
208 2000 1887
1 1936 767
55 652 67
1 2 67
542 2000 1314
1 1885 1742
1896 1896 148
1 1334 1161
1229 1229 1887
1521 1521 1887
1 461 148
1413 1413 1887
1206 2000 67
1 1935 67
1744 1744 148
1754 1754 732
801 2000 25
1 599 1588
1 236 1204
1669 2000 67
1728 1728 1887
1 83 67
1 415 365
1141 1141 1252
1 578 67
751 2000 1143
194 837 929
320 2000 737
687 687 1822
406 406 148
1290 2000 55
223 703 148
1186 2000 148
1 558 589
1 1556 1594
347 900 1380
725 810 148
698 2000 148
444 703 67
281 282 67
937 937 1887
1 1787 1887
1144 1964 1887
310 2000 67
421 2000 256
1 1121 1619
1 1168 385
1117 1177 357
1675 2000 68
880 2000 1040
644 724 291
1437 2000 148
489 489 1590
1069 1069 148
1538 2000 869
1 678 148
1 1939 148
1344 2000 67
1 1783 1887
20 1566 1015
1820 1820 1887
161 2000 1887
743 2000 1887
967 1752 161
1966 2000 651
1130 2000 67
435 1597 148
1475 1475 1887
382 1078 148
1 258 1887
1 685 1887
431 1262 613
1 1423 67
1119 1412 67
1 979 761
897 1984 909
1310 1881 287
1122 2000 795
1 1795 148
159 2000 1887
1 1801 805
498 498 1513
1754 1754 148
60 60 1532
1 469 1963
310 310 67
219 729 1259
1 1526 148
1364 2000 148
1557 2000 1887
455 455 148
1633 1633 1010
72 280 706
1 1929 148
1 754 1887
1930 1930 148
1173 2000 1538
693 2000 148
1 1486 1591
229 229 1499
1 138 67
1 850 1695
973 973 1312
1227 2000 1887
1434 1434 1876
753 2000 67
1 1859 1554
720 1558 556
928 928 1818
1 861 148
1088 1670 1544
875 1368 148
1 555 67
1 915 148
1 607 148
352 369 1887
1 637 783
958 1689 532
1 1236 1066
1 951 1048
1 1100 1156
1014 1014 1177
36 761 67
795 1283 1887
452 1807 1993
745 745 462
1 1379 148
1506 2000 245
1048 1048 623
1784 2000 1887
30 59 67
1727 1849 779
638 1148 575
1 276 193
1042 2000 1887
712 712 67
919 919 148
1 429 1828
1 1447 1265
1 766 1887
1566 1704 1921
1 86 904
1297 1877 95
1716 1716 1670
1484 2000 1887
1665 1665 148
1137 1137 67
1 1591 1887
710 2000 922
1 356 688
688 961 1887
1039 2000 148
1302 1302 1887
1 1811 1887
690 2000 1996
1370 2000 1887
723 723 67
1045 1045 584
1 808 67
1488 2000 1302
1688 1688 904
1 424 1887
62 362 67
1794 2000 1827
36 2000 67
405 2000 1117
1417 2000 1858
236 2000 148
1 495 67
258 258 148
335 2000 148
1974 2000 67
757 2000 116
1043 2000 67
555 1875 67
1514 1514 1887
1469 1469 491
1723 1891 1144
845 845 148
1246 1899 1875
1 32 1887
1810 1810 148
1 970 1107
266 2000 1251
1334 1334 1887
1 458 67
1 1640 1605
742 742 1887
1 1774 148
1169 2000 148
595 595 148
696 696 1331
1828 2000 67
620 1819 246
1 1081 1887
250 483 67
1 1190 148
1004 2000 1887
102 2000 67
306 2000 148
763 763 1887
1161 1951 1123
886 1610 148
161 1329 499
1 1577 734
22 2000 1887
257 2000 67
1 1910 67
1556 1728 1887
1271 2000 337
371 1166 507
1 116 46
1 1058 1827
1 1870 1100
1532 2000 67
1 1251 1185
1019 1019 1887
1574 1758 67
1 433 148
1715 1715 95
1 32 148
957 1571 67
530 530 1887
1371 1371 67
1122 2000 67
1233 1233 1656
951 951 1014
1 1264 67
1 1361 291
43 405 195
1 245 886
1031 2000 67
1492 2000 67
848 848 1109
40 430 855
49 1617 35
1 1987 1755
1575 1575 1440
1 1013 593
1 1107 1887
558 1492 67
444 1467 1660
1981 1981 1658
391 2000 148
1 1552 796
883 2000 148
272 2000 109
187 2000 293
354 2000 148
624 1621 198
1561 1561 102
218 218 476
2 2000 585
386 497 294
1835 2000 614
817 1542 538
1 1044 317
733 733 1887
8 344 855
385 385 67
1037 1381 1727
1587 1783 67
759 2000 67
1 617 148
83 104 67
445 445 67
1 1942 1844
1128 1128 1238
1649 2000 67
368 368 609
1 1636 67
916 916 67
1772 1772 67
1492 1492 1011
1712 1712 67
739 739 1926
1667 2000 148
1886 1886 1670
1 546 1462
25 25 67
1 702 67
1 1560 301
1202 1803 67
319 319 1313
655 655 406
213 1622 148
34 34 148
395 395 1887
1 1594 1249
1 952 1856
1547 1937 1898
1577 1577 148
1 976 67
1288 1288 1348
1 718 1529
1 89 67
1 816 1990
1083 2000 346
1515 1515 1887
1 931 319
1 862 67
1 285 148
253 1066 1887
1051 2000 67
673 2000 982
1 1829 1743
1 1407 1887
487 487 1864
1 1628 1476
678 2000 67
1 1439 1519
689 2000 1630
927 927 1648
760 2000 620
1583 2000 1311
357 1438 1587
1135 1135 1135
1 1922 148
46 301 362
262 262 158
745 745 148
1 1827 67
1095 1095 67
1 671 108
1 1349 148
116 2000 829
793 1095 148
1858 1858 1944
901 901 1887
17 1405 1887
1237 1237 67
417 2000 1887
1 475 1664
1 1672 1075
695 695 148
866 866 148
1038 2000 148
504 2000 1887
572 2000 67
852 852 67
1 815 472
1003 1622 104
688 688 148
1913 1992 62
1694 2000 493
1 1325 148
618 2000 380
1535 2000 67
352 1881 148
1094 2000 148
1 805 67
176 469 67
1 1015 67
1 1346 1323
490 490 1553
1364 1364 244
1111 1111 1887
1500 1500 1327
1 167 148
1 1331 1193
1277 2000 67
1848 1848 803
1906 2000 148
800 800 1112
95 95 148
282 2000 132
1860 2000 1887
835 2000 148
966 1623 148
1638 2000 148
1016 1016 67
691 691 1887
393 393 1887
1059 1059 1149
1 1860 67
1 155 1786
145 1004 1572
1 1917 962
1 129 148
1 193 268
668 2000 1887
804 2000 1595
273 752 1202
910 2000 67
1986 1986 575
10 2000 747
728 1830 42
1 1794 148
1033 1311 1887
1 956 1707
1 464 148
1 761 1502
750 2000 148
1155 2000 169
1 1978 1825
1560 1560 1388
1 1219 67
911 911 985
1001 1231 904
48 55 1579
8 2000 717
1348 1348 148
863 1546 67
1 1581 1887
1109 1109 1491
1 497 807
363 2000 215
688 2000 67
833 2000 67
708 2000 1206
1 1093 148
1255 1996 236
1 1367 92
1 13 67
1 1017 1887
942 942 67
1 772 148
1 1839 67
1519 1519 67
722 1528 871
273 1263 1887
1 1496 1260
1 1984 1887
754 2000 1264
899 2000 67
565 1320 1887
1 906 67
1 1848 148
1 1698 1887
739 2000 1887
529 529 1164
357 1142 1887
1470 1565 1888
1299 1299 1887
1 824 1093
1 1866 15
393 1488 67
891 2000 707
1 366 1887
1 993 981
1092 1700 1887
1629 2000 858
1 604 1887
1 1672 1887
1684 1684 1031
727 727 135
151 151 1218
1940 1940 659
1066 2000 1179
1 1058 941
1653 2000 67
1436 1436 163
1 1327 1341
1921 2000 146
1 505 148
879 879 811
1 749 694
1059 2000 1979
1 1585 148
1 978 1887
1110 2000 1758
1962 1962 148
1019 1019 1554
329 2000 735
620 1968 67
1136 2000 1945
691 2000 67
763 2000 1887
1 626 148
1 279 1858
1588 2000 835
1 768 67
693 799 1887
1481 2000 390
1495 1495 67
936 1529 521
56 56 1597
341 2000 403
187 187 1887
1444 1444 1473
497 1946 67
750 750 918
1 547 1887
1 1492 1160
915 1549 1741
1 568 257
1 526 550
1156 1253 1255
1 778 1887
1368 2000 67
66 66 1099
660 1072 148
627 2000 1887
1403 2000 148
1658 1658 615
632 2000 1887
1596 1775 827
1 818 284
1203 1203 1887
1 1383 1649
346 704 1887
1903 1903 1156
221 1492 1660
361 1641 148
1399 2000 148
1122 1122 1785
1437 1925 148
1178 1178 1887
1 287 148
1943 1943 911
876 2000 1772
1 1535 148
1 51 1124
1542 2000 67
1835 2000 1887
1 221 50
1 1821 1887
1 1101 1455
1891 1891 1887
1064 2000 1887
1248 1248 148
20 20 1169
669 2000 1331
1 1333 638
1793 2000 1887
751 2000 1887
1 438 1886
253 712 1542
1975 2000 614
1 33 1887
1857 2000 1887
1819 1819 67
1395 1395 1533
1 1754 67
1059 1059 603
1611 1664 1887
1235 1235 15
1 536 1887
1067 2000 316
178 178 212
1070 1070 778
1177 1177 1904
1 671 148
1643 2000 148
1066 1066 1740
172 172 547
1739 1739 148
552 2000 71
1798 2000 148
391 2000 67
1089 1089 1887
586 1989 74
50 346 1274
1 76 67
1592 1592 148
788 2000 861
1412 2000 148
1430 2000 1805
1 354 148
797 797 619
1804 1804 1887
816 816 1249
1806 1806 1887
1013 1013 1772
1 867 1671
662 662 81
1726 1726 1887
1423 2000 1887
1507 2000 1562
1686 1686 1887
152 200 67
952 2000 67
1 1348 1887
1794 1794 148
635 2000 1593
1746 1798 1214
1169 2000 1887
666 666 1887
184 1472 1348
471 555 67
1373 1373 1443
1 68 1011
526 2000 1887
1 89 1918
1 1787 148
1474 1561 67
898 898 148
988 988 1887
1 127 1210
1535 1535 688
1 1779 67
1389 2000 1095
887 887 67
1070 1070 67
1452 2000 1309
1388 2000 796
357 357 1887
1562 1562 1887
90 2000 1964
1405 1405 1344
639 639 67
1070 2000 148
1216 1245 67
1 98 148
914 914 1887
765 1063 1887
301 2000 67
1514 1734 1950
1163 1163 148
1 1016 557
1964 2000 1887
1297 1297 401
335 335 1245
16 16 1588
1095 2000 312
1 410 369
1 430 1944
1 623 1367
1776 1776 1612
1160 1160 777
720 766 67
1288 2000 1662
1094 2000 554
1 125 1291
579 2000 148
685 1972 1154
556 1492 1485
1669 2000 1887
1 1566 1887
1 1719 148
644 1823 148
430 2000 148
353 376 1887
104 638 1887
824 824 1629
1 1943 148
1347 1347 1966
1 492 63
459 459 148
585 585 67
1982 1982 610
1 992 148
416 1756 148
1 1738 148
1613 1613 67
1174 1338 1421
1045 1893 67
1 1953 431
153 1295 1738
119 998 1623
358 1555 148
339 1440 1808
1158 1158 1887
474 1864 65
1909 1909 70
929 2000 67
1 867 148
1029 2000 148
811 2000 789
1938 1938 148
1211 1211 1887
1348 1348 148
1254 1404 40
1 641 148
1 1426 436
1 1677 1887
1051 2000 394
374 1800 977
947 1104 67
1527 1527 67
1591 1591 67
281 281 148
367 1627 1204
309 1579 1336
507 1870 718
872 2000 1887
714 1002 148
1151 2000 1887
1 159 208
1581 1581 148
1856 1856 1887
460 460 888
2000 2000 148
1 956 148
1516 2000 67
1373 1373 688
1 604 148
1 64 67
1608 1981 157
809 2000 67
1 1003 67
1643 1684 1439
1094 2000 1887
1 1556 1036
1988 2000 109
1 737 67
1055 1055 748
1 1666 1887
892 892 1887
427 1273 1887
1 390 1887
1155 2000 148
1 1257 1887
1192 1351 1887
1795 2000 67
675 675 67
1 1262 67
1 1472 1246
1 72 972
112 2000 448
1560 1560 148
1 1515 516
1241 1923 1311
1 1496 887
58 1927 1887
1 445 148
1 1829 1612
1 606 67
1 693 968
196 1133 148
1502 1502 67
1 55 1887
1 990 1437
1890 1890 67
170 2000 148
676 676 910
919 919 287
1 838 1010
1 1090 1887
1 1266 1742
1582 2000 1964
1 390 67
1970 2000 1329
1 1436 977
1771 1771 1226
7 1198 213
612 612 1887
1002 1002 887
6 23 1887
1946 2000 148
590 2000 1887
1751 2000 77
897 2000 1887
72 72 1824
570 570 804
430 430 1667
1 1049 67
1948 2000 32
1 1843 1677
601 994 426
204 2000 236
1 46 1140
903 1137 338
1035 2000 67
1 1123 148
1280 1387 399
73 2000 67
1181 2000 148
839 839 859
1 42 1887
365 648 1637
1 1935 1726
1885 1885 1887
942 2000 1337
78 1050 1037
684 1101 148
236 236 1051
678 2000 148
1386 2000 1256
1721 2000 1887
211 211 1887
1263 1263 739
573 2000 1533
568 568 1314
1372 2000 1008
694 2000 417
1 826 1549
1191 1191 1887
464 1015 45
1 977 148
1989 1989 488
1 1890 1066
1070 1070 301
742 742 471
210 312 1676
1622 1622 148
84 1896 1007
678 1204 246
158 158 179
1 1249 1880
740 740 728
245 479 1751
1 1636 163
1842 2000 263
1627 2000 67
979 2000 67
1 924 67
696 696 49
1358 1358 1361
134 134 1887
127 127 1229
159 419 1887
11 11 67
269 269 669
294 532 67
1 1420 1946
1404 1404 148
401 401 67
1629 1651 1333
31 31 67
1642 1642 505
1416 2000 67
1162 1519 1071
1191 1191 67
1625 2000 894
996 1325 837
1787 1787 67
1 611 1097
1368 2000 1241
411 2000 1723
1 283 1506
1400 2000 469
1 242 148
13 2000 1887
1119 1119 148
671 671 1887
562 2000 1887
1 88 1887
1478 1946 946
236 236 148
1050 1050 873
338 2000 1978
1 202 1929
1 1654 763
1064 2000 1746
523 1405 738
5 1132 67
618 1691 109
1 752 1215
1703 2000 880
822 2000 574
938 1601 1887
596 596 148
325 1231 1887
955 955 1887
401 2000 1349
1314 1314 1815
55 2000 1887
1457 1457 1887
473 1763 215
1 1709 67
376 376 1568
1502 2000 67
1 360 148
1042 2000 148
201 201 1887
1808 1808 67
1655 1809 996
1028 2000 396
1 1684 67
336 336 1319
1 627 1126
1948 1948 1887
1 741 67
1757 1757 1887
1450 1450 148
256 2000 148
1467 2000 1795
368 2000 1832
791 791 665
1586 2000 67
1 1477 148
1040 2000 1848
740 740 444
453 1814 67
381 381 67
1 1355 67
1962 2000 1887
1117 1117 67
1 813 148
1 216 148
734 1418 1107
28 1687 785
108 421 1340
1478 2000 148
409 1817 1887
1787 2000 148
544 2000 422
1 1556 1401
1252 2000 148
1964 1964 1116
1 375 1887
1406 2000 67
29 29 1887
445 445 1335
87 576 67
1578 2000 852
658 1294 1526
1866 2000 1192
1193 2000 1887
761 761 542
1495 1495 342
1129 1877 1860
128 2000 20
643 643 1296
1629 2000 148
33 33 726
852 2000 1887
1338 1338 434
909 909 148
361 2000 67
1700 1757 33
527 935 1230
1 1219 148
1831 2000 916
1627 2000 1729
1709 2000 1447
1510 1510 1887
1877 1877 1887
1249 1273 148
709 1164 67
1953 1953 1887
1 1734 67
1397 1397 1887
1 800 67
1 253 1781
75 2000 148
1336 1336 148
43 1264 616
1298 2000 1037
867 867 1353
254 1178 1742
1 1489 148
187 187 148
1695 2000 67
660 757 1570
1 904 269
1247 2000 67
964 2000 1887
886 2000 921
1762 2000 67
1679 1679 67
430 458 67
1673 2000 1600
1401 2000 1887
853 1934 126
701 991 1715
1 1747 148
992 2000 67
1912 1912 1887
1632 2000 191
963 963 148
21 1261 67
327 2000 1266
188 2000 1313
940 2000 685
294 836 1887
1 665 67
436 2000 586
1800 1800 1887
1 283 978
1459 1459 1887
170 170 1122
1579 1579 94
1 1939 148
883 883 435
262 2000 148
362 2000 390
290 290 67
1293 2000 887
794 2000 1108
1188 1188 1038
1 798 67
372 967 1485
1 548 811
1 674 148
1 1038 1887
1 428 67
660 2000 1887
1 699 1959
1 342 148
1153 2000 67
137 1521 53
1658 2000 461
556 556 916
1101 1101 1546
1226 1226 148
1 440 439
1121 2000 1887
1253 1253 148
407 2000 67
1169 2000 732
1618 2000 148
315 1713 67
1 1932 148
957 1510 186
1967 1967 67
1066 1066 262
1333 1372 1887
836 836 1850
187 187 230
975 975 148
1958 1958 67
1083 2000 67
1 724 1212
1700 1700 1887
906 2000 590
1 1032 1985
1946 2000 67
399 2000 67
88 88 136
1392 1984 404
1175 1175 766
1275 2000 1887
1 1709 1887
1 235 684
445 445 148
1 1260 1050
519 2000 148
446 446 1185
1027 1027 148
1 913 299
9 778 1887
1 1943 510
1593 1593 67
1 302 148
141 141 67
1 477 1906
1937 1937 148
214 2000 1924
1778 1778 41
632 632 67
546 546 1887
1304 1304 67
513 2000 1101
1359 1359 148
1 1274 148
1116 1116 1511
318 318 1887
1 1630 1463
1 1507 148
516 1006 71
1075 2000 148
1793 1793 1607
1 1993 148
15 15 148
435 2000 1887
1034 1034 67
1513 1513 1985
980 980 1392
1547 1547 579
716 716 1367
421 421 1887
150 1322 1458
384 384 482
1 408 1182
373 2000 1887
224 836 1305
1689 1689 991
591 1273 1887
289 2000 1107
1 1268 67
625 2000 1887
44 44 1292
1 245 1679
1 468 1700
229 229 148
1746 1746 855
829 829 1300
1 1498 1887
501 2000 1887
411 411 349
1 476 148
1 1458 1681
1 768 729
1 314 356
31 2000 67
1182 2000 178
660 1426 1887
1 1190 229
1 1532 1583
198 2000 1202
289 2000 148
561 1590 1110
1 1990 67
1 46 148
1920 1920 1712
279 2000 609
1056 1663 833
1 881 67
1 502 127
1281 1281 1252
1137 2000 1887
1321 1321 831
1341 1392 392
1358 2000 1625
1 681 148
1006 2000 585
898 898 1887
1 671 1200
1883 2000 67
1726 1726 293
189 193 269
1565 2000 67
764 1356 1599
155 801 1887
294 294 200
1 178 702
681 681 1153
1 26 286
1622 2000 1182
377 1023 1551
1 51 148
377 758 67
990 1845 148
1145 1273 1864
1 1711 716
522 2000 475
598 598 148
1 741 934
1602 1602 695
731 2000 607
1496 1824 1706
1156 1544 1147
751 2000 1082
1322 1592 1378
1187 2000 1887
476 476 1163
711 771 1887
1 801 1032
388 790 148
366 366 341
42 2000 1887
488 1220 1887
334 922 67
273 1714 1825
1200 1358 1128
806 806 1295
662 662 148
858 858 683
286 1954 821
1 179 1148
1832 1832 1887
151 1304 148
215 2000 148
97 617 108
1904 2000 1887
1 757 712
1010 1010 67
1 1029 1887
1597 1597 1689
1483 1483 415
1 1923 148
1 783 1887
1830 1830 1997
1 1511 1188
700 2000 67
1 1174 67
347 2000 1887
668 668 1249
102 1045 1728
1732 2000 67
1 1394 1361
1 790 1887
201 2000 1887
371 1960 448
1 1753 67
1737 1737 148
1 1204 148
427 427 697
74 2000 148
1329 1329 67
282 282 337
1 1388 1685
1 957 683
546 1708 148
935 935 148
1915 1915 148
1 1862 1422
717 1517 859
1 1155 67
1 1278 148
197 2000 1887
1340 1340 1887
83 83 1891
1 1768 1820
1177 2000 984
1359 1359 67
294 311 148
1 416 1887
616 616 248
195 790 1887
372 2000 1887
792 792 1324
1 1188 67
1709 1709 67
1 1223 50
1 1520 148
420 2000 67
1 744 1185
60 2000 148
1569 1569 1887
1 1911 1887
211 211 148
1589 2000 148
1900 2000 203
78 151 1449
632 1523 67
204 1327 729
1 900 1887
1 1615 67
261 261 67
192 192 148
983 983 1887
1310 1310 951
1 1996 1887
11 11 578
1 1250 1887
1 806 1531
563 1175 67
396 732 1887
1644 2000 897
1 1429 1984
1111 2000 148
1 1048 148
402 2000 149
1532 1792 205
1055 2000 1887
728 728 592
1090 2000 148
1 1860 67
1275 2000 107
1116 2000 243
1 1389 67
1 598 67
143 279 1887
297 297 67
1 1496 1720
1246 2000 1887
1875 2000 1887
958 958 67
1 985 148
459 2000 1445
751 954 623
182 267 67
1 510 67
822 2000 148
578 2000 841
63 1253 1887
1016 2000 67
224 1386 1230
1 1865 604
1171 1171 67
1 1860 1964
1181 2000 1887
998 2000 1887
518 2000 354
1520 2000 877
189 2000 670
186 2000 1349
1 921 1276
1 1929 1713
372 372 848
1 933 67
1135 2000 1887
513 513 992
692 2000 67
1 1598 609
34 650 1887
196 196 1887
31 2000 94
530 530 447
421 2000 1242
1 157 148
1518 2000 1544
1735 1735 67
750 2000 1887
1892 1892 148
183 1334 1887
1667 2000 1887
1002 2000 1734
1132 1132 976
1512 2000 1354
981 2000 683
1518 2000 67
1 90 1866
1 1194 148
1 1 1788
1953 2000 1297
1 358 148
1 1008 1887
729 2000 67
1023 2000 1887
525 525 67
1 1703 1769
106 2000 333
450 929 148
1141 1416 953
1 216 1534
257 1336 1154
927 956 148
1685 2000 241
97 518 148
926 1815 148
1 1627 67
245 2000 1819
473 916 1887
617 617 148
46 1552 1770
385 1907 137
1369 2000 148
1 325 1503
1136 1136 346
815 815 1492
1 1030 148
466 466 1015
764 764 1887
619 2000 302
465 465 1887
863 863 148
1138 1138 67
602 1803 67
1244 1244 1999
1939 1948 1887
1 89 1887
414 414 1887
609 1920 358
1 1556 955
903 2000 1887
1943 2000 1887
1715 2000 148
863 863 994
632 1347 437
15 2000 835
1 1141 1081
1522 1522 1560
1711 1711 584
1672 2000 1021
1907 1907 1985
299 1494 1802
1103 1834 1887
1013 1577 1527
1570 2000 934
996 2000 67
340 2000 860
1 1949 724
74 74 973
866 866 273
270 270 1887
1885 1885 242
997 997 67
1 294 954
1009 2000 669
2 983 1887
669 2000 1887
1 897 148
1042 2000 148
1788 1979 25
1 1353 250
222 2000 67
87 507 1909
932 1095 148
1182 2000 67
741 741 67
445 1547 1503
1 591 940
1 1615 988
655 2000 67
63 1332 148
1170 2000 1887
1346 1536 686
20 1682 1395
305 2000 67
776 2000 1887
920 920 67
959 2000 67
1131 1914 672
603 2000 1909
1281 1387 1887
1 917 67
239 239 1515
1 1426 933
1 958 67
1 1342 225
434 2000 67
1 1249 1887
1 1806 609
1 35 1887
1 1018 1887
1 1161 1887
389 389 445
1 1170 67
1 779 333
1 1524 1887
1926 2000 67
1889 1889 101
1839 1839 1760
638 2000 1104
1444 2000 328
1357 2000 94
1134 1999 1777
1744 2000 1114
882 1036 995
531 2000 1887
1359 1484 1887
246 2000 993
1281 2000 67
1221 1221 69
1622 2000 1106
122 2000 944
1 404 67
1 1942 67
710 710 1887
1 1136 148
645 1461 61
1884 2000 148
428 932 148
783 783 148
195 2000 1086
1131 1753 1087
1 1993 941
1 1521 1887
727 2000 67
1 946 1887
1 535 1887
1145 2000 65
813 813 67
766 2000 148
282 1661 1319
223 424 148
1 778 1887
1866 1866 1543
1 921 1887
1602 1602 67
92 521 1498
494 2000 248
1820 2000 148
1713 2000 148
356 569 67
1806 1806 148
1 1434 1545
449 2000 333
140 1984 729
65 65 468
497 1633 148
993 993 1924
776 776 1887
33 411 47
861 1836 1850
33 543 148
870 2000 1887
1556 1935 1638
1 492 988
686 2000 406
793 793 67
1379 2000 67
1086 1747 1626
1 1012 1880
1 1705 318
1231 1231 1093
632 2000 154
41 1285 67
1111 2000 1887
1920 2000 148
474 474 67
647 647 1705
1663 1818 978
139 2000 67
1809 2000 67
1276 1276 1887
593 984 1887
1 1523 148
1 1685 148
1 787 148
325 325 1887
1 220 148
866 1124 67
263 1319 234
1002 1976 177
403 2000 67
1 46 67
118 702 1887
1 721 1887
1 1 208
65 1332 67
1393 1393 1437
484 2000 1439
218 1506 67
1 1516 1995
1940 1940 148
216 1489 148
1 294 67
1814 2000 148
1364 2000 1887
1 570 1637
198 918 1055
968 968 148
1103 1283 148
1 1838 67
1826 2000 1887
530 1564 37
688 2000 67
634 634 1887
1 119 1621
468 632 1887
1962 2000 67
1063 2000 67
1279 2000 148
112 2000 1805
1 778 148
1 1699 767
1573 1573 1480
374 2000 148
1 1614 67
894 1577 1907
352 352 148
878 1637 1887
170 722 67
1866 1866 1887
1 179 1887
605 605 148
1 158 67
1235 1235 1414
1 288 1130
1178 1228 260
544 544 67
247 970 67
1037 1037 870
143 757 1887
506 506 1270
1949 1949 148
1 392 1878
1 932 1746
