861
0
0
0
0
0
0
0
10
0
45
0
0
1128
0
0
231
0
0
36
6948
0
39274
0
36
2775
0
0
28
0
0
0
0
0
0
2556
0
0
0
0
0
0
2278
0
75637
0
2415
0
561
173627
0
0
0
1378
0
0
0
0
0
0
0
378
561
1
0
153
0
0
210
1035
0
3
0
0
0
0
0
2701
0
595
0
0
903
0
0
528
351
0
0
0
0
0
9382
0
1540
0
0
0
0
595
0
0
0
28
0
0
0
0
0
0
0
0
435
0
0
0
0
0
0
0
58564
1176
0
0
0
0
0
3081
0
0
0
28
0
3
0
0
0
0
0
0
0
1770
0
0
0
0
0
0
0
2507
41573
0
0
0
0
3
0
1711
2278
0
0
0
0
0
0
0
1540
66
861
210
0
0
2485
0
210
210439
0
36
0
0
0
0
1
0
903
0
0
325
378
703
0
0
0
0
0
0
10
0
0
0
0
0
0
0
0
3
0
300
0
2080
0
0
0
0
0
1225
1
0
0
0
2775
0
0
0
105
0
780
0
2485
465
0
0
28
465
903
0
0
0
0
0
153
630
2775
351
861
0
1035
9191
0
0
0
0
0
0
0
0
1378
325
3570
0
26344
0
0
0
1378
0
0
0
0
0
0
1653
1
0
0
1128
0
1035
0
59178
1891
0
0
529
2145
1596
28
820
820
0
2775
0
28
0
0
0
1
0
1225
0
55
903
0
0
0
0
28
0
118127
3
1
0
0
561
0
2063
0
0
0
0
0
0
3486
903
3
0
0
0
325
0
528
