1772 2000 1326
204 1683
1552 1131
432 1552
1326 1171
1552 557
623 204
1326 556
1326 82
1002 204
1503 458
17 1326
981 622
918 1326
276 204
1086 204
204 142
678 1503
1277 622
213 622
1552 1416
506 204
204 1142
451 622
232 1552
1552 409
502 1503
295 622
901 204
204 1629
1326 1272
204 166
528 204
1384 1503
1503 225
1354 1552
1034 1326
622 1712
1552 197
653 783
1744 204
434 204
786 1503
1326 1390
442 1503
1759 622
836 1552
226 1503
1514 622
1552 1664
206 1552
622 529
1240 1503
204 315
1155 1503
1552 162
1360 1503
403 1552
926 1326
1165 204
1503 1380
1552 988
1326 955
1326 119
643 1552
1527 1552
622 1400
622 680
1140 1503
803 1552
1179 1326
1484 1503
1552 1623
1503 503
1112 1326
412 204
357 1552
516 622
1326 453
610 1326
188 622
703 622
1326 629
1552 830
622 1286
331 622
1552 978
1552 757
204 1731
1503 1559
943 1552
1326 578
851 622
204 713
1023 1503
233 1503
112 1326
959 1503
1552 248
1326 852
1452 1326
1503 1646
1552 1694
622 1342
204 1547
1552 1751
906 204
1503 1106
59 1503
767 1552
1689 1326
204 494
1503 227
1170 1503
1415 1326
1503 1128
204 1565
622 158
157 622
566 1503
1604 622
75 1503
1601 1552
310 204
1480 622
1326 1507
1552 280
257 622
522 1552
204 614
622 89
204 977
204 1167
1005 1552
1595 1326
622 1284
1552 308
1501 1503
1326 145
1218 622
1060 204
1505 1503
913 1326
1765 1326
1326 3
622 366
1552 1533
1090 204
1233 1326
991 1326
1552 987
1503 127
1124 204
1326 1321
404 204
622 1219
78 204
1326 1103
1503 117
1707 622
1326 316
751 1503
622 1517
700 204
944 204
1317 1503
204 33
1552 1509
785 1503
622 1529
1473 622
214 204
204 1326
1326 698
190 622
1718 1552
849 1326
1408 204
1503 1528
993 1503
1326 1768
1503 495
622 656
622 218
469 622
1492 1326
1552 769
1326 917
204 768
210 622
622 1053
204 430
625 1326
661 1326
264 622
920 1326
1347 622
1326 1264
1552 1292
1125 1326
737 783
1609 204
1503 1115
1020 204
979 1552
204 467
622 414
1072 622
1552 1399
140 1552
1552 1374
56 1552
1552 1673
622 652
1461 1503
290 622
603 204
252 622
1503 617
1162 1503
204 406
1552 631
622 655
863 1552
204 1252
1552 770
1738 1503
622 544
204 1614
1552 501
783 1080
204 334
183 622
1326 300
1552 1138
645 204
204 1564
1256 1552
1163 1326
1326 1228
1357 1326
1326 968
1552 904
856 1552
1552 507
204 1105
1552 1711
468 204
1412 1552
277 1503
472 622
1534 204
679 622
204 561
859 1326
1503 362
1503 1194
204 1522
1326 527
306 1552
1326 1274
204 1065
796 204
740 1552
1503 1216
1503 976
345 1326
622 1280
1631 204
783 699
427 1326
1326 1135
1014 1503
867 1552
1470 622
304 1552
622 484
622 1139
189 622
1244 622
1326 1460
47 622
723 204
1503 1166
783 1373
883 1326
622 1621
1289 1552
1077 622
1626 1326
1326 847
1584 1326
1503 646
204 1300
1552 1760
1503 1772
622 811
204 1243
155 1503
1062 1552
204 9
1326 640
204 1600
1326 1723
53 1503
1478 622
622 402
622 418
1637 1552
783 1076
1552 701
8 1326
1552 962
1418 783
108 204
622 1465
204 853
1429 622
1372 1552
1087 1326
1330 1552
204 1476
990 1552
204 939
1552 132
1326 538
313 1552
314 622
204 798
1503 1489
1326 565
570 622
596 1503
204 514
1552 586
1520 1552
1359 1552
1552 94
622 195
204 1761
1503 350
1572 1326
1503 1642
622 628
1326 728
204 1457
1702 1503
1326 961
1503 1668
887 204
622 337
622 1147
204 1012
204 115
783 902
1326 1387
622 1320
1552 1025
204 1199
1503 1107
68 622
622 539
1503 815
1769 1326
1599 1552
164 204
1767 1503
663 1552
235 204
1552 1339
457 1326
204 1593
152 783
103 622
1552 1326
1307 204
1326 347
204 1556
1249 622
799 1503
204 1538
895 1552
1326 1605
783 1302
1650 1503
982 1326
622 1191
1503 437
634 204
1498 204
1491 204
622 393
719 1552
1503 1367
1052 1552
1227 1552
554 1503
760 1503
204 341
1326 1487
1337 1503
622 476
587 622
355 1552
344 622
1503 1644
1326 1324
1437 1503
1152 1503
1481 1503
204 1299
764 1552
936 1503
812 204
1326 791
285 622
622 1404
1326 196
783 168
1552 1589
1552 771
204 1382
433 1552
869 622
783 1638
1326 1236
1326 935
997 622
574 204
1628 783
860 1326
1503 156
294 1326
825 1552
1326 893
1552 199
1535 1552
1654 1552
1083 1326
1477 1552
204 1151
204 11
1503 23
1146 622
1326 1231
309 204
1421 204
1503 1074
1377 1503
1503 1585
1503 946
1503 1288
124 622
1213 1326
622 1079
783 352
622 668
1503 765
1552 459
783 1494
1552 335
1212 1503
706 622
204 1108
1720 1552
473 622
1552 45
1552 1093
1503 1141
165 1503
36 204
499 204
1432 622
873 1552
1326 296
148 622
478 1503
948 622
600 1552
777 1326
284 1552
385 622
1326 1290
204 1031
1552 805
1526 622
1326 1063
636 622
1552 835
176 204
447 1552
208 1552
622 846
1503 330
171 1326
915 204
622 1616
588 204
1552 1587
974 622
204 343
622 1239
435 1326
622 1466
491 204
1019 204
1504 1552
1552 1693
532 1552
622 558
1326 1048
7 1503
1552 398
204 583
1503 789
1503 1569
383 622
1055 1503
1326 1636
1503 741
1326 95
1503 595
1047 1552
1428 622
635 1552
622 773
576 1326
1266 1552
1134 622
783 283
622 1006
622 1294
320 204
945 1503
622 87
204 293
1410 1326
571 1503
534 1326
1503 1661
120 1503
387 783
1096 1503
1552 593
1552 654
1503 169
1220 1326
622 420
1073 204
1326 154
204 262
1552 1375
1552 601
648 622
29 1503
1326 30
1056 1326
410 1503
912 1503
1503 185
775 1503
1552 1510
1326 1043
1503 1195
338 622
5 1503
1503 1333
1552 1568
1160 1326
622 682
1326 20
1503 172
22 622
622 1740
1326 1458
80 622
239 1326
204 1618
622 289
85 622
1423 1326
204 1122
1326 1314
1715 1503
734 204
622 738
1503 1482
671 1503
1183 1552
204 824
630 1503
780 1326
1353 1552
1358 1552
1552 1145
513 204
1758 1326
1041 1503
1710 204
204 512
1326 1549
209 622
882 1503
204 1440
1326 298
832 1503
222 1552
622 1733
1503 1
800 1503
844 1503
1118 1552
1620 1326
201 1503
323 204
1552 44
732 622
204 1709
367 1552
1263 204
1503 841
38 204
1207 1552
1552 1258
1326 1369
530 622
515 204
1770 1326
1552 1472
1326 1612
1519 622
1326 641
622 401
876 1503
204 1532
1728 204
424 622
27 1503
695 1503
374 622
622 710
613 1552
531 204
1552 1706
788 622
1503 591
204 1092
1503 1615
1326 100
659 1552
1552 992
871 1503
48 204
319 204
500 1503
1326 425
1371 1326
1409 622
1552 1185
914 204
204 151
1552 1698
1503 114
256 622
181 1326
1326 1426
1552 1500
204 1583
482 1503
1552 563
669 204
622 1682
1463 1326
1326 1116
1503 584
622 1355
1190 1326
251 1552
971 1326
1326 664
783 934
783 144
204 518
783 709
622 606
1235 1503
1326 1656
204 970
622 325
1503 1474
622 73
1326 1175
1038 622
622 1164
1064 1503
781 1326
567 1552
782 1326
864 1326
1326 1238
1153 1503
212 1503
622 43
1639 1326
638 1326
622 681
1503 49
1503 493
1326 720
282 204
1051 622
1189 1552
1552 1641
1078 204
622 1523
1326 254
622 1326
1486 1552
1503 1555
1503 693
349 1552
102 1503
204 488
77 622
1633 1326
622 1298
1326 1039
1552 241
622 564
1658 622
456 622
204 938
1326 542
1552 526
622 1003
621 1326
862 1552
1248 1326
1704 204
1558 204
633 622
1503 1061
1552 749
622 1544
536 622
1435 1503
1503 903
984 204
794 1503
159 204
13 1552
1503 1130
1503 1101
1326 1515
1326 1578
622 178
1503 504
724 1326
1015 1503
909 204
1552 1206
1326 963
204 673
1326 573
952 1503
204 1670
806 1503
1552 972
204 1540
622 1341
1326 1136
1364 1552
400 1552
1398 1503
1552 722
128 622
1326 1058
1026 1326
848 204
1552 328
1552 1378
995 1326
1503 223
843 1552
622 219
1326 598
622 167
1326 670
204 42
1648 1552
1099 1503
745 1326
361 622
1203 1503
845 1326
1552 113
1503 831
161 1326
1552 766
540 1552
1503 97
1552 479
204 1441
1552 1318
200 1326
986 1503
1552 1267
1503 537
394 1326
783 748
471 204
783 116
1326 137
1326 229
1552 1385
1326 92
1503 1577
191 1552
204 1168
1503 1391
1552 1054
622 1669
839 622
1326 431
333 1326
1386 1552
1552 1632
1552 947
339 1503
543 1552
1503 1690
1104 204
1503 1687
1193 622
1503 1336
1326 153
474 1552
24 204
204 1040
421 1552
622 1159
622 1010
204 589
1752 1503
1552 919
204 452
1552 1490
622 1211
244 1552
1326 106
1552 949
204 489
1493 1503
1552 436
1137 204
622 1259
960 1503
1503 1226
1552 575
622 1649
204 1362
1319 204
275 1552
1326 702
1326 594
1363 622
622 1617
1326 173
101 622
783 1186
708 204
204 546
582 1552
881 1326
1503 66
733 622
365 1326
1746 1552
1503 1331
622 466
622 1451
1326 916
204 1771
1552 1091
1503 1301
1326 1665
1326 438
1552 98
1552 650
126 1503
622 762
1017 622
1552 1075
1326 76
250 1552
1442 1552
1503 755
245 1503
985 204
204 220
204 1129
1503 216
1311 1326
1536 622
999 204
1326 1117
224 622
1503 1714
1326 1413
1173 622
1325 1552
1597 204
704 204
622 1455
1396 204
204 1296
204 260
204 236
1295 1503
1552 602
1619 622
966 1326
1552 1232
1552 973
1503 1742
1255 1552
204 1327
834 1326
1326 1241
1552 510
1127 204
1592 204
1503 889
1468 1326
622 820
1424 622
776 204
622 490
622 146
141 622
204 1045
783 1102
622 1679
1674 1552
240 622
642 1552
683 1326
622 1427
448 1326
1503 477
204 658
307 1326
1552 446
1552 1571
492 1552
622 1305
1503 1417
1032 622
1503 1174
1503 135
1503 384
675 1552
1201 1503
1009 1503
204 16
891 1552
62 1503
204 854
1326 266
622 170
46 1503
204 174
562 204
1552 559
1724 1326
622 580
1035 1552
464 622
1552 637
622 647
204 1748
783 1100
705 204
622 731
1383 204
291 622
1497 622
1464 1552
1365 1552
783 242
814 1552
255 1552
572 622
204 1684
924 1326
1315 622
622 1030
1328 1326
110 1326
1603 1326
1326 1537
1503 541
1326 51
360 204
211 1326
932 204
1098 1326
1503 1283
639 1326
204 311
1326 1037
1176 204
1225 622
622 1344
204 69
1552 1024
1552 1021
1420 1503
1552 520
1503 964
1326 619
783 1161
958 1552
86 1326
1109 1503
686 1503
622 1666
1434 1552
818 1552
1611 1552
1499 1503
1326 1660
184 204
1503 1008
1503 607
204 460
622 716
1326 1692
1329 622
622 857
204 907
1552 1459
784 622
204 1182
1326 268
123 204
1503 1234
667 1552
1121 204
622 371
599 1326
63 1552
204 415
1177 1503
622 129
1253 622
204 930
1368 1503
204 321
718 1552
1433 1326
419 204
70 1326
130 1503
651 622
754 1552
823 1326
622 736
1254 622
204 1150
54 1503
204 611
1594 1326
1552 379
1326 1622
1326 1068
759 783
808 1326
585 1503
1552 450
186 622
721 1503
1503 1734
1447 1552
622 1717
622 609
288 1552
801 204
1552 1757
1552 927
204 1323
1376 1326
439 1503
1563 1326
622 203
624 1326
204 858
1503 301
1356 1552
1531 1503
910 1326
1326 604
1503 819
1552 1004
332 1326
1407 1503
131 1503
1552 1262
1471 1503
592 622
1543 1326
622 1680
1546 204
57 204
1326 840
1552 1144
359 204
1552 1247
1503 243
783 1326
204 380
1326 1149
687 783
1326 483
1634 1326
627 1503
221 204
204 878
1085 204
204 1539
286 204
204 269
1326 1172
1196 204
237 1552
783 717
1518 1552
1467 1503
204 519
407 1552
41 1552
1552 1132
1671 1552
1697 622
1552 326
1268 622
1326 996
204 533
204 1763
1446 622
1552 712
1624 783
204 1237
121 622
1552 205
1095 1326
204 821
622 793
1645 622
622 1036
1735 204
1503 866
626 204
1326 1276
1158 204
246 622
1403 1503
1326 838
590 204
67 1552
1483 1503
1552 874
1326 1202
1503 487
14 1503
204 136
1326 253
1345 204
292 204
1326 1513
622 758
1503 1677
107 1552
99 204
204 83
1326 382
1257 1326
1503 1332
1503 1309
204 1361
1044 1326
324 1326
1154 1503
1716 1326
1676 1503
4 1552
1326 278
1749 783
1326 756
204 1350
1552 143
1552 1123
896 204
956 204
1503 875
1503 747
822 622
1503 10
1643 1552
302 204
1469 1503
1326 1335
351 1503
1326 50
1326 1070
1503 1221
1701 1326
612 1326
1503 555
317 1552
1326 497
1552 364
828 204
691 1503
1370 1326
1281 204
1214 204
622 416
455 1552
1552 1747
52 204
622 597
373 622
105 1552
1552 980
1725 1552
1326 389
1681 204
1326 1411
622 925
1503 1657
1326 21
1430 1326
348 1326
1401 622
1326 15
1224 1503
34 204
204 258
879 622
1204 1503
1552 937
783 714
622 696
1503 886
1326 677
1326 969
19 204
1567 622
1326 462
273 783
40 1326
1613 1552
1560 622
397 622
1606 204
827 622
783 249
672 204
1133 1326
272 1552
1306 1552
1503 1261
941 204
1552 1756
454 622
1326 58
1659 783
1503 422
259 1326
1721 622
1503 1439
1503 1732
1762 1326
1326 72
622 1764
122 1552
1705 1326
405 1503
790 1552
1334 1552
281 1326
1730 1326
342 622
204 795
622 231
1285 1503
850 1326
1552 772
39 1326
1503 31
855 622
1552 1113
1503 1580
1503 1346
204 363
1726 204
615 1326
204 1675
204 1741
685 622
1322 1552
622 1029
1444 204
1326 1265
1503 804
1503 1436
545 622
1552 1610
953 204
551 1503
622 1576
1027 622
1287 622
1503 378
622 443
1503 1557
711 1552
204 1313
1503 299
1503 1691
204 605
194 622
1297 1552
622 900
1548 1326
1552 1223
1552 761
204 568
1326 1530
1745 1552
204 579
622 413
622 950
1503 1736
93 1326
884 1552
204 1381
1552 933
329 622
461 1326
1552 91
622 809
498 204
1018 1326
392 622
139 1503
1696 1326
1607 622
1209 204
204 787
1503 26
622 1188
1089 622
204 1059
735 204
813 1326
837 204
445 1503
1581 1326
238 622
1343 204
1503 265
622 1686
198 1552
622 1574
204 388
1552 1755
90 1503
622 441
1496 622
1475 1552
1178 622
204 1388
1503 1013
204 816
336 1503
783 1688
1552 1205
622 1719
1326 429
783 1456
1541 1503
1653 1503
74 622
204 64
1552 1210
1326 697
727 1503
622 440
622 1678
1552 975
1503 826
1552 1640
84 204
622 1524
204 1425
622 797
370 204
1326 1506
1503 71
1326 1389
622 694
1326 1349
318 1552
1552 2
928 1503
744 622
1450 622
1326 1049
1552 549
1552 1366
1198 1552
622 1627
1495 1552
676 204
481 1326
622 271
1246 1552
204 480
149 1326
346 1326
1326 327
1516 622
1552 739
1326 1169
954 1552
1552 1542
1326 632
192 1503
783 1662
1438 622
79 204
897 204
305 1552
861 622
989 1552
1503 247
1326 1016
1326 1180
1525 622
1713 622
1503 1310
1598 1326
1326 25
1448 1552
892 622
204 449
391 622
622 983
649 1326
1503 1379
622 662
485 204
1326 1084
1229 204
622 1352
1273 1503
622 1316
1326 207
523 1552
569 1503
118 1503
160 204
1552 1405
1651 622
1326 1181
743 1503
1503 356
1419 204
428 1326
1503 899
12 622
270 1326
1503 870
204 1066
622 1348
1503 560
1503 1743
1097 204
395 1503
1552 940
1552 426
1326 1110
204 1708
622 865
622 1057
1511 204
1552 1695
1766 622
1042 1503
1326 1699
18 1326
1120 622
921 204
202 1326
204 1729
150 204
521 1503
779 1326
81 1326
829 1503
1552 1566
204 1667
715 1503
1503 1402
1114 1552
1552 994
411 1326
620 622
1554 1326
1326 725
1395 1552
1326 965
622 1215
215 622
783 1431
1282 1552
279 1326
1573 1503
1312 622
1326 998
1552 1033
204 1596
622 833
1197 1552
1552 1655
1570 622
1552 890
1222 622
622 322
177 622
1553 622
1552 1422
65 622
1586 1326
888 204
1503 931
234 1326
1552 967
622 1445
1552 496
96 1503
622 1278
193 1552
204 908
1245 204
1479 1326
1326 1685
1647 622
898 1552
372 622
783 35
783 505
204 1449
535 204
204 1582
204 689
548 204
622 1050
665 204
622 408
1552 261
204 463
1111 622
274 1552
752 1503
204 125
204 644
1148 1552
1271 204
1635 1503
1088 204
1269 622
783 1443
1326 1753
622 187
204 179
674 204
1737 622
877 1552
134 622
622 133
1308 1503
263 622
1192 204
417 1326
1672 622
872 1326
1503 1512
1326 684
1187 622
204 550
622 1230
508 204
842 1552
1562 1326
666 1326
204 1082
1275 1503
1208 204
1326 230
204 375
1488 1503
957 1503
622 1508
1503 486
1326 61
204 1754
180 1326
1326 444
622 1304
1588 1503
465 1503
1406 622
1552 353
1393 1552
622 511
1503 817
182 1552
726 622
297 783
1326 1502
1326 1094
1462 1326
1552 1007
204 1071
204 730
1552 340
622 1291
204 1260
1552 1119
1028 1326
1552 509
660 204
28 622
1001 1552
377 1326
1126 622
204 750
217 204
622 616
622 552
1270 1552
1279 1326
6 783
1552 1340
423 1552
204 1551
1503 547
622 1397
1326 138
1326 368
204 581
1550 783
774 1503
608 1552
1552 792
622 267
1625 1503
1394 1326
1326 1545
1503 1067
1561 1503
1503 951
204 618
1200 1552
690 622
1552 657
783 922
742 1552
1000 622
1392 1552
1503 885
1503 553
707 1503
783 475
1143 204
287 1326
1011 622
37 204
1217 1326
577 204
911 1503
1326 175
807 1552
60 622
622 1293
1700 622
1503 369
1503 1069
1552 778
1503 1338
1326 1351
1503 868
204 163
923 204
622 692
204 1156
525 204
942 1552
1326 1503
381 622
1608 204
929 1552
1326 396
1326 111
1046 622
109 204
204 1630
1503 55
147 1326
1552 1722
517 204
204 746
1251 1552
1552 390
783 470
104 204
1454 783
1326 303
1703 1503
729 1552
622 32
1326 1303
1590 204
1157 783
1503 810
386 1552
204 753
204 1739
1552 1453
1250 1503
1022 1326
354 622
1184 204
1579 204
1652 1326
1552 1521
688 1503
1602 1503
802 1326
880 1503
783 894
399 1326
1503 1485
1081 1503
1727 1326
204 1242
1591 622
1326 376
1552 905
1503 763
204 1750
1575 204
1503 228
1414 204
783 88
524 204
204 358
1663 1503
312 622
548 1385 763
329 329 1552
917 917 1552
1742 1742 1267
446 824 1552
1407 1407 1600
448 1772 1767
1 1082 721
1 861 1380
1 997 622
1 1705 1552
781 1683 1326
1366 1772 500
1047 1772 204
795 1772 502
109 1772 642
1 1604 1503
771 1772 1067
935 935 1552
125 125 1326
1769 1769 204
311 311 1074
1 1067 309
1014 1290 1503
753 1772 1089
761 1772 783
348 348 491
1685 1685 1503
1 1251 783
1522 1522 419
1657 1772 1503
1 876 854
723 994 1753
1 885 622
916 916 1476
913 1772 1326
1741 1741 882
900 900 783
1294 1294 497
491 491 1552
1 1028 991
1 857 1326
837 867 204
1 235 1326
824 1249 1503
1 644 154
164 1772 158
1425 1425 1462
870 870 436
1 255 623
331 1772 494
1515 1515 1450
1 478 1552
696 1462 204
1 411 1552
1 1 1561
407 1772 1029
1 1107 622
122 1772 227
1005 1005 783
1711 1711 783
1752 1752 1503
282 702 1552
1 59 1048
721 721 953
114 1772 783
305 305 1326
321 1772 1501
1591 1598 1503
1335 1335 1326
252 793 204
1746 1772 427
1 191 1608
1 1662 1672
1183 1772 207
802 802 783
560 560 167
1335 1335 622
1 824 204
1051 1051 640
1 1491 1326
132 698 1503
1144 1278 174
377 1772 204
1 1076 657
567 1663 622
1 1516 622
968 1772 1127
1178 1217 1503
182 740 1171
1643 1772 1537
1069 1772 783
879 879 622
1107 1704 1552
1 775 204
286 1772 350
1634 1634 1503
1 353 783
1482 1772 770
368 1472 204
1255 1772 1344
181 1636 1552
1120 1120 306
1 286 783
1386 1386 880
306 1524 155
640 1712 1552
1 796 1326
1668 1772 458
703 1772 1326
749 1099 783
407 407 783
1 631 184
1262 1262 702
1 799 1326
330 330 204
1 12 622
403 403 376
235 556 783
1189 1772 119
526 526 1503
1 555 1423
1 269 1159
1 1638 1243
802 802 1552
447 447 1330
1 761 622
159 1772 737
490 1772 1326
348 716 1326
585 1772 638
1743 1743 306
1235 1235 1590
517 1772 1326
342 1615 1360
1307 1307 1666
39 574 967
783 813 783
20 265 22
1 945 6
355 917 783
1 206 204
96 1772 1196
1 600 625
962 1772 1719
208 1034 783
138 1546 1063
365 365 204
14 14 934
1 1569 1326
245 1772 471
664 693 1178
481 1772 783
592 1608 1503
1623 1772 151
630 630 783
1 1049 1159
1 702 875
572 1334 622
202 1772 135
1 1710 1326
1 1328 622
1 647 204
1243 1772 1110
151 992 1620
862 1676 1291
207 1772 365
373 760 106
926 1772 494
1260 1772 1697
1 1139 1066
1 607 12
1706 1706 1301
1279 1279 638
138 580 861
346 811 1491
1 1652 1326
994 1772 204
1336 1336 1552
446 1772 795
57 865 622
1357 1772 1604
852 1772 783
1598 1772 845
533 533 1503
230 230 412
1 328 1553
1 780 711
818 1302 622
100 1772 1326
192 1290 204
799 985 783
1178 1178 904
1 1275 482
34 1772 877
298 298 783
673 1772 1326
1 501 1627
1713 1772 1503
1568 1772 464
695 695 1451
60 1132 783
1 605 935
1367 1367 132
747 810 749
1 1652 1710
865 1772 807
1 1338 597
554 1377 1552
433 433 768
1505 1505 1326
563 1772 1552
1021 1021 1503
1669 1669 204
325 588 205
484 950 878
847 1228 1503
1267 1267 783
850 1772 1165
626 1230 783
138 1772 498
991 1772 1340
211 1086 747
1 1154 1675
1 1499 288
105 105 204
1 879 622
1145 1542 783
675 719 788
564 564 1355
1 1202 1760
957 957 1503
1 1063 1103
1 1661 1552
466 1578 1503
211 211 783
130 1772 622
203 639 1503
1289 1772 1728
1 1345 1269
416 416 1498
1 934 1326
341 1772 38
1679 1679 1738
869 869 222
856 1128 622
1399 1399 1565
1 651 1400
197 1772 204
1230 1772 622
1 613 611
695 705 1694
1748 1772 204
120 237 204
1 1059 1552
568 1404 1326
107 620 622
417 417 426
456 1772 915
831 831 204
1 1387 1503
384 384 693
1491 1772 783
378 911 251
1 717 1552
1710 1772 622
1100 1100 204
1 61 622
1641 1772 837
432 1637 783
560 560 1373
1 1477 1503
145 145 1503
600 600 1178
1008 1008 1503
704 1772 1539
1271 1696 754
228 1772 387
1 1313 43
134 134 783
226 1772 1467
961 1460 1552
1230 1230 204
620 990 78
114 1720 1472
1 540 1326
1552 1772 204
54 1772 622
620 1772 401
1515 1515 1096
1123 1772 584
1137 1137 1240
1 332 1184
1294 1294 477
1695 1695 783
553 840 1326
1092 1772 645
1 1011 591
945 945 404
1133 1133 1325
1435 1435 1503
1 315 623
1573 1573 204
354 1575 1768
1509 1509 1552
1332 1772 783
626 1772 934
1 53 1326
1 560 1141
1 1440 1455
1 599 622
1 1603 172
137 269 783
294 294 1326
1 602 1552
1383 1383 1326
638 638 1547
849 849 432
1177 1772 369
235 1772 105
72 72 1287
1199 1199 1552
1 145 73
783 1772 1552
435 442 1552
1062 1062 1326
1 1718 1216
1054 1772 1326
1553 1553 1552
1 1304 246
1 1507 1690
601 1677 622
1029 1772 1503
1 1610 229
1 849 622
772 772 107
1694 1694 1326
942 942 204
1423 1423 783
1 639 737
1168 1168 1503
1 173 505
986 986 1503
1 348 783
129 1084 1323
206 1772 172
1283 1283 324
13 1772 1701
766 766 19
1273 1273 1020
1030 1030 1525
123 1772 1010
1580 1580 1314
1490 1490 1483
1300 1300 204
1 1697 257
1477 1772 1674
1 658 1326
1193 1193 622
1 535 1145
14 1015 622
985 1064 230
1314 1772 442
456 456 1326
491 491 121
1551 1551 1058
1456 1456 1659
268 542 783
1624 1772 1503
728 1483 1588
125 125 1490
1748 1748 622
1398 1772 1552
1 1257 783
1231 1287 1503
1 1624 1503
956 1772 1011
1660 1660 1326
174 1772 622
1624 1624 1503
1 1092 696
1 924 1552
85 144 622
1 1324 1130
1313 1772 281
1370 1370 382
1157 1157 241
111 111 742
1682 1772 1326
795 795 1713
504 580 622
1 1446 1503
1193 1193 1552
494 1772 883
1 293 1326
1 19 1552
1146 1772 622
71 161 783
1 1421 827
65 1772 402
115 115 783
1 1627 1503
1 588 1503
1 873 1628
751 1772 339
1 383 1552
820 1772 1503
201 201 622
791 791 242
415 1772 204
287 1202 88
1087 1614 82
1676 1772 561
999 999 1319
457 1646 1552
249 1592 1019
1 1108 795
1 1484 1552
776 776 219
1554 1772 367
1 1673 1326
913 1368 169
813 1767 290
1258 1772 840
232 232 204
227 584 1503
906 1772 1552
289 289 192
732 1772 622
682 682 496
1 1347 622
1147 1772 1503
467 902 783
1 1404 1552
1622 1772 689
1186 1186 204
1 29 304
1532 1532 1362
876 1772 1503
1 1762 882
1096 1096 1552
367 1772 629
289 418 1078
1 1633 783
703 703 1503
1 1092 1326
477 477 622
1365 1365 1552
514 1772 1503
162 1772 622
1421 1772 204
1 51 1552
1152 1713 1503
1 1458 570
1165 1772 1552
55 1416 1428
1 1629 628
396 746 783
995 1348 940
127 684 653
1110 1110 62
29 29 332
1309 1772 1552
806 806 407
612 1439 1503
730 1226 1164
1500 1772 935
1 321 780
1659 1659 1670
1 694 1309
1 272 783
1274 1772 622
708 1486 1353
1 1600 204
491 491 815
1692 1772 661
1 986 783
1 1226 1503
1 1370 942
894 904 71
1 207 600
436 719 1552
1 1132 1048
1 436 1136
1613 1772 749
896 1772 733
268 1772 1022
1210 1210 1503
411 1772 622
28 1180 1105
1 874 51
1628 1628 1513
1308 1308 204
1 1387 1503
233 1482 783
1 1349 783
764 1772 678
1 433 1551
248 1664 1539
1 1509 239
1 1317 423
1187 1772 924
1629 1772 783
1229 1229 204
1 1386 928
237 1772 1020
234 1606 1503
643 643 1018
306 1772 204
1 97 622
1335 1772 1326
384 384 1326
661 891 604
365 1708 1503
427 1222 204
1356 1356 204
1000 1000 622
1 159 204
1077 1772 783
1361 1701 622
944 1275 1389
308 308 1326
1 588 622
660 920 972
1020 1123 854
1 902 204
1 738 1552
1007 1772 1326
243 243 1759
1729 1772 783
1554 1772 705
1 1236 111
955 1772 30
688 688 1503
208 1772 1552
708 708 783
1 1221 1461
1607 1772 1503
1229 1406 1732
635 1181 204
1 497 568
1 1303 850
320 395 431
1 820 700
1 445 1222
258 1513 204
1293 1772 1585
1 836 1503
989 1772 1070
998 998 204
1290 1772 1552
25 554 1326
766 1772 1326
993 993 214
1246 1398 477
1024 1772 1076
1366 1772 37
929 929 622
521 1772 714
381 1772 1729
1662 1662 526
304 1772 622
80 1638 1326
1 1690 604
920 920 1503
1 557 783
1 766 1326
1 219 204
444 444 622
1184 1184 1503
500 1317 1220
799 799 911
216 216 1552
1763 1772 1270
682 1772 1326
1664 1664 1326
735 735 1474
1107 1107 1329
1278 1772 1326
866 1498 251
205 1772 1112
798 1772 783
273 273 1552
820 1772 1503
1 144 1326
487 487 1728
1150 1150 546
1 216 1326
1 959 768
686 686 1326
1096 1096 204
1365 1365 204
571 571 1676
447 1451 799
241 1061 1552
1 850 1308
1 108 204
1228 1772 103
1 1738 1503
784 1772 783
261 261 783
1094 1094 1326
1568 1568 669
419 419 1505
1 565 1552
650 1363 204
1352 1352 1552
1046 1046 783
1063 1516 622
1 1641 363
957 1667 1503
217 1661 204
480 927 218
704 1394 783
1020 1698 1503
1437 1772 524
614 614 1277
1182 1182 204
605 1772 560
248 835 854
859 859 938
675 1698 1733
973 973 1552
1 1190 204
77 77 291
1575 1772 296
1768 1772 204
63 358 1226
20 20 1503
1140 1140 13
1284 1284 1440
1 1646 1552
1438 1438 1243
1091 1091 1326
1173 1772 1745
1 1285 267
32 902 1552
1 916 204
290 1560 1301
1 198 1077
1 197 273
1 1239 622
1 132 1503
1 481 622
1051 1705 1503
1174 1174 783
40 245 1497
988 1772 416
1 1578 279
1 1571 1302
1 1646 1503
366 366 1503
1 1384 1433
158 1299 204
501 1510 370
1 1092 783
139 139 783
90 90 301
1 773 1503
1062 1360 874
1625 1625 501
402 402 779
1 1370 204
1 802 1402
614 784 204
639 1772 405
134 134 1081
961 1766 1032
1207 1207 242
611 1772 204
1299 1772 112
531 1772 622
794 1320 783
1 658 204
1064 1274 1326
1070 1772 1111
1 1214 643
442 1538 1326
1058 1772 783
427 427 622
819 1772 622
820 1179 1552
1390 1390 1012
1 910 1326
783 783 204
1576 1576 1503
1541 1541 204
537 1698 858
241 241 783
1060 1772 1326
1126 1126 1568
1 1207 622
1567 1772 1552
524 1282 622
221 1195 995
479 1462 1552
684 1772 1264
1318 1318 1753
722 1772 231
1 794 1326
1222 1222 204
764 764 1248
1107 1772 1503
1209 1209 622
770 770 115
604 1579 1503
1 1771 204
380 380 1227
1 213 765
1554 1607 330
918 918 622
1 1405 1370
535 1143 622
670 670 500
1 194 1305
1157 1556 204
1 256 1503
1 459 1326
1 809 1503
89 1772 783
1298 1772 637
1329 1329 622
1 1351 17
49 1772 519
1 283 1186
1 516 1329
645 645 622
1 801 1151
1044 1298 1503
1 1627 1503
1 983 1110
1096 1096 1552
73 446 1326
186 376 601
571 1772 783
1 836 622
1 1607 1326
881 1772 1552
1 781 622
323 1555 226
1 858 1173
1733 1733 1115
625 1182 557
425 1772 783
970 1064 1335
871 1634 622
1339 1339 1443
1380 1772 213
853 1772 1607
1 233 204
1 1559 1368
146 146 700
1 205 1138
606 1772 1552
179 806 590
275 1333 783
569 1772 1571
1446 1512 1689
204 1772 1503
1590 1772 622
352 352 622
865 865 823
243 1266 1552
1 481 622
1 598 940
216 216 975
985 1772 1552
1 268 971
1 1664 783
1 77 48
126 126 1376
1110 1450 783
299 550 622
1284 1284 204
1 1086 783
1 1628 622
1620 1772 1552
1002 1002 457
11 1772 1487
1 812 204
895 1048 1326
825 1772 542
1695 1772 58
440 440 1552
22 766 1552
728 728 204
569 1343 1374
1 568 1630
1 739 783
75 75 1399
813 1772 1388
1357 1357 822
1141 1772 1326
1 661 363
681 1772 783
1515 1772 1326
513 1525 1552
1 1548 1210
531 1650 439
1 151 802
1057 1772 622
560 560 1287
1 766 783
572 572 622
319 719 1326
780 1184 622
1 682 652
739 768 1426
1 1640 580
389 989 808
1579 1772 1252
1 438 1503
310 917 1267
1 1054 85
1189 1189 1503
458 1772 1761
752 802 1326
1 55 204
605 605 204
1078 1772 1503
1 1656 1503
1 1187 622
1 98 1034
1359 1359 639
539 1438 1552
895 1671 1326
546 1121 666
1 474 737
82 1145 204
1439 1439 1326
363 1772 1193
1526 1772 1552
1 294 1326
1 1523 570
33 1252 783
1278 1772 622
1 597 518
1137 1772 1503
1 1190 783
1657 1772 1584
698 979 783
72 384 1326
316 1556 1390
1182 1182 1007
39 39 622
457 457 622
855 855 1326
914 1084 920
84 630 1544
1658 1772 783
177 512 898
1169 1169 1746
588 1068 622
1 1166 169
1 1201 1726
759 759 1326
1 1090 279
354 1703 622
664 1455 523
600 1772 1552
1 106 1326
571 1653 1503
1416 1416 204
45 295 382
1573 1577 622
1372 1372 363
1131 1131 862
525 657 1214
851 1772 700
767 1772 1627
1635 1772 359
1 1173 1552
183 1772 1503
1409 1772 1326
84 1772 57
1152 1152 1552
931 931 464
859 859 783
1070 1070 1420
1298 1298 197
972 1604 1326
552 552 1503
430 1772 1326
857 857 1173
133 133 622
1 925 1542
6 1772 1591
405 768 783
1 1161 927
1029 1772 530
568 1673 1503
778 778 783
1 833 783
985 985 1060
1 122 1685
1 454 1326
201 1772 622
755 1219 622
1242 1242 1326
594 819 1029
854 854 1326
1613 1772 405
1 903 1466
292 1588 1126
217 217 622
981 1474 1503
556 1299 1326
688 732 1083
1 66 622
1073 1073 1148
1 1763 1326
178 1565 204
1212 1447 783
1 1581 627
854 1772 1552
122 744 1552
718 718 840
1084 1772 1623
547 575 387
1 705 204
738 1772 204
870 1772 376
1603 1603 516
1089 1089 600
1 1152 1491
21 21 1471
696 696 1360
849 1772 369
1084 1772 1552
102 102 622
614 1772 622
691 1772 905
1068 1772 204
829 1237 390
898 1772 391
1 386 1552
813 813 841
1468 1507 1503
404 1309 803
129 129 783
354 1772 1300
729 1772 296
805 1772 622
379 1772 998
549 1772 783
719 719 204
1540 1772 783
1 723 862
1 246 140
1662 1772 218
1 1039 1587
1702 1702 500
659 1772 791
184 421 1552
804 1089 1552
406 1022 584
299 299 1072
37 561 1501
1 1010 204
1 1132 1503
1049 1772 622
493 1772 1326
1 1343 924
1 606 1710
1399 1399 961
937 937 204
1 828 783
699 1772 265
1161 1772 440
1496 1772 47
607 1772 1143
332 1772 622
420 1772 1088
505 505 1286
399 399 1326
1 879 1326
350 1772 1499
765 1345 1664
840 1353 1326
1758 1758 1239
962 1772 1326
369 1772 644
1212 1212 783
332 427 1503
613 1772 1611
1157 1772 204
1639 1772 1326
1 962 1552
573 1772 916
254 254 622
1 1743 1552
353 1169 783
899 899 1326
1079 1079 969
1 1068 1552
800 1133 1692
1 750 783
999 1772 1552
380 380 1552
1 1302 1014
207 207 1533
1561 1772 1659
1530 1530 1081
1 482 624
1 190 158
844 1772 1306
350 1772 1503
105 1772 252
265 1479 852
1219 1614 1503
529 541 1552
1515 1772 1326
493 1772 1552
1 1056 1503
524 1772 1552
1495 1495 783
830 1772 735
910 939 1552
1283 1283 746
1 96 1552
1 172 430
744 744 223
676 1772 917
1376 1376 1326
1 138 1552
1696 1696 783
26 26 1326
31 1772 1507
1494 1494 1447
1510 1772 15
206 206 1345
1626 1626 204
213 1363 637
100 1502 231
420 1572 622
460 1772 204
1 197 622
1 484 1552
1460 1460 783
480 1772 622
1531 1772 168
533 533 1326
229 229 783
210 210 1419
623 1772 1552
804 804 1075
888 888 622
138 138 1552
195 1641 204
1125 1136 651
853 853 961
1412 1772 726
1 597 1326
1 533 507
706 859 1326
1376 1429 1503
1175 1682 1005
1483 1772 622
1343 1749 622
1 401 1503
1 1713 1503
1 1253 880
911 1772 204
1 16 527
272 1212 1326
743 743 61
879 879 349
1 1629 622
898 1237 1552
480 1446 204
1 1734 789
613 1772 204
1 244 421
1 1452 404
262 262 1503
1 469 204
1 1526 204
1 35 622
1 630 1552
944 1772 783
1236 1321 783
1 128 204
1 1381 1503
1 218 598
1 203 21
289 1002 1451
385 1772 783
1023 1772 622
203 203 1552
386 1772 1552
323 883 7
1307 1307 204
991 1772 1584
107 107 906
1772 1772 1552
350 1440 523
26 546 1503
951 951 783
1123 1437 373
1615 1772 255
1 587 1724
898 1772 593
344 1772 783
169 1301 622
1 237 417
478 1772 204
1204 1328 1326
1 336 204
363 1772 204
243 243 118
458 1438 1552
1 38 1247
274 274 1552
911 1059 204
1592 1592 388
231 1264 1503
1 1441 31
531 531 551
1 523 1078
1197 1197 1584
614 1772 783
31 1772 622
316 1772 1103
1 1632 783
197 197 622
1 1610 36
1050 1772 204
326 1772 1393
1574 1772 622
1 903 783
293 293 1478
744 1772 1326
1 1747 1548
148 1119 1326
724 724 1610
1 3 204
472 860 204
1 1292 971
1 1595 1503
380 1772 622
900 1772 1503
264 868 1335
839 1772 622
1 1160 903
919 1654 1552
664 664 1159
1 1766 235
1 28 622
812 978 714
219 248 522
773 1772 204
1 1649 292
864 1772 783
582 582 1552
28 1772 1503
1071 1071 1447
321 321 1326
1 65 1326
1503 1772 1552
150 954 204
1 1417 622
1 1248 1503
114 1349 399
630 1624 783
1 1041 310
1 1177 622
977 977 622
1 1143 622
397 397 204
842 842 204
29 719 1326
61 1225 1326
1 142 866
197 1772 1419
277 1091 622
1 1351 622
1559 1772 417
348 348 1503
1 1556 810
1 986 622
326 1632 855
1161 1772 622
727 1772 204
1 69 622
1 696 204
1 466 204
467 1772 605
1139 1139 1552
1124 1244 1654
17 1772 1601
973 1772 210
1599 1772 1746
864 1379 783
1 1225 1552
457 1186 987
1524 1772 712
947 1176 622
1 1143 951
803 803 1153
295 1761 707
1 576 292
43 1647 783
1 1117 1316
1114 1772 1425
1 107 1483
526 533 622
1158 1772 510
1240 1515 1552
711 1772 535
220 220 1013
1 1 430
1015 1772 1268
509 1254 40
652 652 1348
1 846 1140
713 713 77
256 256 120
1039 1772 783
246 1772 783
196 1772 1503
68 68 204
166 1772 1326
1440 1772 1503
1 920 1322
1 1159 622
855 1772 1248
712 1738 783
1 1387 451
1 952 204
1215 1226 1326
1 1003 1513
1 1281 1552
1187 1772 1333
1 777 293
1603 1603 246
1 145 1552
904 1772 857
1105 1661 365
1580 1580 1154
326 1772 732
519 519 1552
272 604 1326
1505 1505 1503
1038 1152 952
382 382 3
308 1200 1326
1067 1067 1074
246 1342 204
1 1040 1580
1 1327 204
1 29 1718
1 1399 622
1613 1613 622
1536 1772 1314
376 376 1128
1 23 1070
185 451 1326
1 1605 622
1 553 1326
1596 1596 1503
494 1772 188
276 276 1503
1 1345 1503
1 1272 1669
1 1636 961
856 856 1552
439 1460 204
1 1478 1441
79 1723 550
1531 1772 995
688 1297 1326
808 808 215
1 1 204
808 1409 783
1258 1772 1552
1 262 622
1 473 783
1 642 783
775 775 1714
1 1641 1602
946 1772 1539
1 1364 1552
723 723 328
97 97 1068
1456 1603 396
650 650 1546
863 1235 1552
1 940 622
1 1066 790
1377 1736 204
153 153 1503
1 1636 475
1 1065 1326
1 403 204
1 1106 1410
638 923 934
1 421 1078
1 308 204
550 939 865
945 945 1484
1179 1615 986
1 1245 783
516 516 1129
1 1256 813
133 1402 1503
1 1649 1552
1574 1772 1199
69 69 390
1191 1749 783
482 482 1380
1742 1772 393
1 984 434
671 671 1405
1349 1349 625
341 1414 1214
277 277 204
1 1185 19
105 674 698
596 1445 622
935 935 783
1 481 1439
1 365 1552
101 101 17
770 770 1503
1 213 1552
222 800 1503
1 355 783
216 1772 1503
1 507 12
1 910 204
764 764 1496
284 284 1552
1595 1601 1240
1152 1732 1326
94 1271 738
1 1005 1552
1200 1772 238
1 1091 622
1465 1465 1364
1 1019 1402
570 1573 302
42 1772 1677
668 1772 1552
1041 1772 1326
213 645 508
464 1772 783
111 1772 1326
1757 1757 1380
1 1391 1503
1 801 1036
1 1627 834
1 387 1574
752 767 1728
543 543 1503
324 324 1552
399 412 1552
1 152 1360
1438 1772 622
1637 1772 787
1684 1684 204
1613 1613 622
351 1347 1174
1012 1012 1503
969 969 850
1443 1633 1653
1 104 622
1 127 1090
796 1772 1503
375 907 737
472 1772 493
408 692 1528
388 1772 622
1 56 783
380 380 622
1 1182 622
159 1772 1503
628 1772 1503
1 530 990
1006 1006 1001
424 1132 1151
1078 1078 204
1473 1772 622
1 69 1628
954 1592 783
350 350 1472
914 914 839
700 1772 774
1 352 783
1445 1445 763
1380 1380 622
69 220 1069
1151 1151 1646
202 1772 622
1267 1267 1171
1 899 1748
537 1582 1326
1045 1772 622
1 1572 783
915 915 1326
329 669 783
544 1020 622
1 602 1326
1691 1691 204
1082 1207 1326
624 624 622
1 1465 409
196 1772 204
733 733 434
499 499 195
217 217 202
406 406 596
420 1447 252
425 425 355
832 1478 204
104 307 783
1132 1383 818
1739 1772 1503
1437 1772 216
1 145 1503
185 185 622
1133 1772 1401
873 1524 1187
1 79 1326
405 1772 1723
1641 1772 204
626 626 1503
1666 1666 783
1 1700 783
1 1534 1220
1 110 829
762 762 463
1 1109 783
1082 1391 622
443 1772 438
1316 1772 204
1 288 731
1 1532 1763
1052 1052 622
125 125 1161
1509 1509 695
1 678 1732
950 1772 883
1313 1772 622
371 632 1326
774 826 783
1 1230 1326
593 1772 622
1 1752 204
1253 1382 783
163 261 946
236 1772 638
1 1043 1326
828 1772 622
683 1772 783
1 183 1355
1 1600 192
1272 1772 1057
144 1772 1691
7 474 497
1607 1772 1552
1 492 204
1 352 1326
1 797 529
1487 1772 813
1458 1458 783
467 1772 622
548 548 731
1 569 226
734 734 1552
1 979 1552
1 532 1552
1321 1772 622
1 1736 1458
598 598 1503
1652 1772 1358
331 1772 1503
1 955 1305
309 1772 113
767 1517 1520
1374 1374 111
1104 1104 204
1 1026 1503
737 737 1503
36 36 1047
454 454 1743
1363 1363 622
1563 1563 1144
307 415 1287
1753 1772 622
1 1436 1503
1283 1772 622
537 1772 1326
1 1416 1503
1113 1113 1192
1 182 1260
92 116 1290
798 798 622
719 1670 622
1 1610 480
275 1772 409
29 1772 1552
640 640 1556
1 1389 1503
1583 1583 667
1 1221 622
944 944 204
334 1772 1503
839 1772 488
647 1625 1445
75 75 1552
109 1772 783
566 566 564
1 1098 1503
94 774 622
960 960 1455
207 1440 622
375 1228 287
1671 1772 700
1441 1441 783
1 408 783
1693 1772 204
253 1139 622
366 366 1069
1 996 1183
1550 1772 1094
1 1358 1552
77 1419 932
1658 1772 204
767 954 622
939 939 1734
1 383 1420
648 823 1552
181 1772 622
1728 1728 1017
1148 1772 1503
1 675 1552
879 1429 622
156 1772 827
797 797 1552
1515 1772 1288
124 1772 357
149 380 1598
1 754 1091
237 1772 863
692 1686 622
1468 1468 1326
1718 1718 204
993 993 1503
273 273 1552
1475 1772 666
950 1772 204
1 605 1503
138 1509 204
913 913 1525
19 1772 1340
1 643 783
1 115 1552
1 1613 1208
815 1772 1503
248 524 204
1020 1772 1326
1442 1442 204
18 18 1552
407 1772 1326
1145 1772 273
1229 1229 1685
1 343 1503
422 1772 204
331 510 1552
1 1711 1503
1450 1772 204
1453 1772 1603
953 1772 1450
1390 1485 622
1052 1052 1326
1 1494 1082
942 942 1503
1584 1584 566
1 491 783
211 1772 1552
1142 1772 1503
1001 1772 204
1377 1377 783
1 693 982
1 77 23
1 1317 204
1304 1772 622
832 832 1666
447 447 633
490 1772 661
914 1772 783
156 1262 575
1 813 1552
1 1467 427
580 596 313
501 1715 783
85 1772 1283
594 1772 1386
1 1181 810
1504 1772 783
283 1772 1326
1169 1169 756
1357 1357 1552
588 1772 1326
1485 1485 1041
356 356 210
343 1287 204
585 585 622
1 1024 1503
1 1412 878
776 1772 783
665 665 1236
1216 1216 783
216 1772 1111
561 1072 88
302 1772 1552
1377 1377 676
1361 1772 916
1 1236 1503
1 393 1552
1284 1772 204
746 946 455
1 304 1552
1414 1772 783
541 541 783
1128 1157 1597
1152 1152 181
641 641 204
1434 1434 1085
1 926 1326
1 1027 40
1038 1772 204
513 513 1326
1 1142 783
874 1772 1552
1 304 1667
1388 1772 1334
1118 1507 622
329 1455 783
568 568 985
1 54 587
873 873 451
1 1274 1697
1 1190 501
1 585 1746
1 215 1570
1179 1179 1246
411 411 1227
611 1726 1503
1614 1614 1503
853 853 1503
1 629 1567
375 375 783
209 209 1265
1453 1453 783
1567 1567 1326
795 1772 156
754 1772 783
972 972 1003
1 131 783
802 1257 783
5 5 911
1046 1772 204
720 1140 1012
1382 1772 1552
834 897 1552
1485 1772 1699
340 1128 896
1044 1044 204
945 1772 204
1 311 783
1 128 622
1 1692 293
172 1772 545
1356 1356 236
1111 1111 1552
1659 1772 418
700 1772 204
886 886 1456
1432 1432 757
1413 1413 600
658 755 1630
310 1772 869
1 229 783
963 1772 204
654 1534 1651
1160 1160 90
308 720 204
634 904 783
1485 1485 1503
1289 1492 1224
409 710 622
1 1058 813
1387 1516 246
312 325 545
569 1358 622
594 924 580
355 1015 1503
1051 1567 53
117 1772 1552
1054 1074 204
1692 1692 1552
617 617 1552
1056 1514 783
438 687 1250
1 1095 984
764 1514 1503
1391 1391 1503
926 926 204
1 1598 239
944 944 783
1 1551 204
805 1241 948
179 179 783
60 165 783
1 1342 783
1448 1448 1326
1181 1332 1296
800 1049 162
79 79 783
84 1652 1701
1 850 1552
266 349 1552
392 483 1503
1268 1772 783
512 1772 204
599 1175 751
1 527 391
575 575 1326
275 696 178
994 994 204
1 647 1511
1512 1772 1359
314 1772 957
1071 1772 520
1632 1632 1552
192 192 204
1 989 622
547 1772 1503
63 1232 622
702 702 783
780 780 944
952 952 1047
1 1187 358
1 571 627
1 745 688
1 1008 177
888 1404 886
62 1772 1538
1745 1772 1552
649 649 525
419 419 1552
71 1772 1765
221 634 428
352 1772 1552
1072 1772 780
281 1066 1294
1 131 622
902 1198 227
1285 1285 1138
880 1772 783
342 1772 1552
1 580 783
1 910 159
1 768 622
63 1564 1271
9 9 1326
1659 1659 1040
1198 1198 1552
888 888 1758
495 495 551
202 931 1253
150 1772 1758
1 958 1710
70 1772 1743
748 1772 1552
1 1047 712
1285 1285 222
1 1177 622
1164 1568 1396
1 309 744
1 843 204
118 1539 783
1358 1772 546
1617 1617 475
1 1216 204
1 1574 1249
1607 1772 726
1044 1510 117
1 263 1326
1 1626 70
1 428 1265
213 1247 1248
1673 1711 1326
665 665 602
1469 1469 1326
795 795 1113
1 187 622
1409 1772 738
63 63 286
1 1553 1296
596 1772 622
1361 1361 17
1 28 622
1 640 622
1 838 783
200 442 1326
1 411 81
313 1772 622
1328 1328 690
294 1772 1285
1174 1272 974
1 467 1249
981 1618 1593
1220 1220 1326
1 99 622
1438 1772 1503
865 1772 1503
1219 1507 1635
1378 1610 1503
1455 1455 622
475 1161 1748
1620 1772 1503
1 238 1326
1 275 817
109 109 1582
523 796 1503
64 64 1503
643 1772 204
1226 1736 1503
996 1529 1503
376 1772 1233
1202 1202 1503
917 1772 416
727 1500 1326
1248 1761 732
1697 1697 1326
553 1772 182
1 748 204
1 1457 641
298 1772 796
1 39 783
1 33 1552
1579 1772 1326
1121 1772 1137
1186 1772 1589
430 1772 1326
545 545 1503
720 720 1552
287 1535 204
450 1772 1011
1623 1772 622
118 169 204
1164 1772 219
393 393 622
1495 1495 79
1 1573 1325
744 744 1326
1 1569 671
1 766 1326
1643 1643 204
117 357 622
1 1657 1326
473 473 783
1 266 436
1498 1772 1552
145 1772 1354
1 929 409
1147 1193 1607
1 1535 89
1435 1772 1375
1 320 204
1 106 1552
1735 1772 892
1 94 1503
1707 1772 1411
47 47 1308
378 1163 1552
354 1736 204
30 30 1426
1 1741 1326
1 1165 1009
1 1150 1120
1137 1772 1607
1261 1261 622
517 1772 1552
236 1772 1503
14 1600 1552
154 154 1326
1196 1772 1503
1 1231 1557
1356 1772 1628
1 180 1326
481 581 204
1 694 1503
878 878 204
740 740 204
1645 1645 589
1068 1068 1440
1 942 60
1506 1772 1326
579 579 1445
1 1333 622
456 1265 622
1679 1772 1503
1366 1772 204
1022 1022 945
958 996 1503
900 1594 1281
828 828 955
1 889 622
1236 1772 724
1 460 204
1336 1761 69
602 602 783
1229 1229 1558
1473 1473 1261
1 800 783
1716 1716 204
1424 1772 1503
1 1171 622
1 76 831
1 941 1255
722 1308 1233
1 358 1110
776 1431 719
1759 1772 184
914 1772 1552
1546 1569 204
1253 1545 204
776 786 204
747 1772 204
1206 1772 1373
1414 1414 622
1445 1445 204
505 1772 204
1536 1536 1682
1 346 783
200 682 564
929 1193 1361
131 1772 819
1 578 204
1094 1418 1333
1 1180 151
1 904 1552
1 1168 1326
236 236 622
1444 1444 204
668 1772 1326
873 1582 204
951 1064 622
1 173 1503
414 1772 1561
1 508 439
1073 1073 506
530 1772 1757
1418 1418 236
431 431 1326
1 603 565
1 870 1289
1 1653 783
1223 1772 204
445 1772 1507
1 961 1588
557 1772 1468
1 428 1597
1754 1772 1326
1634 1772 622
37 1772 217
965 1373 783
487 1377 430
1 1654 622
1364 1364 1552
465 465 1691
419 1772 934
753 1149 1326
918 1259 1326
360 1772 622
1 558 1387
1 1317 783
58 520 1552
1 1418 622
1 1045 1307
1 126 31
324 324 1370
995 995 443
803 803 622
839 839 1503
463 1772 1712
953 953 622
1701 1772 204
1 883 1503
1 305 622
1374 1772 1645
1 132 140
974 974 204
685 743 1552
1667 1667 1530
322 1772 514
1043 1772 1021
