100 100 77
50 58
77 4
77 73
77 20
77 96
77 35
77 57
77 56
61 77
3 77
33 58
41 77
97 77
77 90
58 38
77 8
98 77
77 63
77 62
55 77
77 69
18 77
67 77
42 77
77 89
77 43
77 78
68 77
37 58
31 77
58 94
77 80
58 36
77 2
77 100
77 32
39 77
24 77
14 77
77 47
52 58
15 77
58 77
58 34
58 75
58 25
23 58
29 77
77 53
86 77
77 59
77 65
77 16
77 11
77 60
77 81
64 77
84 77
70 58
77 13
77 28
77 19
77 74
6 77
77 1
7 77
44 77
46 77
66 77
77 71
40 58
88 77
77 87
77 99
48 77
77 82
77 21
92 77
58 12
77 83
77 10
5 58
27 77
72 77
51 58
91 77
77 30
49 77
22 77
95 77
9 77
77 85
77 79
77 26
76 77
77 45
77 54
17 77
93 77
1 90 58
53 100 57
1 58 77
1 84 58
19 100 77
55 55 77
68 68 77
32 100 77
98 100 72
1 10 58
1 41 34
1 22 77
1 87 47
1 61 78
13 88 58
21 78 58
65 100 95
22 54 69
1 97 77
1 70 8
80 100 23
10 17 60
66 66 58
98 100 95
2 19 77
71 71 16
86 100 44
72 100 58
44 100 50
1 20 25
55 100 58
1 6 11
1 78 25
1 54 99
80 91 5
1 25 58
24 60 58
28 100 58
68 100 6
47 47 100
73 75 58
14 14 22
1 14 91
1 45 20
96 100 39
6 42 43
1 84 25
31 49 18
1 27 58
1 79 81
62 100 77
1 84 58
36 100 58
43 43 77
1 17 53
1 36 58
16 22 28
10 100 1
60 76 77
17 17 77
12 100 58
1 16 58
41 100 51
70 70 70
92 100 98
1 75 95
50 100 56
66 100 58
86 86 77
13 29 20
48 75 28
28 100 30
83 100 58
19 100 26
53 100 58
11 11 58
20 20 89
85 100 98
20 94 56
93 100 43
62 62 77
74 74 51
9 93 34
95 95 77
19 21 77
27 100 60
16 100 73
69 83 46
62 75 29
77 100 88
35 100 77
2 38 5
30 73 77
15 40 11
60 60 77
59 100 58
61 61 58
1 25 33
1 99 77
38 86 44
