0
10
203188
0
0
0
0
0
0
0
0
136
15
0
0
0
0
0
0
0
563346
0
0
388500
544401
153
0
0
0
0
0
117840
28917
269735
1133145
1
0
0
4851
21
45
0
0
0
0
0
0
898404
0
0
10
0
105
966679
0
3
399150
121268
0
0
1
0
1853655
36
0
0
15
0
0
0
0
0
0
0
0
367632
0
0
0
0
0
0
0
902441
1811536
0
331669
7381
3
10
0
1884558
0
0
1280664
1622565
0
0
0
0
120
0
0
1667915
0
55
0
0
0
0
0
0
0
0
1290285
136
0
0
0
0
0
0
805749
36
66
302232
0
0
55
1168078
0
0
45
627705
903
0
0
705023
0
0
0
66
491508
0
0
101925
0
1756739
0
0
0
136
0
0
0
0
0
33670
22788
0
0
0
0
0
0
0
0
0
1660617
0
0
1824885
36
0
78
0
86726
185730
78
105
1015934
0
0
105
0
0
0
0
153
0
0
0
0
1644255
0
65693
0
154818
0
0
0
0
0
0
0
75852
0
226786
0
0
1
136502
6
0
45
0
1332450
136
0
0
0
0
0
1
0
3
55
1786859
58653
0
0
0
0
715778
0
0
0
0
576165
0
850794
0
0
0
0
0
1240964
0
0
0
0
0
0
0
0
0
36
23871
3
0
0
0
0
805770
0
0
0
0
0
0
684999
0
9045
1060630
0
0
0
0
1702830
285354
136
0
0
0
0
0
128777
0
0
0
0
0
0
40470
0
0
0
21
0
0
28
0
0
0
0
532983
0
0
0
0
0
89676
0
236995
0
0
199390
0
0
0
0
154818
0
849490
0
0
0
0
0
0
0
51360
0
292209
0
0
0
0
0
36
15
0
0
752106
0
0
1678892
0
224109
0
0
0
0
120
0
0
0
118813
0
0
0
0
0
81002
78
0
0
0
6
0
0
0
136
136
36
0
0
232888
6
0
0
0
0
21
761950
91
105
27963
970855
55
0
0
153
10
0
0
0
0
0
0
0
0
0
0
0
0
0
0
1418679
0
0
0
0
1590300
1010253
87570
5565
45
0
0
0
78
1230018
0
0
0
0
6
0
1495480
0
0
10
21
1588517
0
15
0
0
0
0
415380
0
0
0
0
0
34713
0
0
36585
78
0
0
0
1583174
0
0
0
0
0
43955
0
0
1222130
0
0
136
0
52972
21
738684
707400
0
0
0
0
0
91
0
0
0
0
0
0
55
0
0
200013
0
0
0
0
0
0
0
36
0
0
66
1353699
0
10
0
0
0
36
0
635573
0
1110675
0
0
0
0
0
55
136
15
6670
0
0
0
1567199
379720
0
0
105
1485
0
0
0
0
15
0
1
21
0
0
0
45
0
510510
66
0
0
0
65335
0
0
0
120
64617
15
0
0
36
45
732600
0
0
120
29158
0
0
0
0
3
0
49764
0
212211
136
0
0
0
0
0
36
0
78
759483
0
0
0
0
0
0
747217
45
488521
0
0
11476
0
0
0
0
492483
78
45
0
0
55
0
437544
0
0
1269485
0
0
0
2016
207031
1629779
78
29403
0
0
0
0
0
0
122745
0
0
0
0
0
0
1
0
487533
0
0
6
0
0
0
0
0
0
0
1540754
136
36
0
0
196241
0
0
0
194361
36
0
0
147150
1949172
0
0
0
0
0
0
3
0
0
0
3
0
0
0
15
66
1338988
0
0
0
45
0
0
0
902
0
97010
0
0
0
0
0
10
10
0
3
3
0
0
0
0
0
0
294492
0
0
3
3
0
0
0
0
0
0
0
203826
0
307684
0
21
0
6
136
0
0
0
1699141
15
0
46360
45
0
0
0
0
0
0
0
764411
78
0
945945
0
0
0
0
0
36
0
0
0
0
0
0
0
3
0
1708371
0
0
0
0
66
0
0
1
1657005
295275
0
0
0
0
0
0
567590
0
0
1283867
0
0
0
0
0
55
3
217464
0
36
0
0
1189517
218115
0
0
0
0
1811536
0
21
410816
0
105
0
0
136
0
0
347340
660639
0
28
0
0
0
0
0
3
0
0
1116645
0
36
0
518626
1525040
0
0
0
22575
45
0
0
0
0
0
15
0
0
0
0
0
55
0
0
0
0
6
0
182695
234242
0
212211
0
31875
52972
0
0
0
0
99681
0
51681
0
0
0
0
36
136
0
0
0
36
0
0
99225
0
551730
1533740
0
136
0
0
0
15
1723160
0
0
0
0
0
36
1951164
0
0
0
6667
0
0
21
0
230166
845584
0
0
0
0
78
13692
0
0
0
0
0
0
91
0
0
0
45
1
0
55
0
0
0
194972
0
0
0
0
0
3
0
0
0
0
0
0
0
0
78
0
0
0
0
0
0
0
862586
0
1
105
0
0
0
0
0
799435
144450
433818
1264767
0
0
15
0
0
0
1337339
0
827475
0
0
0
0
0
0
153
0
0
0
0
3
0
0
86736
78
78
162729
0
0
36
318765
203813
0
0
917269
0
45
433810
0
0
0
0
0
0
28
36
0
0
391149
0
0
0
0
21
0
0
0
87990
769375
1
0
0
1046115
1754865
0
329245
0
0
0
905130
972249
0
0
1
0
3
306915
1296719
0
21
0
1130190
0
0
0
0
0
66
0
203193
0
1151325
0
0
78
0
0
28
0
0
0
0
110675
0
0
0
804480
0
0
21
0
0
0
0
0
0
0
0
839115
45
36
136
0
0
136
0
36
0
0
96570
1702830
539186
0
0
0
0
66
1
55
0
0
36
253
0
0
0
0
0
28
23652
105
0
0
0
0
0
0
0
0
0
0
327624
0
1371918
0
0
0
703836
0
3
3
449781
710992
0
0
1282323
138047
0
0
0
0
0
0
0
0
0
41038
0
15
0
0
177896
0
0
0
390265
861273
0
0
0
0
1514565
0
183305
0
743535
66
0
982035
0
0
301440
0
0
0
29643
0
124749
989055
0
0
0
0
0
15
3
0
78
0
0
0
0
1717626
0
0
0
0
0
150411
1176
934962
21
3
28
0
0
0
0
0
