1652 1661 1572
40 1301
1015 1301
72 1301
1301 615
1301 1617
1301 492
1301 341
560 1301
763 1301
711 1301
1301 100
1301 1269
1301 78
1184 1301
1301 24
1301 1396
1301 565
1301 856
833 1301
1301 1451
1301 498
87 1301
1301 1528
1301 1262
962 1301
1301 172
174 1301
1301 39
1413 1301
1301 1460
1301 1473
847 1301
1383 1301
419 1301
1301 1468
1465 1301
1301 227
128 1301
1301 1599
1301 107
1301 1306
466 1301
1101 1301
917 1301
1301 549
1159 1301
1301 372
159 1301
236 1301
1301 406
1301 1006
1301 1035
348 1301
912 1301
1301 1521
1301 484
1301 1272
1425 1301
365 1301
843 1301
1301 966
1301 780
330 1301
1301 1645
1301 1367
981 1301
229 1301
273 1301
1301 1058
949 1301
1301 247
1301 422
1477 1301
1301 386
1301 1643
391 1301
1013 1301
1490 1301
1301 469
1301 1570
965 1301
1457 1301
1291 1301
1335 1301
1288 1301
284 1301
1301 335
1301 163
376 1301
1289 1301
1041 1301
518 1301
1301 898
1307 1301
842 1301
1301 160
1373 1301
1301 1314
1301 293
1301 1196
1301 1264
1301 235
1301 261
1301 1362
1301 115
1301 1391
118 1301
1301 1095
1301 742
1301 502
686 1301
1301 1156
491 1301
664 1301
1301 270
971 1301
1445 1301
693 1301
48 1301
232 1301
334 1301
1301 548
449 1301
1301 1399
1301 1009
825 1301
1029 1301
1301 68
1301 821
1301 83
1301 442
1301 452
844 1301
275 1301
1301 451
1301 638
1301 667
1121 1301
1578 1301
1301 352
1301 125
1301 8
215 1301
1301 1440
1605 1301
1301 198
1394 1301
1301 747
1301 37
1301 874
1301 478
1301 1371
97 1301
1301 893
1279 1301
105 1301
886 1301
1301 838
1117 1301
1301 563
1556 1301
1301 1543
1301 1248
1301 644
1301 1128
1301 438
854 1301
1293 1301
1301 420
144 1301
1301 676
1301 505
741 1301
1301 1410
10 1301
1301 1086
1301 1203
1301 963
1301 1610
1301 791
367 1301
1301 1461
1301 1619
401 1301
1301 1518
585 1301
1301 1158
1301 177
1301 329
1301 1226
167 1301
689 1301
550 1301
701 1301
1536 1301
1301 1036
1337 1301
590 1301
1301 1185
1301 681
1301 722
860 1301
1301 216
1301 1571
1301 1204
1301 1408
1405 1301
1301 1151
1301 1583
1301 1587
649 1301
1175 1301
124 1301
185 1301
1019 1301
1301 1612
1301 141
1301 752
937 1301
1301 211
1303 1301
258 1301
1301 1066
1301 697
1043 1301
1603 1301
1144 1301
1301 558
1301 694
1301 534
397 1301
1301 237
481 1301
1298 1301
1301 594
683 1301
1301 700
543 1301
1301 724
1301 1179
1301 1192
1301 1280
1053 1301
1301 591
1301 1356
1301 523
931 1301
1301 541
101 1301
1524 1301
1301 816
983 1301
436 1301
441 1301
1301 805
703 1301
43 1301
1397 1301
1305 1301
1301 538
928 1301
1301 368
1301 1270
1301 574
1301 1054
1301 761
1301 1428
53 1301
1301 186
1301 382
1301 827
1301 1001
1301 135
1301 871
1301 454
1301 877
34 1301
457 1301
455 1301
675 1301
47 1301
1301 870
1301 678
1301 536
1301 1534
1301 1455
1301 1096
1301 110
1301 285
1225 1301
1163 1301
1028 1301
1301 259
225 1301
1301 1532
1301 1108
1301 957
1301 1519
1301 1419
318 1301
1301 1014
1345 1301
316 1301
1238 1301
1623 1301
1301 823
1435 1301
1301 459
1147 1301
223 1301
1476 1301
1292 1301
1301 1207
256 1301
343 1301
1301 1083
175 1301
1301 1544
61 1301
131 1301
1301 708
684 1301
1301 1005
1301 1387
289 1301
192 1301
1301 1620
1301 1215
848 1301
371 1301
803 1301
1301 148
1301 800
1301 853
1301 562
1448 1301
1301 126
970 1301
1173 1301
1301 750
679 1301
363 1301
1301 1271
349 1301
1301 961
1301 286
688 1301
1301 635
1301 1060
1259 1301
1301 1166
869 1301
1301 1205
1382 1301
1301 112
872 1301
1301 411
1301 1379
1301 642
187 1301
1531 1301
1301 290
1040 1301
1278 1301
1301 1482
1341 1301
1301 751
1301 346
1301 1642
1301 586
445 1301
896 1301
1301 1559
1254 1301
1301 1209
1301 517
487 1301
1301 1120
830 1301
1512 1301
782 1301
1301 1443
1338 1301
646 1301
569 1301
333 1301
1301 948
359 1301
1301 1249
190 1301
1472 1301
1068 1301
1301 1234
1301 639
1301 193
1586 1301
1301 405
1348 1301
1116 1301
775 1301
857 1301
1084 1301
1077 1301
1301 1493
1547 1301
993 1301
1301 241
1301 133
1343 1301
671 1301
1301 1588
217 1301
1597 1301
493 1301
566 1301
1301 1214
1369 1301
1301 129
1301 1140
1301 510
1301 1504
109 1301
1301 1635
1301 360
964 1301
810 1301
647 1301
1301 155
559 1301
1301 1439
1301 1502
520 1301
1301 862
1301 1308
1602 1301
1340 1301
651 1301
1301 28
1301 702
1283 1301
1418 1301
1301 612
1301 1350
982 1301
1301 720
1301 255
103 1301
324 1301
1301 421
1301 1416
992 1301
1301 317
400 1301
1301 388
1301 69
728 1301
1301 1242
66 1301
95 1301
15 1301
1301 496
1301 182
1301 999
1652 1301
881 1301
1301 1004
1301 1579
807 1301
677 1301
1297 1301
1301 1357
1301 922
1301 755
1065 1301
1385 1301
1301 1201
1301 1284
1609 1301
572 1301
839 1301
1301 764
1301 1621
243 1301
1301 1061
1301 473
1582 1301
18 1301
1301 176
1301 1188
29 1301
1046 1301
1301 1651
920 1301
1301 503
620 1301
637 1301
1301 252
1301 1517
557 1301
1506 1301
1301 864
1301 1023
1301 209
1329 1301
1301 1402
1301 351
1301 1572
91 1301
1301 934
1059 1301
1301 1243
1301 1616
584 1301
1301 1463
1592 1301
899 1301
1301 44
1301 840
1212 1301
787 1301
1301 753
1301 1401
1301 1099
1301 146
1301 500
96 1301
837 1301
1130 1301
1496 1301
402 1301
1564 1301
1301 19
1444 1301
1615 1301
46 1301
1124 1301
314 1301
1301 859
1301 665
1301 879
1090 1301
1301 93
1165 1301
233 1301
319 1301
1301 990
1301 430
1301 460
1301 84
1146 1301
253 1301
1301 74
1497 1301
1446 1301
1301 437
1301 919
1301 1365
1301 470
1301 94
1301 381
1301 1312
1094 1301
1301 404
631 1301
1025 1301
1613 1301
1301 1409
1301 1106
1301 1208
266 1301
1301 946
1301 1310
858 1301
1301 998
1301 759
808 1301
1301 374
1301 1239
1263 1301
1024 1301
921 1301
1202 1301
1363 1301
1566 1301
199 1301
1301 1092
1301 754
65 1301
1432 1301
984 1301
1301 86
296 1301
945 1301
1301 77
1301 1274
152 1301
1301 89
1281 1301
1301 251
818 1301
1039 1301
423 1301
1301 480
140 1301
1301 244
1301 790
1301 166
1301 1520
1301 1062
1301 1287
867 1301
1301 835
1458 1301
1301 657
570 1301
1301 532
1551 1301
485 1301
1072 1301
1301 598
426 1301
1301 1244
1301 1114
307 1301
1301 1336
1301 27
1358 1301
1045 1301
1301 1127
1301 811
1301 1154
1301 476
1075 1301
355 1301
1301 866
629 1301
1230 1301
1301 1233
463 1301
1301 781
123 1301
1301 147
1501 1301
228 1301
1301 1479
1301 301
783 1301
20 1301
1301 446
207 1301
855 1301
269 1301
599 1301
1301 1170
772 1301
1301 1327
1176 1301
1301 695
1301 1010
213 1301
169 1301
1301 729
1301 913
31 1301
1104 1301
1301 531
205 1301
1568 1301
214 1301
1301 440
149 1301
1301 488
1217 1301
1301 556
75 1301
1301 1172
1246 1301
1167 1301
240 1301
366 1301
626 1301
1301 1113
1386 1301
815 1301
62 1301
1301 1232
158 1301
1301 60
303 1301
312 1301
1168 1301
1038 1301
1301 1316
1492 1301
1301 54
1301 246
1301 1087
713 1301
1301 396
1301 1606
1633 1301
280 1301
281 1301
1301 820
1331 1301
944 1301
1301 415
1301 471
1301 915
450 1301
1301 278
1228 1301
1301 202
1301 1181
717 1301
1301 1076
1301 1197
310 1301
1301 1509
1103 1301
1301 413
1301 127
888 1301
1450 1301
282 1301
662 1301
1301 300
1301 394
1319 1301
342 1301
1390 1301
1301 347
439 1301
812 1301
462 1301
796 1301
1301 250
171 1301
1301 380
1301 153
1301 576
1301 345
337 1301
1349 1301
1301 468
1301 1057
1323 1301
1301 605
41 1301
1454 1301
1522 1301
997 1301
1301 773
1301 648
1111 1301
1078 1301
625 1301
1301 180
260 1301
1194 1301
1301 490
1256 1301
1608 1301
1452 1301
1301 224
1301 1155
1533 1301
758 1301
624 1301
271 1301
353 1301
789 1301
1301 486
1301 1576
1301 568
682 1301
1359 1301
1213 1301
1427 1301
1301 952
718 1301
1301 294
892 1301
1021 1301
14 1301
744 1301
1301 501
76 1301
1301 670
1434 1301
824 1301
1301 660
1044 1301
1301 1131
1301 23
1301 1236
1301 799
1604 1301
1301 933
734 1301
1301 1475
17 1301
1301 579
1301 785
1301 151
1301 1152
1301 1630
826 1301
1339 1301
1301 528
1301 1277
1301 1143
1301 925
756 1301
547 1301
1301 710
1301 725
1301 1580
911 1301
1301 967
1265 1301
1301 1557
1366 1301
1590 1301
1301 923
1301 721
1498 1301
1301 526
431 1301
1301 1611
1301 977
433 1301
242 1301
1301 1563
1301 1355
1301 1406
1301 1398
666 1301
1301 73
865 1301
1301 714
137 1301
1301 398
947 1301
1301 1123
1301 1320
1500 1301
1301 661
1218 1301
788 1301
841 1301
1301 292
1268 1301
726 1301
1301 1032
234 1301
5 1301
1301 527
813 1301
1301 687
1301 1037
157 1301
339 1301
173 1301
1301 954
1301 179
1301 883
1301 1000
114 1301
1085 1301
1301 1641
1584 1301
1301 206
221 1301
1301 201
1301 991
516 1301
1301 801
410 1301
1267 1301
1301 1431
1301 906
513 1301
1301 1055
1601 1301
1301 530
1301 1334
1089 1301
30 1301
1429 1301
1301 621
1301 71
1301 81
1033 1301
1301 497
1301 829
1301 521
161 1301
798 1301
1301 1142
1301 507
748 1301
1171 1301
1301 1368
1301 1080
1301 674
727 1301
1301 786
719 1301
887 1301
356 1301
973 1301
1301 1567
1301 1646
1301 393
1301 385
1301 846
580 1301
1301 1577
924 1301
627 1301
1098 1301
1301 822
716 1301
1301 1227
1488 1301
499 1301
11 1301
1301 369
1301 408
178 1301
908 1301
511 1301
1313 1301
1538 1301
1301 1133
1301 417
1585 1301
1589 1301
90 1301
1301 358
1301 849
1301 749
1636 1301
699 1301
994 1301
495 1301
1301 986
472 1301
1301 248
1301 350
696 1301
743 1301
1301 444
1550 1301
1301 1540
1377 1301
1301 184
1301 1438
1301 738
1301 595
1255 1301
1301 1157
121 1301
1301 1527
1301 287
1301 771
57 1301
1301 219
1301 1632
1404 1301
680 1301
1301 1138
1301 13
1325 1301
1 1301
1301 1189
553 1301
299 1301
429 1301
1301 117
362 1301
1301 1153
974 1301
1301 1560
1301 1380
1301 1178
1301 154
1456 1301
611 1301
1301 403
1301 895
736 1301
1301 1200
1426 1301
122 1301
1558 1301
26 1301
1301 653
950 1301
119 1301
1301 1569
1219 1301
1048 1301
1301 1491
1301 1223
669 1301
1210 1301
1301 189
1301 616
1301 1644
1301 1625
1301 197
641 1301
1542 1301
1260 1301
863 1301
1301 1487
1301 792
1301 85
1301 795
1464 1301
1301 506
768 1301
1622 1301
1301 817
1301 1241
1301 1627
1301 733
1301 779
116 1301
1301 882
1301 320
1301 1469
1301 1594
1481 1301
1011 1301
1301 956
942 1301
1301 427
1301 1211
1407 1301
1301 1051
1301 168
1097 1301
1301 512
1328 1301
1595 1301
1301 889
1301 268
1301 434
357 1301
418 1301
1301 364
1574 1301
1301 596
1301 1299
1301 636
914 1301
262 1301
1301 326
1301 265
809 1301
1301 1049
1301 1441
1301 389
1301 1107
1301 465
1245 1301
1198 1301
1301 1510
1275 1301
1301 797
1301 1003
165 1301
1301 483
1301 1593
1250 1301
1301 1007
1301 1261
1301 1100
592 1301
1301 539
880 1301
861 1301
1301 59
960 1301
291 1301
1301 458
33 1301
1618 1301
875 1301
482 1301
1301 878
249 1301
1301 150
1514 1301
533 1301
38 1301
1301 1648
354 1301
336 1301
903 1301
1403 1301
1317 1301
1301 561
435 1301
1333 1301
1301 64
845 1301
1301 322
1136 1301
52 1301
850 1301
428 1301
1301 545
659 1301
1301 1353
1182 1301
1301 245
1301 519
461 1301
4 1301
784 1301
1301 323
1301 1376
1301 1073
1430 1301
1252 1301
1301 298
1301 793
1478 1301
1301 508
1301 279
1301 1389
1301 1346
876 1301
297 1301
1301 432
1273 1301
1301 976
1361 1301
9 1301
905 1301
331 1301
1067 1301
1301 49
1301 1161
1301 663
1301 542
1301 1016
1423 1301
904 1301
551 1301
1301 132
1301 399
769 1301
1301 650
583 1301
567 1301
267 1301
1301 1125
1301 673
1414 1301
1301 1187
1216 1301
980 1301
1370 1301
1301 1624
1251 1301
1629 1301
1301 1638
1301 1160
1301 1183
325 1301
204 1301
1301 617
1354 1301
894 1301
610 1301
1301 652
522 1301
1301 979
164 1301
1301 1467
607 1301
1433 1301
1301 1392
1301 1326
1600 1301
1301 619
274 1301
1301 936
1301 1484
1301 1050
1102 1301
1126 1301
1573 1301
1056 1301
1301 1378
1301 188
712 1301
1301 1070
656 1301
1301 515
494 1301
1301 138
1301 770
1301 276
383 1301
739 1301
1301 332
1447 1301
1008 1301
1017 1301
1565 1301
1301 51
1301 45
1301 972
1301 2
1301 1503
1301 1022
601 1301
1301 1186
1421 1301
1301 927
1301 535
1162 1301
1301 92
1301 968
1311 1301
1301 464
1286 1301
1276 1301
668 1301
1596 1301
1301 1220
378 1301
1206 1301
1301 489
134 1301
1301 1384
1301 6
1301 1193
1480 1301
692 1301
1301 706
1561 1301
1301 230
1301 130
832 1301
1436 1301
1523 1301
608 1301
1301 609
1301 1575
1301 1074
975 1301
1511 1301
1301 1412
1301 338
1301 1071
1301 900
955 1301
1301 113
1301 1342
732 1301
575 1301
715 1301
63 1301
1301 1495
1301 985
1417 1301
1301 55
582 1301
1301 111
1301 806
704 1301
272 1301
1301 425
819 1301
1301 1400
139 1301
778 1301
1546 1301
1322 1301
1301 1634
730 1301
868 1301
978 1301
851 1301
1347 1301
1332 1301
143 1301
1301 379
1301 80
1301 377
1529 1301
1222 1301
1301 804
1301 554
370 1301
623 1301
577 1301
1301 546
387 1301
643 1301
1301 1459
1301 988
1301 136
1301 940
1301 1352
969 1301
938 1301
1301 120
794 1301
1494 1301
1301 1012
1301 98
1088 1301
740 1301
544 1301
1301 1437
935 1301
1301 1295
1237 1301
1301 564
1137 1301
902 1301
302 1301
1119 1301
1301 1539
1548 1301
1301 762
1301 1195
1301 1174
573 1301
1552 1301
1301 1614
1301 32
477 1301
1301 705
989 1301
1301 555
1266 1301
640 1301
1301 340
306 1301
1301 36
1301 613
1301 890
1301 195
1301 1375
1301 828
884 1301
777 1301
1301 1515
42 1301
1301 203
1026 1301
1516 1301
1081 1301
1042 1301
308 1301
1301 897
277 1301
618 1301
632 1301
654 1301
1301 916
194 1301
1388 1301
757 1301
1301 1508
814 1301
765 1301
1562 1301
1301 1513
504 1301
479 1301
1301 735
108 1301
1240 1301
1301 802
1129 1301
1301 589
1301 35
1301 305
1541 1301
995 1301
1301 1030
1301 1545
1647 1301
1105 1301
1301 602
200 1301
1301 1047
1301 467
1301 1018
1301 1474
1301 104
315 1301
1301 909
257 1301
1301 1257
1301 745
1301 1395
1301 1091
509 1301
1360 1301
1301 1063
456 1301
414 1301
1301 959
1139 1301
930 1301
1330 1301
1301 943
1253 1301
1301 767
1301 836
1301 1115
1301 918
766 1301
1471 1301
1424 1301
1344 1301
746 1301
1301 1304
1420 1301
588 1301
1381 1301
1069 1301
1549 1301
1301 1485
1301 951
1301 443
1300 1301
901 1301
1258 1301
1301 873
1530 1301
1301 597
622 1301
1177 1301
1301 634
1301 453
1301 1555
1301 220
424 1301
1301 1190
1301 1318
1301 384
655 1301
102 1301
1301 1364
709 1301
1301 412
1079 1301
1489 1301
852 1301
1082 1301
142 1301
1301 941
1052 1301
1301 106
79 1301
1324 1301
1301 1290
1148 1301
1301 603
474 1301
1002 1301
1301 1285
1301 70
1301 537
1301 1282
1453 1301
1301 731
328 1301
1470 1301
1109 1301
407 1301
3 1301
1499 1301
1301 1637
1301 1422
1650 1301
1483 1301
7 1301
514 1301
1301 1626
1301 525
831 1301
1301 1486
1301 581
295 1301
1301 56
212 1301
1442 1301
309 1301
1301 593
392 1301
1301 891
1301 313
600 1301
1301 529
1301 552
1374 1301
958 1301
1301 1581
1301 524
1301 1309
1302 1301
834 1301
691 1301
1301 1034
1505 1301
1141 1301
1301 311
231 1301
1301 208
1301 630
1301 1191
1628 1301
723 1301
1301 1199
1301 1553
1064 1301
1301 254
1301 58
288 1301
50 1301
1301 1462
1535 1301
1301 571
191 1301
1301 932
1301 1294
606 1301
196 1301
685 1301
1525 1301
698 1301
690 1301
540 1301
99 1301
628 1301
1301 1640
1639 1301
88 1301
1372 1301
1301 226
1301 672
1301 1631
1301 1118
1301 222
1466 1301
1301 1235
327 1301
1301 375
263 1301
183 1301
1180 1301
587 1301
1221 1301
67 1301
658 1301
1301 1110
1301 633
1301 181
1301 21
1301 210
1301 1149
1301 162
1301 1315
1301 218
475 1301
1301 448
1301 1164
1301 344
1301 1229
1301 1135
907 1301
1301 1296
1301 1607
996 1301
304 1301
1301 1526
145 1301
1169 1301
1301 1150
1301 737
939 1301
1301 239
1301 1231
1301 321
416 1301
1301 578
1301 1224
82 1301
1301 12
1301 373
1020 1301
1301 885
1649 1301
1301 1554
645 1301
283 1301
1301 1415
1301 1449
1598 1301
409 1301
1301 774
1301 707
1301 1112
1301 1321
614 1301
1507 1301
1301 910
1411 1301
1132 1301
1301 1122
1301 1351
1301 776
1301 760
1393 1301
1301 1537
1301 1031
1301 156
22 1301
361 1301
1301 395
1301 987
25 1301
238 1301
1301 1027
1301 926
604 1301
1301 16
1301 929
953 1301
264 1301
1301 170
390 1301
1301 1145
1301 1247
1301 1134
1301 447
1591 1301
1093 1301
1082 1652 1652
1 677 677
633 1652 1652
1 53 501
1 1164 471
338 1652 1652
1361 1361 1098
1626 1652 1458
94 1652 1652
154 154 154
208 437 652
720 1652 57
1 688 824
890 1652 961
1 573 888
1 471 27
1 941 941
311 1652 1652
1326 1604 257
15 57 57
1 479 5
1 829 1092
1396 1396 1396
1462 1652 947
691 1652 1611
1080 1652 1652
461 461 270
1459 1459 678
1 1307 753
1 553 1570
1206 1652 1652
1 899 899
1563 1563 780
593 593 593
1371 1652 904
157 157 157
1 417 1049
345 1652 426
950 1361 1361
1 416 1250
1 1470 588
1353 1652 1050
1 1144 1144
1642 1652 1387
82 864 864
204 1598 1360
941 941 941
1 110 110
1539 1539 1539
440 1652 1528
380 1126 1126
1521 1521 1589
642 642 1513
1 1280 914
53 1652 1652
991 1652 1652
1265 1652 280
594 1547 786
540 1652 1652
1 1179 698
226 1266 333
898 1652 746
861 861 801
1 1585 1585
703 703 349
983 1652 245
929 929 929
1 571 571
859 1652 1627
1 1109 884
1 76 76
24 1652 1085
1 258 258
1249 1652 939
1497 1652 1218
53 53 337
1 425 425
878 878 878
1 655 87
539 1652 325
803 1034 691
27 1652 567
1319 1319 673
1055 1055 1068
1 1217 135
314 1652 1236
775 775 775
1222 1652 1652
1266 1360 1360
1 1228 1228
318 1652 973
1 349 349
1255 1652 1519
1157 1652 1652
1149 1652 1652
404 404 404
1 1538 1538
950 950 950
1 367 405
927 927 1617
528 1650 295
53 1339 1339
1 261 199
156 269 269
1101 1101 1101
1 473 473
1 271 271
134 1652 376
1 918 918
1254 1254 886
713 713 713
917 1652 1652
394 394 1500
1 1447 990
1 1327 1327
1288 1288 165
210 919 919
1 382 382
279 814 814
1 1509 1509
1 1583 1468
1 663 659
667 1652 321
1 1448 820
1479 1652 1652
1262 1652 274
563 1652 1025
1 593 1580
1270 1270 1270
838 1652 1633
530 1509 1509
1005 1652 737
1 1137 1074
1306 1652 1652
1 1117 1343
818 1652 1516
1485 1485 1485
834 834 698
1526 1526 1526
987 987 987
821 821 1010
657 1652 1652
1 229 1178
1 921 921
1420 1652 1284
186 548 875
967 967 967
1 1259 1259
373 1652 1652
1125 1125 1125
62 62 62
11 1652 1652
1 1029 1137
3 33 33
69 611 611
1501 1652 1652
1010 1652 300
574 574 1205
1 866 866
1335 1335 1335
298 298 298
693 1071 583
159 946 1239
1075 1110 84
788 788 788
634 1652 1652
1 279 453
1427 1427 1265
1149 1149 1149
436 436 1007
410 1652 1425
102 570 570
1618 1618 1618
1 175 175
36 1099 1099
573 1652 1364
478 1652 1652
331 955 955
1235 1235 97
421 1652 1652
1391 1391 1391
23 1652 804
789 1652 1610
694 1652 360
700 1007 1007
1085 1085 810
623 1652 1652
1170 1652 1357
1596 1596 1596
1 827 827
351 1652 1652
1634 1652 1652
1393 1393 1393
1412 1412 1412
772 1396 1396
1 105 105
1 1350 1350
451 451 101
621 621 1226
1125 1652 1652
934 975 975
1614 1614 1339
1222 1652 1183
27 1113 645
1340 1340 1340
499 1062 1062
486 486 808
356 1652 260
1482 1652 1652
1 807 807
211 1652 1652
1349 1349 1349
274 1371 1342
658 703 817
1 622 625
317 497 438
1349 1652 866
162 1652 1652
306 1220 1220
1148 1652 1652
1038 1652 1374
1584 1652 464
411 1652 1496
1585 1585 1585
195 1246 1246
518 1652 1652
1 744 744
471 1652 1652
578 1652 1652
1 85 85
179 179 972
1 333 60
849 849 981
525 525 1393
515 680 407
403 1652 1652
381 1652 1541
193 1652 1652
479 1652 1652
1 1253 1253
783 783 723
49 423 423
729 729 729
1 627 627
1161 1161 1518
5 1652 1652
1112 1112 1532
1577 1577 1545
805 1279 156
1042 1042 1042
1165 1165 1498
1 541 541
1 874 874
1 174 174
633 1515 1515
878 878 878
751 1652 315
436 436 436
1458 1458 1458
1 1410 527
900 1652 712
71 1652 672
1 711 1167
1144 1144 1144
1 336 336
330 330 1274
1 32 1459
205 1652 1652
4 1184 1536
1 702 1120
1 1455 1455
334 1652 1652
1364 1364 1364
1203 1203 1203
952 1002 1150
1 1559 1559
47 667 216
1309 1612 981
1 157 760
1132 1132 1132
465 1652 1652
1530 1530 1530
388 1652 203
1 983 464
911 1620 1259
1 1405 1405
340 1652 831
728 1652 1652
1109 1501 1501
761 1608 1608
297 297 297
1616 1649 1649
551 551 634
1 1516 544
741 1562 1153
1383 1652 1652
1400 1652 1652
192 1652 1652
1236 1236 308
327 327 498
258 523 523
324 1652 310
1 945 945
1 1211 1211
1 924 765
892 1652 1652
402 466 1144
985 1652 1652
1 239 239
1174 1174 1174
1 894 223
769 1652 176
1572 1652 1628
1 503 503
1171 1618 1348
957 1652 853
372 1652 1652
1650 1652 637
228 228 1318
1080 1080 1080
1 870 870
874 1652 265
1 819 819
1 486 1571
1 931 819
1302 1423 1423
1586 1652 708
1 286 286
1590 1652 1652
623 1652 1652
1 1641 507
239 1293 1293
186 186 186
754 1364 121
290 290 807
929 929 929
1538 1652 284
1 367 384
165 165 165
1 144 1400
1 1551 1551
1 1159 115
297 334 79
1347 1347 524
205 1652 1652
987 1652 223
1023 1296 1296
151 151 151
1 265 265
1 408 38
1149 1149 1149
82 1652 1652
463 1652 1329
981 1385 1385
814 1626 1626
267 928 928
1 1104 128
426 426 426
1 634 1070
743 1652 1652
1241 1652 1652
657 1529 1529
1 20 1048
1 1516 1470
753 753 753
1 1542 733
456 1635 1635
674 674 1025
1147 1652 537
1 671 671
254 301 301
1573 1652 1652
881 881 1230
29 29 29
17 1652 1652
1073 1073 1073
838 1287 435
1 1102 714
267 267 915
22 492 492
313 313 1241
1041 1041 1041
335 335 335
443 443 526
1 564 564
634 634 1147
1 279 1301
869 869 869
1200 1652 35
1352 1652 477
1 1462 1193
949 1192 1281
590 1652 1652
1 990 990
704 1652 829
324 674 961
1261 1261 1276
1368 1652 64
876 1652 1652
362 1652 1652
1340 1652 1075
1330 1330 775
991 1652 258
319 583 583
284 1652 1008
307 1623 1623
1 765 765
878 1652 1652
491 976 976
374 374 175
1 1353 1353
1 701 286
987 987 1068
449 1652 1079
201 201 592
462 462 462
999 1652 237
967 1266 192
382 382 382
781 785 785
1288 1652 1652
1 1211 1211
1485 1652 1652
775 775 1273
1357 1357 423
1618 1618 191
851 1652 251
1 649 649
657 1652 737
384 1652 1106
401 1652 1475
234 234 234
1 360 1482
1 803 803
1 67 67
1553 1553 148
607 607 607
1 483 352
411 657 1060
1416 1416 578
1 880 202
20 20 20
22 22 22
1080 1652 1652
1389 1389 1332
1646 1652 1652
395 1652 1652
965 965 323
1333 1652 1652
1444 1444 1444
123 123 123
253 1652 1219
1 1451 1451
1 420 898
84 1652 1652
623 623 623
806 1652 1652
1496 1652 1652
201 323 254
532 697 1524
644 644 719
1 327 327
458 1261 878
1464 1464 1464
1006 1375 1375
327 1652 1652
1 1465 1465
1 661 926
147 1652 854
1 186 1048
740 1652 1224
1 999 999
1377 1377 1555
1 727 727
34 242 242
1 1533 209
911 1652 1652
1055 1055 1055
586 1594 1594
694 1652 1652
1070 1070 1070
645 775 775
943 943 943
961 1652 1652
703 1652 1652
365 1574 680
1 133 133
480 802 802
1142 1142 549
779 836 836
408 1652 1652
1347 1652 1652
1269 1652 77
1459 1652 628
1 729 471
1 698 189
1553 1553 1464
544 1652 1652
1318 1652 1652
915 1652 933
1088 1652 1652
1 451 512
188 1652 1647
739 739 739
1 1344 1344
1404 1652 1560
973 1652 625
166 1652 891
228 228 1049
1 814 814
1359 1652 1321
198 791 261
1 97 97
1 1420 1333
252 252 287
1 1178 1385
608 608 1345
1364 1364 1199
822 1652 1101
267 1539 1600
814 814 814
310 894 894
350 1008 1433
1480 1519 1544
1235 1652 1652
1619 1619 245
727 727 727
1245 1652 1652
1 974 974
560 560 560
88 1584 1627
137 305 272
562 562 562
1 1468 1468
802 802 1538
964 964 418
361 716 716
455 1303 1303
1 1355 1355
1 862 36
815 1000 1147
99 1652 1652
200 1652 1652
1273 1273 1273
1 46 687
1 733 733
1 1490 1237
482 1652 505
1 1151 541
1064 1652 1652
802 802 802
1 1294 514
131 131 87
935 935 935
996 996 101
1533 1652 1652
669 1084 1084
1 524 474
603 603 74
519 1248 1297
96 1652 966
1 1592 1592
388 388 8
410 1628 1628
1 1217 1217
246 786 786
61 1652 1652
1301 1430 1430
176 1345 1626
1046 1652 1652
1 500 1652
248 608 899
1408 1652 1652
963 963 963
1 1005 1647
936 1652 1263
835 1652 37
1 114 114
847 1652 1652
730 1652 1381
1183 1652 1468
1042 1141 744
920 1086 966
1329 1329 1329
1465 1652 463
1059 1652 730
1259 1652 980
1327 1327 1176
946 1652 1292
1 1461 1461
1 1280 1280
841 1313 1313
934 934 934
1257 1257 748
1 99 755
1469 1652 1652
43 43 43
1 1320 779
1 1290 1290
44 44 680
214 268 268
169 1043 1652
918 1652 1652
767 1652 1652
1021 1652 1652
1 997 997
607 1652 1652
1446 1446 1226
356 356 160
957 1652 76
1 33 503
1 504 504
80 1652 1479
1155 1155 1155
1 64 64
1 994 994
1 529 1400
1477 1477 1249
714 845 845
102 906 906
173 1652 350
163 1652 1652
790 790 790
1 722 1426
565 565 565
941 1652 1652
1615 1615 1615
1 1336 482
1 720 24
160 1652 1652
932 932 6
1 48 48
426 584 1011
1 231 231
1 516 516
646 1652 1652
1466 1652 132
1465 1465 1267
1348 1652 1652
457 457 457
1275 1652 1556
1 757 388
1178 1178 1178
1 305 305
322 1652 1650
1 212 212
730 730 494
288 1652 646
139 1516 1516
1037 1037 964
330 1652 1652
392 392 392
1008 1652 1652
1 1023 1280
979 1652 1652
789 789 789
1 131 131
1034 1034 1034
1 373 1463
1452 1652 1652
1 51 51
1 1650 528
1259 1652 1652
1302 1302 1302
1 1035 1035
1186 1396 318
1 39 39
1 280 280
129 569 569
867 1076 1076
1257 1257 1257
129 451 451
731 1652 1358
1112 1652 1137
665 1082 1082
1023 1652 1370
828 1652 1652
24 24 24
678 678 794
1 48 48
245 1652 1652
1633 1633 1108
653 653 653
1372 1372 1372
642 1144 1144
594 594 594
1279 1511 1511
1 608 371
411 1652 125
1569 1652 1652
1094 1094 1477
1 1126 1126
493 902 638
1 1322 1322
1 1474 751
1 541 656
1269 1269 1269
805 1652 1652
619 1652 1369
694 1652 1652
1510 1652 553
1571 1571 1039
1 320 378
604 604 1089
1095 1095 515
1 371 72
1456 1652 628
708 708 708
1571 1652 1652
1547 1547 1547
1068 1410 1449
351 351 351
1532 1532 1532
409 1652 1652
737 1547 1547
1275 1652 437
1115 1115 774
333 685 1495
1 715 715
1 1152 1152
696 696 712
1467 1467 1467
1 1063 1063
580 580 580
1 1243 1641
544 1652 519
819 1480 1480
195 614 614
1 1107 732
620 620 620
1 1139 168
1 271 271
600 600 1166
1587 1587 228
812 1652 1652
1 16 482
1209 1652 1509
347 347 347
680 1652 64
288 1652 1303
784 914 126
940 940 1063
307 933 933
380 640 640
1028 1350 817
482 817 87
1 566 1446
203 405 405
655 1599 1599
92 92 1484
1 234 234
1069 1652 1652
24 1259 1259
1445 1445 1445
1 1310 1310
1 268 452
1099 1652 700
916 916 916
137 137 1363
1 677 677
1582 1582 1582
551 1652 1652
886 886 886
585 1482 828
1506 1506 1506
554 1652 171
4 4 1651
619 1620 463
772 772 772
1 1423 133
1 1056 1074
243 1652 1098
1 1350 1350
1 892 1546
805 991 1049
655 655 655
1634 1634 502
104 586 1521
25 1379 1354
332 332 1381
1124 1138 507
1395 1395 1395
313 464 464
47 1652 1652
1 1483 1269
1 205 682
1 335 1495
1 383 383
505 679 679
1 1251 286
982 1652 1652
247 247 582
328 1652 1652
1 1228 961
36 36 36
871 1652 1652
997 1222 1222
1 752 282
1513 1652 1652
1483 1483 716
571 696 696
407 1276 455
638 638 638
1633 1652 1652
1207 1207 443
1 46 1439
868 871 548
274 1652 1089
569 666 897
417 417 417
201 685 685
1 1380 1380
1325 1325 1325
1548 1600 1600
78 191 1608
570 570 1602
886 1652 1652
613 735 735
1 1139 1139
1399 1652 1252
1 1306 780
452 1021 549
46 974 213
484 1581 1581
791 1652 1398
974 1652 638
622 622 937
1643 1643 1643
580 1493 1493
217 598 598
165 1652 1652
1 633 281
1411 1411 1411
1 463 308
743 743 743
1536 1536 256
1262 1513 1101
888 888 470
1 635 876
891 1652 1652
1 768 768
648 648 605
1097 1164 1398
146 1652 994
600 1652 1571
1 295 1401
1241 1652 1652
46 450 450
422 1652 611
55 1222 1222
1486 1630 545
307 694 694
389 389 389
1558 1652 1652
582 1652 1249
803 1438 1438
70 1652 1652
1262 1275 1275
1 1494 1494
879 954 954
472 1652 1652
788 1202 1202
1106 1459 58
1540 1652 1440
172 172 1215
1 288 603
61 878 1171
1 610 610
229 1291 1291
373 1054 359
851 1270 1270
1226 1226 1051
1017 1017 1017
1 229 229
796 1409 986
1002 1320 726
1113 1113 1113
1 82 82
726 1034 1295
1530 1652 502
1 731 1349
816 1652 1586
593 593 1082
52 1652 1652
551 1652 1652
908 1641 1641
33 662 963
547 1195 1195
1 605 186
1 600 600
604 1652 1652
375 1652 1652
1513 1652 1652
1183 1183 1526
760 1652 1127
563 563 563
421 1652 1652
1 302 302
271 910 373
157 1351 960
779 779 516
1 390 1073
1435 1652 1527
1 451 1168
774 1652 1593
1 637 1037
1 1180 1180
42 42 42
1 228 228
686 1652 500
1394 1652 1652
1 764 764
1082 1418 1147
1254 1529 1529
1144 1652 1652
68 1652 1652
73 73 73
154 1593 1593
142 808 613
530 837 679
1333 1333 30
548 1652 1652
395 1652 715
1 1144 1144
590 1652 1652
345 1652 1652
1537 1537 1537
1106 1313 563
247 247 1494
215 662 899
861 861 861
1637 1652 1652
365 844 841
1439 1652 1307
769 780 780
983 1616 906
1 141 88
1475 1652 1652
1566 1652 1652
1 524 524
448 1079 1079
632 792 792
437 437 437
1642 1642 1642
666 1652 1652
147 597 270
800 800 800
1 886 886
672 1326 829
1 465 465
1423 1423 1582
461 538 678
623 623 829
936 1652 881
1 830 830
961 961 961
1 48 1426
1 90 874
1173 1652 1652
1 1176 1557
300 1384 1384
1 1142 757
1 1374 1224
829 1652 750
1 802 802
622 1652 1652
515 1487 1249
1196 1196 1196
1 402 842
945 945 1003
686 1391 1391
1 541 541
1594 1604 1604
111 366 89
1219 1219 21
256 1291 1291
280 563 156
1 357 357
1 1618 293
264 1652 1126
327 1652 753
209 209 788
1 58 791
1276 1276 1276
672 672 49
495 686 6
951 951 1222
281 1244 1633
787 1552 1552
1139 1170 987
1630 1630 1630
1 758 94
1521 1521 1521
490 490 1060
217 592 904
51 80 80
1 1269 287
451 451 451
61 1398 427
486 1460 43
1562 1652 1652
1 1359 960
1154 1615 1615
1039 1039 1266
1575 1575 1575
1 1153 1103
1309 1652 1652
1090 1090 831
985 985 985
457 1652 1336
813 1652 1077
1 1192 115
1 51 51
1204 1204 464
1646 1646 1463
1 829 1458
1 986 32
1119 1652 1231
1 17 17
1 955 56
333 373 373
30 30 30
355 1652 1652
1063 1098 1550
841 1652 1431
1058 1058 1181
1 845 1619
942 942 245
1115 1652 1061
1314 1332 1332
1498 1498 1498
643 643 1440
1381 1381 1381
11 11 576
1 578 934
1167 1167 832
1203 1203 1203
1224 1224 1021
1259 1259 1259
517 517 517
599 1651 1651
1 1237 1237
1 1296 1296
1 848 848
1595 1652 221
1513 1652 1652
1 935 935
1 1448 1448
661 915 915
1397 1397 1397
323 1651 1558
1428 1428 1428
63 193 193
595 1572 1572
981 981 1370
243 243 243
210 309 309
150 150 150
1173 1173 1173
425 425 425
238 238 162
921 1584 1118
631 1652 1652
209 209 209
1144 1144 1144
608 608 1506
276 1652 1652
995 1652 388
1057 1445 1445
47 1652 1217
114 1652 558
1592 1592 1592
1004 1652 1652
1 1417 1539
1 1130 1650
1200 1200 1200
1409 1652 1652
1472 1472 1472
1416 1652 1652
1407 1652 1652
1485 1652 1652
1468 1652 597
930 1652 1464
1 1075 1152
1 531 420
1 154 981
1307 1607 1353
1 394 394
1418 1418 647
1 954 954
1185 1185 1185
666 666 666
694 1593 1593
933 1652 1652
1 1059 1109
1 78 1177
1519 1652 1652
76 1652 620
1011 1011 99
46 46 346
1245 1253 1283
714 714 429
864 864 123
1455 1482 1482
96 1236 1236
1 1123 1123
1 1053 663
492 1652 1652
1 858 858
1549 1652 1652
1 1573 825
680 680 680
58 1652 406
1202 1202 1202
313 313 1175
1 932 932
725 1190 1528
1196 1196 1024
993 1652 1652
24 675 675
1 1497 1497
311 1652 1652
414 514 514
211 211 211
1 1040 1040
1611 1652 1652
1121 1652 25
278 600 600
1286 1652 1065
853 853 853
1476 1476 1476
620 1652 795
154 1652 1652
848 848 848
1 773 773
547 1652 1230
470 1652 304
1 928 928
226 1368 1368
913 1652 1652
134 767 964
1 1118 1118
1 749 749
175 1444 1449
916 1375 1375
559 1652 1363
852 911 427
1120 1120 1120
293 1652 845
689 1331 1331
1606 1606 1268
1186 1652 1652
1294 1652 1652
1 1455 987
760 1652 8
500 1652 951
1521 1652 1652
53 1427 864
1 735 735
369 1652 1341
1368 1368 1368
298 1652 1186
281 1652 1652
502 872 872
1302 1652 1579
1610 1652 1438
1 216 216
383 1652 341
1 1196 1579
122 1634 1634
447 1652 1652
357 409 409
1089 1446 494
1105 1652 1652
329 1558 779
1 383 961
1371 1371 1525
597 597 597
1108 1652 194
1 414 414
1 234 39
1493 1493 1493
1131 1424 889
1 213 213
223 223 223
1380 1380 1380
1 968 968
1015 1015 307
1 308 308
1 736 736
585 962 705
1 784 784
15 1240 256
255 1311 1311
1 458 1581
1501 1652 1565
1063 1652 1652
1 767 767
287 1200 883
105 105 1546
1 1181 1611
1 1510 1510
411 411 411
1102 1652 1652
189 1430 1430
1 423 1462
512 512 512
1265 1399 264
223 1316 1316
534 868 1508
705 1348 569
1 1582 1582
472 714 714
711 789 789
1304 1359 1622
92 1187 1187
469 469 469
296 1652 1652
1110 1110 696
1 372 372
1 1637 1637
1371 1402 1402
1 803 803
1 978 978
1604 1604 1604
120 537 537
219 219 1365
1384 1384 1384
387 387 1261
43 1652 1402
1138 1138 1631
817 817 817
434 1652 1652
1 452 452
1591 1652 590
450 1355 1355
1 421 500
897 1533 1533
842 1652 746
1007 1007 1007
1365 1652 1652
647 647 537
1200 1200 1277
790 1584 255
587 1536 439
141 1652 753
517 1039 1553
1 312 667
1040 1040 929
1 883 404
617 617 617
1 534 534
9 364 847
204 910 910
1 1481 1338
1 282 938
1 1003 858
1402 1652 1084
1525 1612 1612
1 477 477
1 1418 1418
1 802 802
1570 1570 1570
1 777 182
1180 1652 1652
1006 1652 1652
329 1652 1652
1206 1652 1652
813 1652 1652
1 741 1164
54 376 376
1 257 984
421 1652 758
133 1652 1652
1618 1618 559
1 51 1291
443 443 443
652 652 652
754 1652 62
804 1063 185
55 791 215
139 1247 1643
773 773 712
1478 1642 1642
1334 1334 1334
1150 1150 939
1005 1554 1554
431 1652 1610
1 1325 1325
1 54 54
877 931 931
740 740 1130
681 917 967
534 1652 1649
1 1526 1526
559 760 383
612 881 893
1641 1641 1641
558 1652 269
1504 1504 1504
1254 1652 1374
1 1194 1043
455 1652 1486
1 1330 1496
979 1652 1652
649 1412 1412
1216 1652 1652
965 1174 1174
24 1635 806
1 278 493
455 455 455
412 412 412
473 1652 1652
35 1006 1006
1597 1597 1177
1 1065 599
1 515 273
1 226 226
1257 1652 1652
996 1476 1476
1 253 599
539 1652 1639
888 888 1389
1 975 1014
1113 1113 1138
1 742 1525
1 1398 1398
1 1530 1530
878 878 1004
1 516 516
682 682 682
91 1652 1652
1 969 969
1 1286 885
15 929 1003
176 1652 1272
235 470 142
247 1261 623
112 691 691
89 1034 1421
1 952 952
424 1652 1312
1112 1652 541
1 235 235
399 1548 845
422 422 422
1 712 1381
141 1652 1309
184 1652 1093
400 1061 114
1 213 883
1112 1173 1173
170 170 1026
1065 1652 799
858 858 800
1 255 255
629 1151 1151
1 603 943
1 864 1501
456 456 1048
1254 1431 1431
1 599 599
746 1652 1593
1065 1652 1037
729 1652 1652
174 743 89
504 1652 902
407 407 407
138 138 710
1 1020 1020
1 213 1029
1 533 320
1 1109 1411
643 1652 1652
1 915 915
263 1552 1552
505 557 557
1 380 380
157 1652 769
580 580 1266
3 1652 1485
1 1065 433
1089 1652 1652
593 593 593
1351 1351 1351
946 1275 1275
158 158 158
1027 1027 1027
1 1007 405
1 547 859
482 1024 1304
909 1652 410
875 1652 1193
733 1652 1652
1 377 1642
1405 1405 625
1 488 488
943 943 943
1383 1652 921
1300 1300 1300
1 616 1551
813 1513 1335
1029 1029 1029
37 423 423
1 1141 1141
314 801 801
109 1652 1623
1 350 350
1402 1652 912
1587 1652 1652
1453 1453 1142
242 242 242
333 964 964
1 987 987
1 1338 359
1567 1567 1555
1 433 1464
1410 1410 1266
689 1652 871
719 1652 1652
1125 1125 89
675 1652 1009
433 1652 1280
1 508 857
1398 1652 927
1 113 317
1 920 920
1404 1652 1349
899 1092 1271
1157 1364 1364
313 313 755
1 317 317
1 1227 1227
698 977 1310
1 445 1312
1273 1273 1273
1 1467 1467
65 1652 1097
436 436 436
1442 1652 1534
560 956 956
447 1652 1652
196 482 364
428 1652 1652
55 1652 1652
887 1652 444
1 959 408
1 1200 1186
76 513 513
461 1363 1363
217 1009 843
1298 1298 622
1579 1652 339
1 1214 1214
773 1298 1298
1 540 1375
47 776 457
346 842 102
1 290 290
47 47 1182
1301 1652 1233
481 481 1512
1 1522 1297
1 1368 1368
1176 1652 634
1568 1568 1568
317 1440 663
268 613 226
1 1281 1004
1245 1652 1652
1 553 553
476 1181 1483
1129 1129 1129
144 869 1473
106 576 576
1455 1652 1652
1445 1445 1445
513 513 513
1 941 1366
28 1521 1521
175 1652 701
1516 1516 1516
384 1652 805
1 1005 1005
188 1652 1652
1 1111 1111
641 641 210
308 1652 1327
1338 1652 1027
950 950 950
598 668 4
293 1652 975
982 982 1101
1098 1098 1098
671 1652 699
1198 1652 772
1 1257 589
1634 1652 225
301 1447 1223
1085 1652 1652
1 495 495
178 178 1014
680 680 1280
884 1463 169
1044 1044 1652
1 121 655
727 992 858
1 242 1294
1 1270 1270
1 632 476
23 1652 457
1196 1652 514
261 1652 1652
303 303 795
1 951 422
139 290 290
1 919 1176
1650 1652 553
1399 1560 1560
894 1050 952
645 866 1211
329 1129 543
880 880 840
982 982 178
1087 1652 1652
1166 1166 1159
1 426 426
1 362 1369
1 1415 1415
738 1467 1467
523 523 523
1 371 371
1 1519 1489
1432 1432 1432
1 1236 3
1 1085 105
615 1652 909
1298 1652 162
858 858 12
1453 1652 1652
323 323 323
483 483 483
391 980 995
1267 1652 1652
1286 1286 1286
384 384 906
511 1320 1320
620 1652 827
1 416 416
1 1411 1411
1 1271 1271
935 935 26
228 228 228
1515 1515 283
316 316 999
1586 1586 1586
1 507 10
1638 1638 1022
319 319 319
713 1652 1532
289 289 455
1 1594 1351
1364 1652 89
1 1059 1059
1 280 566
359 359 359
613 613 613
826 1256 1256
877 877 755
372 1652 1652
638 638 638
1089 1652 1335
1 284 284
711 1652 227
698 1652 1652
1 1061 1636
1602 1602 1625
1 849 849
1222 1652 1652
1178 1652 641
170 1652 472
977 1652 465
1 871 934
91 91 655
1451 1451 1034
1380 1548 1548
1646 1646 250
1273 1305 1305
50 50 526
834 1161 1161
1 396 396
1291 1652 520
1 1058 1058
1 530 530
252 290 432
1 874 874
1463 1463 779
219 1652 1652
1575 1575 153
1259 1259 1259
1221 1221 1221
70 861 861
774 1652 645
1062 1062 407
370 1393 366
1 1364 1364
124 1652 922
85 915 713
1 833 833
530 1405 326
1 878 1321
1 1138 1138
37 37 37
811 1197 1197
409 622 184
531 531 1014
1488 1652 1062
980 1620 1096
110 652 743
1 526 526
233 1652 1344
162 227 1334
1 1630 909
303 1240 1240
1036 1044 1567
1627 1652 62
407 1652 1652
1 98 98
1178 1652 1652
1 1394 1486
588 1652 1652
634 1652 1218
750 1036 1297
1 1108 1108
1258 1258 207
1072 1652 100
876 1652 1652
1 1330 1330
101 1650 1650
1263 1263 1279
440 1652 1652
1 12 1356
1 386 386
1 630 630
95 95 95
1345 1652 704
1055 1652 899
146 808 808
328 1296 1296
1 309 309
326 993 993
1208 1208 1001
1250 1652 1080
1284 1284 1284
58 58 1492
639 1652 92
327 852 852
194 1652 444
837 1652 126
556 1065 152
776 776 629
