0
0
0
120
0
0
0
0
741
319660
6
0
0
62835
190
0
0
0
0
0
0
1035
0
410949
496626
948043
0
0
0
0
0
10153
0
0
0
0
21945
0
0
261384
0
0
0
0
0
142982
56103
0
0
0
0
0
0
36
0
0
0
118828
0
0
0
0
300
215606
660167
0
921299
0
0
0
0
0
0
0
0
0
0
0
0
269764
325
0
146456
454439
0
0
153
0
0
0
0
0
0
0
124251
0
27120
0
0
45
21
2278
0
78
0
0
0
36
776930
0
0
0
21
299925
463860
236328
0
0
0
0
0
0
199242
0
0
232903
0
0
0
0
0
0
0
0
190653
45
0
0
0
0
1
0
23448
159895
0
0
15
55
2628
0
0
0
0
266307
0
0
956825
0
0
300
0
60031
0
0
342775
45
0
0
0
0
461623
0
0
64980
0
21
0
0
0
0
0
0
9591
0
0
25131
0
0
0
0
0
210
0
52701
0
0
0
36
136842
65590
0
0
6670
0
6
0
0
44850
0
156
0
0
67710
0
0
0
0
0
0
0
0
0
20301
45
0
0
0
0
93096
0
235
27966
183473
4950
0
0
153735
190
0
0
0
57291
45
1041720
0
0
574259
211698
0
0
0
0
0
0
0
0
0
0
0
171
0
0
0
0
0
770
0
131328
0
0
0
463827
0
0
0
0
0
0
27261
0
7021
0
0
0
0
0
0
0
0
0
15
276
0
0
0
0
0
0
0
48205
0
958437
36
0
105
0
0
38781
240471
0
0
162735
0
0
1540
210
120
0
0
91806
0
0
5243
0
0
0
0
0
231
539527
0
0
574879
0
0
0
0
0
0
171
0
0
0
89676
0
50403
19110
0
0
0
419888
0
0
87990
0
1674
0
0
141761
0
0
0
168108
210
0
401065
0
770363
0
300
10
56616
21321
0
0
36
0
0
36
0
0
0
593004
363696
0
0
0
0
0
0
264
0
0
0
0
0
153378
0
0
0
0
1830
45
0
3975
0
0
0
0
0
0
0
788414
0
0
0
0
61776
10
0
7503
0
0
0
0
0
0
231
0
359128
0
0
27649
78
0
0
0
69751
0
36
0
0
34453
0
18336
0
101476
0
0
0
0
0
55
0
0
0
0
0
0
88831
0
0
0
0
0
0
0
0
331014
0
0
0
0
0
23005
0
0
1302
0
0
173592
0
21
0
0
0
36
36
0
36
0
0
36
0
296835
0
0
215
0
0
0
0
277885
136
988253
0
23436
0
254541
0
0
0
0
0
0
0
0
501819
0
32896
0
0
102528
0
0
0
0
171
0
0
30095
12246
0
325
0
0
126253
0
0
0
0
0
0
0
24090
0
0
0
0
0
0
0
0
6
450594
0
28203
105
0
677430
23953
0
197506
0
0
0
0
0
0
0
0
0
0
0
822915
0
0
0
0
0
253
136
15
231
45947
0
314821
15
0
2205
171
0
0
130816
7503
0
0
231
200028
21
0
0
0
0
2185
114290
0
474447
0
267546
0
111156
0
0
0
74001
0
0
0
416097
0
0
15
0
0
0
0
0
136
0
6
0
9714
62079
0
28
0
0
0
0
80200
0
120
78
0
0
0
820
0
0
0
79858
0
0
0
68991
0
0
0
67896
0
0
0
65341
0
0
6
732236
0
276
0
66
0
0
0
55
325
0
0
1818
0
15400
5050
313236
10
0
0
0
0
0
114344
10585
497781
0
160461
0
0
365661
364231
0
0
0
0
0
52650
111156
0
20301
0
0
0
0
169350
0
136
0
0
0
3
1106010
0
0
0
6
0
0
0
0
15
435
0
0
0
1176
0
0
66
0
136
0
0
0
393861
0
0
0
43956
0
24409
335256
0
210
28
0
0
0
0
0
39172
0
0
0
0
0
225950
149878
0
0
0
379140
0
0
0
0
0
171405
93961
0
0
0
0
0
300
0
136
31878
0
189522
15
0
0
0
271500
2057
0
0
6962
45451
35750
0
120
0
2610
0
36
7381
171
0
52133
0
1
0
0
0
0
629381
267659
0
63900
0
0
149331
0
297606
0
0
0
0
0
15
12064
0
0
0
0
0
0
671394
40800
0
0
0
0
0
0
105
0
0
0
0
0
0
1326
3
0
0
0
66
0
45
0
0
0
0
0
0
420948
161596
0
0
36
0
0
0
3570
139656
0
132870
36
0
0
0
28203
324305
0
10
0
154846
630
0
16110
0
231
111156
0
0
0
0
111033
0
0
6
0
0
0
0
231
0
275653
43527
0
0
0
0
0
0
0
343206
0
0
0
0
0
0
0
0
0
39340
147696
0
45
0
45
0
190
0
261003
0
0
0
0
0
453338
136
0
0
0
0
0
0
0
15
39837
0
0
375641
144858
0
745509
0
0
171
0
0
321047
89253
599304
0
0
0
23827
181503
305684
0
0
0
428381
0
326028
0
197061
0
115440
0
51360
0
50403
0
0
0
0
0
703
0
0
0
0
0
85686
0
0
0
0
231
0
0
115440
0
921261
0
18915
0
0
0
0
0
141246
0
0
0
0
82621
0
3
0
179101
0
78
120
174345
0
0
0
0
0
0
23749
0
0
0
0
0
0
0
0
0
105
111069
11325
348195
97119
0
190
167682
6
0
0
325
15
0
0
0
0
0
0
0
0
0
0
0
0
0
5977
0
0
548957
0
0
4095
0
0
0
0
0
0
47895
0
136
231
0
0
0
1955
0
0
0
0
534740
1105
0
0
0
0
0
105
0
110685
0
0
0
0
0
0
0
3570
0
0
0
0
66
36
36
0
78
130067
0
300
55
0
23436
0
0
0
0
0
0
244924
9453
42195
178503
0
0
0
0
171
0
452772
0
0
0
15225
4465
105
32025
617709
0
0
148785
0
0
962475
0
45
0
0
0
0
985819
0
0
0
171991
0
0
29960
0
0
0
0
0
0
0
0
263901
0
0
0
0
0
50663
78
0
24753
0
0
72010
23241
231
0
143380
0
0
0
639125
0
0
0
3
0
223492
45
0
120
0
630032
443846
15
52885
0
0
300
0
0
0
0
0
0
136
0
162735
120
0
21321
0
0
0
0
0
0
20503
0
388751
0
0
138075
6
0
0
86736
171
10
0
8014
0
0
308846
190
174200
0
0
0
0
0
649
862707
0
0
728049
103740
690245
334200
0
0
0
115674
0
395400
0
0
0
0
14028
0
0
210276
136
0
0
0
263901
36
0
0
0
110685
363200
18336
0
0
0
0
0
0
0
0
292230
274170
6
0
0
11628
298378
511740
0
0
686884
0
0
0
0
105
0
232903
0
0
8128
781278
0
0
0
0
0
0
0
0
0
0
0
0
0
0
0
0
473717
0
54285
0
0
0
0
0
60659
0
0
0
0
0
15051
0
0
0
0
0
21
0
0
0
176943
339076
0
0
0
0
0
36
86320
0
0
594225
0
90100
0
0
91
0
0
0
76636
0
6216
0
11433
3
0
0
78
132355
0
0
105
136
1098350
0
2080
0
0
111785
120
91
171
0
355319
0
0
0
0
0
0
0
0
0
0
0
0
0
0
325
0
0
366197
0
346624
117855
813354
0
0
70505
231
0
198880
0
0
136
0
735048
0
0
0
10817
0
0
666
0
231
0
0
0
0
219453
524672
0
289941
0
117438
0
85224
0
120
0
0
0
753302
45
27261
0
66849
0
416721
0
747680
0
0
45
0
0
0
0
0
0
0
0
0
0
0
0
0
45
14706
0
0
0
0
0
0
160486
108811
0
83390
66
0
66
0
215605
0
0
4753
3828
0
0
0
0
0
41543
0
0
0
0
66
0
0
0
0
0
0
0
0
617763
0
0
6786
0
0
0
0
237016
0
0
0
874916
10
0
0
0
18721
23385
850
0
0
58653
6
78
0
761642
0
0
5565
0
0
0
0
0
0
83845
7875
154846
0
0
0
0
0
0
0
36
0
0
33153
0
0
0
0
0
11935
0
52650
133569
0
78
0
345755
120
939324
0
21945
53635
0
544
0
196251
476
0
680166
299869
0
0
113799
0
0
4371
0
0
0
491514
0
0
126
0
0
0
4172
153
101926
0
0
429470
0
57291
20100
55
21
21
0
0
735732
19959
136
0
0
0
0
12246
224115
0
128306
71631
0
0
0
276
0
177906
0
406
0
0
0
0
0
0
103740
0
0
21
210
0
24531
0
0
0
0
0
0
22155
0
0
0
85491
0
0
0
0
0
136
33670
6
113526
0
0
0
0
0
0
0
0
650267
300601
114359
0
0
0
13203
0
22155
244924
0
95703
0
0
0
82214
224677
6
21
0
0
190036
339076
0
0
0
0
0
49171
0
0
37675
0
0
258840
0
0
83028
0
153
38031
0
0
0
33153
0
103740
0
0
0
0
0
104653
0
39060
0
970470
0
0
0
0
21
0
922008
0
0
40755
3403
0
0
0
0
0
0
34905
0
0
0
0
0
0
0
29960
0
0
267546
0
136
0
527
0
0
0
0
0
224282
0
0
0
0
37950
0
0
0
324415
0
0
0
0
0
0
0
40755
0
0
195612
1296
0
0
15
36
0
0
0
0
0
0
0
0
0
0
0
18192
0
0
0
0
0
0
0
0
0
1
164451
0
21515
0
0
0
0
36
0
2418
0
13695
0
0
0
0
0
280126
0
0
110239
6
232077
170820
39621
0
0
172155
0
318
0
171
0
0
300
0
0
105
0
5778
0
21
0
10
1188
0
269764
563723
0
0
0
0
0
0
0
171
0
0
633117
0
108811
0
0
0
43956
0
0
0
0
0
0
166753
11026
196338
0
0
0
0
36
0
0
0
0
0
0
0
0
136
0
62481
269346
0
0
0
0
0
0
0
0
0
0
120
0
15
1081
0
0
25200
54657
0
0
0
0
0
0
0
0
48306
0
0
876450
6
0
0
0
0
16290
0
339076
0
0
0
0
0
344297
255255
0
136
21
0
0
0
250986
0
0
190
0
0
201295
0
27966
0
231
0
