1731 2000 409
75 409
209 1156
1156 1234
817 409
851 1156
409 593
1156 237
845 409
448 409
1156 1118
305 409
1045 409
409 1676
14 409
1156 342
857 409
1156 716
1156 623
409 535
1542 409
1156 521
409 290
1532 1156
364 409
1099 409
1156 1028
409 1089
404 409
1156 129
938 409
1156 825
409 383
1337 409
409 596
1156 1392
409 327
1156 1384
52 409
409 1207
1008 409
1156 1722
1552 409
409 511
1420 1156
409 1042
409 106
1724 1156
1156 503
1278 409
409 1451
1156 381
520 409
1404 1156
868 409
409 692
409 660
409 398
512 1156
166 1156
341 161
1197 409
409 1486
409 547
1156 689
376 1156
188 1156
409 1241
1156 220
1410 1156
861 1156
126 1156
678 1156
1156 146
81 409
1156 1505
161 594
1156 1658
1156 1612
1642 409
1156 261
409 1025
409 558
409 1659
27 409
409 263
409 1020
879 1156
1267 409
1156 1713
409 1307
35 409
409 1205
1156 26
44 409
559 1156
1156 666
1156 853
1156 1146
657 409
1609 1156
409 452
1156 563
717 1156
740 1156
726 409
1156 911
409 171
409 892
300 409
1060 1156
1156 395
1067 1156
331 409
1156 801
1156 737
409 1262
1156 525
1666 1156
1553 409
337 409
1156 794
1156 723
1557 1156
409 635
409 1237
409 1388
1296 409
409 1494
394 409
168 161
1156 10
1069 1156
1156 708
1156 1670
1156 377
1031 409
630 409
1156 111
409 1181
1156 1139
409 238
1156 1515
1305 409
1312 409
580 409
1156 866
1156 1395
1156 782
1619 409
1303 409
567 409
1156 1017
1156 1707
409 671
409 486
409 1631
1039 409
409 164
433 409
634 1156
749 409
1677 409
409 73
1387 1156
409 803
1156 509
562 409
1156 93
1156 1064
1213 1156
409 1179
410 409
1156 1047
344 1156
830 1156
732 1156
1032 409
442 409
216 1156
409 883
583 409
409 1152
1156 184
409 314
409 233
1156 107
1708 1156
984 409
1156 736
409 361
1156 1551
950 1156
1011 409
465 1156
78 1156
409 514
823 161
87 409
489 1156
1156 685
1156 779
409 841
307 409
826 409
1156 806
409 20
187 1156
1717 409
409 1346
1156 1608
100 409
347 409
194 409
1712 1156
776 1156
409 1519
722 1156
1156 1344
409 701
466 409
409 1401
780 1156
409 981
409 1186
353 409
406 409
1167 1156
1156 919
334 409
1577 409
409 1249
728 1156
1632 409
1189 409
850 1156
505 1156
1156 1571
1156 1466
1156 729
1156 1720
1034 409
1156 1203
1156 289
1156 615
1329 1156
1156 201
1081 409
340 1156
409 982
811 409
1171 409
900 1156
227 409
1156 12
409 538
1417 1156
409 840
409 1324
1030 409
409 131
1491 1156
751 409
1156 1290
464 409
409 920
1156 937
611 409
1156 1579
1156 1462
972 1156
654 409
409 909
409 632
697 409
1432 1156
1633 409
1156 1320
456 1156
1291 409
694 1156
379 1156
409 1594
544 1156
409 428
409 810
1156 834
409 1109
1129 1156
409 63
179 1156
1156 1178
333 1156
1156 595
409 752
1559 1156
770 409
965 1156
1485 1156
409 1036
818 1156
846 409
225 1156
1705 1156
1265 409
409 19
1156 1686
409 1078
275 409
1317 1156
1528 1156
774 1156
409 417
1156 755
731 1156
1156 185
1156 607
1156 789
1558 1156
1681 409
600 1156
1156 1531
97 409
1703 1156
528 409
693 1156
1156 299
1416 1156
1653 409
1623 1156
1538 409
608 1156
409 996
1156 1678
1711 409
673 1156
1156 882
62 1156
409 1318
906 409
409 1153
409 1382
409 1587
409 128
1607 409
1156 1450
743 1156
1614 1156
1156 750
409 1492
215 1156
409 1550
276 1156
1156 37
804 1156
1156 1002
1156 598
1611 1156
409 401
409 203
802 1156
366 409
704 1156
1156 1121
409 1536
409 541
1468 1156
1578 1156
1065 1156
571 409
409 501
912 1156
949 1156
1357 1156
797 409
1156 1454
409 1621
1156 32
1156 430
409 745
409 161
7 1156
1156 852
256 409
1562 1156
1680 1156
409 869
162 409
1176 409
384 1156
1618 1156
409 425
642 1156
287 409
1156 675
1430 409
409 57
409 795
978 1156
105 1156
1145 409
409 446
298 409
1156 76
409 153
1156 943
1132 409
775 1156
1156 554
1156 848
1457 1156
1156 1288
409 891
409 1381
407 1156
409 477
92 409
30 409
1362 1156
409 1693
1209 409
409 1443
409 756
409 621
536 409
409 700
434 1156
1156 844
243 1156
582 409
1156 1439
1156 286
1495 409
682 1156
409 897
409 530
161 1563
409 1195
411 409
133 1156
409 862
531 1156
1156 118
222 1156
835 409
710 1156
1156 80
109 1156
1156 49
409 1136
1070 409
451 409
247 409
709 1156
1156 405
1574 1156
1638 409
1613 409
316 1156
409 1383
328 409
929 409
1156 1244
409 94
1156 805
1130 409
409 1539
1156 1308
1156 1175
397 409
1460 1156
842 1156
1156 798
1156 957
561 1156
1274 1156
409 190
1156 380
1044 1156
409 518
637 409
526 1156
1156 667
1009 1156
1496 409
687 409
409 137
1156 382
1156 1012
409 391
1086 409
409 578
6 1156
1422 1156
409 213
1682 409
280 1156
1156 408
409 1507
753 1156
1156 624
1313 409
70 409
556 1156
390 409
1165 409
368 1156
1053 1156
1048 1156
161 1412
748 409
1156 618
217 1156
1156 386
1156 495
1 1156
174 409
145 1156
409 1603
1386 1156
409 365
326 409
910 409
409 1664
245 409
914 1156
994 409
1479 1156
1007 1156
1156 65
992 1156
1156 1166
1161 409
1156 469
1730 409
409 820
409 1033
1156 969
1156 4
409 490
79 1156
223 409
244 409
1156 294
1668 1156
25 409
1368 409
409 53
898 409
847 409
1535 409
36 409
409 683
1156 388
1339 409
1156 195
1222 409
1123 409
1342 409
409 1694
409 1359
409 565
409 1287
1156 975
409 1072
409 46
614 1156
681 1156
198 409
1156 29
1156 363
1156 277
1156 226
356 409
1156 1487
1604 1156
1156 38
1214 409
409 175
1156 134
1156 807
409 204
1704 1156
1156 144
1440 409
409 1055
617 409
88 1156
1483 409
161 288
409 948
1396 409
409 712
791 409
50 1156
1297 1156
1156 837
484 409
409 1596
1156 995
1156 95
1649 409
1058 409
409 1375
1156 1546
268 409
409 1718
214 1156
409 413
1438 1156
1445 409
966 1156
1156 1114
1427 1156
1591 1156
272 409
1156 1411
409 1340
1156 1452
1156 437
1125 1156
1469 409
1156 652
680 409
1293 1156
139 1156
1527 1156
409 71
101 409
1156 1370
161 620
409 1199
409 833
1358 1156
493 409
409 872
643 1156
932 409
1253 409
1156 281
1156 650
409 308
983 1156
1156 177
1202 1156
124 409
566 409
560 409
1156 1463
349 409
409 951
1156 1564
1156 143
1156 1228
1156 1652
409 1615
1021 409
409 43
409 822
1156 970
409 415
409 1654
885 1156
1156 1480
1068 409
409 183
1188 409
1076 1156
855 1156
409 455
90 409
409 1645
1156 260
409 1403
161 695
1369 409
1156 1639
1156 1421
158 409
409 1544
773 1156
170 1156
1719 409
409 282
1156 22
1156 483
409 1298
1156 1027
1636 409
1156 786
1310 1156
409 1285
482 409
1156 601
1172 1156
1156 658
1566 409
1156 648
1156 960
1156 1526
409 649
933 1156
409 1220
1156 396
39 409
1112 1156
72 1156
1689 409
1156 719
367 1156
409 480
669 409
627 409
1156 1309
1156 297
1156 880
1156 1084
182 409
523 1156
1156 34
1156 863
409 515
1156 1040
409 457
1156 1588
784 1156
409 540
1545 1156
409 733
1156 310
409 1397
1352 1156
241 1156
409 1334
1497 1156
1671 1156
1461 409
409 1673
923 409
527 1156
1522 409
409 435
1598 409
1156 1600
1365 1156
1156 1402
409 956
1221 1156
506 1156
1156 760
1377 409
74 1156
670 409
1353 409
409 1206
585 1156
135 1156
409 292
409 246
1156 762
409 1568
409 758
1156 262
409 1549
1105 409
1182 409
973 409
68 1156
409 1663
409 99
1156 1271
1156 931
409 1405
343 1156
160 1156
1156 315
1158 161
921 1156
1726 1156
1156 1201
1624 1156
360 1156
854 409
17 1156
1156 232
1247 409
934 409
409 778
409 127
1204 1156
409 2
1156 605
1156 721
409 641
1226 1156
409 998
409 1134
387 409
409 1408
208 1156
799 1156
1193 409
584 409
633 1156
1156 699
1156 1426
1224 1156
409 1701
1156 1345
1156 626
372 409
1000 1156
409 98
747 409
1156 317
409 1622
192 1156
409 1260
172 409
161 997
11 1156
409 1458
1156 389
409 1319
416 1156
662 1156
409 354
1156 1077
1156 1520
1006 161
1500 409
393 409
1156 1280
677 1156
1156 1126
1471 409
572 1156
1580 1156
1431 409
409 1498
1156 713
1230 409
409 445
741 409
392 409
409 350
1637 409
1156 116
409 478
409 1263
1051 1156
492 409
296 1156
1449 1156
409 653
1023 409
581 409
1360 409
8 1156
1628 1156
1101 409
55 409
1625 1156
1473 409
1156 1376
1156 604
1647 409
374 409
724 409
1087 409
1156 573
253 1156
497 409
1156 138
409 1363
409 1493
1156 1231
1156 504
409 711
1331 1156
1156 769
409 1569
423 1156
409 224
409 1710
1156 1022
1156 1534
1456 409
409 1341
1156 424
1156 1513
409 1656
1156 757
1514 1156
409 977
409 429
1156 524
1156 431
409 136
1444 409
1156 1120
829 1156
1510 1156
409 255
5 409
1585 1156
409 771
899 409
1372 409
1156 313
265 1156
362 409
1156 597
218 409
1156 864
436 409
122 409
1156 83
1088 1156
1389 409
409 1398
1156 1629
1156 922
1156 1333
1256 1156
249 1156
548 1156
409 1697
946 409
1156 250
409 827
1156 655
1116 409
409 1650
409 1245
1156 1620
409 896
409 787
1156 212
409 1351
1156 765
409 1173
409 1640
409 193
1115 1156
1156 48
325 409
905 409
549 1156
1501 1156
1517 1156
927 1156
1156 1716
1482 1156
140 1156
1156 58
612 409
409 1225
1725 1156
409 1533
196 1156
1156 1289
409 1133
1586 409
639 409
409 1328
1019 409
409 790
656 1156
1211 409
517 1156
108 1156
1149 409
631 1156
1156 698
409 533
1156 86
460 409
1156 283
1264 409
409 1489
409 1521
1156 821
1174 1156
1409 1156
1672 1156
400 1156
409 989
1156 1590
1156 1529
690 1156
1356 409
772 409
285 409
1156 785
409 808
1316 1156
1390 409
1644 409
1156 1634
163 409
1441 1156
1156 874
1548 1156
235 1156
409 812
545 1156
148 1156
1156 1464
1156 132
409 1163
409 1300
1156 1434
1156 1238
178 409
370 1156
409 532
672 409
409 939
409 1196
871 1156
1688 409
409 114
1321 409
744 409
409 640
409 1082
409 202
602 409
336 409
418 409
409 1272
3 409
66 1156
141 409
1156 84
409 269
409 1325
1616 161
865 1156
1326 1156
1156 1504
1292 1156
1143 409
1700 1156
303 1156
1156 1029
409 1250
473 409
1095 409
1156 1093
18 1156
1151 409
1141 409
409 472
1183 1156
1156 1567
1156 1436
1561 409
1156 625
409 720
1156 1140
1010 1156
409 1218
1156 471
1156 1714
1601 1156
459 1156
409 1407
568 409
1043 409
409 1727
1102 1156
1156 1258
1156 569
24 1156
954 409
1217 409
1156 267
1156 1543
707 409
1156 1595
1156 1200
409 1709
940 409
1037 1156
1295 409
1475 409
115 409
161 908
1583 409
409 1301
971 1156
1156 1503
1156 1651
1723 1156
1343 409
409 1509
1467 1156
1306 409
449 409
409 251
691 1156
409 925
1156 836
409 592
1156 1415
468 1156
409 1516
409 142
1156 1347
963 1156
1156 271
941 409
409 928
1453 409
1674 409
409 191
1156 1024
1406 409
588 1156
1156 742
1156 1150
479 1156
409 901
409 1327
1191 1156
1156 61
409 47
1208 409
258 1156
409 1279
1728 409
409 329
9 1156
1156 440
1110 409
793 409
409 622
1156 475
1268 1156
1156 832
1478 161
375 409
1223 409
419 409
889 409
421 1156
200 409
1156 575
1630 409
1156 1257
1059 409
1277 409
664 409
409 1276
1156 422
332 1156
1156 1041
1156 1556
1156 323
409 1062
385 1156
1481 409
409 1302
1156 1385
718 409
1156 916
1156 476
1506 409
1156 1168
849 1156
1156 1155
1617 409
1156 279
197 409
1049 1156
1156 944
1354 161
702 409
461 1156
409 1057
409 1477
319 1156
1156 539
1156 1275
499 1156
273 1156
1570 1156
409 1090
613 1156
69 1156
409 768
302 409
1643 409
1599 409
1525 1156
1156 606
577 409
645 409
1232 1156
409 1014
1156 881
1194 1156
414 409
409 696
409 1323
1660 1156
1156 352
519 409
1156 155
1156 321
788 409
574 409
1156 371
189 161
1524 1156
450 409
409 346
409 553
278 1156
1156 1236
409 550
409 1075
1484 1156
1413 409
1156 638
1085 1156
1156 1243
420 1156
1414 409
121 1156
1156 890
1573 161
1156 1056
838 409
1156 1605
1156 1282
967 1156
403 1156
1135 409
409 913
1156 206
409 1576
1512 409
409 986
409 1400
1490 409
1692 1156
1380 409
1156 674
1106 1156
409 1212
1156 1091
1156 1107
781 409
730 1156
1156 1627
1156 438
1156 1164
1156 1266
1156 1555
1156 1511
409 502
1156 917
409 715
813 1156
409 993
1156 1665
1156 705
409 609
659 1156
409 546
409 1097
1156 1026
270 409
335 1156
409 1281
1098 1156
1156 1338
867 1156
409 1261
764 409
958 409
1156 886
409 1602
878 409
409 1137
1349 1156
603 1156
587 409
1156 725
1083 409
1156 291
409 959
1366 409
1156 859
409 1259
113 409
1156 1648
599 409
1156 590
409 858
409 229
935 409
1156 230
409 51
409 1187
688 409
1706 1156
979 1156
378 1156
409 1446
1156 1393
777 1156
1547 409
1273 1156
887 1156
1270 409
409 1687
952 161
409 1537
1715 1156
117 1156
444 1156
1050 409
1156 551
301 1156
1156 295
661 1156
706 409
1138 409
409 500
1156 31
1470 409
839 409
1156 816
1142 409
1448 1156
1156 1488
1156 1294
161 463
1418 409
746 409
1156 1560
1399 409
763 1156
1156 999
409 586
409 962
149 409
409 56
1156 676
409 564
59 409
1156 211
1428 1156
1001 409
409 1148
1156 447
1156 1592
234 1156
409 1502
800 1156
1156 1508
1156 1124
918 1156
409 40
1156 815
1127 409
1255 409
1311 1156
409 1144
474 409
831 409
1269 409
409 877
1669 1156
1597 1156
1156 552
926 409
542 409
1156 809
33 1156
409 915
409 309
1156 467
1156 522
1156 738
426 1156
409 228
409 60
409 102
1304 1156
427 409
761 1156
1156 1219
432 409
1156 284
1052 1156
945 409
221 1156
1184 1156
1156 67
1641 1156
409 1286
1662 409
1156 45
1156 186
409 1215
1332 409
409 1379
904 409
1156 264
1348 409
537 1156
240 1156
1425 1156
1156 1248
1156 1108
1315 409
1156 112
1156 991
470 409
322 1156
409 242
1156 1239
980 409
1156 1699
1156 1690
1156 1185
888 409
409 1169
409 1423
644 1156
819 409
312 1156
156 409
1156 454
409 293
1122 1156
409 516
955 1156
1606 409
1156 903
409 439
1128 1156
1472 1156
1156 219
534 1156
1156 1364
359 409
1322 409
1251 409
409 1094
1227 409
668 409
1100 1156
161 1336
1374 409
1156 151
895 1156
1455 1156
130 1156
231 409
1156 1635
1156 1655
409 1684
875 409
1233 1156
409 1113
1156 766
496 409
647 409
409 591
409 1080
409 1695
1156 180
41 1156
1156 85
409 1177
1540 1156
1156 894
1429 409
123 409
1156 1063
409 125
409 402
1437 1156
1156 814
1156 409
1283 1156
409 1157
453 409
767 1156
1170 1156
409 91
409 23
1156 1242
1156 89
409 248
1565 1156
974 409
21 1156
409 498
1073 409
409 510
1156 1254
409 345
1589 1156
1156 1702
1626 1156
976 409
409 1046
1156 1474
1156 796
628 1156
157 1156
964 409
409 199
1156 1371
1572 1156
1156 210
703 1156
1156 684
1156 13
1156 727
1679 1156
924 1156
543 409
907 409
1156 985
1156 930
735 1156
458 409
409 488
409 207
1092 409
485 1156
961 409
409 1610
1035 161
1005 1156
1156 338
843 409
318 409
1156 589
1104 1156
1156 783
1582 1156
1433 1156
1111 1156
409 1394
409 734
1575 1156
902 1156
1071 409
339 1156
15 1156
1156 1657
399 409
1646 1156
1147 409
252 409
161 1424
1156 754
1156 1499
651 409
576 1156
409 274
409 165
1156 1180
1156 1691
409 104
513 409
409 1541
1003 409
409 357
409 1523
1729 1156
1156 150
409 1367
1061 1156
409 441
409 873
1156 487
42 409
358 1156
54 1156
1246 1156
462 409
1119 1156
409 1518
1156 1131
646 409
409 1015
792 1156
663 409
409 936
1284 1156
1156 1038
570 409
893 409
409 988
348 409
1154 1156
259 1156
154 409
1314 409
1373 409
409 1190
409 152
369 409
1156 239
409 1435
409 629
1156 665
1696 409
304 1156
1156 77
856 1156
409 1581
1459 1156
82 161
1156 330
555 409
1156 953
409 1235
409 876
947 1156
1198 409
714 409
1156 1350
1156 942
1156 1210
1156 990
409 870
1156 616
1721 161
557 409
409 1240
409 351
1156 860
16 409
1156 205
409 1004
120 1156
443 409
1156 507
739 409
409 1731
1593 1156
409 987
409 96
1476 1156
1074 409
412 1156
1335 1156
1442 1156
409 1330
173 409
409 169
1156 1192
1156 373
1156 686
110 409
1156 1162
1066 1156
409 1355
1156 1016
1156 759
1156 320
409 181
409 266
1156 1018
409 1117
1683 1156
579 1156
1156 28
103 409
1661 1156
409 167
1156 1160
1159 1156
481 409
409 1096
1698 1156
1530 409
409 828
491 409
409 1554
1156 636
1447 409
147 409
679 1156
884 1156
1465 1156
1156 1229
610 409
159 409
409 1361
1667 1156
311 409
1054 1156
1156 619
1685 409
824 1156
1013 409
1156 1378
1156 1391
1584 409
1079 409
968 409
409 236
1675 1156
1156 529
1156 1299
1252 1156
119 409
1156 257
254 409
1156 494
176 1156
409 1419
409 508
1103 409
409 1216
409 324
306 1156
64 409
355 1156
1 1546 338
1477 1477 874
115 1133 1292
40 1079 161
1023 1023 161
1116 1731 612
1006 1006 409
1 1508 665
1665 1731 1156
818 1731 409
1 264 161
508 508 409
557 1731 612
1 716 1156
448 1731 161
177 177 583
833 1731 403
1 514 82
353 353 724
690 690 409
1309 1309 83
1 80 1156
236 236 161
1 1050 409
579 1731 409
149 1731 409
409 1731 839
169 865 1278
225 225 1189
162 162 554
1360 1360 409
331 643 1156
1 1568 933
1 610 230
664 1467 713
1084 1084 161
1313 1731 1156
1561 1561 1048
9 1731 871
143 980 409
1676 1676 1125
438 1731 366
43 1731 1013
1 1597 59
568 1731 1638
1 612 409
113 494 409
1 606 1304
1 343 1210
892 1476 656
1 1019 62
179 1336 121
233 233 161
1220 1731 161
1 998 1327
396 435 264
513 1454 1383
742 1731 1156
1151 1731 43
1619 1731 131
1 987 1158
1 650 811
116 1731 161
1 759 409
1 1322 409
1 1399 138
169 1731 409
812 1731 1159
1 338 1241
459 459 292
1033 1033 392
1184 1184 1156
1 1025 290
321 653 1213
306 306 1430
82 863 1029
628 628 1086
1685 1685 288
1 763 1125
1 855 409
1 41 1156
1612 1612 409
336 960 409
630 1731 409
151 151 409
301 301 41
595 1731 161
612 612 307
748 748 409
765 765 409
1 1521 1504
1 1055 664
1 888 1228
686 686 1342
726 1731 1156
137 137 161
768 1036 409
714 714 1156
1 1286 1606
1 818 161
448 964 161
1 131 1156
1 888 1262
991 1731 161
1346 1439 1384
1 55 298
1 1689 83
1243 1731 161
300 1731 409
844 844 409
1059 1059 1135
822 822 607
1 537 161
163 1731 1156
1 1114 409
1 1415 1156
36 480 107
576 576 1196
564 564 1156
914 1398 1614
1175 1731 1257
1 1156 11
420 1147 409
850 850 1156
1213 1731 488
1 1402 1156
1 1243 741
252 1731 1092
605 1731 1276
970 1731 287
28 1731 1650
974 974 1292
926 1731 277
1 382 1309
114 1390 1156
1118 1731 161
1011 1317 843
411 1731 740
1014 1545 917
1047 1731 1560
1584 1731 161
1682 1731 104
1007 1251 409
606 1731 1156
1391 1391 225
1 1688 1233
1 446 161
1 829 161
1339 1489 1156
255 1731 1604
1 169 680
19 1731 333
1 1171 815
733 1567 409
1 1045 1004
1 1457 1183
141 1731 409
1 1593 576
1 795 135
161 1731 161
245 1338 873
1 699 1156
1173 1393 1410
246 1731 656
782 1731 409
877 1474 161
1394 1731 1713
905 905 161
1460 1460 1156
1108 1108 1156
621 1731 409
342 847 474
1223 1731 1086
985 1731 1156
1277 1277 409
1 489 161
1467 1467 1116
1611 1611 1636
584 584 409
769 769 161
202 202 161
857 1474 1026
1 272 1156
1327 1327 1156
1569 1731 455
1362 1623 409
1189 1189 1341
1 1546 484
1 1390 1178
1377 1377 195
1 1331 620
298 1731 161
1 1390 1429
1 379 409
475 1306 1178
491 491 1280
5 1731 1386
1 681 161
1134 1731 409
688 1109 409
1451 1451 1471
1278 1278 721
1 225 1156
1 853 1327
1558 1731 161
569 569 172
1 305 401
1117 1731 1156
1473 1473 1264
1698 1721 409
555 555 161
1 500 200
1085 1498 409
228 1174 666
458 1731 1588
1274 1726 518
268 268 1159
618 618 409
1515 1515 409
728 728 1156
1502 1502 1156
1 790 1338
1336 1731 1156
1049 1731 161
1147 1147 409
476 476 1156
437 437 1156
924 1731 1169
840 1731 1156
1621 1621 100
1 29 409
1 476 1156
1038 1731 409
1 118 409
1722 1722 15
538 1415 496
1 1107 1156
446 1731 161
1 923 601
1 337 1672
209 209 161
1034 1731 1156
500 1277 161
1 1661 409
630 1731 27
31 1731 1392
495 1731 409
988 1731 409
1 988 1311
864 1731 1169
295 1731 695
668 668 1156
1 435 126
714 877 1410
700 1731 364
1538 1538 192
86 715 502
259 1731 720
716 716 1175
1 30 1156
888 888 161
1 1416 91
1377 1731 928
1193 1193 1279
760 760 1125
1 49 409
1 819 339
703 1731 1156
1548 1548 409
842 842 840
153 153 1493
618 1731 409
1 788 112
94 94 1668
807 807 1156
1019 1019 1614
849 849 161
1038 1038 774
1 470 1156
1566 1566 1143
813 1055 1156
1123 1731 1641
1 445 1090
602 1731 243
1 3 1566
1274 1731 1713
1 450 864
721 1731 677
1 191 828
450 450 649
1 435 161
1 1611 161
1556 1556 959
16 64 1067
901 901 398
1462 1562 1052
943 943 574
982 982 1156
1347 1347 1115
1 634 1156
870 870 409
139 1731 409
150 727 161
1 1176 984
894 1731 161
1 654 277
760 1322 752
1163 1731 1156
319 1731 1156
686 1731 101
129 129 1156
600 1731 1156
783 783 161
252 550 217
1324 1451 1156
1 1424 161
1 1100 161
877 877 161
77 1200 1040
1 842 1156
1 1312 91
1 292 1154
1611 1731 409
1 633 1418
866 866 1718
265 1731 752
255 255 409
1465 1465 1334
1 1553 161
533 1731 409
53 465 302
1645 1645 161
494 1731 409
1215 1215 1225
701 1731 1052
1 36 131
1042 1042 1156
652 689 1332
1303 1731 56
1 1374 161
677 1711 639
224 224 567
1 13 249
854 1731 1156
1002 1002 1691
1075 1731 1156
604 964 1156
1037 1196 161
7 7 409
1 1529 963
672 1731 409
958 958 604
1314 1314 409
861 1731 1156
1728 1728 409
1662 1731 409
1 580 426
1 176 1215
1 610 409
894 894 1397
1643 1731 945
17 686 1260
1 666 409
1 1455 161
1433 1433 1156
1 1037 409
610 610 817
1 1422 409
84 88 486
1 1651 161
1456 1731 161
1040 1731 1156
1098 1537 1156
576 576 161
79 1731 1376
1 675 161
1539 1731 1403
783 1731 306
1 654 161
312 1731 1025
1 1087 899
1 92 1084
1 1256 409
750 1731 409
861 861 80
1045 1045 161
1 858 1134
1 661 575
351 351 161
467 1503 1250
1 30 409
395 1060 917
1071 1071 22
1276 1311 741
1666 1731 557
1205 1343 599
1 636 409
1386 1386 1649
256 1731 1342
451 451 161
1556 1556 1195
1125 1258 1156
30 764 161
1393 1731 284
1627 1731 409
1688 1731 161
1 553 1340
35 1731 1034
679 679 409
1298 1298 161
1131 1131 203
1 1344 517
1 1440 409
331 1453 36
978 1731 1317
1 900 623
687 1731 476
481 1178 1156
508 946 161
1 544 1633
985 1248 1156
706 879 161
929 933 161
91 91 342
1 523 22
938 938 1156
1247 1731 891
282 1731 161
460 460 730
1 1708 1156
690 690 161
163 1341 404
1360 1634 409
1 993 161
1 108 1586
1 338 1416
1001 1641 1230
960 1731 1156
820 1089 1143
1 650 161
1024 1024 1156
420 1731 664
1196 1731 1156
742 1731 867
878 1291 1156
1094 1094 1143
641 1165 409
901 1731 147
1572 1572 421
223 1731 1287
1526 1526 409
1013 1531 1300
401 1302 161
1632 1632 1381
1291 1566 752
472 1088 1059
1 1709 431
662 753 492
30 30 1014
83 918 1156
1 283 1028
1 1464 145
102 226 1051
1619 1619 873
1 1038 402
1727 1727 1156
691 1731 1279
1713 1713 409
1 945 409
251 251 1558
26 862 1397
806 1343 662
1075 1522 1504
858 1731 383
1303 1731 1156
870 870 1156
571 571 895
1671 1731 409
768 932 449
1404 1404 409
748 1415 409
1636 1636 1156
1 585 161
1536 1731 706
131 1731 1575
1 1614 801
1265 1731 161
1275 1731 161
1 1157 1152
1208 1731 161
1606 1633 161
831 1731 536
1260 1731 161
1528 1731 295
1 1566 1156
313 1523 1020
1 675 164
259 285 409
126 1731 382
233 1731 836
205 1731 85
1185 1731 571
222 1731 1156
1 1324 161
1 1618 409
242 1408 879
1295 1731 1156
108 108 1572
283 1731 1156
1635 1731 1067
1 535 566
1529 1529 1648
997 1731 1375
33 33 1200
220 1731 1664
1 1070 86
1580 1731 27
573 1731 409
34 34 407
1019 1567 1156
901 901 1156
1338 1338 1650
1211 1731 409
1728 1728 398
1 464 1487
884 1270 185
1194 1731 1512
545 1731 161
124 958 1252
177 1731 531
1441 1731 409
116 424 1156
1 1728 1627
50 1731 161
1 1061 923
1194 1194 409
1 993 1156
1 20 161
1526 1731 814
1640 1640 1156
645 1201 1182
384 812 959
676 1731 1068
1582 1582 409
1292 1731 1156
1609 1731 1569
184 184 409
589 1731 1426
1193 1731 1344
895 1731 731
1375 1731 1658
147 147 166
269 269 686
1540 1731 161
635 1731 409
223 223 409
1249 1731 1156
881 1731 161
935 935 1156
395 1731 409
596 864 409
631 631 409
1 1268 1156
1634 1731 1240
38 38 1156
1341 1731 382
1028 1208 802
1174 1174 411
835 835 1333
1004 1004 179
698 698 1619
1599 1731 1584
141 601 1108
1 402 464
1 1473 409
668 1352 1083
936 1189 1200
1 278 115
1264 1649 1450
1 1421 1650
187 1731 161
1 1184 161
1 392 161
238 1731 161
1375 1731 409
1343 1705 1289
1 1606 1156
1 367 161
855 1043 540
1 81 409
498 1731 161
714 1438 1556
653 653 344
411 1470 1156
998 1265 1156
1 893 963
1 822 144
287 1731 161
455 1731 1156
1 481 161
802 1168 296
244 307 32
1689 1731 161
1 112 161
1636 1712 409
836 1373 409
534 534 409
604 1731 409
519 519 986
1 1488 1156
1410 1731 383
1 924 1156
1175 1175 122
1 380 140
1 1176 1362
1287 1731 409
146 146 1043
533 1383 812
837 1731 1645
282 1325 409
1 912 706
490 528 652
1 406 161
1591 1731 1014
1260 1260 791
1282 1282 1268
1021 1388 758
1411 1411 1156
516 1594 161
107 107 1282
1563 1731 161
1147 1147 1664
13 172 409
1323 1731 409
1 299 1607
1345 1731 161
513 1731 1441
1133 1133 995
1346 1346 933
1085 1085 1156
897 1731 1156
1103 1103 1398
790 1731 161
1 969 161
1406 1406 161
1249 1249 1156
596 596 504
1660 1731 1156
359 1731 690
1 150 75
314 314 1156
1156 1612 409
590 1731 286
1 577 516
1607 1607 1156
1 432 409
1 640 1581
92 92 1156
127 1731 1260
969 1731 1156
640 1731 881
590 590 1156
894 894 161
981 1731 1156
421 421 410
148 148 517
463 803 161
343 1731 409
149 1731 1658
1 1613 161
1 456 582
657 1435 161
866 866 801
1 1379 361
144 144 1696
854 1530 161
38 1731 161
1336 1336 1135
1 1040 64
86 154 409
780 780 1156
1068 1463 1156
1546 1731 1156
131 1731 1156
163 589 161
1137 1731 585
891 891 161
1505 1505 959
1676 1731 554
1028 1028 1170
1183 1731 409
641 895 1156
52 1199 409
1525 1525 409
1 1125 1156
951 951 260
1541 1541 606
748 1731 409
10 1731 1156
306 1731 78
752 752 128
798 1731 519
1 194 767
155 155 161
1 663 1156
728 1684 1156
506 506 509
1337 1731 1156
38 38 161
329 329 1098
500 500 409
1 552 158
1068 1731 409
781 781 1479
1 1224 161
1 52 1515
290 662 229
1 949 1564
171 424 161
20 1731 409
913 913 1156
1 447 1438
868 868 1213
342 796 161
504 504 361
537 537 409
1414 1731 1688
264 1731 791
1 439 161
1695 1731 409
1141 1731 1712
901 901 1111
1 1608 920
94 206 1156
1 788 253
548 548 22
258 1078 161
466 662 655
1 1280 161
1497 1731 255
1189 1592 1219
399 399 914
708 1731 409
407 407 1156
1389 1389 1156
47 544 291
65 675 1156
1 1242 131
380 627 409
1 951 409
799 1731 234
311 1731 161
317 970 161
1064 1064 161
448 1731 873
712 712 1167
1 1192 908
1704 1731 832
1400 1731 409
1 1249 810
1000 1159 1318
123 521 247
538 538 1607
196 1731 964
1 780 409
638 1731 1156
1 1360 997
1450 1450 161
1 991 1281
633 1637 409
588 1731 610
704 704 161
1 1176 174
757 757 567
382 1731 1025
1 1171 1156
835 1731 1156
1 391 1295
1 799 562
1 1035 1368
328 1629 467
1089 1089 224
1 1712 161
1 1492 1593
1 1243 161
1 519 1156
1269 1269 448
1 710 409
113 473 161
84 1731 568
1 346 802
1 1154 629
180 1033 409
1654 1731 409
309 309 1156
826 1731 1219
1593 1731 409
1114 1731 1156
1233 1536 409
1133 1328 161
1 1121 161
505 1731 362
467 547 409
427 427 161
1163 1731 161
1 238 1156
1 1397 161
426 1731 20
448 825 409
1 1046 522
1578 1731 161
548 1731 45
1292 1609 1679
1 669 175
1 497 1287
1 1293 409
1 851 409
617 685 161
1064 1464 409
21 21 1156
987 1053 804
1 1088 1156
601 601 409
1 1567 1156
1 411 112
442 1731 854
1014 1014 1563
843 843 1156
915 1731 624
1 421 161
1547 1731 409
1 1693 785
233 233 363
493 493 1156
1382 1382 161
1308 1308 409
314 314 1274
401 1731 409
353 674 409
622 782 133
1094 1094 1319
142 142 633
1 1092 98
1461 1731 201
850 850 834
864 1731 161
1432 1432 161
1078 1078 1282
1348 1348 1156
1 1546 758
1 844 1627
1066 1423 1056
1 91 1156
162 322 161
681 1115 1177
591 1173 769
690 1731 480
203 1121 161
1 1414 1251
1062 1731 161
1 827 683
1 1681 395
11 1039 750
1500 1500 90
93 471 1325
1 747 1522
671 1731 409
603 1731 1156
426 1587 647
1436 1436 409
798 1395 161
495 495 161
738 1731 878
880 880 735
1 165 1156
132 1198 1156
596 596 409
21 1050 1156
1141 1679 161
1 1546 529
258 258 409
626 1731 992
1249 1731 1156
811 1731 409
1 925 1332
1472 1731 161
1654 1731 880
620 1731 1156
581 650 1156
376 1731 1021
1 343 1156
742 742 1647
253 1731 161
1 926 1156
917 1731 1006
1 266 677
1142 1142 1104
1 616 632
148 686 409
1267 1267 42
1242 1242 1094
1538 1731 161
1097 1731 215
1 350 52
1 845 599
471 471 161
1 1529 161
636 636 409
230 1731 1156
152 486 409
1013 1447 164
1462 1462 56
229 229 1567
1482 1731 826
177 177 161
1 578 1067
1416 1731 1055
55 1731 1156
333 333 1156
1535 1731 787
1729 1731 161
787 1469 1567
1 423 1288
53 1731 764
1 1350 528
389 1006 1261
662 662 594
1160 1731 1156
1 1079 1156
1156 1156 161
1045 1731 161
1266 1266 161
1129 1731 161
1092 1092 1677
444 1731 161
1054 1054 1270
108 1579 1156
987 987 1156
189 336 1691
985 985 572
681 1315 81
599 599 409
631 1731 409
625 1731 161
654 654 1156
923 923 1156
1581 1581 412
1714 1714 1600
622 1731 162
450 463 917
747 1043 26
1 439 161
1398 1731 409
38 38 1128
854 854 979
1 1005 409
1 617 409
464 636 1136
1 1399 409
598 598 306
1 1703 1482
1 1402 161
272 950 1554
1218 1731 23
816 1731 409
856 1731 1156
1 1262 409
1112 1532 772
30 182 1049
36 36 591
1474 1731 409
525 1731 1156
115 1019 409
1230 1731 433
768 768 1640
1368 1586 638
535 1600 409
666 666 590
1 1632 1156
1 550 655
1 724 409
958 958 620
126 1087 1156
944 1662 978
1 657 1156
434 434 409
1076 1731 1156
966 1731 1075
1212 1212 161
1 663 596
752 752 1048
1 1270 938
760 817 1156
731 731 409
1 635 1612
1 1219 356
1472 1472 1156
270 270 161
494 980 409
970 1731 796
803 1731 1134
950 1177 368
1 210 483
229 1731 161
166 166 161
1 1535 166
1 947 1156
580 580 1136
1 1560 409
20 1067 1198
1353 1731 1156
1427 1731 1263
804 1467 706
682 682 161
463 860 484
870 1731 1514
670 1731 1156
1 1117 1200
320 320 409
346 959 1035
247 314 530
194 995 1156
1538 1643 900
1 180 161
430 1731 420
530 1731 1156
315 826 741
1 19 1156
1 1097 161
181 1399 1156
252 1731 219
68 757 1647
607 607 1156
1 181 686
54 390 329
1 1008 492
196 448 409
821 821 1156
176 795 1239
1 686 555
1593 1731 1682
831 831 161
4 4 518
1288 1288 1269
168 168 161
1558 1558 1156
865 1731 161
1 541 409
1451 1731 1156
1 1688 1156
1223 1731 409
1060 1060 729
349 1731 161
1071 1731 409
1 249 161
567 620 774
1338 1338 1156
633 679 1156
410 943 161
579 1218 1437
474 1094 683
771 771 645
302 879 1190
189 189 161
827 827 1366
329 329 1156
755 1731 93
949 1303 459
560 560 1134
1 1080 1358
1225 1731 142
809 809 432
1603 1731 409
1271 1731 958
773 1731 574
296 1493 409
785 1731 317
1 1055 74
1563 1731 1156
1464 1464 986
118 118 1698
965 965 241
1169 1169 1054
1635 1635 1156
1 577 318
1099 1731 1156
1 695 1328
49 1318 161
1 1482 161
662 662 1497
108 215 828
276 1605 1633
1 75 409
1121 1731 1492
1 330 32
431 431 594
1 641 937
538 1731 409
1676 1731 409
1038 1731 1003
165 165 161
1639 1639 376
1 1156 910
1 129 632
463 1451 161
426 464 925
281 1238 1156
1541 1541 1548
982 982 409
568 568 409
1 125 90
1 819 1249
1 853 743
696 696 161
1 161 1156
1 40 324
1242 1731 1265
1 527 1562
1010 1010 409
1711 1731 1156
1189 1731 161
1181 1731 161
243 243 1260
972 1731 161
838 1408 409
258 258 409
133 1731 161
1 870 161
1618 1618 1194
1295 1731 1156
96 848 241
119 1731 1702
1 157 1245
1 336 903
1261 1731 1177
1 128 1580
1 815 409
1109 1425 1156
1 601 1156
408 1628 1156
1350 1731 1625
172 1731 1703
1430 1681 45
1398 1398 988
1 1361 161
1 1028 1427
573 1672 409
1 915 1280
1 706 490
432 1731 1661
1 337 1156
1 187 1156
844 1731 161
749 1043 409
452 1731 409
1 1290 1512
49 49 409
1 1087 1156
1 1653 1707
1159 1731 871
1 1597 409
711 1731 480
1 725 161
91 91 161
589 694 783
833 1731 582
947 947 409
1 1616 409
590 957 1551
1706 1706 978
1 1390 1259
558 1731 1156
1 902 1007
1647 1647 1470
1442 1731 409
45 1731 1098
1528 1731 1135
1524 1524 1156
1017 1017 1271
257 1082 1690
1397 1397 1239
390 1294 996
706 706 161
261 1731 1156
1 1617 1641
975 975 1256
1 795 692
782 782 161
1 1607 934
198 561 409
1 970 161
331 392 1342
1285 1731 1156
1426 1426 409
1 205 322
820 1616 1156
1 251 409
42 1550 161
1685 1685 1156
221 1310 1156
1529 1731 1190
1015 1015 1342
1128 1731 1401
1 1302 409
1600 1600 148
1 1350 1693
314 314 1574
359 639 161
791 1620 1199
968 1731 409
495 1161 161
923 923 62
817 1731 161
302 681 1383
1 1294 409
413 1489 409
1255 1571 161
1 380 409
98 98 1602
1 1466 1596
120 1731 161
123 1607 1047
1191 1191 161
635 635 956
1557 1557 161
1 457 1565
1129 1731 1093
1 1261 161
260 1731 334
1 1132 1156
725 1731 161
263 1731 1071
1326 1731 1156
74 74 1156
1495 1495 409
655 1731 974
1086 1086 1047
1255 1409 1292
1214 1214 1459
1 391 1156
1610 1731 1660
715 1731 409
89 89 161
741 741 409
1 1044 1156
921 1128 161
1497 1497 413
483 577 1438
1 815 1156
556 1731 161
1441 1731 161
711 931 802
1582 1731 409
421 421 695
1210 1210 1156
1 913 409
450 1731 161
1 679 409
265 885 1320
404 999 1091
1465 1465 1156
650 1731 1623
22 22 161
1607 1647 409
220 1731 409
1173 1173 26
253 253 22
347 1731 409
1 889 1156
383 1731 409
795 1731 409
1 280 150
1498 1731 618
333 983 74
1084 1632 409
218 1731 1151
1 1031 409
114 838 1013
622 815 1103
1015 1644 1684
923 1731 480
1 320 1156
1106 1731 1094
904 904 1599
1 1310 1156
1 1190 161
932 1475 1191
184 287 749
375 876 558
261 1731 1156
1288 1731 161
661 661 409
251 251 1694
312 312 433
1 923 1156
751 1731 409
1209 1605 1156
862 1731 1237
389 389 1206
159 159 22
1450 1731 1118
1 1195 194
44 1731 906
1 1524 1569
51 1731 857
188 1731 1156
1 1510 1156
1499 1731 161
1 597 830
1662 1662 444
429 739 1156
173 1731 1156
1 1169 409
1 127 161
1 68 1283
186 1531 409
711 1302 1261
890 1731 293
1 812 553
1 1218 565
281 1373 161
174 174 161
1 1403 1156
277 1731 904
1417 1537 1588
1129 1429 1156
295 1731 409
1207 1207 578
769 1644 262
898 1731 104
10 10 847
749 749 161
596 596 1156
1 1011 1291
23 1731 356
1719 1731 1448
1046 1656 912
1174 1653 1559
1 1248 957
1387 1387 161
841 841 409
1 595 27
315 315 161
430 1542 409
1 1679 504
1052 1731 1156
1 1499 748
1545 1545 161
492 492 1649
1487 1731 1201
1 301 647
1327 1731 409
1686 1686 161
1 923 1509
1302 1302 667
1 921 839
361 643 961
566 880 1156
772 1731 741
249 249 133
1468 1541 161
1 1050 654
1 664 1609
1373 1731 161
1100 1100 409
1066 1731 1352
1653 1731 161
1 685 409
67 1731 1156
1299 1488 603
790 790 409
1 165 99
285 285 1156
916 916 28
1188 1731 161
353 1200 1156
1 1194 1400
1 1416 540
475 1731 409
293 786 18
457 1321 1156
1 430 1036
77 77 409
7 1005 161
337 501 1132
1 1462 1474
1570 1570 1156
1 776 1156
1294 1731 1483
1054 1297 1156
542 1731 214
1551 1731 409
1132 1406 161
48 48 937
1 551 65
965 1731 161
1 1019 1156
1 15 1278
152 152 1071
905 1731 161
1 1235 161
1 1708 409
1639 1639 532
1 125 1156
1 1437 1266
371 1023 259
81 618 409
1 1103 161
707 1590 161
534 1731 161
1 57 392
496 1461 409
1391 1391 1503
1492 1731 933
617 617 913
1471 1471 115
1468 1731 372
935 935 431
1 1398 17
1568 1731 1405
1115 1731 1704
27 27 666
406 406 1701
1 1242 247
318 318 648
1172 1172 75
11 1731 161
1 168 1695
1650 1650 409
1 993 409
827 918 795
776 1731 409
745 1731 1156
265 1731 409
1 1396 74
1 879 1225
1 436 409
1 1500 161
56 1692 425
1 728 409
1 1081 1373
1 1656 756
482 1577 161
651 1685 8
232 1624 409
1 127 161
448 448 1681
1122 1122 409
1555 1731 409
1109 1109 309
536 1406 466
1 67 1156
765 765 409
1 1527 161
1575 1731 1500
1465 1465 409
243 1731 1221
367 367 161
1 1349 1156
1 1184 409
414 1124 651
1 1554 1156
419 419 116
406 966 409
12 545 88
498 982 409
1 1709 1081
790 1731 161
1721 1731 161
566 566 409
472 1731 153
324 1731 409
1061 1731 161
1 470 1156
1473 1473 447
1308 1731 409
27 1294 899
677 1731 409
1 1499 1454
328 1731 409
1 739 619
1682 1731 1073
1094 1731 161
707 989 936
755 755 1156
1 619 867
1 1050 1479
1272 1272 513
1236 1336 550
1438 1731 965
1130 1130 409
126 126 1156
1 1086 1452
1106 1106 1603
784 1731 1066
200 226 632
1090 1731 161
1416 1731 1156
202 202 1156
360 360 161
1103 1565 18
435 1731 124
1617 1617 223
1017 1017 1156
1 650 409
149 1089 1156
1 1244 928
743 1211 409
772 1523 161
1 1394 336
1 932 161
1291 1291 1114
552 1309 409
517 517 451
1308 1308 1044
367 588 1156
1570 1731 1156
1 1631 381
260 260 1715
1722 1722 629
434 479 737
675 675 409
1 338 409
580 1731 1215
796 796 1285
930 1265 925
1 2 161
953 1647 161
586 1731 1421
1 115 1343
999 999 1156
26 278 711
10 1134 1628
1 644 1524
1135 1135 937
376 376 161
1 1280 409
1 641 342
55 583 1215
1 228 1156
297 297 311
1548 1548 139
1398 1398 1156
1 275 600
1 1416 1156
1523 1523 161
993 993 1156
1 1597 751
207 1731 409
1155 1438 161
1366 1731 1066
671 1582 603
136 1409 859
759 1145 1156
1193 1431 409
1417 1469 409
282 282 409
851 1731 1151
867 1593 1156
645 956 161
975 1731 161
1233 1233 1091
39 1449 409
210 210 161
779 1373 1467
1 211 1156
27 27 409
1 678 400
526 526 1074
1046 1046 161
641 1731 396
253 253 409
1 804 1156
1498 1731 1156
510 1633 1156
1429 1731 1270
827 827 168
262 1731 1505
1 70 161
87 1731 136
302 1112 1097
1686 1731 161
1173 1731 161
1180 1180 161
1364 1364 152
1206 1731 1156
602 821 876
620 1367 43
1 1157 160
1316 1316 1104
680 1717 1490
278 609 1156
1 1547 1058
1061 1731 1156
1 591 409
1293 1293 1454
1 988 161
1267 1376 199
20 982 409
1 1099 161
156 1731 409
1146 1146 161
1312 1731 1156
1 383 409
1 738 289
1691 1731 409
464 1731 942
1 1264 1156
1031 1067 409
809 809 1395
1 1340 409
237 1132 409
1 937 280
517 1731 1727
1 547 409
1 107 161
1177 1731 659
1 186 1156
122 1731 1290
410 1731 1453
788 788 21
1 1146 409
1688 1688 161
908 909 1364
1 22 409
223 223 161
1625 1625 409
1259 1259 464
1554 1662 409
610 1731 161
1 882 1156
18 18 1156
973 973 1156
1 1074 409
422 1731 642
661 1348 1156
1 386 1156
258 1034 161
1 515 161
1 589 161
972 972 1259
1424 1424 409
339 1731 409
1495 1731 409
1 1165 161
423 423 643
1215 1624 1682
909 1182 1013
202 917 798
1016 1364 1156
256 1614 1156
1275 1648 1133
678 1263 409
498 1253 1156
1087 1087 1156
253 253 1156
1 1088 1414
128 1713 161
1163 1163 1377
537 1731 1156
1708 1708 17
252 301 1156
1522 1522 161
1517 1731 452
1471 1471 1558
80 1731 556
1398 1398 1156
1069 1069 1427
798 1731 1156
17 17 333
1645 1731 572
1395 1731 161
299 1731 161
663 663 161
881 1372 1156
535 626 1400
1434 1434 7
1 253 152
103 1731 780
1239 1731 1367
412 412 262
75 516 1156
1408 1408 161
1567 1731 1087
950 950 409
871 1731 1156
1 1541 383
358 358 892
76 906 1422
263 263 891
602 602 646
1 1332 161
425 938 1156
1 243 161
1 939 1156
659 1731 876
560 1675 727
1420 1420 1242
821 821 729
1626 1626 202
1157 1157 918
1353 1353 161
1459 1731 1294
1 1313 409
845 1731 409
1 549 409
1612 1731 383
668 668 1688
1184 1731 389
1429 1731 1156
1389 1389 457
1311 1731 1156
1 815 409
1220 1267 1630
41 911 1156
1227 1499 967
1654 1731 76
435 874 1309
1264 1731 409
965 1731 409
934 1073 161
1397 1731 161
1122 1122 409
1527 1527 705
423 1679 1156
67 1731 1156
791 791 389
906 906 1163
366 1731 562
148 1731 1542
610 1268 463
1364 1731 409
63 1174 822
1 1232 323
1170 1731 1156
1 1328 688
633 633 98
274 1731 1156
402 402 390
1713 1713 1156
1 801 1156
436 1731 1296
1 1351 161
1404 1731 409
1 422 1455
680 680 1156
1 165 374
1 525 1156
835 835 1189
798 1731 1156
699 942 1291
1051 1051 1709
421 595 1483
1 1709 1228
1 208 1101
793 1731 1156
847 1731 425
1161 1731 1156
848 848 1156
13 1614 409
956 1731 470
752 752 1554
1 1213 1097
1651 1731 1298
1 496 161
1 628 1128
127 1687 409
580 1636 646
1318 1731 1251
549 1106 1156
128 288 1156
1297 1297 1028
33 1264 1561
1 1605 192
1 1185 1435
1017 1017 409
510 510 1206
1417 1731 409
445 1731 248
373 1250 1353
1 150 1465
315 1731 588
1 1606 1635
1 560 723
1528 1528 258
1442 1731 409
1548 1548 1156
1 1146 1452
252 1731 1156
842 842 735
1 1175 161
548 548 45
1692 1731 409
832 832 660
1420 1420 161
1492 1492 409
1134 1134 1652
767 767 161
966 1731 409
294 294 386
1449 1731 520
708 708 1010
1 111 1636
1127 1704 1156
661 661 161
372 372 312
659 707 478
97 1731 1156
1019 1731 937
1414 1728 793
406 1731 785
1 359 200
1616 1616 1255
1416 1731 863
1094 1731 1413
1147 1731 1156
755 1367 1285
1056 1056 161
1 721 409
1263 1319 409
1174 1174 409
1 155 82
50 378 161
1055 1679 161
1 764 1238
956 961 1151
1 127 161
1461 1461 211
98 98 105
1013 1013 833
1 1707 438
571 1731 792
35 35 161
1 1446 1299
378 1731 1611
1 223 409
1 57 1281
1 1501 1611
1314 1731 418
1462 1462 1156
750 750 682
1346 1731 1042
1351 1711 1093
1 1457 767
1 1005 1510
1272 1365 161
1 1148 1156
1728 1728 1156
362 592 409
1688 1688 97
387 387 1264
339 1731 1207
124 124 170
1304 1731 161
1 1262 1704
16 97 409
1 1443 775
1 317 1156
10 334 115
1238 1731 944
1 683 556
1 1377 1597
785 785 835
218 1731 1156
604 739 268
1 86 185
1193 1731 409
1 251 161
953 1731 409
1 1169 1156
1158 1731 1156
1605 1731 1129
671 674 161
452 1132 409
1 835 1113
1699 1731 409
178 178 1487
528 1731 161
1450 1450 161
11 185 339
1 1616 161
1 1454 1215
1136 1136 33
881 1731 161
675 675 199
449 678 1156
1405 1696 182
1268 1579 161
616 616 1156
1 327 161
1674 1731 409
1046 1046 1156
1 855 409
88 1305 409
970 1731 995
1 387 1275
1 52 637
601 1731 1283
179 1731 336
168 1160 1593
1 1273 52
415 1656 161
1249 1249 409
570 570 1441
211 1500 409
163 163 408
707 1655 1156
1 1103 6
305 1424 892
684 1731 1620
1 611 1156
1225 1225 1370
539 539 1653
507 507 539
685 1731 543
596 1731 1124
1326 1326 484
584 1731 1156
1057 1402 1156
1 723 409
758 1436 63
935 935 333
1 1572 1534
1181 1181 1396
616 1272 161
1686 1686 161
116 608 428
216 1123 1306
1182 1182 1240
1598 1598 1079
1 492 1054
1200 1731 944
1470 1470 161
280 1438 161
929 929 161
1 714 1156
1 854 409
1471 1731 815
182 224 999
1696 1731 161
1289 1731 92
865 1731 1565
1442 1442 1218
684 684 1156
1089 1089 767
1 792 1105
226 1002 1608
666 1712 161
113 113 161
1 365 161
1648 1731 1156
1 1572 847
340 1079 1194
89 564 1156
1115 1487 409
973 973 621
246 1731 1362
244 471 348
277 1524 90
1 1044 88
1 99 242
656 656 74
1562 1562 1156
1 362 409
1688 1688 1154
87 1126 1530
205 1731 409
992 1319 161
58 58 424
1048 1731 220
1062 1062 57
1 1388 838
1392 1731 1156
771 771 871
67 1731 1156
899 899 639
594 594 1731
1 1461 665
13 13 1012
1557 1557 64
1 963 409
1 1460 1156
1 490 594
1 1328 161
1 541 161
1349 1349 409
677 1087 971
210 1720 571
294 1731 1156
1 777 1428
1003 1731 437
404 1731 161
721 721 1520
756 756 1100
1 1282 1156
1608 1608 161
1 477 1156
173 935 941
1 1517 161
773 1016 973
