0
0
5965
0
43005
23238
0
3473
0
63834
0
0
0
0
0
28081
76674
16749
0
9661
0
0
40558
3810
18521
0
0
3147
50975
0
0
65511
0
0
42964
43304
24235
23663
17437
0
36284
12537
5717
0
2567
59566
29255
40657
0
0
37409
1986
0
58364
0
13264
0
11429
39626
0
3516
0
63666
49704
0
0
10808
4544
0
0
0
47187
29000
56713
8819
3295
15978
26745
29950
0
0
9619
10839
0
7427
17334
32430
9775
0
0
0
0
0
55953
1623
0
3830
0
74237
72193
25765
48338
39240
51963
7909
3028
9083
9822
43842
20335
8847
12285
0
49191
0
0
12838
16631
3034
9785
0
18725
0
6852
4223
36592
0
291
6336
3621
1250
76957
14312
0
0
0
7707
31047
0
0
0
0
60692
25324
0
19457
67233
9642
0
8241
17955
26449
1912
0
17482
0
6038
26513
0
23628
0
38690
8287
3607
2228
0
26787
0
0
0
0
8874
20199
0
27265
42652
0
0
36715
8360
0
0
53867
0
0
26864
0
0
0
77552
0
0
1177
18330
32667
21799
17362
73498
0
0
0
0
0
0
17801
20667
0
0
42409
0
40994
0
5929
0
0
49767
0
0
0
0
16133
0
66839
52367
0
0
41390
0
1382
0
3693
0
64421
0
0
50712
0
0
0
9450
0
49755
33644
4206
10797
21494
6682
32070
21168
0
8188
8091
0
20269
64776
59900
31085
16019
0
0
14627
7252
38828
28169
52930
53967
14818
17116
0
34331
0
31755
0
8317
0
0
36104
32553
0
74698
0
10757
10439
1148
1783
0
0
49724
6317
76655
0
13886
0
0
31353
0
0
21657
0
12450
0
42549
12025
0
0
21523
0
45023
21789
26411
8454
28633
0
0
29629
2234
24751
24228
0
13985
70105
0
0
0
7087
2760
0
35467
0
0
75183
1883
0
12959
14726
46826
21860
222
19518
0
21561
7044
17939
0
54229
819
0
11958
0
44481
29761
0
0
0
0
7688
4983
30818
29873
0
8675
0
6056
0
0
0
20766
73225
67471
71001
36019
0
53193
77080
5867
0
7956
0
27624
0
0
18215
6862
42094
0
0
35753
67948
49305
35737
0
0
0
0
17766
14777
9679
0
5420
0
0
3198
0
0
5101
42466
68464
0
0
10040
25442
0
0
0
0
0
0
2809
46125
3990
0
0
58533
0
14836
65306
52666
0
29987
40301
0
10054
0
0
52421
0
15501
4268
34318
0
0
0
67272
0
59254
0
55464
14964
21062
12504
5053
0
31734
58716
0
0
17757
0
0
0
66456
0
0
17959
7575
53195
3446
18249
63803
22950
0
53131
2002
0
8000
0
0
0
26481
0
8159
0
38071
55687
14688
0
69179
0
0
38528
14894
33363
0
260
77529
35138
36392
5867
43860
76744
0
18866
0
6961
0
0
56994
0
58765
3776
41382
16098
46946
0
0
7496
47194
0
0
0
0
1087
0
12367
20710
3982
30965
0
61517
69451
20635
4785
0
0
0
70844
0
44738
3597
807
14468
21624
61703
14868
0
9676
0
0
3637
31286
0
0
0
25135
53282
74560
0
46178
8326
0
30947
1146
0
4050
0
0
59837
50010
0
37515
0
0
1828
21488
53845
0
23874
0
0
7991
8736
75414
68007
61081
0
16816
38968
10208
36023
24599
57528
0
54040
20407
23539
35636
0
0
0
0
0
17442
7526
7267
18807
56471
0
1007
0
64296
4285
0
0
26187
0
13071
38973
0
0
20088
0
0
0
125
55795
0
19859
22667
11873
76275
34549
14566
0
0
8753
1300
0
0
0
38189
11240
12646
3281
0
38438
0
40193
15486
38260
16750
43648
21561
0
51245
405
0
1000
0
0
20816
20979
0
0
12386
39553
0
9706
57259
0
0
0
0
0
35321
0
0
40764
58299
17273
21758
33053
0
0
0
51290
7411
32562
0
4596
103
61633
3567
51465
0
0
0
0
0
3671
13077
0
51172
26500
31114
0
2726
0
0
0
0
0
20218
17302
35648
58875
0
32125
19068
13960
75500
42943
0
0
0
13994
10008
0
10256
0
0
0
51918
911
0
18421
16269
42908
0
9119
16119
8102
41591
0
0
48003
0
12678
25790
6487
1490
0
7302
0
0
59532
6076
6933
0
0
0
0
9819
5854
6840
9071
0
59087
17450
0
19063
0
0
0
0
0
0
0
0
601
55686
0
15101
0
0
0
0
28676
0
0
0
0
56223
14190
32398
77599
0
0
0
12452
4160
0
4164
0
0
0
16161
14128
0
9371
22487
0
961
0
14950
62120
33905
0
14539
14186
68793
16040
0
0
0
0
75472
36877
0
7234
16383
0
57573
5714
0
48371
7651
12278
0
15041
0
0
5052
0
0
8201
0
0
13116
18426
0
53872
0
0
20428
48191
0
6064
73487
0
3726
0
0
24571
0
0
0
0
64016
19013
43609
0
0
0
3133
0
0
55692
0
0
0
38346
47396
0
0
2179
32818
33628
0
6594
2117
0
35885
17064
21535
7290
0
26810
29756
0
18292
0
0
18415
0
0
20728
0
30546
62883
56499
62408
0
0
0
0
0
56818
0
63361
63772
0
63814
0
37688
0
0
0
0
6403
33719
0
59962
0
29016
8281
0
0
77130
6732
6881
468
0
0
412
7455
65838
0
25412
0
21687
0
59824
0
72299
7740
1307
70833
49060
0
25833
11205
9205
0
0
0
3185
0
51242
2441
7920
0
15927
16126
76250
26979
1351
0
0
17350
0
9200
10879
0
0
0
0
9903
0
34094
0
1434
17580
3269
0
0
31886
37084
24968
12854
30190
54900
0
20651
0
0
0
15102
47423
0
70941
0
15553
0
0
33480
0
3494
9114
0
0
13073
22252
13025
75584
0
33027
0
133
0
0
0
0
524
0
0
0
14917
57534
0
9260
0
9997
0
19567
221
0
33290
0
44211
0
0
45054
34171
0
0
6282
0
61714
0
0
12973
0
11765
20913
0
4670
14491
0
10631
0
59708
0
46540
0
0
22102
36146
23683
13476
15641
12957
13138
39853
0
0
577
0
0
0
0
0
0
0
66066
0
27725
0
5087
50195
47401
36109
0
0
48536
54400
0
0
0
76415
0
0
0
0
32201
22513
6251
2900
3476
7780
0
0
19070
2337
3579
0
0
7989
21344
5186
50376
15373
7086
18090
0
18161
0
14180
0
0
0
0
48531
0
14705
0
48074
62335
0
76394
0
12553
73803
66315
43949
47464
0
0
3871
0
5543
27427
0
5350
0
21923
13161
1550
8334
12781
8017
0
0
0
12087
0
25844
0
22013
0
28009
4412
73765
0
41101
0
35965
0
0
0
0
47291
1682
41732
0
0
70908
14278
0
1007
8554
52441
19495
47344
14579
0
43816
0
0
32072
20769
2727
39409
0
0
0
0
50833
12351
4723
45773
0
0
9453
0
65629
0
72654
19427
37179
48199
62160
24781
7553
0
0
0
10687
19309
28941
0
43359
0
62392
19995
38663
3162
0
25
20704
0
4595
12945
19242
0
1530
25152
38034
0
9254
0
67525
11190
0
0
43514
48169
0
13775
12287
15361
71889
14764
23817
6712
4757
0
13130
28687
0
0
61828
4580
0
27208
1149
0
0
0
0
0
65970
0
0
0
0
1392
25356
65266
0
0
39408
12193
0
0
29930
58859
0
48742
0
0
17572
11717
0
4133
20707
0
3629
0
0
4099
0
0
7057
0
0
19541
0
0
34381
13937
5192
76027
0
0
0
4536
21524
10051
0
71529
37777
41085
15222
24405
0
0
51118
23668
32229
5372
44886
0
0
23671
77575
0
0
0
0
63502
0
0
4852
34566
59221
37958
1805
0
3094
0
6310
54016
65322
0
47461
56001
29638
0
38977
72930
0
189
48976
16238
60259
0
0
27173
11670
0
0
0
72293
48112
0
39027
36775
0
0
2983
49068
0
0
39877
0
48945
0
27859
40318
39480
13224
0
59589
7793
53698
9410
21544
0
0
41004
11381
12370
7791
51223
1034
0
6406
10584
1383
12663
0
0
12778
0
0
13280
0
66413
40742
34125
56319
0
0
30123
72212
0
2684
0
0
0
0
0
61793
0
11495
0
20815
3242
0
0
9058
0
0
0
88
64672
0
0
0
5472
0
55895
0
0
0
0
0
37594
0
0
0
0
0
0
0
25288
19680
418
0
0
54408
0
9303
0
41391
759
1309
18068
18010
0
50728
9443
0
0
45437
0
0
0
0
9214
0
0
19376
0
0
0
0
28775
4917
0
0
0
0
3742
73756
0
29067
10361
0
47337
12940
42767
0
9749
40498
0
0
9328
19307
5785
0
530
0
29990
25498
11220
9533
0
0
0
4416
63372
12121
68311
0
76980
0
6183
39595
3020
18172
0
3083
0
44257
0
3437
0
36182
20418
28943
20123
20317
62276
0
23791
0
0
323
0
0
27297
0
0
20156
4585
46032
17679
0
25855
0
2209
29248
0
0
0
40507
19816
5189
38752
37943
0
0
0
0
0
0
4981
16403
4470
0
0
27797
29783
0
9117
563
0
7325
0
0
68
16462
15170
15954
69130
0
28900
9308
0
21210
0
46936
18001
0
0
74363
0
0
39066
0
0
7877
24828
0
0
3878
76249
25897
0
45052
6748
0
0
0
22231
0
51686
29317
20567
0
5703
18193
0
0
0
713
27044
0
16569
52844
0
0
75398
11605
0
0
14867
2894
0
12369
0
0
29919
0
12658
10821
52179
21480
1006
0
0
13385
60231
7282
14239
20924
51070
41758
28837
551
0
0
8810
19684
5949
0
17381
56446
60821
29176
53353
33261
40111
0
0
0
0
32825
6086
0
5246
0
27637
7155
0
55413
10686
0
0
65174
5675
0
13698
0
44393
6791
49129
0
0
0
53461
44590
67161
63017
75273
22019
0
16302
0
0
64291
0
0
61760
0
1887
0
0
9502
0
59583
0
1130
39825
7202
1202
0
0
33999
38808
37509
0
0
52515
63922
0
0
39605
43449
0
0
0
0
0
29326
0
0
27671
0
59087
18483
0
0
10951
0
50637
50439
8594
17052
4148
0
0
27721
0
12031
0
63520
0
18521
0
10696
1173
4335
39337
64791
13221
0
43343
0
0
0
0
0
0
0
0
0
12138
0
0
21497
0
0
0
0
0
0
0
15039
0
75713
0
30023
0
0
65623
0
0
0
24704
0
70684
33870
0
10468
6035
8637
0
0
0
0
26058
0
38263
0
49727
0
20729
0
0
41491
8903
0
0
951
0
52994
0
0
22584
21371
0
12589
20342
5918
0
0
0
0
17121
5041
52652
7118
0
5330
32307
32405
2425
15166
25774
0
21781
5354
0
0
0
57217
0
0
1854
500
10615
0
0
44344
0
13747
0
0
39413
0
24180
19066
0
0
6454
0
0
0
7021
20673
4466
24648
7289
0
75914
20112
0
43358
0
69537
46369
819
0
2382
13798
0
0
3033
7074
0
33932
0
17393
34233
11383
0
0
847
22899
39105
2284
0
21656
5012
0
10560
37981
0
0
0
10986
0
0
0
8909
59163
7737
0
0
0
659
53231
0
9762
0
24135
37951
0
77475
0
3828
15479
0
0
1751
0
0
15422
62548
2125
55876
49071
0
0
18487
11237
0
13605
0
0
0
56189
0
28365
17652
4889
42196
76860
39171
9771
0
53249
0
0
0
1172
0
2368
31744
6003
10517
0
66897
35968
0
34440
22565
0
19480
27066
62632
8462
40133
8010
1377
0
11870
8355
18392
30044
12441
1711
0
38197
0
17418
13988
0
59846
0
6976
0
0
23136
19985
44602
46242
10130
4535
4894
14653
71382
17762
0
0
0
0
18760
0
0
43869
43668
0
427
0
4226
4471
3618
0
41584
28663
0
0
20926
0
14807
17914
0
0
17229
67632
0
35502
0
10627
0
0
0
0
25093
3213
3910
35786
0
13931
0
0
49440
18289
8453
0
0
0
7524
0
0
51139
38156
0
6849
3140
34853
41897
31363
27750
7533
26378
23153
0
0
14989
0
16891
4646
0
67794
0
5980
0
1608
0
0
3341
0
0
0
461
0
0
41737
52196
0
18885
22282
0
27353
0
67798
15448
0
0
33821
0
0
5955
0
3586
31407
21833
0
0
3434
33621
58398
0
0
6520
20329
9317
0
3336
0
0
12019
30110
36858
0
62503
20397
9338
9940
0
14832
0
0
724
0
73510
36632
70680
0
0
1952
0
0
0
44272
894
0
0
0
38568
0
0
16692
0
23102
8310
0
27865
0
31426
1449
76591
0
0
0
0
32057
0
0
14584
0
990
0
5849
76600
6614
65538
0
15190
24192
74780
6093
0
64097
0
0
0
31032
0
7673
0
30803
0
10611
0
0
0
0
58151
0
941
0
28502
13246
10459
17460
0
0
0
7773
0
1500
4753
0
7043
0
0
551
36885
71866
70207
55889
2609
0
0
4126
12759
45495
0
25232
17838
8096
0
29777
4220
61540
28570
0
20349
44590
5654
377
0
44664
0
0
15012
9472
0
65103
820
0
6534
16917
14791
0
0
0
18604
0
32152
20614
0
0
23608
0
16835
6495
39441
0
67722
18616
5536
20615
0
0
0
0
30804
56259
2347
20918
69181
0
0
44920
52325
0
69706
3099
6130
0
1504
5189
0
17829
0
25713
0
0
0
1693
0
0
0
0
0
0
0
0
39781
73386
43098
0
40808
0
798
0
16780
35690
52125
0
42965
16950
0
16271
25051
0
0
0
3719
12204
0
8171
76856
0
0
0
0
0
21509
6035
2515
0
0
6413
1562
4773
0
3675
0
0
0
0
0
0
0
16035
75722
37985
22589
0
56704
6789
0
0
2082
0
0
0
3385
0
0
13415
0
0
1909
58532
10617
0
50282
0
0
0
0
0
0
12310
0
0
0
2229
0
58197
0
0
0
11163
0
23959
12204
16301
0
2919
33789
46738
10352
43016
77270
60175
0
0
0
0
0
13783
40116
0
0
0
23602
0
0
37014
791
0
20430
0
10152
0
20566
0
3549
0
0
63816
0
48300
0
0
1332
0
5600
19877
11067
0
0
53951
0
0
5025
0
0
0
0
31736
8778
60196
0
8990
0
7
18860
0
64761
5417
28537
0
0
48650
0
0
2132
10400
16298
28115
9390
47968
0
29566
76887
0
0
0
73508
0
0
15105
0
4082
2196
53084
19983
6088
1323
74177
0
0
39556
40789
15330
11696
0
16829
21424
0
4784
49858
28913
13196
0
71185
0
2477
13393
72412
0
6728
11015
22339
1804
44199
18317
51350
0
12944
22460
0
11505
345
0
15806
0
0
10508
4079
0
57321
0
16101
20443
12077
0
0
16022
4287
54350
0
0
20955
0
0
18903
381
21662
27541
7727
0
0
0
12254
0
0
0
10470
693
0
4636
17697
15389
37423
0
0
45097
36076
14906
0
0
5484
7675
0
0
0
26748
67582
0
0
59791
0
3722
5628
32925
0
38449
49454
28395
0
0
529
3003
0
280
0
0
0
0
0
37818
132
0
30908
3215
0
0
4095
12369
0
0
21164
8756
0
19284
8204
58493
23929
78153
0
0
8671
22944
1894
0
3620
7554
0
59309
0
0
15878
0
67886
0
47043
15752
62273
0
0
35788
0
0
4870
9539
0
65555
0
57029
0
0
0
70109
0
0
76694
40414
0
0
12851
0
3513
0
66603
0
59639
6715
7443
0
10793
0
8249
16423
4013
32157
0
13197
4965
3170
6440
8221
0
44705
6223
0
18114
52828
0
0
0
0
30469
37329
11477
0
25404
0
12413
2275
0
11438
0
33561
57892
0
27830
6024
0
0
0
0
8589
0
0
0
0
11536
0
0
0
0
0
36308
23914
0
0
48422
0
5645
3524
0
7323
0
179
61456
0
0
1077
66765
0
0
0
1085
13575
7165
0
0
49830
45914
0
18912
0
0
20262
53638
69761
0
47016
0
0
0
13759
11480
41994
0
19851
34169
0
0
0
0
0
29068
0
0
0
978
0
55055
57123
31826
40210
0
0
0
0
0
12168
0
0
0
22501
4316
17566
2584
11164
1917
0
1383
0
18194
0
58727
75675
0
0
48374
17032
534
36897
75829
14421
0
32900
7963
0
47431
0
36535
12376
0
27467
0
0
3745
14808
0
3892
0
18264
986
0
14578
17020
0
74404
0
43973
1481
0
23187
0
14732
3280
876
0
30563
0
748
969
10524
0
0
43901
0
10168
11011
0
23761
40091
0
35506
0
0
44686
0
44490
71223
50563
11977
0
8539
3708
0
0
71490
14830
3040
0
43840
0
18036
0
24565
24406
0
0
0
45834
7190
0
0
6137
19073
29585
596
0
59053
0
0
0
27368
0
0
59321
0
22459
0
9650
12657
8157
0
4304
0
0
0
4226
0
0
3057
24141
12996
3210
0
16400
0
0
0
50559
0
6184
0
0
0
0
0
1929
65912
9400
0
11704
3258
0
0
36550
0
12255
0
750
0
6780
0
59461
0
0
13457
19419
4245
27712
34682
44837
13109
0
0
16137
0
49781
37434
66594
0
0
0
48607
44154
0
11211
35554
0
8308
0
0
3861
0
495
0
3558
47963
0
27403
0
0
0
9689
12309
0
0
12199
39599
47110
21119
5707
0
7904
0
13804
43737
17142
44851
0
7793
0
66079
0
68818
37382
53027
0
49301
4047
21330
0
19314
8148
42022
6289
26002
25531
0
35365
13258
0
0
16532
26911
0
5409
23436
0
0
18075
37426
0
52871
47183
0
4347
8866
0
0
41155
5449
0
0
0
24858
7806
36755
14566
55667
9471
3408
0
0
9119
0
16198
11249
15621
40596
0
0
981
7675
75611
0
0
0
0
0
14127
2059
0
0
0
0
0
1250
0
57135
12985
0
0
0
0
0
69618
23830
0
11450
0
2929
0
0
0
0
0
0
0
22165
5338
0
0
0
0
0
72356
0
58724
0
0
0
60713
0
40914
2717
0
1617
21981
0
0
4676
53390
0
0
0
0
0
0
70815
5308
23145
759
0
7309
7431
32453
0
0
2397
67023
0
0
0
14868
0
0
38815
0
0
0
57272
0
0
5502
9167
31905
39323
38447
4187
0
0
2453
0
0
31931
0
74206
2136
99
43697
0
0
4529
0
0
0
75360
25574
76175
6599
0
23427
0
12629
3750
0
75089
0
16542
43958
0
5499
15189
33300
0
11775
0
0
0
46338
0
0
5648
0
70750
0
0
0
41596
0
0
14421
0
14411
0
39526
7093
2334
448
0
8395
0
10662
17951
18738
0
0
0
0
0
0
31279
8457
0
0
6338
0
44707
29064
0
1072
1041
29258
0
0
0
0
11563
0
38391
0
0
0
0
4937
0
13742
0
8078
71547
4623
0
8759
27630
31632
0
0
2243
36058
0
77090
9605
2711
58339
0
52308
0
6534
7406
0
41623
0
67308
13754
14932
0
0
0
28009
0
2166
0
0
57145
0
0
6050
26785
8384
17029
27628
523
0
0
0
0
0
0
16087
0
0
23976
41177
0
73788
0
3208
0
11130
3372
0
37410
19751
2428
0
0
37348
0
0
17707
0
4248
4549
7377
0
0
56381
39375
0
0
59151
480
75186
13542
0
0
0
0
9654
45956
19276
62405
36312
13692
62671
45747
0
0
2791
0
12635
0
6579
0
27260
0
10041
34265
70393
26581
32108
0
11733
7973
17161
11316
0
0
20312
19073
0
20487
46894
10215
2571
16520
6940
0
57159
2446
25709
0
5119
0
0
0
18409
0
7820
0
32972
11521
26569
23678
0
4689
0
77008
36800
0
720
0
48869
0
0
0
63248
0
0
0
618
0
0
53389
11087
0
0
0
0
434
0
19695
3910
0
29769
30389
44474
10373
691
0
78124
1977
28123
71606
0
22944
0
0
21968
0
8568
1711
0
12859
5425
0
0
9988
0
1649
20825
0
10666
63474
0
13914
24328
15428
0
39669
48738
0
62909
0
43882
4048
0
39478
0
28714
0
54960
62330
0
533
4028
63399
0
0
52256
5964
0
20258
21446
2438
15582
39748
21526
47661
0
0
0
7326
16254
0
0
9789
65891
12014
23144
487
74126
0
68146
0
0
18594
51602
2454
0
61370
70057
0
13202
14058
49584
54017
40282
0
4520
16150
16355
0
0
10878
35819
0
3024
2880
0
5481
0
0
29035
0
17211
4290
0
14502
0
49391
0
3270
0
19488
0
0
32818
0
0
14425
29906
12581
18004
4652
14959
4097
0
37005
0
0
0
0
10244
0
0
14950
0
0
0
7983
0
0
0
13403
28774
0
74458
51525
0
0
49365
39206
0
0
0
16914
0
0
0
11075
0
9290
53316
8702
0
0
9372
0
6909
55950
0
0
0
12522
24139
0
17226
0
0
75315
0
0
53574
0
65925
0
35510
16167
19914
20302
0
0
60400
0
54298
0
13744
1701
0
19972
9143
34157
57021
18968
2157
0
0
0
28924
0
0
12619
34380
66174
33718
753
15801
0
5818
57089
48925
3565
10591
3097
49571
0
55695
58970
0
0
3420
37676
12956
0
20689
0
0
0
43230
2108
12547
0
0
6553
38197
0
10526
0
0
0
0
0
37429
3023
9569
0
47813
0
0
0
0
1159
0
0
0
0
62135
53996
26815
3183
0
45895
33112
0
25700
0
29393
1339
66857
0
0
14771
1063
26133
0
0
0
48007
0
59169
0
12708
0
686
14713
36645
11557
0
29489
9842
0
0
13299
22207
6498
9396
0
0
0
14816
19767
0
0
24132
0
1290
0
0
18442
0
12669
50162
77681
0
46797
32762
0
30603
12466
40307
0
33000
0
0
0
0
0
0
15652
0
8900
10074
0
7011
68662
0
17408
2060
0
0
21443
30785
0
8087
43162
8408
67662
4810
0
42714
17186
71292
0
21021
30153
0
61926
0
42363
54186
0
32805
28297
60086
7612
0
0
8192
0
7902
0
0
12970
57594
0
57227
77714
0
38218
12297
0
0
4574
3555
0
71046
2501
47255
13284
0
29036
0
26583
0
10230
19012
10663
17905
0
11295
14282
19052
54043
0
46851
0
0
54011
23259
41367
0
0
0
0
13182
0
727
0
20466
7030
6951
0
0
0
55879
55553
0
3133
21384
0
11284
0
0
0
0
0
44265
0
0
11315
0
74479
18130
0
42965
8246
0
0
0
6358
38107
5616
76092
0
0
12135
3501
26653
0
24518
0
0
0
0
0
0
0
5949
18367
0
0
0
0
24480
0
6650
0
0
0
0
0
0
0
0
78184
1011
0
1439
0
5132
0
0
398
0
0
0
0
27934
0
8511
0
20264
1029
0
0
0
0
0
0
6553
7046
0
22263
11503
0
0
0
3713
0
61730
0
42146
5329
0
0
11674
14456
0
8111
9643
0
19645
50816
395
0
0
7436
0
34896
0
0
0
10976
0
33661
0
0
9369
0
0
7199
40437
3092
0
0
28786
53003
0
0
23276
0
0
0
50634
50931
0
9911
0
21522
0
0
0
0
31277
0
7253
0
59161
6269
0
2953
0
4504
35395
0
4751
3750
0
10897
0
72591
14232
0
0
3427
0
28476
35865
348
0
0
36108
8427
54320
35229
0
21678
0
5683
57615
21415
0
0
0
0
56249
19388
34056
0
45055
31735
0
0
6760
0
0
0
0
19908
0
0
16497
0
2860
0
59529
0
0
6881
4674
13884
26644
11557
57922
59260
38802
13221
0
65297
17940
0
0
0
50304
32996
9233
0
0
0
73315
0
0
15147
26043
986
17686
0
0
48866
15351
55950
19545
0
41451
0
0
0
0
52075
0
3340
0
0
49644
8790
6647
25647
0
0
0
40241
65654
0
4275
4661
32142
0
0
0
7340
4920
0
0
0
4154
37422
0
0
56622
40767
0
73681
7343
0
46076
15739
0
0
18917
20289
0
0
0
0
17820
14721
28248
59732
6094
61471
0
0
0
0
2643
6237
0
0
14676
15263
8086
0
0
30967
14936
0
0
0
2558
0
0
19931
0
18471
50322
0
74337
0
0
58374
2937
4092
0
70861
62212
16591
0
0
21220
55491
47963
0
24786
0
45538
0
0
0
21290
0
1164
0
0
7328
48196
54817
0
25207
0
0
42263
0
35121
0
828
10705
19378
2532
1272
37201
0
18353
30189
11673
0
13691
0
0
0
47309
44436
58341
0
67389
0
0
11562
29745
23362
55043
0
61892
22489
0
0
0
0
0
0
13791
3066
0
3371
12904
0
5983
4093
0
0
0
19362
68095
8105
23591
72770
70599
43955
0
0
8589
3129
0
2619
14434
6594
0
34446
0
0
7514
23062
35906
17784
0
2546
50999
81
0
0
0
0
0
43966
0
0
10154
61416
76758
7571
0
0
0
20636
70535
0
0
16892
54853
67396
0
17103
0
34509
12446
0
5726
0
19241
0
35554
0
0
3921
0
0
3003
1722
75462
0
10568
8775
51673
0
0
1422
0
66392
0
0
0
0
32888
18892
65702
12537
27469
1988
0
33830
30305
17315
0
0
0
0
0
0
0
0
0
1034
23164
0
0
27850
0
22518
0
2230
32441
8341
26804
14663
0
0
64395
13813
14653
0
29739
0
0
6599
1792
0
0
0
0
2755
24121
47457
0
0
74981
0
0
0
10865
15793
0
0
0
0
0
61582
55581
0
0
53672
11883
0
774
249
45873
0
5698
2047
11176
0
71208
11104
8000
0
0
26229
34299
51694
60028
38460
0
67138
56705
0
0
0
0
12825
0
0
59072
40155
0
2194
16979
0
6740
21296
21211
51087
0
2763
0
17078
44970
69599
11182
8445
39248
0
0
24759
7383
6356
44452
0
0
42329
0
0
8310
0
46498
317
58465
0
0
4862
0
0
26409
24864
58545
11205
64449
5298
0
9136
0
0
6900
0
2560
0
0
5293
0
0
38672
0
7967
0
0
0
44690
0
0
0
5210
76411
71033
3771
40460
0
74438
13293
0
10700
0
59100
0
42749
52344
0
3262
7988
12869
69250
0
0
0
24057
34122
59008
0
5109
58572
4636
0
0
0
46107
16799
9357
0
26908
3833
44969
18812
58402
0
26159
20160
0
57912
0
0
20955
0
0
0
0
0
9066
46785
31567
9654
29793
3434
0
20164
0
0
4233
0
33443
0
0
0
0
0
39928
0
13742
0
850
0
0
0
0
0
47257
14588
15477
10720
40630
0
3038
12342
501
29241
5193
9230
33892
14519
0
2966
17248
0
0
0
0
0
37442
3662
0
0
55030
63988
0
778
0
9669
25481
0
14554
50454
0
0
0
2496
4071
0
0
26330
33196
0
62118
0
0
0
75852
19061
0
0
17047
54165
0
8585
0
14556
0
0
41883
0
0
0
21478
36359
0
34633
0
0
0
2200
0
25327
1158
0
0
42355
57947
31973
39128
0
0
43615
26509
14881
24751
0
48567
24581
17149
4778
48720
7451
54064
19428
19443
0
22574
4631
0
0
0
0
0
0
3100
70143
7703
0
11810
16551
0
35814
0
0
2478
0
11392
0
0
0
17270
0
22926
0
12711
5628
9359
24279
0
23572
28717
0
0
0
0
0
0
58062
0
72274
0
0
30254
810
0
0
3686
21992
2758
0
2653
0
14167
75550
4971
15646
2034
62261
0
4800
6766
13254
0
28641
22792
0
48996
0
1778
0
0
16369
0
0
38583
65397
0
45658
110
21171
0
23783
37233
7050
0
0
22749
45631
6429
0
3963
35587
29682
0
26717
35328
14947
65200
0
4051
11987
0
7992
0
69253
31514
8855
0
24514
42797
1990
27827
0
0
0
30182
13198
7769
0
19151
75388
0
0
0
55409
59165
46738
0
0
0
0
0
66573
1865
0
67230
0
17743
69278
22783
43194
28441
0
0
13575
21065
75934
0
3453
13932
37041
0
61625
0
76753
2898
0
2703
6911
55572
4752
6453
8536
0
0
64757
8268
19991
32467
52802
0
0
0
0
0
0
5288
0
4863
0
18773
59742
12513
32315
1672
6990
42654
0
0
6105
43473
4047
23743
0
23895
0
0
14673
0
0
0
0
0
0
13618
39281
0
25469
17875
0
0
0
0
0
66189
368
4218
0
24185
11521
14884
0
10945
0
15412
0
39969
0
20054
40330
0
62344
58071
0
57514
3675
57193
22557
0
0
6076
0
0
0
7317
62703
29727
2897
31203
0
0
0
0
0
0
0
0
51496
6055
0
46091
0
0
9716
0
36508
11723
0
42287
0
52038
10409
0
14583
0
0
21292
0
11220
0
0
10144
0
4648
2560
0
15285
15487
3898
693
0
25913
0
0
64707
0
77750
0
0
17931
0
0
0
4109
6002
13522
595
0
8096
63820
0
33364
0
56300
0
55634
0
21635
61421
30521
9099
57054
0
0
11655
0
50880
56969
0
22749
0
0
0
0
0
0
0
0
28714
16696
0
40675
14850
0
0
0
0
0
18898
0
0
0
0
0
11359
10350
0
50958
6284
0
0
0
10327
9841
66940
2465
0
13735
0
18583
3977
7220
0
0
0
29792
0
6715
17177
76144
45680
0
14552
0
0
0
1507
11115
0
30918
42848
0
0
22755
36333
7879
43942
2463
0
0
28622
11491
0
11729
1259
0
50111
0
51114
12311
0
31619
33388
38394
0
0
0
0
0
76692
0
0
57420
0
0
64782
4554
805
32893
77954
0
66377
41829
15136
20741
55628
0
73378
67184
72162
14214
29005
70585
0
0
565
25874
0
0
0
797
0
26314
24461
59950
10394
0
60931
13243
2222
2393
40834
0
29390
0
0
0
0
63671
0
2332
0
56861
8790
0
0
0
0
13914
9792
1917
73460
37799
0
13884
0
63897
2047
8307
19797
23572
16312
57731
591
0
0
25891
6200
6566
17908
0
0
8553
13755
0
0
0
0
20929
0
6272
14493
14633
0
37115
45886
3543
5256
67580
0
33773
46335
17952
0
7182
0
6252
0
0
75496
44218
0
18201
0
0
15582
0
0
0
23023
0
0
0
50559
0
40689
23169
0
62719
14307
0
839
0
0
10796
0
0
70801
13203
0
1673
4832
0
65775
0
5991
0
43403
0
2577
0
0
51684
394
0
0
10988
6090
0
0
1336
0
40171
17786
1813
69205
0
22731
6871
0
0
0
6463
0
0
0
63322
0
43371
0
0
0
0
39961
40386
0
0
2062
0
0
0
45778
12513
0
175
52257
8987
71818
0
6603
0
2235
42162
26845
18090
0
0
4247
0
15171
0
0
0
10249
3700
0
30631
24810
0
829
41198
34552
0
6779
1465
15656
0
26668
2159
0
0
0
6117
17166
0
55671
67110
0
45227
8088
3696
0
0
0
0
0
35226
0
2478
52855
0
13770
0
22163
10716
0
63808
62713
0
35231
0
31729
65346
0
41651
0
12887
0
0
5415
4711
0
29009
18618
0
4987
0
0
41511
43544
22124
0
15658
619
7165
0
28831
2071
38025
23237
3774
3156
0
16472
0
66166
576
0
0
0
0
0
0
0
0
0
0
45245
49457
0
0
7692
13261
37675
3225
0
0
0
39203
70240
8697
0
0
0
0
27718
20624
206
46746
27363
10308
27565
0
0
0
33026
0
77154
66183
0
44316
42339
0
0
0
1473
73612
0
1419
0
0
68913
0
0
6698
0
12862
0
225
964
37732
0
0
34621
58736
0
21406
11896
9797
0
0
38056
0
0
0
0
0
53572
7126
70373
40702
0
434
17032
3299
21496
0
58219
0
9225
0
0
35586
1956
6122
21078
0
0
0
22665
63237
7554
0
32982
12526
0
9062
0
18441
0
41818
165
2665
0
0
0
0
0
31134
7599
0
6516
706
7176
32598
8728
0
12750
52968
44671
0
13535
51488
19284
0
974
0
8602
0
50111
0
77391
69854
0
9859
36123
35617
77256
0
0
0
0
4038
72292
15639
4559
37485
53956
0
0
0
11107
50073
0
36663
32573
0
33851
21775
47960
0
0
0
0
0
18737
0
0
77719
0
50911
76660
0
0
10837
19978
0
3516
70107
15500
0
0
0
7442
0
0
18915
0
23218
0
0
0
58440
10943
0
0
5270
24274
39956
0
35123
4024
67398
40929
0
0
5472
0
0
0
8740
35099
6248
26527
0
0
32788
13263
14457
43082
0
28231
15908
0
66216
4283
0
0
16229
0
0
11409
27297
2820
59303
3155
0
45057
0
6732
0
0
0
18957
0
14693
0
0
4387
47026
0
0
3190
0
38511
0
868
2480
43360
3713
7407
70334
21044
0
15256
63900
28552
59132
71668
0
77981
0
54160
0
0
0
0
0
7443
6990
0
0
36036
0
16203
0
892
56627
0
0
8619
22196
0
541
10982
77767
0
35348
13102
537
0
0
0
0
0
0
0
534
0
0
66927
21346
0
25445
583
57725
0
0
18657
0
0
0
75096
16817
10071
35771
7889
33858
0
0
0
0
6487
7966
0
0
0
16073
0
2508
73938
0
0
42835
62770
0
7322
26035
67774
0
0
35949
0
0
0
18474
12092
0
0
0
30861
2266
0
0
0
44680
37591
0
37814
3318
63014
0
9441
0
0
0
0
0
46144
0
0
12227
0
0
2920
77755
0
0
5980
17732
0
0
46846
0
48513
28730
16404
27816
0
11086
6362
0
1171
44794
0
11577
0
30878
37172
24403
0
77665
0
0
31925
0
77320
0
0
9565
0
13870
0
18580
0
0
0
0
12975
18672
0
15670
0
18851
0
1135
48275
54739
1844
0
0
23499
42232
55802
72517
36293
0
0
0
0
760
4119
33901
16435
0
0
3370
0
0
0
0
0
0
1689
5200
25037
0
78123
5581
10974
337
9124
0
7339
40892
0
29672
0
0
31900
18734
61491
13109
0
1245
0
0
22923
19454
77197
5067
0
0
16265
0
7462
64569
21272
42648
0
7494
1479
46834
8161
50735
43556
35727
39641
29225
0
0
27341
40675
0
0
1716
0
56222
726
9793
76706
0
696
71965
0
9590
68385
24705
54676
0
0
8901
0
23211
30422
11092
0
0
59654
0
58020
0
41183
65160
0
77002
20066
0
0
19639
0
7926
21435
3757
0
0
3339
38663
6415
57247
4198
9797
0
0
0
11854
0
0
67441
9264
0
0
10000
56033
374
19323
23021
0
0
0
70694
0
0
4162
15207
65419
10338
17286
4693
58644
45396
54401
40946
29960
26016
0
0
0
0
0
0
51556
0
2438
6547
0
27392
39058
0
203
1438
849
7391
75304
7375
0
0
5449
0
1612
0
0
0
0
10155
50238
34399
0
3574
0
0
0
0
17801
0
35709
0
55284
434
50162
24726
13129
0
0
4991
0
0
24930
0
0
3527
30786
0
31930
74137
0
0
0
3263
0
0
42640
43197
0
0
72802
0
10451
0
46512
27339
358
10263
0
0
0
0
0
0
0
0
1684
74994
0
0
0
23418
0
591
57067
0
0
7607
0
0
7399
14275
992
28555
65514
0
0
0
62711
0
0
0
60393
6001
0
0
0
0
0
0
12722
11978
0
68298
0
69672
0
27062
30256
0
568
27264
0
0
4414
15032
24853
0
19013
14226
2833
0
0
29189
3455
4556
29319
0
39412
0
37719
0
0
17008
58
0
0
7484
3853
51272
7629
0
47766
6198
0
0
25539
11324
0
22825
52098
0
3423
72270
0
0
4498
4826
0
74282
2555
7892
0
0
0
2425
0
46349
0
0
0
0
0
6054
21654
0
0
16853
0
29518
0
0
0
41288
65870
0
0
0
48256
17011
77759
0
14146
51040
0
0
28852
62261
55713
15350
0
10621
0
22364
0
78146
38098
1249
9923
0
0
0
17664
0
29330
0
0
25098
65118
21401
0
7004
0
12023
0
0
47984
0
65576
2774
3922
25587
0
27762
25885
0
0
0
7802
0
376
14062
1136
0
0
0
45739
8150
3981
29805
0
35205
34230
66702
25888
13099
0
8892
7446
0
0
32595
0
2874
12635
0
0
0
0
0
22819
756
12628
29114
0
0
26683
0
0
59750
0
0
0
19682
40948
6429
0
41261
0
23868
61684
0
18042
0
26903
20218
44894
0
39282
0
0
0
37041
29241
1721
1397
0
61583
1402
59860
28113
5900
34343
50756
0
10436
0
6741
15228
0
0
0
0
18358
0
0
54632
15524
0
1115
107
43644
0
0
0
23128
24341
0
65503
22854
4323
0
54805
0
19522
8752
7643
74421
0
0
7271
55515
67319
8886
0
41272
43211
0
0
48135
16862
0
324
0
11692
0
0
4614
0
7114
0
17726
7930
0
0
10901
36745
0
0
0
0
25777
6987
0
26987
0
0
6084
0
0
0
18555
0
0
0
17480
46928
35150
1363
0
55731
11027
0
36314
12597
59091
0
479
0
0
0
0
6646
0
0
0
4634
0
0
2020
19296
30108
0
0
24995
22010
9899
0
32490
17921
10270
16374
45891
0
0
19063
0
17240
0
63127
0
8053
6446
20435
0
0
18817
27139
35394
17431
71595
0
0
0
2814
0
10439
5672
21376
0
15164
0
12206
75253
25912
0
0
2634
45460
58143
66167
2355
9336
4623
0
58373
52738
21028
10562
0
53810
0
9610
6625
3795
0
30524
0
0
0
0
17720
4355
0
0
4353
0
0
0
22752
0
4270
0
0
19609
0
44615
0
13901
28637
0
61770
0
10884
0
0
7981
0
15954
31398
395
19639
0
0
50673
0
74195
29534
73127
67657
21603
0
77331
77191
0
34721
3126
18143
0
0
2157
0
9276
0
24879
0
17093
0
60151
53775
3498
0
27779
62259
28789
4153
50213
0
0
3597
15315
0
0
2063
41449
0
0
1485
60801
28422
983
0
13700
0
0
0
0
0
37511
0
34502
6821
0
0
0
61129
71687
0
0
0
2446
0
11991
0
0
35012
24408
16529
0
16864
0
0
0
60571
0
4472
9391
19216
25405
0
0
49948
0
0
26288
8169
0
12040
0
0
4642
4217
76956
48277
18262
39013
24677
0
0
75777
0
5073
53628
38302
5268
46413
11606
0
0
0
0
26110
0
10031
0
12189
5201
0
21516
9728
12994
6053
13734
42900
0
3931
65467
11045
0
0
0
0
47475
7597
51227
37548
35533
0
11939
0
12354
0
18375
0
0
0
0
5554
9698
0
0
0
14544
0
0
23762
21571
0
0
69110
48797
0
26491
18140
0
852
22650
11163
0
16512
33380
52913
73060
69705
34085
6894
71845
11750
69949
0
0
9328
0
4565
0
0
0
38608
565
0
0
0
0
10638
24346
64499
3332
19892
1030
41239
20891
0
0
7896
1977
12210
52236
24849
9907
4743
45814
0
0
0
61983
7273
0
19684
46009
0
0
0
0
0
3627
33296
15413
22831
0
0
28380
0
0
60160
60643
14069
748
0
0
0
0
37281
25293
0
0
0
0
47312
0
4464
25434
0
23113
0
40534
53946
0
0
0
36737
0
5648
61662
27353
0
0
74631
6315
0
9487
12377
44414
37501
10194
19531
70950
0
0
0
0
16844
59972
73277
56529
2030
0
0
0
4957
863
55184
0
20655
0
6641
126
1594
675
0
477
0
36864
0
17878
11882
161
21256
3212
0
4166
0
66805
0
11448
30502
0
40759
0
0
65125
0
19611
769
0
24344
1941
0
47505
0
0
0
0
24621
0
0
43512
0
0
0
0
0
473
7099
15216
51440
0
0
14300
51471
0
0
0
6898
42904
31957
18531
0
0
31719
23383
6314
11864
28171
0
0
14103
43791
44392
0
0
16512
62111
19563
28444
0
6527
0
0
415
0
0
61942
28032
0
0
0
0
3265
0
48327
6813
0
4755
56240
0
11371
0
0
42516
25758
23232
0
43437
20023
28856
7583
60752
5437
0
26071
0
335
13633
0
0
20851
51610
416
3958
5657
1184
13633
23128
0
0
1587
0
8268
0
16650
5644
44533
0
36125
24436
54738
0
7851
53539
73825
57878
29419
49074
0
0
13595
27400
60968
993
8490
0
0
0
0
0
17130
4875
0
0
76384
0
0
793
67824
0
53201
0
7825
940
37732
0
0
0
0
0
17344
626
32397
23478
0
56474
0
15923
14441
0
0
0
23830
38006
24934
0
0
0
0
26424
25001
36257
9523
0
0
6769
0
54340
65384
9516
0
77600
0
0
3444
11926
0
8684
18432
24848
4648
0
39199
0
77943
11122
0
0
0
0
16718
0
0
0
0
3115
0
6501
5919
7323
0
0
0
0
46202
0
0
5952
6732
28572
0
4701
3180
41211
26664
0
35336
39652
8575
1813
4025
0
6431
0
0
7151
3701
8626
74617
1502
0
0
0
16568
5856
2450
0
13945
20216
14110
25712
0
0
0
72755
5256
5691
0
0
53051
18554
16489
56428
0
6686
0
0
1134
38008
60015
46785
0
0
1516
0
8123
56521
0
75523
0
45190
62186
0
74401
0
0
17394
0
0
0
52414
0
0
34991
0
22499
5793
0
0
915
29120
0
15459
0
67198
28871
7136
14535
7583
50365
11711
0
0
0
11726
6347
76845
0
7176
0
20294
0
30
52775
53283
0
50725
0
0
0
4788
10863
15450
0
69051
70458
0
0
0
6253
37679
20724
0
70197
0
0
0
8491
1394
5450
0
27339
14925
0
1802
0
11340
29752
11021
0
0
2317
0
71947
61151
0
47079
29303
40794
0
0
45697
0
13235
0
0
0
9849
0
0
1043
55767
21766
0
9907
17145
57993
25648
0
20746
0
0
0
4010
0
31023
9120
0
20722
0
0
59325
6459
0
0
1663
0
0
6998
33644
12149
0
0
9655
7829
0
6742
24727
9657
6707
0
0
0
45238
0
0
70272
0
0
0
0
0
18960
15347
1097
0
0
9556
0
0
21209
0
8912
0
0
61882
45003
0
813
0
0
7849
3071
4047
28041
8929
4932
0
8672
0
31725
65264
0
0
0
7484
0
0
0
77952
6557
28217
0
0
69667
6405
4498
1011
0
0
3369
0
7311
0
17486
67660
0
0
0
0
59961
0
0
0
0
1072
26366
49073
8873
0
0
27109
8408
0
0
13405
0
0
0
31896
0
3863
0
42631
0
33354
0
0
69554
24757
47291
71363
50863
11746
62631
0
68871
0
72730
1611
75190
0
27138
5054
0
59638
50553
0
13273
22459
62068
15591
12032
2560
0
22402
75366
0
74251
0
12282
6826
48607
1085
2060
28903
55766
0
0
0
0
146
0
0
3033
6558
8690
0
15136
13658
52996
0
6574
4318
0
0
11941
27484
0
0
73847
0
62790
0
30345
0
3681
0
0
0
13517
55863
15472
1762
12207
61992
0
0
0
12838
59649
5423
30312
0
57519
74729
61529
47439
0
0
5449
0
44120
69240
13324
0
0
15990
47658
0
5864
10096
0
13288
20415
0
0
0
28777
8902
0
0
0
11385
0
16300
10697
25964
21664
32967
69221
0
14397
0
62892
0
1389
13234
10987
25048
6649
0
47840
0
0
0
0
30842
7998
30984
32320
1105
0
3651
59044
11505
0
0
0
26468
0
11540
0
0
0
0
27008
0
22909
0
19916
18660
13242
56046
0
39419
75548
19462
22186
0
38158
45658
8847
14736
0
2511
28683
0
28505
0
0
4464
0
0
13670
12967
0
0
0
0
15182
0
53108
6995
34488
0
0
14389
0
5323
54455
3186
32201
0
20350
35996
0
0
0
0
10092
33339
0
21945
23909
295
33445
6032
5707
0
5096
0
17250
18886
6273
0
7599
0
0
0
5805
18559
0
19835
18298
0
0
0
7775
1824
48007
0
0
9766
0
59445
1675
57933
23715
0
5942
10142
0
0
23969
40036
16250
0
0
0
51608
861
2785
0
0
45283
32466
14689
0
0
1035
0
3264
33
46582
21386
0
5276
17985
0
18068
43921
68227
21746
40901
76175
24642
0
46031
44037
0
1452
73680
0
7091
14783
0
0
68262
0
62646
0
25096
0
21352
13478
0
21742
0
0
46024
0
30884
1345
6719
0
27948
32524
34409
2486
22817
0
0
0
0
65999
21940
0
9152
0
0
0
11127
8518
0
30887
0
73630
0
0
0
25652
23962
1133
15794
0
14571
0
5480
47339
0
46817
33461
0
75167
1321
50080
3564
21313
34904
0
0
0
0
34543
3247
0
33517
5480
0
0
6706
0
0
0
0
0
0
64575
30611
0
18314
0
0
39541
0
0
0
72006
95
0
16112
0
72917
11270
0
0
20318
40439
0
3036
41301
23594
61479
21618
0
41524
0
5320
0
0
4421
1914
0
20356
0
72843
39659
20750
0
39577
56598
0
38339
2105
0
37525
37832
7864
0
60750
0
0
5836
10068
3818
0
28361
0
20962
4339
35977
0
6875
0
0
76333
0
0
0
0
59879
0
0
51634
0
7119
0
73325
69393
0
14774
0
11761
0
63443
1357
0
6810
57822
0
0
16499
15178
0
0
17329
33675
1121
50925
2415
22839
0
0
5528
0
0
0
0
0
0
0
11576
52553
0
0
0
14160
15892
0
38197
5425
8137
0
0
0
0
12752
21679
61789
0
0
33449
0
0
0
9323
0
16776
0
9188
0
0
3912
0
0
0
16952
16607
0
227
0
9218
54547
16360
0
24708
0
28731
15511
22164
5707
0
44144
0
0
0
42210
49048
2180
11864
0
30793
0
15545
0
0
0
1140
0
25803
0
6311
0
0
0
7876
69149
0
0
0
31439
0
4495
0
2071
0
0
16509
0
0
0
10417
0
0
0
0
138
51468
0
4144
25889
9990
68985
0
0
2743
0
16626
8397
0
63199
0
0
74310
28483
0
0
70632
0
52269
8599
33326
74144
47111
71391
9293
0
19279
63781
0
10507
0
0
51881
7348
0
0
0
19985
39971
2506
0
37993
22756
55781
5157
0
11751
38150
0
0
55765
0
0
15370
0
25921
19678
0
0
9755
0
0
0
0
5139
0
21772
64938
1681
50972
14000
33612
0
3493
76603
2018
0
47569
0
0
0
5165
499
59224
0
0
41327
74639
5171
0
32370
0
76238
61349
5859
9554
0
0
11374
10324
19294
32503
15924
0
0
6447
0
6268
9403
45574
0
20571
2752
4605
3792
18442
68554
0
0
55076
29070
52161
76394
47298
0
0
54149
42037
0
18260
0
18052
26248
0
18286
67138
12662
0
0
54305
0
0
69883
0
28244
0
75840
5419
0
0
0
0
6849
16816
42351
52364
10210
3712
12634
6977
19234
0
0
0
0
40837
7495
6748
77600
0
0
9509
38228
0
0
17262
0
0
17911
30238
0
1454
44630
5534
53730
30840
0
13489
0
61993
0
0
38619
77137
0
15300
6994
0
75909
57278
0
22734
20756
61693
0
0
7199
43997
17163
63533
925
32963
0
0
0
2027
0
0
10008
0
47283
0
0
0
12392
24837
1623
31975
0
11319
0
0
0
0
0
0
37094
1370
0
0
0
0
0
0
27
0
24337
0
16455
4219
34951
28253
0
4182
0
0
4612
0
77599
14283
58168
0
47305
1693
0
0
40122
0
12675
49843
0
0
0
0
48389
14313
51157
0
0
0
0
37048
16681
8518
4310
62427
0
0
0
0
17331
19859
0
30955
0
2817
4685
3713
0
0
0
17093
0
0
0
4624
16396
0
5220
49991
5529
0
31207
13338
45929
0
0
54218
19756
42586
1803
5615
0
6155
590
0
4685
5026
0
50307
0
21232
0
49471
0
5569
20563
0
318
1540
13988
0
28642
43025
0
2985
19031
58103
0
51816
13453
0
0
0
7186
43301
24621
8737
0
0
17171
6837
10268
2245
0
0
0
5455
29669
0
56917
48540
0
57778
19117
17917
0
2843
0
11058
20316
0
0
0
0
0
921
0
9699
124
0
0
63257
0
37812
0
35372
0
51759
0
0
55338
0
16271
28414
0
7531
16057
0
73087
0
27987
0
24037
20395
48961
0
7700
546
19331
863
14817
9224
7121
41617
27366
6501
0
0
2902
36536
1458
28808
4164
2318
21131
14949
0
0
58775
0
0
65797
21744
19494
8563
0
28809
0
12006
0
0
44297
7530
13959
6874
5536
0
231
46720
5165
9049
0
3194
11141
31024
17673
48614
0
0
2438
44408
17141
0
76598
0
0
0
9928
0
10696
35330
0
2400
0
12193
17274
0
184
9883
69187
0
3227
0
0
30516
0
0
7114
0
53826
7390
53420
45565
0
15169
0
37827
0
5214
0
2431
20524
5889
19202
1414
11239
44199
5350
0
0
21650
44698
0
0
0
38197
18839
0
24072
5274
0
25702
132
43751
60233
11770
0
11218
4570
0
0
70705
0
0
33588
0
15345
0
0
32747
0
7876
0
0
0
70377
0
0
0
0
33119
0
30673
0
0
0
0
17266
0
14726
0
5265
0
0
7538
42878
0
45755
49370
41433
8216
0
0
42179
2691
70242
0
53188
0
0
0
7411
60122
40408
0
11070
0
46362
0
0
73409
0
3006
0
69873
3037
0
42642
48792
16207
0
4631
11488
74811
0
0
22541
19998
37702
0
0
75108
27882
58305
9997
0
1758
43345
35458
0
23093
0
45441
2594
0
44157
0
0
20227
0
0
57358
46319
0
0
19240
7348
10306
3880
0
36836
0
0
1429
0
0
0
15633
0
0
11589
4154
66996
0
18984
0
4093
0
0
19758
0
19335
0
52717
0
31726
24614
0
7956
15015
11606
0
74009
904
0
0
0
0
0
0
10559
0
0
12248
56685
17197
0
71511
60528
19751
5168
21668
17084
27592
3240
10075
0
14670
2881
257
0
0
4693
0
6447
0
0
39456
13894
0
0
0
0
62812
0
5734
0
67474
0
9625
16346
9967
41317
10818
12867
0
76079
77605
0
0
0
4105
13160
22971
3927
72750
63021
0
7831
6237
29777
14869
32953
0
0
0
0
28349
15692
0
7899
18598
0
74340
29719
33597
59139
2151
11618
0
0
6080
7471
0
19080
11374
72725
8591
0
0
0
0
20335
34119
50335
0
5176
0
0
77209
62762
0
77246
423
4249
30209
0
0
25809
0
17516
0
0
0
51283
18417
17235
0
0
0
0
35902
3546
0
63154
0
2885
0
0
76875
67538
54962
77563
70863
16275
0
18249
0
17289
32080
23755
64476
0
2166
0
0
0
0
0
0
7312
24811
0
52733
4062
0
71718
3401
0
0
0
0
0
35436
42207
76680
38885
0
0
18080
32203
56809
39640
0
0
0
10322
0
3784
0
9741
0
14499
31394
108
0
0
0
0
22184
27909
29688
0
0
0
10312
51330
2735
19592
0
0
0
0
0
46392
7948
43434
0
2634
0
0
0
0
0
0
0
0
3909
0
0
0
27252
29460
0
26614
0
14812
8041
0
795
0
5578
0
16937
7926
68195
16449
0
10134
21694
0
0
28729
7842
20686
40207
0
0
0
0
0
0
0
19229
4154
0
0
52700
1752
0
0
0
36097
8581
0
55230
0
69412
5033
59138
12638
0
720
3651
0
504
8633
5465
0
56462
20864
1999
0
0
0
63290
18169
0
8753
18230
33412
6303
0
0
3427
70277
28621
0
0
16494
0
21412
0
0
27647
0
795
62475
20867
0
0
0
0
19058
3439
6392
36622
0
0
0
0
0
48544
14942
0
17142
5173
39342
0
19274
0
14448
26497
70067
12522
0
9984
0
0
6891
37900
11756
0
0
0
15752
3699
0
2669
75292
33797
358
0
0
37615
10118
0
34164
3666
6562
0
0
0
76999
0
73556
0
0
0
24846
52221
2739
19260
47347
15980
0
1380
55602
0
0
31003
40334
0
0
10656
5980
0
47782
0
0
11640
15090
55467
0
0
45727
0
27577
11332
17124
1598
21023
5035
0
0
0
0
0
21037
0
6356
54216
0
19037
6095
12457
0
0
0
9251
5982
0
13067
28229
21269
0
9449
0
14112
0
13998
0
0
0
19602
0
38229
7739
0
447
803
0
15541
0
17795
54999
24778
60261
5431
5633
0
17796
18840
20075
13481
2746
0
39593
39740
0
0
0
0
5220
0
127
0
35860
0
0
29685
0
0
35362
0
3323
10699
16263
5217
3117
16094
0
0
62019
0
11815
14161
0
61786
66050
0
0
10899
0
11265
28416
7272
0
64851
0
0
0
0
40927
3135
73767
10046
26253
39507
0
21665
11331
2204
1126
0
25813
0
65276
19547
0
0
1656
39732
0
0
0
21304
15706
65537
56728
72395
0
43873
0
0
0
48817
0
0
0
0
0
52689
2973
3122
10545
0
44174
0
6398
0
0
28353
0
63507
0
0
16546
0
3138
0
0
3896
0
42230
0
0
56176
0
0
14888
55973
0
0
0
72659
0
0
4117
10319
26878
0
25309
0
58340
0
665
10334
4444
42579
41236
0
0
0
39718
19852
49650
50848
0
14931
0
0
0
0
11565
41603
356
0
41277
15343
0
14957
41267
52135
0
65865
21034
0
31901
0
0
4800
0
69461
0
0
6710
4156
9110
0
0
66005
23726
9037
59925
10827
3354
50869
0
74935
0
14164
0
0
0
63432
9661
1799
0
0
7883
0
3943
12996
63967
37150
42546
31301
12501
0
44260
20525
0
0
0
0
0
10421
0
18236
24197
2011
40736
0
0
0
0
45536
40108
0
3993
1137
62255
0
72465
0
0
0
36403
44412
0
10032
18594
0
26276
48111
0
6808
10950
36910
53395
0
14254
6144
0
0
0
9454
35936
55258
20578
0
57355
25677
0
0
0
0
19729
0
0
17767
0
0
42187
0
0
33814
0
325
14555
73829
0
0
72497
10699
11631
16340
0
53951
0
0
0
0
15893
9470
14813
0
21205
0
0
0
49829
23953
12799
0
16375
26007
29247
0
77735
11645
57820
0
0
0
0
29267
9516
0
0
1165
56310
4704
0
0
0
19145
4103
0
62157
53758
6942
4164
31012
0
0
0
0
0
4124
41566
7336
6906
0
0
22991
0
7588
0
0
0
0
0
0
29447
52943
44955
22953
0
0
0
42711
22778
46093
43938
26215
44274
10920
12742
4591
3013
23215
7701
0
0
9309
6148
14429
9444
0
0
0
5650
31684
62606
7244
0
4366
0
145
0
0
0
6646
4538
0
16393
0
47243
0
0
0
7840
0
49719
47488
2249
0
28577
4441
47571
12461
0
13418
24313
9527
29905
0
0
20613
7106
8303
56778
0
0
40882
0
0
66414
9475
1262
9098
18706
9675
15534
24635
12340
21591
76573
20475
12840
0
0
1582
63957
0
11862
0
32003
40092
0
0
0
35432
0
55227
7675
0
22134
6203
0
40340
22186
70718
15803
0
65
0
0
0
29103
0
5005
0
0
0
0
0
31783
6045
63264
0
42938
0
8196
0
7226
10452
0
1426
1409
33889
60659
38348
0
0
0
9931
50604
0
37207
0
19138
0
0
52741
36164
10165
0
0
0
0
8038
0
0
3884
0
0
0
1547
47884
67514
47649
76580
11514
0
56294
60124
0
0
0
26583
5864
24082
22397
53471
0
0
48818
1007
12596
0
0
0
7122
0
0
56235
17674
0
0
65486
0
0
0
44314
0
50234
0
0
56023
27409
32544
0
3980
16739
0
34680
0
19047
14157
36024
2070
28390
22011
0
55048
12382
13402
21808
32752
0
55547
9041
0
22932
7200
18509
25609
1003
1158
0
74680
39588
33346
30931
0
0
0
0
1761
16937
0
0
0
0
69650
0
0
23856
20974
65136
8779
8090
0
29602
0
42800
6534
52627
9549
30279
0
24564
0
0
0
15073
0
48139
0
0
4898
0
0
0
257
32702
45241
24743
0
8814
2031
5461
57316
0
0
14203
0
3008
0
51468
19169
1049
0
18168
0
0
0
0
12859
45506
10465
57207
45887
20118
0
73497
0
36597
0
38256
0
70332
7771
21441
53317
24419
0
1687
0
22041
369
38713
19098
0
18575
57366
25994
0
75693
0
0
18805
0
5071
0
16083
3820
76146
0
30507
18039
0
0
12292
4102
0
14044
0
12744
8418
0
42848
0
20205
0
27080
6241
35898
26275
0
71115
8305
68571
0
0
19463
0
13682
0
26963
0
9200
7552
0
0
0
0
0
8974
30313
2207
0
41414
0
36921
5865
20878
3534
0
14391
0
0
0
21876
0
7704
14173
0
0
15249
0
15223
0
44963
0
43181
0
5624
9953
8926
0
36366
0
62218
2213
4907
0
0
0
44310
23487
46268
0
21637
1
0
0
8099
0
0
56245
8904
0
64043
23139
70743
71245
41971
20506
0
15047
4267
68847
44046
66328
0
71879
6814
17249
18406
0
0
0
10645
53528
13002
8680
0
64394
65861
13703
14516
0
15045
0
45556
0
0
5775
0
0
0
40030
21533
67435
60551
14159
16336
20706
28006
28994
13629
34570
14652
0
0
43467
14815
45650
9785
0
36
0
74415
13485
45821
33774
7846
17609
0
0
0
0
73356
9010
10028
12457
0
23031
0
132
23703
20082
39394
22088
29296
0
30762
29434
0
30949
0
0
4811
0
67867
22562
45954
0
18300
0
37634
0
0
467
16556
0
35051
45812
14212
0
46348
13057
0
38608
77690
0
0
30530
61767
0
14548
0
56622
19007
0
7685
0
0
2698
0
0
28026
8935
42489
0
9221
39175
107
0
3662
2505
48785
13357
0
36759
5503
15341
17802
14723
0
0
69628
4957
30529
9925
3668
0
0
0
24847
0
0
0
0
76082
29708
0
11738
0
45566
19679
0
18269
61802
60121
0
0
0
0
15287
47325
0
0
0
50447
18224
2046
0
12699
0
0
0
19105
17556
0
0
23488
5424
66787
0
0
19116
8099
5424
12917
0
43052
45366
3547
2551
0
66061
0
0
0
12663
0
12475
14247
4125
75171
30138
20853
0
36446
43171
0
46052
2700
1064
13604
64856
0
46371
13814
0
0
11998
0
51972
0
0
0
17644
73360
0
75009
0
0
10816
0
13201
2177
63766
73836
17010
0
75671
1048
30140
21859
13311
0
14105
34168
12944
0
4658
65548
9758
3334
71312
0
20984
0
14750
0
57929
19846
0
18119
0
0
0
0
12630
18190
0
0
60231
35183
3124
0
20960
451
0
0
57473
74418
5834
0
5089
355
0
0
14985
0
77098
0
13383
8145
0
28339
3084
1890
0
7770
0
52426
52428
0
0
0
42051
34384
25768
34334
41784
0
8590
0
2969
1412
33925
75236
0
0
47127
28136
0
0
0
0
0
4193
0
0
0
0
1790
16891
0
0
39503
27139
0
49046
4442
15260
0
12729
0
1390
956
0
18956
26197
74491
30908
20397
0
0
0
0
59
0
40933
0
0
0
0
34202
0
13495
4293
0
0
40816
12523
0
0
36137
34597
0
0
12235
7040
0
70028
0
681
5226
0
0
0
0
0
73872
0
0
0
0
49196
0
0
46186
0
0
0
13127
459
0
46459
17167
0
0
21401
0
39243
0
0
3705
0
0
0
556
0
0
53422
12644
49285
2065
77349
51317
0
48762
4634
0
0
0
4603
1003
0
33617
0
0
579
0
0
21333
5684
11713
0
0
40969
52969
9411
47039
0
6132
6770
21352
8855
3161
44780
0
8486
0
2598
533
14787
70736
0
3424
18813
46371
31626
0
0
1175
16234
29807
9440
5424
3013
0
8811
7028
4335
558
0
0
5579
76431
175
0
8752
6032
0
0
0
0
0
0
0
35973
1456
15621
0
0
0
0
2835
17083
65506
0
37932
0
1543
0
74565
0
19015
59496
0
22866
31277
0
0
0
29486
3631
0
1004
9681
0
0
0
0
0
18964
28690
5223
0
0
0
0
0
0
2208
0
0
33255
15467
82
66398
0
15873
40229
0
27784
42995
13501
0
16031
0
10852
57679
5977
0
0
35063
16902
0
24450
0
61167
0
14128
4391
0
0
0
71940
3100
59452
2953
35065
3761
0
0
37434
0
9376
13441
24896
12910
10761
233
21302
4897
3171
0
1508
43824
0
54
0
2467
0
1670
4661
0
210
51386
32917
0
56354
0
0
0
0
0
23451
3715
62143
61405
2103
28752
35257
27503
0
1865
1159
0
11000
37893
2486
38701
0
73918
0
0
23375
0
0
12775
11590
23256
14132
0
41845
0
36465
13502
0
75858
0
0
4650
48586
0
14579
0
15658
0
30855
0
0
0
0
0
0
0
75787
0
0
0
0
0
8976
0
0
61051
0
0
0
10356
0
439
3484
3180
67702
0
0
0
53712
2768
21842
0
7744
7706
64439
0
35916
42946
32192
3636
7361
22538
76761
5768
0
0
0
3335
0
0
20132
3316
0
0
0
0
49150
6681
0
0
25573
21253
0
9744
0
0
0
0
0
0
0
24356
12029
0
0
10214
11884
0
46404
0
0
17437
0
0
0
10366
6197
66359
0
0
0
44056
0
0
6408
48739
10392
0
7812
25177
65454
0
60290
55656
0
14574
15437
52275
0
0
45250
2191
0
0
0
25248
0
0
21505
0
45006
51498
0
0
69746
0
0
0
0
0
19072
71633
0
34727
0
82
35825
0
6961
0
54499
6614
0
41616
0
0
14019
0
0
0
3583
10482
14508
11314
0
9741
76244
1426
0
0
16039
0
981
18223
0
8056
0
0
45746
49843
13972
6342
27856
1783
0
5562
13031
11894
0
5320
20118
34829
0
0
0
61675
0
0
1583
0
53881
24802
0
0
19958
53318
0
0
15943
4438
8478
19175
0
72715
0
6585
0
0
39735
0
13143
33120
31707
10012
0
3583
0
0
0
0
42519
25490
19888
19830
1617
4256
0
0
0
17264
27540
24695
6265
0
0
0
0
23086
42126
0
0
5113
9900
1134
0
24658
26356
31615
0
23452
57359
0
0
0
0
53497
12988
0
32863
4329
0
0
0
0
59846
24522
0
4731
0
30985
10908
17854
4122
16447
20898
0
0
0
0
0
27149
0
0
55184
0
0
0
69076
48223
6542
10212
42078
64285
0
0
0
10854
0
0
0
0
0
0
0
65249
12326
56222
1531
13130
0
40229
0
0
0
0
0
4669
0
8263
0
0
16649
31614
0
77863
8665
0
0
52845
42574
0
72281
0
0
0
10099
0
17406
3705
0
0
7501
72174
0
6151
61074
0
10652
28019
0
8800
0
20068
0
36480
0
0
0
43948
0
0
13680
0
0
31992
0
11156
34525
11669
0
14339
29586
0
18662
2820
0
0
19969
38509
35720
0
0
8472
0
2366
25813
0
6445
52714
0
0
5235
18757
18149
0
0
15584
0
8733
21829
0
25303
0
0
4924
0
0
46630
50488
5151
21653
0
9688
0
37411
7159
25577
55235
39539
0
0
10203
0
0
0
0
0
751
13294
8549
0
31619
47749
29377
0
0
17365
10879
46806
2458
19161
27549
0
20198
3433
0
36796
20883
69231
0
32205
41355
35749
35621
22331
30042
45790
40914
73462
16556
14811
40732
50280
0
0
38934
0
35984
54467
0
780
0
8079
48154
34623
7171
0
0
51720
15431
948
0
0
0
0
18082
0
0
18518
0
0
40933
18914
0
0
0
13613
0
0
12475
3155
25561
0
0
72208
0
900
15236
10392
3576
0
73287
0
45504
2638
9484
0
0
0
0
0
0
0
0
0
511
0
14233
0
55570
7730
56302
0
0
20050
15881
16625
76357
40267
0
0
17745
0
65646
0
4991
11267
67564
19123
0
73387
7880
4876
63110
23924
0
13461
44766
0
0
0
38373
2628
10070
0
0
34845
0
0
44696
0
0
20418
0
54377
0
74637
8374
23087
25121
10427
57884
4143
912
39897
9552
42304
0
0
0
3546
5826
46610
14260
0
19449
0
13764
740
0
0
19097
0
8963
0
14769
0
43423
0
28861
0
1902
16854
12734
0
9149
0
0
67226
27479
2868
0
18138
0
75557
0
0
74061
0
6963
3743
2390
16299
59073
0
0
0
0
695
69336
13758
0
0
33574
0
60346
4542
19392
31311
0
19187
42639
52566
6883
15197
0
26412
0
55887
1949
9930
28720
39870
0
0
21878
4539
71399
0
9768
4972
37249
0
12400
0
26419
0
37338
0
0
0
14998
0
0
65855
73630
0
634
0
0
0
0
0
15626
49179
0
0
0
0
6578
2072
28013
10321
0
19259
0
0
7023
4071
18270
24942
0
44326
0
0
41226
13287
29999
4500
0
0
40098
0
27109
0
10057
12721
0
5830
4096
0
4317
11658
0
0
0
9756
221
0
9858
0
18801
0
30024
0
0
6200
0
2644
0
35900
0
0
14536
0
12735
11545
789
19128
0
4550
74274
0
0
0
0
0
20048
766
0
13349
20513
5872
0
0
34282
76697
0
0
0
0
0
60435
41806
13053
0
10769
56374
48785
1523
14415
0
0
0
14047
41599
69535
45886
39483
55336
0
60462
17597
20631
51751
0
15416
0
1967
16855
20894
14361
0
53001
0
68055
0
11805
0
4194
0
0
58719
0
0
0
6707
7427
0
0
43590
20075
36319
17313
3869
17845
70451
17773
0
17853
0
15579
0
0
0
2540
0
0
8438
3123
31522
16316
50750
27995
53974
8038
67368
0
33281
3110
4941
0
0
1459
16904
0
523
0
37891
1305
3220
7924
0
0
0
2256
0
5296
0
22481
0
0
15842
19457
0
7098
61992
0
0
0
30071
0
0
8607
0
1291
0
0
66259
0
20775
0
0
63271
47039
0
0
16256
0
10541
0
31160
0
38653
0
76971
0
55822
4774
34952
0
12676
0
0
23253
43625
24752
4406
38332
40975
11473
57096
0
0
0
0
230
9112
2984
7836
0
0
270
0
41833
0
0
3973
19837
46203
0
0
62550
77737
8624
0
22774
2043
0
0
0
60971
0
0
17377
0
0
0
0
74121
0
25565
0
0
0
0
0
0
40245
0
60304
40271
0
55879
0
0
0
0
635
8367
0
10240
12137
33796
0
48064
1946
40154
10479
2185
0
9936
28544
3153
58068
0
6612
51369
0
71711
68458
31676
0
0
0
4545
24650
43918
0
45483
8766
7488
15080
27134
5330
0
0
21636
0
0
70000
0
8425
0
11824
0
4006
25282
0
0
16865
0
0
0
0
10844
0
71169
0
18304
0
0
0
0
0
58897
0
16434
0
53349
2463
12093
0
13648
67632
0
0
0
9858
49432
0
0
0
32703
9862
10943
0
0
37931
13823
0
0
10742
0
0
0
0
0
4305
30393
0
26687
35958
0
2968
0
0
15202
0
10863
0
0
0
0
20981
632
21793
50982
0
0
0
0
0
0
13835
0
5699
64055
40955
0
0
0
0
25328
17576
27275
0
6108
21993
0
0
18002
0
0
10484
0
32135
37196
53464
4844
34713
36455
0
0
16031
0
36111
1515
19324
62446
37719
31001
27009
33543
13378
1503
48663
503
34537
0
0
0
5867
0
8760
0
0
7750
7498
0
0
0
20660
9507
0
0
9929
0
0
3246
7994
13518
30
6253
0
10323
5638
0
0
23648
8755
7659
7472
0
0
11760
20727
0
75692
36288
0
1750
36529
0
0
30972
0
14671
0
622
14885
36971
15922
0
24247
4179
76349
7746
4199
0
0
1634
0
0
0
60481
54456
0
73702
30904
64216
0
74736
1371
47892
15237
0
8982
28120
32769
66263
67088
37711
0
0
8429
41669
0
58791
24561
0
0
0
0
0
34993
0
0
5537
0
30454
31546
25246
12795
0
76228
42112
76225
0
4610
21706
2533
19815
0
3542
0
1673
7262
75202
0
0
75057
10637
34945
8945
29789
0
0
29253
0
10170
0
0
0
61011
49154
0
2720
2206
5249
12829
9452
71199
0
0
42223
0
11020
8714
40277
36175
0
0
18763
410
0
10185
32035
0
0
34474
16387
0
0
0
0
0
15137
4982
0
44911
0
38168
0
78002
3996
50154
0
0
0
0
19928
48615
0
0
20280
0
0
36967
20355
19678
0
0
0
10600
15909
10970
0
0
0
9394
11686
28404
15184
7963
32339
23049
37603
6504
12365
74828
16191
6397
0
0
12216
4954
0
9471
48176
20220
0
0
0
27150
0
0
45377
9938
2962
0
326
0
0
0
3484
0
0
1333
40260
0
4556
22879
18419
0
0
26659
0
7180
0
0
0
177
7683
0
7764
0
0
43810
0
8732
14505
0
0
4552
0
0
0
11561
0
20593
12711
10808
30541
0
0
0
15327
0
23399
0
0
16569
49997
16127
51253
12446
0
57938
0
6895
0
0
0
0
7579
51849
3228
0
45924
6093
8093
11758
0
0
0
15875
18001
0
32994
0
0
0
0
0
6321
70475
6857
13749
0
22875
18918
8957
26462
7233
0
46114
72555
4816
13096
73964
0
14814
0
37503
34712
0
46394
117
4732
0
0
68112
0
4896
8805
63851
4479
0
3145
68861
29746
49298
21720
1497
13680
4857
0
4334
48976
16129
0
0
0
0
12948
64601
3154
47777
6263
0
25227
25317
57178
0
45187
56773
21339
71070
77455
0
0
64895
0
77337
74443
0
0
48812
0
14387
0
61997
29593
28949
0
17292
30281
26363
59785
21448
13018
4996
0
39968
12438
0
57801
0
0
0
0
0
0
75744
0
1776
22851
7164
63148
0
0
0
3653
0
0
0
7366
0
64163
37052
0
0
1721
0
0
0
14222
10166
12150
21278
12067
0
66220
1559
0
0
0
4200
2645
16576
19197
689
0
66398
21843
0
67719
0
13933
1806
39635
1924
0
0
0
0
7901
0
48064
0
70731
70589
0
24014
20402
0
48340
0
0
43448
5631
0
73517
0
0
2741
24327
0
62259
0
6097
0
0
27960
70748
18211
43684
18211
0
0
63310
0
0
0
1428
22877
32826
0
0
18698
0
49528
4471
13656
21021
0
49865
7132
0
14386
77421
5126
0
18016
0
0
18918
0
0
0
16465
20697
67982
62905
0
0
0
0
0
0
0
0
0
12465
0
61106
8854
1407
45441
6895
7983
0
38475
13308
0
8692
20171
0
0
0
34093
0
26556
0
2673
0
1068
4280
6768
48797
17236
9668
2367
0
0
10829
629
0
0
18002
0
0
13754
73206
0
42407
6683
21320
63863
5397
0
4875
21147
24403
19772
0
0
10140
0
332
16165
663
11380
10190
0
3743
0
0
0
2837
10946
0
3644
0
40768
3673
0
48524
0
57093
71664
0
0
20063
21537
0
15519
6998
53513
0
0
49186
0
72059
0
0
0
49313
0
0
52413
0
0
18793
58003
0
29502
0
0
0
3143
12284
0
0
11974
7477
51364
40802
17444
0
0
53891
7340
22938
3943
0
9016
0
0
0
0
6657
74399
0
0
18662
28737
4234
117
0
0
0
0
0
3048
36983
0
71155
0
26204
12490
0
3926
1845
2564
0
0
0
42386
0
6322
0
50910
22539
0
21146
70733
54727
7013
33372
0
28233
5157
0
35228
18101
0
3278
69920
20352
19694
4445
0
46365
58657
31139
44080
0
0
69883
77888
0
0
75467
0
1116
0
28054
71305
0
0
0
35561
30409
8349
15684
35322
0
0
5671
0
42282
63536
49476
0
11062
73716
26821
0
0
4756
0
0
9940
26177
18430
37323
0
0
0
0
30485
0
15956
30288
0
45723
28771
0
0
11537
34711
49301
77812
0
47705
0
0
7263
0
0
29356
3482
0
37899
5580
0
7036
12873
0
7831
9392
10834
0
0
24877
23523
68453
0
0
6231
4294
44918
21071
27556
0
0
0
10184
544
2354
20546
61719
9119
0
19553
0
4374
14516
17357
0
31511
0
0
14128
0
57784
0
0
38476
36208
0
16986
0
36566
0
53587
0
4720
10883
74485
12954
67441
54020
0
0
0
9536
12711
41077
0
11405
6838
25438
0
0
15792
0
0
0
42404
16616
0
0
12575
0
0
19535
72359
0
43259
39828
15220
0
0
74296
0
56368
12600
3413
38631
0
20979
48685
39525
9051
32889
19028
8902
8299
0
11898
4145
24584
10207
0
59975
7717
5684
72325
37202
0
1515
0
0
63894
0
0
26514
39672
14682
9529
8044
0
0
1996
49840
27545
0
6028
14452
17900
0
0
21949
48506
5802
1824
31641
33018
16831
29737
42068
8876
918
0
2081
0
2382
37687
25127
1169
0
15832
0
17992
0
0
0
4427
13060
30853
11501
7417
48325
0
62501
0
0
0
24040
31460
6566
0
0
0
24932
19786
43646
35407
0
23839
0
0
31687
25826
0
0
0
1657
0
0
0
0
61537
0
23336
0
12823
0
43692
73702
1485
56613
0
23576
76222
0
14530
11985
77117
0
0
0
0
0
33164
12525
78023
42932
0
8780
0
17816
11569
0
286
0
40509
60128
35302
0
16987
11425
58696
7357
9994
0
1697
158
56009
0
26173
9661
73737
0
9600
0
5679
0
0
4990
61920
0
26126
3587
13534
4592
4623
3025
0
0
54908
17621
5536
38962
0
17472
40295
26590
16582
44135
34875
0
47273
18675
41150
0
9533
13691
0
0
17918
30552
0
73774
55428
1436
12553
0
0
0
16755
28442
0
0
0
7727
4551
28218
27428
23385
12816
753
17962
0
0
15003
0
0
20928
0
0
11421
0
0
19362
0
17502
0
53527
0
0
13922
0
0
4386
0
45493
0
0
6275
0
0
0
0
72115
0
0
39976
0
5882
22024
60247
0
15782
6800
0
0
0
62794
0
0
19708
0
6466
0
14958
0
0
8099
71296
0
21629
0
0
0
0
59597
63617
0
7716
29126
0
62005
0
6534
8219
0
0
47093
5233
0
19762
0
4040
0
35790
8419
0
51343
20217
0
54868
0
0
52608
17299
0
33489
17939
8930
0
13204
0
3660
0
5914
36085
0
12732
0
0
77717
0
32500
0
38912
0
0
49641
0
51457
0
52311
0
0
0
0
14008
0
0
16145
13159
0
0
0
0
3198
36165
0
0
0
0
0
0
10885
0
15268
8323
14775
70251
42179
3363
58574
0
23647
0
72194
853
0
3047
0
57128
0
596
3367
0
16247
10858
51586
0
0
5464
54725
4602
24604
0
0
16488
0
0
11480
0
10383
43124
0
0
9283
2116
19506
0
1025
54938
0
16352
59759
0
7412
10326
0
0
0
31448
0
20545
0
5345
9679
43965
0
21098
0
0
0
0
0
14060
9923
29861
0
9987
0
40800
41877
27905
0
5956
0
25725
34306
0
19868
0
40895
1918
2452
18751
1855
0
0
0
0
0
0
0
1942
0
0
20102
0
21606
0
0
0
42618
19386
1033
10636
69310
0
29603
0
6478
68005
9482
0
6651
0
0
0
25288
2523
0
28396
16583
0
0
0
46912
28082
0
0
0
52430
57673
13456
39696
0
0
0
0
58960
0
20683
0
54160
9527
0
0
70419
0
0
34622
14647
5575
0
74593
14263
1818
18965
41253
0
7192
0
0
34784
19713
0
34835
0
46622
0
429
62756
0
15586
0
894
19773
1435
0
0
0
9209
0
0
0
11381
69635
58559
0
0
12211
0
32588
0
47403
39244
53817
43870
0
1403
48458
13214
13971
410
0
0
0
3639
39722
10750
0
5115
10267
0
20172
0
71938
0
0
65119
12751
40548
1588
0
6978
53001
0
16345
8464
0
0
64663
0
3240
3008
312
0
0
51618
0
23423
6238
6786
2409
7929
20086
56959
0
0
69518
0
0
0
0
47452
51591
7182
6735
0
57764
20829
3351
30008
0
68373
9868
0
0
64785
0
56700
0
2238
73863
24223
0
1547
0
0
1130
0
0
0
0
63787
33124
0
0
0
62978
15918
0
39957
27820
45737
3675
0
21255
12769
0
0
34245
47633
12775
0
44120
2429
40413
0
13018
0
16874
0
0
44261
0
4285
0
0
0
28712
0
0
0
30657
0
0
48094
50261
6539
12290
0
0
26709
26507
16970
47017
0
61866
0
2406
0
0
37532
51107
0
16665
0
0
49891
0
3724
7912
60996
59616
8700
0
34067
0
18004
0
0
49915
0
4412
23613
35920
22932
44128
0
0
0
0
0
71442
1235
0
442
0
66606
0
33
0
22971
0
0
64400
1039
42487
0
16262
5848
0
30964
8478
0
0
0
0
0
44762
55990
58252
0
0
0
8865
36098
0
0
13427
0
25526
0
0
0
0
4547
18795
3660
68914
75969
0
0
0
2680
0
55303
4098
3002
65108
77897
18073
0
0
23301
0
16048
0
29199
4598
19210
31718
1989
7702
54720
72356
0
42646
0
0
4983
0
0
0
0
8663
10949
57817
50514
1010
44803
0
0
32502
0
16956
66515
52958
0
32777
26211
48571
0
0
32287
14752
58164
0
11320
9302
0
5830
0
0
16084
25860
37876
12411
40234
0
0
508
0
0
0
10055
890
65479
63238
0
0
9014
6890
0
0
0
23441
0
32595
0
76937
1274
7472
72621
57705
22798
0
55361
0
70030
0
34414
7717
57269
0
2852
48749
26055
13686
1118
0
6880
58656
0
18139
11465
0
0
28894
0
16076
0
14016
49120
9465
16235
0
9068
1185
3351
719
51785
0
0
0
14115
4562
29418
0
9004
0
26340
45972
0
6949
0
0
494
0
17789
0
0
14498
0
0
0
26162
0
0
72084
6885
0
12599
0
9333
0
25389
0
0
2955
1652
0
0
0
38922
14527
48900
0
25682
0
40589
0
3976
0
6771
0
60708
0
0
0
47558
71886
0
26690
0
1278
0
18632
49912
9840
0
27337
0
60798
49756
0
0
9328
68652
0
70107
0
0
0
15871
20499
34267
0
0
11464
0
0
0
77349
0
0
5141
0
4014
29288
35115
257
5364
24049
0
31672
10042
40523
242
0
0
0
0
14943
30326
52444
51293
14194
0
0
63859
2319
21529
0
30628
17731
24502
678
56738
0
0
14146
65967
0
118
48718
30660
7787
0
0
9464
2742
15549
0
7392
0
11508
0
361
0
0
0
4277
0
554
12608
8994
0
44197
0
0
0
9686
49960
17344
41599
6554
11829
0
5896
18640
2415
0
26542
0
3942
11406
8586
10044
13218
49028
7610
75502
15660
0
0
43972
25400
0
48391
0
37262
0
0
4582
31337
0
12966
0
38986
0
7302
6054
0
46449
0
9575
74374
69578
10319
0
4028
10156
0
57916
3967
0
0
0
17061
0
10129
0
3530
19755
19276
9303
0
33984
0
17954
0
6661
0
0
66425
23395
0
0
0
3766
0
75442
0
0
6064
0
18641
35159
0
136
0
484
0
75146
0
0
0
59158
36618
0
55484
0
0
0
0
246
10776
38908
3147
11960
0
75821
0
0
68251
0
0
22071
0
4018
33861
0
6415
0
0
0
24121
20971
0
12603
0
75109
0
19483
0
23126
51388
0
42929
28624
0
0
66457
16430
0
0
13453
0
6829
0
66111
0
0
50151
0
57090
0
21786
0
6840
56436
26169
0
69681
38029
0
0
51157
51963
7879
0
76981
0
13905
4820
25822
0
0
0
0
16808
0
42241
23336
42307
0
1162
11596
12428
0
13957
8192
45002
0
47902
4152
0
66774
0
41097
15273
0
12077
0
33771
11400
26231
0
657
0
0
7286
0
0
10969
9932
0
62200
31077
40554
49346
22737
55880
68144
0
0
0
6922
535
0
36028
0
74049
0
26697
36974
22836
57307
0
26759
12643
23566
0
49754
0
0
30954
0
0
0
49773
0
0
0
14151
22918
65451
14173
26333
27717
14966
29632
32422
22069
0
0
32918
22193
55812
0
0
0
0
16111
72591
0
0
17795
70821
17141
24152
0
0
58705
0
63566
0
0
3586
8989
16716
0
0
0
0
73249
4005
19200
9282
6209
37704
17131
1711
0
0
3444
0
30050
0
0
32130
2028
19963
0
0
12895
0
0
65407
73046
0
0
59385
0
21434
0
0
8259
0
0
0
1323
7148
0
12400
0
0
48874
6318
58017
54950
0
0
2890
717
0
2638
0
22623
0
0
0
0
46130
0
0
18973
19612
1456
0
7114
39203
35842
0
0
0
0
141
943
41712
0
9350
0
62811
18017
1959
0
0
40238
13257
8747
41158
0
67452
0
0
0
2467
0
0
0
69721
0
6826
174
4732
22159
4387
0
92
52636
283
0
24275
0
0
0
0
0
0
0
66331
2884
1613
0
0
0
17925
0
21489
0
41351
0
0
0
0
47818
565
0
0
35117
4044
17024
6096
61541
10315
0
5178
0
52318
0
0
0
1783
0
97
0
47303
25716
0
0
0
1717
0
0
50849
0
0
0
8990
11450
0
3949
6545
23264
4330
10980
26642
0
0
29948
54369
20880
15231
0
3161
19334
35063
62342
22120
0
0
11976
75937
0
8126
51183
16038
4469
23587
17492
8297
44546
222
29521
0
0
0
0
66606
45014
0
70708
9921
0
26198
7058
49770
0
8911
6308
0
9012
1858
1676
34963
9394
26999
8875
0
1836
0
0
0
31020
42349
3841
0
8112
0
5109
25584
0
4801
0
0
3244
13117
10876
3050
34211
0
0
0
990
0
0
0
20335
62510
33474
3330
66073
9833
17551
10359
0
0
18043
59885
67281
0
0
0
0
48029
0
0
13725
0
17608
0
0
17223
17155
0
0
28073
0
0
18972
385
44400
25722
73418
14244
17979
0
0
52851
11095
76232
38137
0
0
0
665
0
0
0
12731
74364
39230
60335
38
0
0
21480
942
24635
10442
72589
41136
0
0
0
0
61309
62859
0
34041
19541
0
58
58897
69864
0
5060
37032
19278
0
0
9738
0
11955
15111
0
0
0
75234
14204
0
0
34322
0
47908
30231
35580
38471
15379
34026
0
47610
0
71965
2881
41167
0
72959
0
0
0
8319
25010
20003
0
65552
1012
47840
1412
29166
0
18493
8521
0
8024
0
60818
0
61889
9421
31346
0
0
0
37276
32165
2502
27959
3516
0
54249
0
14801
0
72635
8375
53090
16915
26949
0
18209
0
0
4236
3662
13382
0
0
32766
0
0
0
0
2287
1395
0
63180
0
0
0
8256
12708
14870
38136
0
0
12796
36083
0
13886
0
0
49225
39236
0
0
30340
0
25924
0
64909
41817
7147
0
0
0
28320
0
4219
6775
0
0
41415
0
55643
34199
55465
0
0
37392
0
0
0
18004
16344
31768
10693
37041
0
19489
21602
21516
61967
0
0
0
24352
3915
0
0
0
0
60986
58860
3214
40613
0
53332
0
0
44686
13843
0
0
0
0
0
0
23045
19392
31680
13688
52573
42307
0
0
73689
13612
70271
0
0
34289
12579
0
0
53850
0
0
0
0
60511
0
14449
0
21620
11291
0
0
59168
0
55395
1793
18413
0
1516
0
0
20074
0
4160
32381
8498
17679
0
0
7816
0
0
38696
1775
0
61119
11485
0
3156
26738
54814
0
0
64231
49221
11959
0
0
0
13538
0
40080
0
38510
0
15228
0
25244
69672
68961
0
29539
0
71331
0
32103
43575
0
0
0
7950
40635
30918
7467
0
0
71854
16420
70567
0
0
28746
0
19995
7760
21369
0
7618
16226
8301
20924
3544
0
16839
15220
0
8324
16028
15612
10751
14809
0
18524
0
0
17379
0
0
0
59322
41297
24824
0
13021
0
0
0
0
0
0
9997
9743
0
0
28451
0
0
10479
0
30921
58391
0
21958
0
979
4544
0
18249
11992
10106
0
0
0
20993
0
0
10755
0
1956
4782
5770
66934
44466
21558
0
43566
0
0
0
2629
0
0
0
12623
18989
2206
73066
0
8618
0
18979
20688
0
1271
4427
2942
0
6994
18167
5415
2002
76662
20969
16158
11593
48736
32597
23076
58080
33711
32540
0
0
9628
0
0
72892
48407
27117
0
46772
73188
7065
68401
23815
0
6738
43851
0
2168
57953
0
0
56428
42820
0
0
0
35857
10775
0
0
0
0
0
0
0
0
5078
10501
11313
14488
0
45507
10382
17897
0
0
0
43460
0
0
19017
5583
12507
0
0
0
0
32296
35089
29948
0
40853
0
11806
0
0
10142
0
52983
14288
3692
9975
0
0
0
0
0
0
0
25278
17455
0
3609
2445
0
0
12615
12028
19355
845
14494
26188
0
0
0
0
47759
4627
78018
0
0
0
0
0
0
0
21666
74691
39348
0
0
0
25153
73872
0
0
0
0
17737
0
26366
0
8574
63807
0
523
0
0
50170
0
0
0
0
0
0
4361
25481
37649
31864
0
5796
0
9585
0
447
0
0
0
34522
0
0
51121
0
0
0
0
2791
0
3674
39716
6942
18723
0
0
0
0
39742
10667
0
6838
9433
48112
45346
0
58190
0
2516
15109
0
0
849
73489
1670
31168
30311
0
0
0
40884
63928
1163
4900
0
42547
0
0
0
0
0
0
902
0
0
0
0
35485
0
41519
255
40329
9700
0
143
24820
38972
0
6235
18815
0
0
0
0
0
0
20074
30064
36768
0
62430
47137
0
0
28371
0
0
0
0
0
0
0
29522
45588
0
0
0
0
70249
13647
292
50634
0
0
6081
0
40000
73044
0
20749
0
1590
0
0
28029
44473
72603
0
0
47774
0
0
8255
4800
0
0
72570
2474
689
15115
0
0
0
34608
8739
0
0
6061
0
0
0
3078
73474
0
0
0
0
0
27240
0
19600
7608
21809
3899
20141
3483
20044
12681
4376
5669
0
10548
7618
57988
0
0
0
0
40938
0
0
0
0
9295
6803
30510
812
41982
71
3235
11461
10217
50014
133
0
25335
47327
4675
0
12754
9627
4534
27341
0
71041
16048
726
10283
0
21128
0
45186
0
26276
0
51154
5852
27440
0
0
66228
0
0
928
6461
31599
0
45190
0
0
0
72281
0
5104
23630
4003
3147
52698
0
0
0
68079
7138
0
49374
4573
4787
0
9981
0
0
6547
0
0
0
0
57323
0
38971
0
36692
0
0
15044
8320
13298
57653
14928
0
68005
0
11378
0
5307
0
14693
6913
26983
0
6509
0
21547
35942
0
0
1938
0
16280
12766
0
23925
64289
53066
31420
0
0
11382
0
0
10302
0
59204
1269
62979
18723
0
17625
0
0
11612
0
27333
998
0
8171
54463
0
18571
78061
0
66760
0
2199
0
0
32396
0
0
0
0
0
0
39257
14141
0
0
0
0
43243
0
10192
0
0
0
60984
8552
77767
0
23852
21372
0
0
73285
0
6205
0
0
76131
65396
73010
0
0
0
29841
0
0
0
20332
12890
2395
0
0
0
0
18208
0
51785
5228
9784
28505
0
7656
0
20939
0
6445
1562
0
0
6625
0
2662
0
0
1613
0
0
33547
64441
45592
17249
48674
6013
2879
0
0
1016
46337
3655
0
3131
0
0
0
32010
0
0
5417
0
1222
8367
74031
31232
48317
16777
0
0
66156
0
0
19886
0
76136
0
0
17094
0
0
0
0
0
42273
22949
0
0
59644
43902
10277
0
0
0
75615
0
653
0
27625
0
10483
11015
15594
12003
0
0
0
0
22432
37117
70868
37369
18261
36948
43873
0
0
0
0
1796
3045
5511
0
54094
0
0
0
0
56613
19737
33886
34251
9367
7583
22538
0
0
32554
3838
0
25640
5127
0
50741
14647
0
762
13931
38794
17398
0
7903
10632
45250
4517
30950
15663
46777
0
9610
0
0
19943
0
8029
0
0
0
914
23608
0
58290
34454
0
0
3876
32303
13712
31438
6368
14314
73964
0
29737
12024
15571
65606
0
19241
24313
0
0
0
0
18304
36731
0
0
4643
0
0
0
46193
41190
28629
45099
0
12144
24443
0
12683
8124
70979
35626
0
41038
7748
0
0
0
956
3897
2335
40978
36903
0
77922
945
0
31380
0
72947
0
0
37311
0
71325
0
0
0
3271
0
184
38120
0
0
0
9859
0
0
0
0
0
71300
0
53704
0
6809
0
30591
0
0
0
0
0
22272
13045
5132
0
0
20746
0
22894
2226
24239
48914
4920
0
33342
0
59301
0
0
70582
0
0
25546
0
10697
2763
29901
58989
0
1018
11477
7624
32379
0
11242
21810
78137
38187
0
14352
0
0
8017
0
71345
0
0
59337
0
784
53631
0
6155
0
0
12109
0
0
31837
0
0
0
43058
44422
1265
0
0
26669
0
16845
1614
17411
9299
20995
0
0
9606
0
21995
0
0
7993
5759
34083
4177
26744
0
0
12387
2617
0
2600
17089
69513
3469
0
0
1319
0
0
0
54144
42158
77409
0
5749
3984
21129
0
0
0
8701
52672
0
0
26322
51458
7198
14460
6300
13413
16765
15060
3789
33890
0
0
0
0
56794
0
0
347
0
34620
45635
12424
0
13988
17169
0
51991
627
45716
0
3198
2225
5279
2984
0
0
0
1264
50553
0
2095
0
0
0
11218
37693
33433
0
50572
24177
15377
0
68907
0
6961
738
1118
0
12925
76040
70147
0
56
13898
0
0
0
40930
0
74191
12427
4809
589
9667
0
23251
0
0
71202
8247
0
4010
0
0
0
68490
31828
0
18314
19655
0
2291
0
0
9728
19882
0
4884
60712
0
0
37451
36847
0
42456
0
65155
1625
0
10025
2284
0
4586
0
0
0
0
0
0
237
0
0
891
0
0
18399
5365
19554
1460
0
0
53528
0
30893
71186
32209
13415
5146
3375
67123
0
0
0
130
3243
8005
3484
0
47937
0
0
63475
8052
0
20154
8589
0
0
0
0
0
0
51736
0
75098
32251
0
15503
0
3555
28635
56322
5464
0
57690
0
0
17849
49188
60459
3096
7995
0
11968
9369
0
35757
10432
0
42845
17953
15007
0
47333
971
0
50934
0
0
0
3896
12047
0
19721
65417
47053
38842
0
687
2378
0
0
19753
0
50917
0
0
0
14387
0
0
0
56042
0
0
0
0
20586
58375
5265
3140
0
0
0
0
15784
0
4835
0
0
14721
0
31569
64906
0
22373
1870
0
0
77309
0
0
0
0
0
73086
0
692
54752
38979
0
0
19973
0
21767
58038
0
0
0
0
0
1419
8447
0
0
56544
39884
56319
41709
44835
0
23517
29988
0
5746
0
25919
0
9826
4773
0
0
17346
27257
3969
77247
21208
9879
0
70832
0
69762
59019
0
0
0
7142
4100
18919
0
33152
0
0
10676
0
20269
30587
70917
0
36821
0
20043
34184
0
16718
15408
42001
0
0
0
0
22720
21953
13916
49212
0
0
0
0
17132
0
0
0
62775
0
47879
0
0
13610
0
21304
8545
12249
15921
0
0
16638
0
66617
6830
17420
0
3522
0
0
49821
53291
0
0
9882
2858
0
50489
0
0
10612
17476
0
71066
4409
9131
0
30177
1491
28621
0
7130
20570
0
0
0
0
0
71103
0
6989
17017
20928
9491
64778
0
2887
0
0
11488
0
4056
3316
10372
0
13206
0
0
0
0
6188
0
248
10429
20951
11351
0
1894
0
6794
68505
0
4711
12471
0
12251
12857
0
0
75956
9315
0
0
51516
16144
18626
60459
0
7188
0
29961
11869
68752
13747
0
35050
63242
0
0
5345
0
67215
0
58413
0
0
0
0
0
62647
0
23288
7614
0
33452
0
0
48524
0
6080
11061
40089
28412
0
77018
15122
0
41851
41883
26054
0
0
0
60164
0
0
0
6807
0
21211
55872
0
52901
9196
0
0
8879
34513
0
0
0
0
17880
0
0
5226
0
12981
0
0
0
31489
38928
0
0
0
0
22542
0
3600
0
0
5782
71051
16228
0
0
55344
50226
12902
0
0
544
0
869
0
560
0
15112
0
0
0
7675
0
0
91
75788
6330
28448
29553
13968
0
19399
33868
0
22554
1141
0
54901
32001
20563
0
0
12767
1818
8716
20676
0
0
0
68937
0
44796
21762
17116
0
35888
21626
0
31357
24146
53365
0
0
0
0
0
0
10010
9084
306
32594
20041
0
1272
0
31728
73996
8806
0
17917
41449
32233
0
40
4421
0
0
3132
63756
67465
0
42435
4706
0
0
38423
0
0
0
63264
0
0
0
55345
2874
36296
27885
0
0
5642
0
23413
24408
36997
0
1624
643
0
0
0
0
0
0
0
3557
0
1978
32304
0
14632
0
11779
0
0
7910
0
77378
4333
48043
12666
65188
0
6963
5892
42158
1410
20760
953
13852
0
7828
0
1133
41740
0
0
1860
0
54091
5291
0
41635
12453
0
0
26617
6563
0
43667
0
5475
0
40972
0
0
0
0
62611
0
0
0
0
35210
18546
0
30370
0
0
0
16501
0
57723
0
5469
15727
141
43268
12827
45601
0
0
0
0
12828
0
10319
6965
0
0
0
2285
16709
0
26460
0
0
0
0
0
0
37944
15493
173
17915
78102
18266
6792
0
0
0
21285
55148
5908
74721
40241
585
122
0
0
16436
0
0
0
70125
43402
4853
0
0
0
71592
0
0
0
0
15649
16297
0
0
0
6401
0
0
27196
41761
0
906
35300
0
0
0
47330
0
0
70536
22077
11929
15280
0
0
0
2320
0
15474
22465
0
0
9454
0
63916
18230
0
0
0
0
6865
0
0
0
0
21810
0
0
0
2319
7833
0
18543
0
0
0
0
0
10371
0
45344
0
4863
0
0
0
0
0
43134
0
0
2418
48276
19812
30935
0
0
0
17059
0
15952
12353
11444
13916
0
33689
60546
0
0
23018
10162
0
8431
47691
6766
16629
28650
12813
5867
0
0
0
62062
0
0
12672
8960
13207
0
0
17631
0
0
32757
10144
1205
0
0
14685
0
0
47148
0
0
42776
0
0
0
0
24969
0
53547
0
12696
67093
0
29795
0
36550
0
59911
0
51292
0
48800
0
0
0
0
21032
482
61952
13249
443
0
71508
17557
0
62258
0
0
29628
0
28677
72723
0
0
49879
11271
2838
22025
0
18824
0
7240
44251
39083
0
0
2594
0
14057
26514
32616
5349
0
0
7769
30912
0
0
0
0
9170
3254
4049
67505
0
0
42417
0
0
24684
0
0
18978
59957
6599
0
4038
0
37608
0
618
1721
12301
75186
0
11121
19100
1596
10699
0
0
2656
30119
0
0
0
0
0
2773
74875
0
25193
5405
0
51401
0
0
15749
0
73794
0
0
0
0
11834
0
4176
42385
0
0
0
0
0
3754
46090
0
0
21052
0
38433
0
0
32248
0
36536
0
6069
9760
54589
18951
0
0
0
60976
0
9251
0
53139
0
7553
59293
5062
0
34896
0
0
0
20257
0
9262
27063
5086
0
31238
36828
945
38739
0
0
0
46333
0
11022
30942
0
0
0
0
0
21989
2183
0
13139
33127
73483
16446
57073
0
0
1718
0
0
0
0
0
22426
0
7652
62537
32548
0
22843
2520
0
0
2183
14723
7184
66053
0
0
627
9715
8665
0
53809
0
62297
0
0
50728
74987
5649
0
4527
7686
3319
0
5510
0
6494
0
73089
0
52787
49810
18213
17089
0
28160
0
0
0
56338
6942
0
0
0
22420
0
0
6494
0
2970
14204
26384
0
822
0
0
0
12197
0
10299
52242
0
8684
0
2043
0
2257
0
0
77597
0
20033
42545
2147
31152
0
0
26152
1696
6850
17843
61608
0
17467
0
35505
62762
65064
0
12795
0
73886
11672
0
0
19379
0
11117
65311
11224
0
0
10677
71503
18159
74735
13099
10152
0
0
70948
0
0
23646
1442
63559
0
0
68734
16929
0
0
3789
27009
0
5880
19429
0
2434
39303
0
0
9793
33670
0
0
3785
0
0
21796
0
2784
27779
0
0
13217
1500
2447
0
0
0
47245
8846
11425
0
0
0
4076
0
0
0
10933
76576
14537
0
0
50163
38347
16350
0
66328
9636
30691
51893
7084
34507
7042
73411
0
42026
30742
76419
52185
0
18324
10816
57709
14054
0
0
0
3007
21918
0
31382
0
0
14435
58128
12221
42748
16486
0
0
17499
0
0
23815
31097
0
3656
0
0
0
0
30514
0
21199
8937
23268
0
42966
1115
0
0
50092
0
0
0
18080
31950
0
282
835
0
53727
0
39577
1098
9264
15550
0
0
19830
7633
30910
7653
69602
11674
17858
407
0
63249
10437
0
0
53347
33699
17018
0
0
23277
8845
36143
0
0
0
45397
0
0
0
16758
0
5123
10219
0
18412
23681
22773
31257
4545
57254
0
0
181
0
0
71632
9301
0
55675
0
0
9787
0
61455
0
0
38742
0
0
7518
0
7890
16765
0
0
0
39870
20219
0
0
2283
0
20493
19422
0
26375
0
4999
8222
0
8938
64348
63342
0
1540
2361
0
0
0
68799
1998
36960
50857
0
43909
19821
0
12134
0
3188
14375
0
0
0
0
0
20201
0
0
3646
8560
77103
0
6708
17835
0
0
0
6140
19717
3644
0
77155
0
0
13747
0
35461
17263
11504
40461
60070
4439
21179
32988
0
20921
29027
0
23278
14483
0
0
0
0
11554
0
25609
13688
40164
0
25085
0
5755
0
22194
0
0
25129
49149
0
0
0
12061
0
3473
2969
0
23787
38887
65314
27357
47392
0
7085
0
3504
54046
0
6876
8426
16416
0
7686
7167
4043
77069
0
0
2200
0
0
0
0
0
0
30912
63545
19832
61401
63434
9627
0
0
0
56989
71480
0
0
8570
0
24615
0
104
0
33799
24495
15199
1587
57410
0
37352
5948
0
0
0
0
69037
50490
0
75592
0
0
0
93
25491
6224
36039
0
24701
22509
20049
0
5625
0
0
0
0
22875
0
23935
8600
73922
0
1313
0
0
38065
14919
0
65985
0
48352
75098
12182
71665
35780
18571
4632
63472
27685
0
766
7815
0
2282
16176
4542
7806
0
0
2185
25172
15105
66639
40468
0
54544
18202
10315
30131
48816
0
17152
36556
28895
0
0
41358
74449
69923
2020
28336
5096
0
23566
0
0
2841
0
0
0
14571
32205
30001
0
4389
0
0
947
0
28356
0
0
3102
0
5221
8
16995
63368
11959
26
70198
20834
0
0
32282
0
19331
20823
0
67939
18421
0
0
46750
7651
0
0
0
0
0
17672
0
27905
4446
16457
0
38412
0
6604
23300
0
10161
0
14210
0
69876
0
11314
0
0
0
0
45668
39002
0
0
6226
7097
47860
19120
0
2581
11895
7652
0
66278
0
0
56386
37879
75237
60250
5419
0
9604
2952
9688
0
0
9260
76122
0
0
14425
0
0
0
20231
1273
0
15215
14898
57020
73542
14231
0
23957
3678
43226
0
29477
31031
10930
68276
67395
0
0
36380
0
5
11902
0
21118
0
0
0
50951
1958
0
0
25279
18092
11596
72694
66603
0
0
0
71334
45366
0
4954
37755
46067
0
41168
509
0
14974
43022
31731
4769
12089
57330
0
0
48549
1020
42264
40218
18154
25279
924
0
20511
0
0
23238
27712
0
0
55717
40452
19024
0
13692
0
14394
0
0
0
2522
0
50583
0
28947
56338
19355
14579
24536
46903
75
0
0
11336
0
8137
2787
17334
45394
10562
0
994
41691
11844
6366
20385
0
0
14099
572
14017
20322
0
18907
53949
424
0
0
0
1248
0
0
0
13762
6909
0
78112
0
0
15179
0
0
33199
57024
16218
13528
0
27514
0
0
0
62653
67037
0
0
0
0
0
0
8112
0
0
0
36119
0
53994
0
0
0
0
0
45366
0
0
6323
39420
0
33409
42629
0
0
50283
15737
0
0
0
5323
0
18983
32681
0
10675
0
44467
75726
6318
0
0
36916
11551
10950
7877
0
0
14454
0
42934
0
14013
0
5873
52456
56279
0
2143
0
3878
8346
0
8318
0
0
383
7292
39991
35877
0
0
0
24096
0
63508
10782
294
10267
0
0
0
9792
0
26287
57118
29530
75298
4809
17616
31377
3818
0
12655
0
9197
0
0
27212
0
0
74641
0
0
31836
0
0
3564
2990
28186
20685
0
24597
27161
18685
846
333
0
0
21350
12720
56421
14304
15228
0
34065
46918
0
35844
0
18597
59191
0
4194
0
0
4163
0
11656
46319
0
43587
57235
50827
22883
0
16288
0
0
18042
3347
0
37057
22900
50679
0
27193
0
6678
34795
2187
4642
7439
0
17675
49515
44666
33621
0
0
47826
17290
0
7348
12154
0
0
19704
11615
0
0
33671
0
0
0
0
7657
60855
0
0
0
8078
13807
4989
16012
0
20449
28807
0
44715
22574
0
0
0
199
5887
0
0
19543
38772
0
0
61107
0
55974
13169
73290
0
0
0
4147
0
7682
0
1949
242
0
0
11221
0
3051
14933
0
0
0
0
18856
12533
24507
27619
0
18777
8370
5290
19226
41192
479
20844
0
31139
0
28956
5349
36157
0
65706
2927
29917
22594
0
0
0
0
14570
8914
0
33280
26272
47413
14902
0
3420
0
0
17498
2461
25760
0
12889
42503
0
34660
0
850
74545
0
11979
34988
19319
0
43728
0
66540
27773
0
0
0
9538
0
16217
70132
6798
0
0
28728
11526
0
61213
35661
0
6882
0
0
0
53867
0
2766
3261
0
0
0
0
45400
8994
0
31502
0
30937
17820
0
71662
72119
7030
0
0
0
3068
0
0
0
10908
0
0
3922
26476
4376
26937
0
16150
53059
0
0
4905
57143
21831
10396
0
49294
0
0
0
0
0
20049
0
1920
12938
0
5898
0
0
7684
0
3167
0
0
14746
31315
0
4471
15479
0
5991
15151
0
29210
1303
0
977
62262
0
15803
76226
0
7567
37649
20997
0
46652
18285
0
0
4884
0
0
0
26765
55428
3529
0
5741
20923
0
0
7783
66907
11289
0
4083
0
57421
0
28068
0
0
65614
0
17225
0
0
0
27538
10699
0
32806
61692
59978
0
7732
0
7556
0
46644
21252
0
0
44976
37664
7709
0
17891
21676
19706
0
52240
4788
57399
0
26227
59170
49973
25880
27457
0
56751
4791
0
10311
0
9078
21002
3797
0
20581
109
18218
0
43175
49565
3970
0
0
0
30106
0
0
0
0
17029
7424
0
21129
0
29376
68320
2003
0
1068
0
0
27998
38063
31898
6508
45835
0
30905
0
19462
0
0
18660
16727
8125
0
0
15110
0
28845
13177
0
0
0
2999
12587
0
0
11602
0
0
0
19244
0
0
7512
0
0
0
0
48505
29997
25965
15188
24450
0
0
0
4654
42610
616
0
0
51868
31413
0
0
20823
21619
75721
0
17560
2559
0
0
0
0
16216
0
0
5342
0
42823
0
0
0
0
0
0
0
0
32959
0
33107
68171
0
18946
27458
4679
43510
7478
36900
0
15279
36824
3500
56313
0
26476
19197
0
0
0
0
43421
0
2050
0
0
0
0
63453
0
21964
2862
0
0
0
0
0
17948
0
0
0
47038
5321
0
0
0
52708
40154
0
43347
0
1686
15290
0
17971
0
1284
26771
0
7076
1058
19232
23227
2999
0
0
5206
5843
22156
3505
0
14774
5561
0
11407
0
0
0
55634
0
20701
28996
0
0
7304
12816
0
5742
11174
0
5620
0
44593
12852
0
15946
71465
0
5905
28719
50442
39106
125
14996
0
27702
4915
33306
0
41618
0
0
0
0
3538
0
8512
0
5104
0
9935
31915
7623
7863
77672
0
7730
23275
0
32238
42618
4659
9876
0
0
30650
0
3919
18237
69808
39085
0
1459
13
0
0
336
5092
0
15100
19617
17447
27591
0
0
0
13819
0
5954
0
13079
12301
44513
0
1061
61455
373
2861
52574
0
18881
47281
0
0
15643
0
0
27574
0
0
0
0
70414
0
0
76948
17528
0
17943
0
0
0
0
0
25000
63674
0
0
24656
14031
0
0
38194
72033
0
0
0
0
0
0
0
75010
4494
0
64104
7052
27552
50423
47690
0
305
0
0
1588
20825
34044
2210
12356
19153
3133
0
37499
0
6400
13101
21177
0
75290
0
49190
8413
33021
4298
0
0
0
20636
1225
9412
41245
45995
0
3354
0
0
0
0
0
11732
0
0
20698
0
24851
44893
11863
1100
1358
0
0
0
0
0
77061
0
14100
1983
0
0
0
0
0
1973
23958
26591
13148
0
0
3543
2308
39116
11541
0
0
5619
0
32430
51871
0
15011
55007
4125
0
0
0
0
15646
9204
4389
0
45926
69691
0
0
0
16254
0
22049
0
37413
12283
0
49798
0
0
8535
14510
0
5108
0
6896
27033
3107
0
58746
0
0
8232
57448
0
6815
0
57617
111
8353
37873
29171
59419
12636
0
0
0
0
0
0
8777
71103
0
0
0
0
0
0
678
3348
32425
3279
0
0
0
0
0
74113
0
40017
0
9659
65644
18801
0
52203
0
3313
0
0
10188
3717
9962
0
37745
0
0
34227
0
0
54244
50956
0
0
0
17690
0
49920
19713
43284
0
0
0
3139
0
15302
0
0
27184
49834
74161
0
0
9590
0
0
2631
0
0
6930
23038
40591
0
0
0
0
0
30580
16457
0
29562
0
0
0
0
21243
0
30785
24946
0
0
0
24485
9839
0
0
0
0
0
55683
10906
426
18274
0
17030
0
29934
0
0
3563
12270
0
129
0
13476
44245
0
4492
0
0
0
0
68147
0
62101
0
535
0
0
0
51323
7940
3533
0
56887
0
0
50942
58838
69899
28667
52600
0
0
7850
0
57906
0
62558
7510
0
0
20640
58295
0
15637
18844
12121
0
0
0
7328
0
0
20394
69507
24468
29842
0
4089
0
0
7424
3270
18299
28165
12008
21220
14485
26110
0
21860
71375
16749
0
0
0
0
18132
0
73407
36593
10114
0
17902
14480
0
11613
77014
9767
0
4334
13227
29267
41439
21771
1402
9256
11348
0
0
37502
26513
0
43229
0
562
69202
44580
0
0
0
0
24841
19794
0
8237
0
0
0
55803
0
0
8672
0
0
6425
30767
7110
0
8755
3055
0
68948
42488
468
9254
0
0
0
6773
0
35403
0
8663
0
27169
20547
0
38479
14042
0
0
0
9643
0
8868
0
0
14404
0
0
14272
33768
28451
1838
71724
0
0
0
0
8621
0
0
53847
2996
11612
870
0
0
46092
0
0
11880
11482
45897
0
0
0
0
0
0
0
31371
0
56634
0
0
0
0
0
39062
4786
31673
0
32351
0
0
0
0
53934
56939
0
12691
16366
2049
28617
10762
34842
14306
6840
29579
0
75152
3894
4781
21506
0
0
10838
14491
0
2689
0
4029
10513
0
0
0
22965
47752
3835
45170
0
0
10713
74668
54516
30520
0
10044
0
0
26417
0
33165
3499
0
6995
17860
0
62178
27384
0
7200
0
0
52194
0
0
10442
0
17043
10756
13936
0
49180
15857
17755
0
8159
0
14697
0
4161
19683
0
0
8183
8193
32361
0
0
8533
7597
0
0
38909
0
7231
15031
0
60690
0
8783
0
0
7435
0
4182
12948
75863
59414
4432
0
63191
9767
58026
36683
0
6357
0
5037
0
0
0
8687
0
0
0
15091
0
0
9610
6637
2767
0
3007
0
38541
0
0
48424
0
0
0
67664
22813
0
73218
20000
0
0
0
0
47227
0
0
0
45396
0
16952
13663
50712
16719
0
6079
0
0
13203
24109
11543
17787
0
19878
0
0
3114
40658
42967
0
45155
0
18970
3583
0
44049
0
0
0
0
0
0
0
33516
0
0
0
0
12408
0
0
0
43048
1589
0
10750
0
5823
4528
12718
7569
0
0
14030
0
0
0
58063
0
0
0
42464
23738
1287
13688
57761
47128
44
11954
49711
28623
38654
7971
1924
18642
62284
9983
0
0
3665
12279
76130
0
53747
73289
3044
21999
63232
9299
0
55826
10851
9842
0
1592
56073
301
9285
20980
0
3030
28064
0
0
42699
9926
64763
61159
62618
0
11243
61558
0
38223
0
1568
0
0
0
711
56668
0
0
0
0
0
42620
0
0
0
22377
55922
0
42430
4750
74936
0
16127
499
6608
0
53353
14168
290
50443
17426
0
0
0
5557
26900
21112
43263
0
1329
21194
0
1523
0
89
0
71058
0
0
9494
29309
0
33212
66904
0
6629
25549
0
60666
0
17997
0
5873
33289
26613
3375
0
20327
0
32569
0
58118
0
2419
0
53190
0
19995
16387
0
0
9444
50199
9388
30551
26501
14175
0
0
63933
0
0
37971
6000
0
0
8411
0
0
0
0
0
42195
30079
1160
71866
76947
0
22892
0
43749
0
8443
0
6222
4519
0
0
0
1351
0
0
43038
0
0
7749
0
15521
0
0
0
19072
3423
12447
14155
6734
17867
0
0
0
0
0
0
57871
17242
16925
15832
0
0
76208
14860
23868
0
8045
37478
0
0
0
0
0
0
6163
6789
0
0
0
2600
72
8261
0
0
15531
46449
0
0
0
9366
25455
0
0
0
19665
26411
16617
0
13375
0
18953
2055
37319
0
0
3504
0
0
4257
0
0
0
59526
28337
9273
0
233
55470
33441
0
14173
51438
0
38603
0
24943
0
1634
48464
0
32867
69456
17332
0
3998
0
0
0
22420
0
0
31624
0
0
25595
0
0
4055
0
67558
50687
0
0
0
0
17126
673
0
0
0
11858
0
0
54505
0
2439
0
17462
0
9904
0
0
0
0
0
148
37704
0
20697
12132
13945
13860
0
0
0
7648
43031
8289
0
17847
0
31151
3860
0
0
0
13605
29940
28888
0
10883
25377
0
25228
57616
5490
0
0
40545
67968
31276
0
34670
0
0
42680
21594
2326
6030
0
48425
9952
1968
0
10975
0
0
52179
2974
41660
31429
0
3648
0
0
0
17114
0
0
51804
0
0
51413
30069
41631
2437
743
19421
0
15263
72217
0
0
18709
0
0
72889
0
33214
35997
0
0
0
0
1588
48630
0
21153
0
2799
11262
0
47816
71071
76867
1659
0
0
56077
6874
43389
0
0
2022
0
9526
57125
0
0
3879
52287
14507
4879
1414
0
0
59251
16879
18897
34354
0
1967
0
17702
32484
0
18218
0
11836
25302
0
73543
0
669
35290
0
0
37263
0
0
26858
0
42749
0
0
23053
16751
60660
29652
57206
0
0
5319
0
3397
0
0
0
0
6675
50564
0
0
10357
19453
53375
41084
7711
0
25835
53352
0
30980
74858
0
0
22948
32976
1746
0
4058
9291
0
33932
13748
10568
33639
55574
39317
9215
0
0
71592
22201
0
0
15230
0
0
0
0
29424
0
0
0
7871
0
0
0
1677
18246
0
0
1153
17119
46832
0
0
33256
15733
35024
19205
29640
14126
9002
0
0
0
453
13741
0
0
52164
14574
8213
30032
9814
577
12088
29032
0
46114
28191
22537
44906
0
0
0
0
12752
27094
19834
0
6311
0
0
4216
9456
0
979
476
41656
24801
4920
16065
16358
76754
184
0
56390
1208
0
0
0
0
20662
66872
6139
0
0
38406
2051
0
0
63579
0
0
0
0
0
0
0
60256
0
0
16928
0
0
43060
43555
22759
52621
0
10241
23820
21799
0
0
0
0
0
1624
44093
0
2920
0
15974
0
14474
0
12759
51947
2266
0
19763
40085
8594
6247
0
2429
2749
0
3805
0
0
0
4320
75301
0
0
0
0
0
6078
0
39734
0
16084
0
73599
23734
0
8267
43081
32881
65740
43950
10463
7908
21951
9099
21513
59820
52637
4433
23387
0
37831
53410
0
0
57725
25010
7718
17411
628
0
1483
16725
3820
43398
34863
24583
0
0
71463
0
29691
0
4730
0
7081
0
0
63239
11020
5960
0
5453
11302
42954
27798
24175
0
0
0
0
0
7165
0
5072
78097
10261
0
14290
1010
48643
0
72363
21383
2689
0
56952
51970
14513
34801
0
709
3003
0
0
12545
0
0
0
50374
18110
13708
0
0
24521
4866
0
6448
0
0
0
8252
0
0
77050
8399
35905
24713
49692
0
13096
9506
3977
0
0
0
29390
16600
21601
5560
0
7848
0
658
0
64891
68657
0
13272
0
9310
40906
58465
9797
6281
59605
12162
0
5974
8039
41314
40889
43778
0
30976
1422
44095
6208
16387
11360
0
0
0
69086
1054
11736
9500
0
0
10666
0
1584
13666
8131
21791
65267
17
0
11297
5224
14586
7850
11353
36298
7849
61359
0
0
70266
0
28245
7204
15883
18996
5387
1133
0
62207
0
14717
0
0
0
10999
57232
9601
73629
0
0
0
0
984
0
14601
25478
68012
0
0
31015
29763
35272
0
11383
8732
17289
25043
0
0
0
0
1742
0
34664
0
11501
13157
0
0
0
0
0
13612
9898
0
0
8127
32196
8641
15302
0
0
13342
21542
0
0
22400
5443
0
192
13481
0
0
19219
0
8459
0
0
0
25172
0
0
0
7608
85
0
0
5480
32686
0
35251
0
7875
18790
70198
13445
21997
21389
8106
0
19893
30617
76999
59960
33503
0
0
69194
0
0
36326
5188
0
0
10737
4324
0
0
66753
0
0
23563
0
0
0
53391
0
0
0
0
32150
66351
5413
57030
5026
54745
70450
26072
43202
0
0
18654
0
0
0
13062
0
36363
33892
48653
69449
0
0
0
12864
9833
0
6609
13663
0
0
65587
0
8132
133
0
68716
45338
0
0
0
5760
24707
49483
0
0
8866
29236
14430
56997
4455
20774
0
14214
0
0
31011
60172
34517
21194
0
1192
75497
0
0
52038
26830
0
49212
35446
0
0
2129
0
0
1557
68708
0
0
1584
0
19899
32477
0
0
11225
0
50302
0
9445
39833
35601
16205
11877
13001
0
0
48688
0
12106
0
0
72932
22042
0
6864
77449
4558
0
0
5548
0
20411
77140
0
44458
59122
36448
15749
63359
0
15743
0
8158
0
0
40293
758
18402
27051
12205
36831
1496
0
0
0
15150
0
19039
12355
0
0
28948
0
17088
0
14649
0
0
45007
16501
18525
8008
0
2938
69404
0
768
54052
0
95
0
39342
309
0
56650
0
3279
0
9371
60209
15546
17028
8402
12358
132
32835
16589
16244
61029
0
6944
0
3783
54493
10343
7200
0
4413
0
0
0
0
6567
22133
22226
65412
3793
7099
0
10425
0
0
0
36901
26856
0
18500
6505
0
0
21174
0
47820
52889
0
0
37453
0
12211
15651
0
0
9716
9085
13959
21334
77110
4894
21097
35590
0
58425
1826
0
0
1152
0
0
0
7097
12206
9738
7578
27829
21587
15101
0
11905
20271
49832
24875
30085
0
0
0
0
64174
0
8028
0
8006
0
0
1403
0
53711
4173
0
99
13566
0
9248
0
12023
70247
0
0
0
0
0
41720
4898
29918
0
5086
0
49779
0
0
71155
0
1720
0
0
0
7829
14454
51278
0
0
0
56095
0
0
0
0
0
3330
0
0
0
22855
0
44930
75706
13289
67856
0
30165
7365
14723
12136
1988
12383
0
2019
0
25954
0
0
0
31181
9493
0
0
3196
0
1681
48051
8567
0
0
5936
0
53174
68822
1559
55249
0
24203
0
19519
0
25399
0
0
1795
8846
0
0
26190
0
0
37451
0
0
12333
16181
0
4681
35846
5314
0
0
0
0
69808
5050
0
0
28303
0
0
0
14689
0
26829
0
0
9930
0
17092
28692
10431
0
0
17144
52171
0
0
0
0
0
0
226
20750
0
4682
0
0
0
11325
0
0
0
873
0
6558
0
2658
10336
0
2342
0
0
57063
0
0
298
13555
16295
15750
0
24590
0
6037
3976
0
14796
69042
46646
10745
57003
0
0
7620
0
8753
68663
0
76291
0
0
0
1504
63420
0
8315
0
24627
0
5191
0
27878
0
0
0
0
62440
10043
8981
0
0
0
17260
0
0
24425
3485
5793
0
0
0
0
0
9635
22646
0
0
36860
0
20870
20332
0
39214
1394
42313
53201
0
17993
0
3009
9886
27398
0
7051
13329
0
14891
1581
0
0
0
0
0
0
51947
30546
43079
18954
17887
3830
0
0
30682
25191
0
28692
51524
27849
0
6105
0
0
6831
0
77344
0
0
6821
0
0
8864
0
21059
8108
16789
3930
6791
9223
0
0
3461
8048
44214
71875
35333
2384
30475
0
0
0
0
15616
0
27743
56665
0
0
0
3514
64751
0
73007
0
66800
0
0
0
54459
10684
0
0
17521
0
35878
0
17085
0
52309
60019
10117
17932
715
10169
26797
5061
0
19610
0
0
0
37977
0
18633
12110
41388
3098
0
2163
0
62182
62305
1108
0
58757
0
0
0
0
0
0
0
18966
12287
5558
0
4232
0
64963
5098
0
45530
38172
0
46457
0
6734
25702
5463
2712
0
0
56969
28500
0
0
30605
16188
0
5131
0
0
41763
0
18473
233
9559
0
15999
0
12863
0
0
27415
0
0
950
25585
28960
54063
800
0
9925
0
0
994
16043
58019
4965
0
0
0
9655
0
44171
2751
0
13062
3316
0
0
19070
670
32109
31158
0
0
0
56402
0
28350
54524
0
7072
0
12433
44722
22927
33197
0
6175
42017
13580
10633
0
0
11833
2477
0
6104
0
22909
0
0
970
56157
0
20668
12131
15352
34950
0
0
47390
34107
25593
14624
11173
11740
47944
36440
0
186
25010
17703
43891
0
14044
0
6244
16257
4370
35687
0
8551
0
0
22147
0
20510
24711
4044
0
0
52772
25627
2088
0
14728
4822
0
0
66432
0
4501
68230
0
0
0
0
0
1283
0
18781
42399
0
0
31095
7998
0
72148
14293
9306
58540
0
0
0
1813
0
3772
0
3289
0
0
54824
12873
19643
22110
1203
23336
30544
10267
29733
15679
58852
77043
0
0
0
34914
27443
63248
34613
33593
16331
27240
17254
0
7215
805
0
0
49158
0
24142
0
7499
53499
4764
0
13219
23483
31393
0
0
9859
773
25679
0
583
16926
0
8706
0
0
0
0
55702
8648
19467
779
37019
13835
18683
0
0
0
0
58643
0
17165
28650
0
11417
4264
0
0
0
1597
66197
0
0
8338
8793
19484
25755
26043
0
3311
5113
5987
67544
0
10571
0
7385
14658
0
0
25129
48274
14265
0
0
29261
50551
40972
0
74003
0
15614
19190
0
0
39002
0
0
0
0
65096
0
8330
0
8045
0
0
17207
0
8800
0
0
0
8353
0
11671
0
13713
38969
22208
0
29589
0
0
0
42569
0
56695
0
39835
0
0
4639
0
0
0
27968
0
0
916
0
0
0
0
17027
65221
4944
76583
34263
0
65612
53765
0
25875
10497
66636
10995
0
40445
0
70743
0
0
52592
4544
12290
61261
34868
0
18031
24644
38603
0
10097
11920
0
10211
0
17933
0
1716
49490
45220
65235
24475
0
53908
0
0
17340
7515
6226
26738
0
0
0
37054
57512
4227
17808
0
46949
0
0
11129
0
0
18563
0
32382
0
70174
0
13540
0
25485
70129
0
0
0
7855
12112
75486
28871
0
28871
0
21171
69670
1868
0
0
0
5624
0
0
8418
0
0
7388
6518
7362
0
0
0
0
0
0
0
14232
7916
72256
0
43622
48601
15776
0
0
0
0
58566
60388
6834
8214
0
0
0
28429
19334
0
0
0
0
0
0
34333
16852
2110
9733
0
54085
0
0
0
0
38060
12938
0
0
7644
36612
18312
16294
0
20043
13318
11414
0
12267
21563
2070
0
0
0
0
59639
0
66842
0
0
44418
74302
2795
0
53514
28748
0
15152
0
0
73527
32249
3870
39171
13999
0
0
53860
0
71311
0
71473
6476
0
40010
0
35237
53210
1569
16175
4352
20296
2387
6995
0
0
15499
0
68586
53304
2381
66041
22917
7406
0
24912
0
0
0
0
68195
63783
0
4523
0
42670
12711
0
5630
54580
30944
0
0
0
64241
13827
0
7785
0
43205
24981
0
2424
51181
0
0
40489
0
6054
6692
18653
0
16300
3367
0
17513
1630
11935
0
0
36540
34484
7591
0
1663
0
0
0
40717
0
0
70553
0
20186
39155
0
47633
0
31411
40234
4702
0
34118
0
46926
1153
10868
0
72537
33316
0
46499
0
54929
0
7753
0
0
0
0
25408
74700
51634
18814
0
57962
0
0
12285
0
51238
43094
0
0
0
0
24719
0
1992
2136
594
9391
21826
0
0
0
30080
45758
2239
0
20132
0
0
4785
0
3805
67454
0
0
15855
8736
23645
45780
7523
9870
3961
22757
32898
42927
20841
0
1544
48774
0
2068
56440
0
0
0
78175
0
64503
20027
0
22068
0
0
43814
0
0
16010
0
0
0
0
0
74553
0
0
0
16140
0
0
15385
15229
14626
0
0
19496
73080
0
5520
0
29760
30294
11788
0
0
3439
0
9231
40268
15718
0
5223
0
0
68055
0
0
12913
39243
11192
31549
0
13092
0
25730
0
15686
0
4797
37941
35310
19808
32093
422
7143
0
48938
31052
55747
0
0
0
57912
64249
38165
63354
5204
10753
0
0
23827
72196
0
0
30516
0
68488
49727
4362
39479
4129
0
2322
0
5884
2072
0
0
0
0
0
0
0
0
0
11442
0
6738
20471
12443
0
0
4953
0
0
24589
2246
0
16519
29626
0
0
41845
5583
0
34771
0
0
0
48377
0
46742
0
73934
7996
0
0
2700
48711
0
0
67007
0
14069
0
73
0
6268
1593
2186
20978
0
5232
0
6970
0
2262
7256
0
12948
0
7908
0
39440
0
62121
0
76650
34439
0
0
1645
9970
0
0
64764
47290
0
9883
8250
59276
0
0
2750
12788
0
0
9602
28671
38817
40454
0
13498
0
0
7304
0
0
2224
36897
0
0
0
8828
0
17108
0
18688
0
0
3160
17720
35292
0
0
19456
0
0
0
70191
3909
0
2935
5076
34367
2127
0
13553
0
61219
0
14958
0
61281
0
52603
6695
0
18535
46706
49733
47817
0
3768
29135
0
0
14037
23182
5433
