3578 4000 3324
3027 2738
2738 1589
2738 3475
2788 3324
2738 998
772 3324
2039 3324
3324 868
3324 1445
3324 2806
3537 3324
2738 2613
3324 387
1049 2738
320 3324
3303 2738
2738 1158
2738 3082
1909 2738
2738 1790
3324 2376
1099 3324
2738 1954
3324 1267
3397 2738
465 2738
146 3324
3324 1326
203 3324
3324 2093
260 3324
3181 2738
3324 2660
3324 3011
1692 2738
2639 2738
2738 2916
778 2738
3049 3324
3516 3324
2829 2738
3509 3324
2738 1883
100 3324
2738 2775
2710 3324
3324 1827
2030 2738
3324 833
534 2738
37 3324
2738 3412
3324 3255
2738 2370
801 3324
1004 3324
2738 365
3324 296
1027 3324
3067 3324
2672 3324
2738 413
2534 3324
3324 2535
2335 3324
3324 1654
363 3324
1190 3324
3324 602
1865 3324
2738 1901
2738 1939
2738 3235
2738 1728
2738 3218
3324 2306
2738 1884
2429 3324
2738 3261
1283 2738
583 2738
3324 331
2738 1828
2738 356
673 3324
1261 2738
2738 2231
2738 3471
3324 3076
2681 2738
1859 3324
620 3324
2738 846
12 2738
2738 2176
3324 1691
2173 3324
2738 585
3324 322
1807 3324
1536 3324
3057 3324
2738 2626
822 2738
598 3324
3324 682
3324 250
3258 3324
3529 2738
3324 60
3324 59
2470 3324
3324 1899
2036 2738
1154 3324
2200 2738
3324 2576
1464 3324
285 2738
1665 2738
584 2738
2738 221
3324 2469
2738 1996
2190 2738
3324 2191
2738 424
2446 3324
3324 3308
2738 115
3324 168
2738 2730
2738 3115
3324 2879
1181 2738
2738 1980
3300 2738
2793 3324
2738 3047
1353 3324
397 3324
3327 3324
3324 2964
3420 2738
2043 2738
2738 1748
3324 418
1477 3324
3324 3153
2738 2204
3324 570
1093 3324
1418 2738
61 2738
656 2738
982 2738
2738 2885
3288 2738
3324 1450
1782 2738
317 2738
247 3324
3324 2968
342 2738
2738 2326
3324 597
1246 2738
2738 3032
3324 741
2738 1196
653 2738
3324 770
2738 1369
3324 432
3403 2738
2058 3324
1058 2738
2738 2442
3324 2298
2738 3461
2796 2738
3324 2494
2521 2738
2738 1344
2381 3324
3504 2738
2738 980
2738 896
2515 2738
3324 67
3324 126
3107 3324
2636 2738
2000 2738
3576 3324
2738 1806
2738 1425
1415 2738
3324 355
5 3324
3460 3324
2386 2738
2738 2596
2303 2738
1032 2738
3324 2559
977 2738
3402 2738
2460 3324
2738 725
2738 1395
3396 3324
3324 2572
233 3324
3324 3250
3266 3324
669 3324
2738 717
3324 371
2738 3558
3324 3552
2738 2373
3324 2891
3324 2490
954 2738
3324 3234
1776 3324
1458 2738
2001 2738
2738 2162
2188 3324
3324 1262
1057 2738
3324 1760
3324 2314
2738 2668
2230 2738
3324 81
2255 2738
1623 2738
2201 3324
3324 1420
1801 3324
2738 325
996 3324
2723 3324
2343 2738
2919 2738
3324 312
3324 3000
3324 638
1429 2738
2131 2738
2738 512
3324 1998
2679 3324
3324 2526
2738 1121
3324 1175
2738 850
3324 2999
2747 2738
1174 2683
2787 3324
3324 1085
2349 2738
359 3324
3324 2792
2116 3324
2399 3324
3324 1172
3324 55
3324 3116
3324 1706
3324 350
1721 3324
3324 1317
2593 2738
3324 1176
2738 231
3324 720
2738 2602
3324 689
2738 3325
2738 807
2738 784
3324 3286
3399 3324
111 2738
3324 3220
3324 2486
2425 3324
211 3324
187 2738
650 2738
3296 2738
2738 1061
2738 2014
2517 3324
1861 2738
2738 2365
2738 766
3324 1640
3324 249
2160 3324
2738 971
3324 2962
2928 3324
2738 347
1875 3324
3208 2738
3324 2407
1616 3324
2218 3324
1025 3324
2738 1316
1174 2438
3324 2194
2738 2873
2738 330
3324 2527
482 2738
3431 2738
2762 3324
3324 1812
2063 2738
181 3324
2256 3324
3324 274
3324 3448
3324 1037
1294 3324
2738 3021
2304 3324
3169 2738
3324 2077
2738 1291
3055 3324
2904 3324
2401 2738
2738 3435
3324 3052
102 3324
313 3324
879 3324
2709 3324
3126 2738
3324 1028
1143 2738
3324 2708
3272 2738
2738 532
1231 3324
1752 2738
1930 3324
2428 3324
366 2738
3324 2061
3324 2823
2701 3324
1072 3324
3324 951
2738 1694
3523 3324
3324 1217
3324 1885
1554 3324
3324 1148
3324 1295
1179 2738
3324 581
1086 3324
1620 3324
24 2738
1923 2738
1978 2738
3324 3113
2738 2485
1851 2738
3324 2012
2738 1661
450 2738
2738 919
3324 2834
2738 962
3324 3243
3324 793
2738 2930
1938 2738
2458 3324
212 2738
3324 551
2738 499
2738 32
2738 302
2738 1304
3324 3335
2738 1684
3324 3442
2183 3324
2738 2413
3324 1653
1076 3324
2738 137
2738 2205
973 2738
3324 332
3324 1248
3158 3324
2738 2154
2738 508
3324 441
2368 3324
1741 2738
3324 3267
2738 2538
2738 264
2738 967
2738 2405
3324 573
3351 3324
702 2738
2227 2738
3324 2325
905 2738
2738 2282
3324 2056
2738 3533
1542 2738
854 3324
2738 2472
3324 2412
2931 3324
2738 2616
2536 2738
857 3324
2150 2738
520 2738
3061 2738
2738 1465
2948 3324
2988 3324
1784 3324
109 2738
2738 790
2296 2738
2738 3539
3324 42
2738 1327
2738 1619
1786 2738
3324 2065
3324 1543
1817 3324
2991 3324
2034 3324
182 2738
2738 57
2738 2380
3324 1585
2348 2738
2567 3324
3324 2821
1470 3324
2738 1995
2738 1792
2899 2738
3324 1263
3324 334
2738 1140
2666 3324
671 2738
2555 2738
1514 2738
2861 2738
1600 3324
630 3324
412 3324
1541 3324
2738 591
3324 2276
2511 2738
35 3324
3339 2738
2738 1915
2738 3144
3291 3324
2466 2738
2910 3324
3324 3318
744 2738
3324 2415
3096 3324
3324 1956
2738 631
1122 3324
2473 2738
2095 2738
2467 3324
2644 3324
1313 3324
1437 3324
1341 2738
3519 3324
1916 2738
2738 1986
3324 2148
2738 160
757 2738
3176 3324
1098 2738
2448 2738
799 3324
2479 2738
1872 2738
2738 768
3479 3324
2738 2509
2738 2107
1506 3324
3324 2689
2738 3434
2655 3324
2756 3324
3324 608
429 2738
3207 3324
3324 1285
2738 395
699 3324
406 2738
2738 496
2411 3324
2738 229
2738 216
1183 2738
442 3324
1525 2738
3324 1751
2738 651
3324 3163
1831 3324
1387 2738
1618 2738
3324 1383
1844 2738
2018 2738
940 2738
2738 3141
3324 1835
2312 3324
3324 1329
1157 3324
1897 3324
2926 2738
2133 2738
2738 169
2680 3324
2421 3324
803 3324
3324 376
2177 3324
2738 2020
2738 2810
415 2738
3324 3534
2738 1555
1604 2738
2447 3324
2738 571
2097 3324
2791 3324
379 3324
2390 3324
3481 3324
2372 2738
2738 1757
2738 1230
2738 2583
3324 2687
2738 2533
3324 889
3324 928
1356 3324
844 2738
3324 2424
2738 3450
3324 1289
3324 2739
3324 3387
2738 2898
613 2738
2580 3324
861 3324
2738 2317
2738 416
2883 2738
3324 1208
3324 165
2105 3324
3324 2329
2741 3324
1695 2738
3019 3324
2738 1205
810 2738
3324 3271
2738 2715
2738 128
2992 3324
2156 2738
1112 2738
3324 252
1745 3324
3324 1535
3324 935
1572 3324
3109 3324
2514 3324
1494 2738
2430 2738
3324 3375
3423 2738
3324 1540
3324 1675
2785 2738
2738 1328
1702 3324
3324 692
1603 2738
2738 1397
399 2738
3324 2339
2738 1079
2738 1259
3324 1225
2738 2686
3324 3270
1412 3324
2151 3324
1022 2738
3194 3324
1946 2738
2738 281
3324 2206
2738 2297
2738 906
2738 150
2761 3324
3324 2341
1146 3324
3324 384
2625 2738
3324 1046
2738 3338
2833 2738
2209 3324
3324 2207
3086 2738
1740 3324
2028 3324
2738 3101
2584 3324
1538 2738
1825 2738
2738 2562
2037 2738
804 2738
2498 2738
2738 1608
85 3324
3542 2738
3324 1237
1244 2738
2252 2738
2356 2738
3324 2592
2281 2738
3247 2738
1381 3324
761 3324
3324 360
2738 422
1009 2738
2738 1593
2664 3324
3324 2769
1185 3324
3324 888
2738 2155
3324 1219
2738 2878
1507 2738
3152 2738
830 2738
3324 1829
3324 1614
2738 368
2738 3151
3324 1436
2738 2541
1059 2738
1282 2738
3457 3324
3324 1688
3324 2768
3324 1596
2738 985
2838 3324
235 3324
2802 2738
2848 3324
3324 2719
3035 3324
3326 2738
2738 1273
297 2738
2738 3317
2738 3306
3191 2738
2738 2776
1091 3324
2738 1636
2332 2738
2974 3324
1044 2738
3324 2185
3028 2738
3324 116
53 2738
240 3324
2738 7
1250 3324
14 3324
1110 3324
649 3324
3510 2738
2923 2738
3324 3130
1918 2738
3298 3324
3324 2640
3324 1903
3172 3324
437 3324
3125 2738
222 3324
3324 1213
1587 3324
3324 3567
3257 2738
1813 3324
303 2738
2738 2975
2738 1777
3324 3083
2738 2224
2738 2635
2782 2738
2114 3324
3324 1769
691 3324
915 2738
2774 2738
3324 2731
2152 2738
2738 2816
2738 1047
2738 1672
3324 324
1746 3324
3044 3324
690 3324
1102 3324
1798 3324
3324 1401
2875 3324
1942 2738
3324 2260
3324 2027
2738 1558
89 3324
3260 2738
3324 2338
2738 1846
2738 943
3324 1194
1118 2738
2510 3324
3348 2738
2738 3179
2738 1991
2963 3324
1968 3324
3324 1372
2738 2057
192 3324
2098 2738
3324 1475
3324 743
2738 1775
2738 1755
2738 831
1858 2738
3324 2530
1808 3324
2839 2738
3324 139
1153 2738
2738 3449
3324 3547
2130 2738
3324 812
2009 2738
2629 3324
3025 2738
3156 2738
2738 1400
3324 170
3324 2385
3324 3284
792 3324
3324 3570
2738 2102
895 3324
2716 2738
3517 3324
2738 2853
3031 3324
1925 3324
2738 2634
2738 3324
1519 2738
2738 644
3324 1307
2738 2619
3410 2738
2980 3324
2828 3324
3324 1033
3527 3324
2738 3071
476 3324
2738 885
1723 2738
2187 2738
2738 1638
3388 2738
2886 3324
3324 3075
3324 2690
3324 933
2753 2738
3043 3324
2738 426
3324 3254
3324 1014
3197 2738
3324 21
2738 3390
2738 3159
3324 3550
3324 2935
2738 579
2824 2738
1592 3324
2717 2738
1007 3324
2933 2738
1461 3324
3324 1943
2738 1242
2189 2738
2738 3051
3324 3394
3324 1008
2738 83
1440 2738
3078 3324
3324 2382
1080 3324
2795 2738
1726 3324
3324 2170
1435 2738
2738 2179
3441 3324
3324 1678
3324 1886
2047 2738
639 1174
2096 3324
3324 269
1970 2738
3324 944
724 2738
732 3324
3324 65
3437 3324
3324 816
2946 3324
3324 2924
3324 1106
1215 3324
3502 3324
745 3324
2738 2174
2738 1362
1900 3324
2738 1460
946 3324
1048 2738
3324 3320
299 3324
2738 2375
2738 1739
3324 3097
2290 3324
3324 1272
2226 2738
2738 1547
3324 400
402 2738
3121 3324
3324 2112
750 3324
2738 218
1879 3324
2417 2738
2738 1910
2738 45
1258 3324
2738 372
3324 443
2738 1989
3336 2738
2932 3324
2738 438
974 3324
2738 1419
3146 3324
3324 555
767 2738
1051 2738
3324 3140
3324 1940
3324 180
1958 2738
3324 2911
2738 2501
3324 2597
3324 950
2738 2529
576 2738
2738 3219
3324 1833
3324 3062
3324 2487
1169 2738
2008 2738
564 2738
3324 847
335 2738
3324 1311
1403 3324
2738 1125
3324 2560
1489 3324
3324 1385
3377 2738
2738 1718
2581 3324
484 2738
3566 2738
2738 1785
383 3324
258 2738
2738 781
2038 2738
3571 2738
1515 3324
3324 1626
2738 703
603 2738
2662 3324
1375 2738
3480 3324
3324 1892
2738 3053
2617 2738
636 2738
3324 3408
2738 1610
2568 3324
236 3324
3324 2455
3506 2738
3090 2738
1182 3324
2989 3324
1634 2738
3324 3013
3324 79
1468 2738
3098 3324
2738 704
2967 3324
2831 2738
3324 2637
2738 46
981 2738
2106 2738
3050 3324
2738 1711
3324 2649
2738 3487
3486 2738
3324 1772
2539 3324
851 2738
3324 923
1322 2738
3324 54
3312 3324
2738 1238
1390 3324
3324 1254
1977 3324
3324 1070
3324 1719
1645 2738
536 3324
3324 1774
2738 1981
848 3324
3324 993
2738 2279
2738 2113
2331 2738
1343 2738
3324 3252
427 3324
1824 3324
3324 1565
2738 2322
3324 3346
255 2738
975 3324
3324 2783
965 2738
2738 2809
1290 3324
3324 1820
1605 2738
1456 3324
1501 2738
1243 3324
3324 989
3010 2738
2738 1040
2175 2738
3324 3160
3324 2836
3324 662
304 2738
3324 2068
2402 2738
3324 3559
2738 1297
198 2738
777 3324
2738 2192
3229 2738
2738 2089
2738 2813
2778 2738
3381 3324
2872 2738
2090 3324
329 2738
1631 3324
3324 373
3324 1127
2738 1857
1152 2738
2738 1065
2738 1609
2608 3324
2771 2738
2738 138
1448 3324
3324 498
2738 2691
2440 2738
2738 2982
824 2738
3324 3484
3324 282
3322 3324
3360 2738
3324 283
2734 3324
2738 1129
658 3324
2738 1860
2738 338
3324 2445
3307 3324
386 3324
2738 390
2738 3526
1139 3324
2180 2738
349 2738
2738 2140
3324 2797
2738 3040
2234 2738
2658 2738
756 3324
1447 3324
261 2738
1957 3324
1449 3324
2522 2738
2738 1200
2738 1116
2738 2070
2202 3324
2738 430
3324 3065
2738 525
947 2738
1281 3324
2970 2738
2770 3324
2395 2738
2738 2406
890 2738
882 3324
117 3324
3324 2766
594 3324
3324 2820
2738 2299
2738 1478
1124 2738
3324 3483
2738 1126
3324 164
3128 2738
3324 813
2503 3324
2738 3493
1120 3324
3324 1159
307 3324
3042 2738
2134 2738
2738 2054
3324 2166
2738 1335
2738 40
311 3324
1941 3324
3324 194
3324 3555
148 2738
3324 1236
2738 3503
3324 1747
2571 3324
2738 1643
3324 9
680 3324
3324 2590
3324 71
3324 2025
2750 3324
754 3324
3110 3324
836 2738
3324 3222
2759 2738
3324 991
3324 2604
3324 241
3577 2738
425 3324
2738 2620
2738 1764
3553 2738
2738 326
1736 2738
2738 2587
3324 1417
1560 3324
3324 1265
3319 2738
2738 1439
2738 3354
3324 739
2506 2738
2558 3324
3324 797
2738 2172
3422 2738
1325 3324
1180 3324
518 2738
2981 3324
3324 3198
557 2738
2738 1743
1321 3324
2363 2738
1174 937
3384 3324
918 2738
3282 3324
2229 2738
1830 3324
414 3324
1949 2738
3324 984
2693 3324
3324 1971
3324 2045
3324 3456
1373 2738
3324 2589
2738 1089
3324 2483
3324 3054
1220 2738
224 3324
2738 1615
2738 2320
1107 2738
2523 3324
3398 3324
2738 910
396 2738
1379 3324
3142 2738
2738 2137
549 3324
3104 2738
1137 3324
1922 2738
3324 2465
2738 1481
3324 1890
2738 2998
1529 3324
2738 3569
1382 3324
2738 611
2423 2738
2738 2977
1174 2416
3324 417
2738 3452
2738 2994
1595 3324
1770 2738
1948 3324
2738 1066
3324 1336
2738 1252
819 2738
2293 2738
3324 755
154 2738
3324 3105
734 2738
1647 2738
1532 3324
1836 3324
1462 2738
2006 3324
3324 1577
2738 1531
1056 2738
1045 3324
2738 3315
2220 2738
1405 3324
3324 934
2738 2862
654 2738
3324 200
3002 3324
1216 3324
3324 2017
2738 3099
193 3324
2738 1349
2738 3168
3324 687
2738 2022
2738 3262
1709 2738
2738 2355
2301 3324
3324 1141
1527 2738
3324 3389
3324 1856
3405 2738
2738 558
3228 2738
3324 3165
3465 2738
3324 2888
2738 1347
2591 2738
3324 2328
2738 361
3340 2738
490 3324
2705 2738
3324 3190
881 2738
2738 2309
314 3324
3324 58
3217 2738
2738 110
466 3324
527 2738
3472 2738
3324 288
2217 3324
2623 3324
2738 2273
2738 963
3490 2738
2738 1633
865 2738
2311 2738
2738 1854
3324 1997
407 3324
3324 1052
821 2738
2738 678
3379 3324
2738 1036
3036 3324
2738 178
3324 1888
1454 3324
3324 2972
1668 2738
2049 3324
1722 3324
708 2738
1799 3324
2738 159
2857 3324
2394 3324
2508 3324
2763 2738
2738 3518
2743 3324
2738 82
2603 2738
3324 3129
2551 2738
3324 1517
2738 3515
3324 3137
2738 3001
742 3324
2738 1075
3400 2738
3324 566
292 2738
1055 2738
2738 2249
3118 2738
3337 3324
3463 2738
2074 2738
2464 2738
3324 262
3216 2738
2272 2738
2738 3356
3324 1652
2647 3324
3045 2738
1469 3324
1174 253
2738 316
2738 931
3017 2738
3324 2627
2239 3324
2738 2950
1655 3324
3324 958
1222 2738
3324 2754
1212 3324
2738 2324
2599 3324
223 3324
3070 3324
2832 2738
3079 2738
3324 2267
2738 953
1300 2738
1299 1174
3574 2738
3324 1549
3324 2907
2738 547
3324 3391
1384 3324
3081 3324
1871 2738
64 3324
1431 2738
3324 966
2738 1119
2738 1902
2738 3395
1430 2738
2321 2738
2024 2738
2944 3324
2237 2738
1467 3324
1914 2738
3324 1937
3324 3353
3240 2738
3369 2738
3275 2738
1503 3324
3324 3476
3324 237
3324 2811
1337 2738
635 3324
1211 2738
1443 3324
2512 2738
3324 569
2738 2080
2738 1802
2738 1852
2011 2738
3324 1733
675 3324
2738 685
3324 3023
1730 3324
352 2738
266 3324
3324 610
2738 1
3324 1416
1019 2738
2291 2738
3324 133
1700 3324
136 3324
3324 3178
2738 2725
2738 862
3324 1455
2738 2100
838 2738
1113 3324
3324 1324
3373 3324
3324 2471
1199 3324
3324 2712
2738 2264
1765 3324
1422 3324
2738 522
3324 2803
3438 3324
130 2738
2738 2772
3324 2830
2358 2738
3196 3324
2738 2295
665 3324
2738 1569
2738 2615
1131 3324
2914 2738
2738 2351
672 2738
1235 3324
2738 3180
2798 3324
2631 2738
3324 1578
2738 2868
3324 2850
1810 3324
2738 2319
1133 2738
652 2738
2550 3324
2738 97
2553 3324
3324 2528
94 3324
3324 1348
2142 2738
1520 3324
3038 3324
3324 245
1895 3324
1597 3324
627 3324
2738 3239
3324 1908
3500 3324
2738 1163
3324 3030
3324 2909
2738 3232
2738 388
2738 1518
2954 2738
3124 3324
1482 3324
3324 2865
3324 2128
586 2738
1136 3324
2738 2346
1607 2738
1130 2738
2738 2210
2738 475
3546 3324
1365 2738
2738 1990
1551 3324
911 3324
2738 2451
3157 2738
2738 2120
2638 3324
3324 3433
2092 2738
2738 2480
2738 628
3324 1096
2673 2738
2738 2986
1887 3324
3143 2738
2738 2366
3324 3046
2570 2738
2738 2181
1088 2738
2441 3324
270 2738
3469 2738
3324 3024
2738 1573
1714 2738
3134 3324
2965 3324
2738 2059
1170 2738
3324 175
1293 3324
3324 3120
2738 1778
2532 2738
2262 3324
1713 2738
2108 2738
2738 2484
2738 870
544 3324
1635 2738
2738 1907
3324 3341
2738 3276
3227 3324
828 2738
3324 354
3324 2956
2110 3324
3324 1135
2738 2564
3324 22
1168 2738
214 3324
2799 2738
3087 3324
2347 2738
3324 537
517 2738
1725 2738
2738 1406
3324 1256
2738 3100
3562 3324
2738 2085
199 2738
3324 440
3188 3324
2738 901
3538 2738
2738 3280
1951 3324
481 2738
3324 716
2738 472
327 3324
2738 1505
3324 1528
3006 2738
2738 69
2738 2476
3324 2076
2738 487
683 3324
849 2738
2738 1973
873 3324
1850 3324
3324 609
2738 3495
291 2738
3324 897
479 2738
2582 2738
1646 3324
2702 3324
3324 2388
3324 506
3324 763
3324 1880
3548 3324
894 3324
575 3324
3324 2917
63 2738
2021 2738
1993 2738
3324 3521
3324 2812
2578 3324
2738 521
1811 2738
3183 3324
125 3324
2738 3554
3324 162
2738 2071
2738 1474
2738 2653
3324 101
3324 323
2764 3324
2738 3496
3424 3324
2738 1819
1487 2738
941 2738
3324 2197
1677 2738
3324 1164
2738 2454
1214 2738
3427 3324
364 2738
2685 3324
2504 2738
348 3324
3324 891
2738 1648
3324 3106
2738 1402
2738 2577
1286 2738
3324 2586
1433 2738
2007 2738
1628 2738
3324 1210
275 2738
3324 2565
3324 3091
3324 3564
978 3324
3324 2575
2738 582
428 3324
1421 3324
3244 3324
2738 1564
2738 2890
904 3324
3324 308
721 2738
3324 103
3324 834
1492 3324
1905 2738
900 3324
3324 3278
1218 3324
3324 2435
3324 913
3324 968
1657 2738
2738 1697
1898 3324
1323 3324
539 3324
2738 715
2013 2738
2300 2738
72 3324
2738 3401
2738 1160
3324 1370
3545 2738
3324 495
509 3324
2410 3324
3324 3206
2738 2659
3324 1249
596 2738
2738 1251
2738 1556
3324 228
2877 2738
2738 118
2738 3080
3324 2632
1912 2738
2738 1571
3324 2751
2738 3056
2520 2738
3324 1003
3200 3324
2738 151
3324 2453
2135 2738
243 2738
2738 51
3249 2738
385 3324
1680 2738
1788 2738
2738 1371
3324 3281
3324 2805
3324 818
309 3324
2738 140
2738 2600
2815 2738
817 3324
2354 2738
1967 3324
684 3324
239 2738
3324 2622
2195 3324
358 3324
2738 3466
2738 2005
1495 2738
2738 809
3324 1683
1502 2738
1224 3324
3324 3453
2544 3324
1975 2738
622 2738
730 2738
2738 2403
2738 3364
2738 1703
435 3324
3532 3324
3324 3256
2978 3324
3324 1319
3324 1077
898 2738
147 3324
618 2738
2738 2450
1839 2738
2738 2044
1446 2738
2738 2374
3324 2033
2927 2738
3177 2738
3524 2738
2738 1953
2456 2738
213 3324
3324 2481
1142 3324
2738 932
3324 2075
1308 3324
1944 3324
1729 3324
2738 802
3324 927
2738 2744
3530 3324
2738 510
2688 3324
2724 2738
362 3324
2738 3392
3192 3324
2738 1017
2738 3064
3328 3324
3324 2457
2738 2104
2738 2695
2738 1092
3324 2277
1637 3324
1749 2738
2738 1488
201 3324
1530 2738
377 2738
1864 2738
655 2738
3382 2738
2757 2738
3324 3333
3324 710
2738 185
3324 434
3324 550
718 3324
3074 3324
3324 3355
3324 2062
2738 3482
3324 578
1351 3324
2463 2738
2738 3253
1690 2738
2738 2844
1174 3324
559 2738
1921 2738
2738 3499
3324 3182
1386 2738
3324 1105
2738 3512
2738 955
3324 1539
922 2738
2738 1961
1320 3324
3324 1947
3324 423
1929 3324
2738 1043
2738 2678
2738 712
3119 3324
3324 1084
3324 2305
2129 2738
2738 3233
328 2738
590 2738
1270 3324
3324 123
2738 1363
3324 2478
2955 2738
907 2738
1988 3324
1288 2738
526 3324
2738 2280
2738 2149
2379 2738
2738 1330
3324 842
1848 3324
519 3324
3117 2738
3324 1927
3549 2738
3324 529
3324 1594
2408 2738
643 3324
3324 2973
3324 1441
2738 278
2789 3324
2738 561
2738 2397
3324 1011
2738 3094
1689 2738
3095 2738
3324 454
152 2738
2285 2738
3324 2240
3324 394
2585 3324
2738 2525
2738 3292
3324 2675
2738 3418
3287 2738
2738 3263
3324 2398
2738 779
3324 2302
3324 401
3413 3324
3324 1378
3416 3324
2738 1797
2334 3324
2807 2738
3324 2547
2894 3324
2738 3066
1393 2738
661 3324
2738 2542
2738 1240
3324 1708
2069 2738
3324 660
3132 3324
2677 2738
3324 2122
2738 144
2650 2738
3324 2420
1575 2738
574 2738
3102 3324
3324 1658
3324 2153
2082 3324
2738 2055
2646 2738
2738 864
746 2738
2103 2738
1444 3324
3324 1358
3324 612
445 3324
2738 852
113 3324
3324 2474
488 2738
3221 3324
3324 2111
637 3324
2738 1803
1687 3324
3478 3324
3324 1704
2893 3324
457 2738
2566 3324
1101 2738
2738 1346
2738 3122
2738 567
3324 3528
2937 3324
104 2738
2738 3331
1928 3324
1427 3324
1041 2738
3324 2489
433 3324
3324 948
2738 486
837 3324
2738 3443
3543 3324
1581 3324
3371 3324
3304 3324
467 2738
2866 2738
381 3324
207 2738
1438 3324
3324 1671
3324 2740
3202 3324
3324 56
949 3324
2738 3404
2738 2031
1002 2738
2738 2437
2738 2881
3324 346
2837 3324
3324 1134
3324 2669
1318 3324
1151 3324
3324 300
3324 1710
2738 3467
3324 1109
2248 3324
2738 474
2738 1511
3324 1090
2507 2738
2023 2738
2738 3189
3324 183
2738 2720
340 3324
3324 2313
3324 625
3324 588
3324 562
3324 28
3324 541
3324 3578
1342 2738
2738 2426
3264 3324
3324 1114
841 3324
2738 2359
2738 2158
2427 2738
3568 2738
1544 2738
3324 2167
827 2738
3324 501
2610 3324
2841 2738
2738 1553
2738 20
2246 2738
459 2738
2738 1667
3324 132
2800 3324
1155 3324
952 2738
494 2738
2738 1932
3211 3324
1999 3324
3324 606
3324 899
1521 2738
3324 511
3324 2569
2738 765
3324 3224
2959 2738
3324 2067
2738 50
3324 3305
3324 623
3324 230
2738 2993
3324 3374
1490 2738
2738 3246
3324 2997
3511 2738
2738 174
1145 2738
2738 3365
2738 242
3324 1266
3324 2531
960 2738
2357 3324
2738 760
2738 3459
3324 769
3462 2738
2738 2119
825 3324
2840 3324
878 3324
2738 912
3033 3324
2352 3324
3324 2727
876 3324
2945 2738
1987 2738
3324 1566
3324 2482
3349 2738
2738 411
114 2738
3127 3324
2738 2519
3324 883
2738 999
2342 3324
3324 3164
2738 572
2738 3171
2738 2846
3324 695
2738 3498
789 3324
3324 1877
2259 3324
853 2738
2738 3429
1935 2738
2738 2041
3557 3324
1223 3324
1198 2738
2738 2327
3324 714
2738 29
3299 2738
2738 1862
2738 3174
1664 2738
3324 2186
3324 2495
1707 3324
945 3324
3324 1039
3324 3368
1174 2960
30 3324
2738 1029
489 3324
2079 2738
2574 3324
2738 1457
2738 1012
2738 1962
2721 3324
3324 1031
2843 3324
2738 2121
3324 530
485 2738
1074 2738
3324 657
2738 1676
3324 3147
3324 780
1562 2738
2738 2042
599 2738
3324 2182
2738 2216
3324 679
477 3324
1269 2738
3324 3003
3324 1759
1414 3324
3324 2895
3018 2738
2738 3446
2738 2
3324 1312
1424 3324
2738 2083
2278 3324
2941 2738
1737 3324
3020 2738
2738 528
939 2738
3324 762
453 3324
2777 2738
2738 491
2738 369
1574 2738
1649 3324
775 3324
3324 988
3324 791
1104 2738
3324 3310
2738 468
997 3324
3324 3393
2330 3324
2738 98
1277 3324
3324 48
2738 108
614 3324
196 3324
2444 3324
2738 1466
145 2738
3324 2199
3324 2254
2738 1794
2554 2738
2738 337
3324 1855
3324 2855
3324 107
2738 1911
2738 2540
3324 446
751 3324
2221 2738
3324 157
2729 3324
1062 3324
2361 3324
3324 1965
2738 1522
2738 3161
3324 1716
3324 1496
2674 3324
1147 2738
3193 2738
3059 2738
3324 447
1253 2738
2651 2738
3324 3201
2738 1761
3324 142
276 2738
782 3324
2367 2738
2738 265
3324 2588
3324 1632
318 3324
2738 2818
2738 6
3324 2703
3324 1020
3279 2738
2738 1082
840 2738
2922 3324
2738 1966
3324 1644
3324 921
2738 2822
2073 3324
759 2738
2738 914
2738 1034
2738 1391
3329 2738
3334 2738
86 2738
3324 91
2790 3324
3324 1534
3324 893
3212 2738
23 2738
2738 2856
2867 3324
1392 2738
1705 2738
1959 2738
2738 478
2738 52
2738 2682
315 2738
3324 119
77 2738
3324 112
2738 2270
2738 811
2738 2364
2738 2692
2738 794
2738 554
3363 2738
3324 1413
3324 2752
3324 771
2738 2849
2979 2738
2145 3324
3324 226
2193 2738
2738 305
204 2738
2738 2244
617 3324
565 2738
2078 2738
1339 3324
3324 2178
1191 2738
3324 3415
2738 351
2738 3342
1842 2738
3324 3520
3324 2333
616 3324
3324 382
2738 1557
1516 3324
2738 280
2738 2546
1368 3324
1396 2738
3323 3324
514 2738
1934 3324
279 3324
1006 3324
515 2738
3324 1081
681 2738
3409 2738
2614 2738
3324 3419
1591 3324
3324 916
3473 2738
2738 2906
1780 2738
1165 3324
2738 16
3324 3103
3324 2947
3324 1332
1354 2738
3324 1926
2738 634
1228 2738
2925 1174
2808 2738
3324 589
2124 2738
2738 2780
2275 2738
2738 1853
3324 2084
3344 2738
3324 1584
3324 1083
2738 615
829 2738
321 3324
3324 1845
2714 3324
3324 2203
2897 3324
3324 26
2889 3324
3111 2738
3324 1226
1024 2738
2738 460
3324 2606
3324 909
2738 3135
2738 2612
3324 1309
76 2738
2738 3541
2738 470
2738 1245
2228 3324
2738 2064
2738 1476
1662 3324
3324 773
2274 3324
357 2738
3324 2404
3324 1233
2905 2738
2738 1826
2738 2654
863 3324
3324 3414
560 3324
2738 1005
2908 2738
1174 3236
2738 959
188 3324
1508 3324
3311 2738
3324 604
3324 2235
3324 749
189 3324
2117 2738
2738 688
668 2738
2738 2035
513 2738
456 3324
2738 1483
66 2738
3324 3131
647 2738
2801 3324
1791 2738
2738 2060
1499 3324
421 3324
2738 593
1042 3324
2738 153
3324 339
2738 1717
2755 2738
3494 3324
3186 3324
3324 2996
2091 3324
2392 2738
3324 2936
2738 1805
3324 3535
2431 3324
3451 2738
1315 2738
3324 1161
1796 3324
2738 2353
1612 3324
2738 1423
8 2738
2738 2340
3324 605
1756 2738
3199 3324
3324 961
1624 3324
2738 990
2765 3324
2665 3324
3324 1361
1873 2738
2738 2667
1787 2738
3029 2738
1869 2738
2738 3203
1931 3324
1731 3324
3324 1132
3077 3324
2738 2344
3324 2961
3324 646
2738 1783
2901 2738
2817 2738
3108 3324
3324 471
3324 2995
2630 3324
1472 3324
3324 3525
3324 820
3324 1524
3022 3324
3185 2738
3324 729
3536 3324
3324 2633
2738 2781
2738 121
1744 2738
3324 1201
3324 2159
1559 3324
3324 298
3324 925
3324 1204
2738 1296
1010 3324
3324 2505
3209 2738
3005 3324
3324 2125
2738 524
1480 3324
3324 917
3324 1287
2628 2738
3324 2462
1904 3324
3289 2738
3324 1268
3485 3324
2738 2452
2738 2887
693 3324
3324 2109
246 2738
2738 1576
2738 1548
2738 3573
2032 2738
3324 1404
398 2738
2146 2738
2738 3283
3324 1357
2738 1195
860 2738
2858 3324
2383 3324
2387 2738
2738 1580
1874 2738
3324 621
3324 2046
343 2738
1303 2738
2738 1497
2738 1366
858 2738
2738 2953
2738 1950
3324 1641
2738 871
2738 2938
3324 3187
2826 2738
2738 1150
2738 711
267 3324
461 3324
2184 2738
2767 3324
3324 2016
3324 1340
2738 607
1064 3324
2053 3324
1866 2738
3468 2738
3309 3324
3324 2048
2594 2738
3324 1734
2738 1960
2738 186
2738 3540
206 3324
1452 3324
2738 3012
1849 2738
2738 2208
548 3324
2943 3324
436 3324
2736 3324
2738 2243
3210 3324
3324 1087
3015 3324
2738 1389
3324 277
2738 2880
10 3324
2738 1221
1274 3324
2738 3507
2661 2738
995 3324
2477 2738
992 3324
3324 3406
480 3324
2749 2738
619 2738
2738 2827
1280 3324
463 2738
747 3324
2738 497
2738 208
3324 1656
2738 3436
1510 2738
2738 2258
225 2738
2738 3551
344 3324
1758 3324
3324 1128
3324 2657
2308 2738
370 3324
2738 155
2268 2738
2738 1983
1500 3324
1473 3324
2099 2738
1278 2738
3324 3041
3324 3561
173 3324
3290 3324
3491 2738
2738 1843
2918 3324
3324 1279
2738 826
3324 2318
502 2738
3324 2949
2738 3085
1913 3324
2738 2051
2738 439
3378 3324
3324 600
2746 3324
1663 3324
3324 3492
3357 3324
3324 238
3324 3139
2094 2738
3324 1579
2758 3324
976 2738
2738 3268
2985 2738
2738 2459
2942 2738
2738 1376
640 2738
3175 2738
2738 2492
3324 926
3058 2738
2502 2738
2738 73
2738 2859
736 2738
2081 2738
2738 127
3004 2738
3114 2738
2738 3352
3324 2443
2835 2738
908 3324
2316 3324
47 2738
2738 1588
2738 3123
2433 2738
580 2738
2738 2842
964 3324
3324 158
1698 3324
3324 2247
1338 3324
1298 2738
2698 3324
2461 3324
1738 2738
2864 2738
2738 18
1630 3324
2738 404
3324 3470
2738 1924
2738 392
156 2738
1974 2738
3324 2670
1933 3324
2748 1174
1207 2738
1779 3324
3324 3293
420 3324
3324 49
2738 798
3324 3274
3324 1314
3324 1823
2676 2738
1097 3324
2733 2738
287 3324
2212 2738
3324 295
2738 1374
3324 3411
1590 3324
930 3324
3464 2738
2141 3324
3324 92
867 2738
2738 892
3173 2738
1156 3324
1876 3324
2233 3324
1197 2738
2263 2738
2738 642
2951 2738
3324 3060
1893 2738
3324 452
3324 2537
1394 2738
2738 2004
3324 3138
2738 2307
3324 1408
2738 1816
2738 1985
2760 2738
1023 2738
374 3324
2738 1699
2784 2738
1894 3324
3324 2700
2468 2738
1906 2738
3324 78
1679 2738
3324 3407
874 3324
2912 2738
1537 2738
2738 2123
2738 1715
3324 2157
1920 2738
3324 2732
74 2738
3204 3324
1018 3324
3324 2164
731 3324
1100 2738
3362 3324
3324 268
2609 2738
3324 2384
3324 3014
2496 2738
3324 1359
13 2738
3324 34
2738 1479
3324 542
2738 3563
3324 1568
713 3324
3324 1398
3324 43
2738 705
1434 2738
2738 2214
419 2738
2738 2561
3324 3489
3531 1174
2645 2738
3324 234
3324 2138
3324 2966
2389 2738
2409 3324
3324 1639
217 3324
3324 2557
2738 3205
2738 753
2706 2738
3037 3324
3343 3324
2738 2003
2738 3297
2738 698
2738 2976
2738 3148
3324 215
2738 3425
2475 2738
1598 2738
2738 3383
3324 601
1350 3324
3324 2414
1095 3324
2738 942
3324 2579
3324 1727
1026 2738
3324 2958
2738 3166
2052 2738
1257 2738
1173 2738
1498 3324
2738 93
2738 1301
2377 3324
2870 3324
2738 1491
2132 2738
3324 284
2738 2088
3248 2738
378 2738
1964 3324
3324 2618
3347 3324
2245 2738
3324 626
2738 1523
2738 176
3324 2656
796 2738
540 3324
2738 1067
1550 2738
15 3324
3324 95
3324 3474
3324 2163
1952 2738
2605 2738
3477 2738
752 2738
345 3324
2738 80
2738 1821
3324 2393
2738 1111
3324 3447
2196 2738
3324 3428
3324 1878
3324 1963
3324 3265
1601 3324
1582 3324
227 3324
3426 3324
2289 3324
3324 2029
3332 2738
3324 886
393 3324
3324 552
3324 3421
3324 1917
3063 3324
1166 2738
2738 694
3324 3366
2391 2738
3324 1837
3324 167
2738 1149
2087 2738
2127 2738
2336 3324
814 2738
3439 3324
2738 483
1459 3324
2722 3324
2738 859
3324 706
2718 2738
787 2738
3324 929
2738 957
2738 676
3242 2738
1050 2738
887 2738
2738 2860
2738 1583
451 3324
3324 210
122 2738
3324 3350
3215 3324
1712 2738
1955 2738
1094 2738
1840 2738
884 3324
2738 290
2738 875
3084 2738
2738 2896
2601 2738
2738 1428
3324 938
3324 2232
2738 1432
1192 2738
2222 2738
3324 2543
3324 843
2738 473
3324 3488
1409 2738
2738 1720
3324 1463
3324 444
2738 845
2369 3324
3324 507
2738 448
2215 2738
219 2738
1206 3324
3324 177
1754 3324
2738 1426
3324 587
1442 3324
1814 2738
2738 195
2738 3556
3324 1972
2738 254
410 3324
2738 2493
2449 3324
3324 124
2738 1035
3136 3324
2643 3324
3324 1178
877 2738
2019 2738
3324 1622
3455 3324
800 2738
33 2738
3324 2261
2563 2738
2738 2271
1103 2738
2794 2738
2738 2990
3277 2738
2738 568
3225 3324
1735 2738
3324 1310
2072 3324
3223 3324
503 3324
3324 2971
1260 3324
2738 2310
2738 592
1732 2738
3324 1781
2738 191
2738 2010
2738 36
1629 2738
3324 808
1868 2738
2362 3324
2738 1068
1486 2738
1305 3324
3324 1606
2738 663
353 2738
2738 3294
2745 3324
2147 2738
3501 2738
3324 2707
3238 2738
2825 2738
1247 2738
3324 3150
2738 2552
184 2738
3026 2738
2738 3162
259 2738
2738 62
3324 2882
2738 1919
248 2738
3324 1334
3324 538
2738 2516
3324 1682
2491 3324
1992 2738
3324 970
1753 2738
2738 3155
523 2738
727 3324
3324 2573
2738 1789
659 2738
2738 2814
3324 1818
2418 3324
2738 786
2738 969
1969 2738
516 3324
2738 2238
336 3324
2738 2595
99 2738
3324 1485
1896 2738
2738 306
3324 149
3324 1167
2738 3269
505 2738
3324 1171
1016 3324
1331 2738
2786 2738
986 2738
1795 2738
2671 3324
1611 2738
2738 1660
2738 141
3184 3324
2269 2738
1144 3324
3324 2845
674 2738
2738 1271
3372 3324
2738 805
2738 2704
1060 3324
1847 2738
3440 2738
2738 1013
1841 2738
2738 1229
3324 1701
2738 3430
1625 3324
3324 2987
700 3324
3324 1069
2738 2002
3321 3324
2738 1546
2738 2984
2738 3560
2169 2738
1302 3324
2738 707
2641 3324
2738 3505
2738 286
2738 1177
1533 2738
2940 3324
2738 3213
1889 2738
2738 2360
1410 3324
3324 2851
38 3324
2136 3324
3324 2323
3324 2350
1360 3324
2738 2699
2738 3454
1686 3324
3324 2250
2738 2611
1693 3324
17 2738
3497 2738
1621 3324
3324 1504
902 3324
2934 3324
2738 2396
2171 3324
2738 738
2738 1073
2738 197
3370 3324
3324 2742
3324 2292
2915 2738
3324 1162
2738 1388
1642 3324
2738 11
3324 3245
3514 3324
3324 2213
3008 3324
2432 2738
1123 3324
2738 2549
1138 2738
764 2738
3324 2434
2738 677
3324 120
2236 3324
3241 3324
1945 3324
3069 3324
1982 3324
3324 341
1355 2738
3324 389
3324 3230
1670 3324
2738 2737
301 2738
774 3324
380 2738
3458 2738
2738 3009
3324 1227
2283 3324
806 3324
2738 257
500 3324
134 2738
2738 1202
2738 577
3324 776
2738 1685
493 3324
2738 161
2738 1674
2223 2738
3324 1275
2738 90
3324 2621
3092 2738
1407 2738
2738 723
2892 2738
1187 3324
3324 553
3324 2439
2652 3324
2738 1994
2738 1891
1766 3324
3068 3324
3324 1333
2738 2779
1834 2738
3324 1838
391 3324
2738 2143
2921 2738
2738 405
3324 2126
3324 3345
2738 205
2738 2139
2642 2738
2738 367
1800 2738
1771 3324
3324 3385
3324 2211
3324 783
2726 3324
3324 190
2738 1602
920 2738
75 2738
1352 2738
2738 1650
2026 2738
1767 3324
3324 2168
3324 2101
2198 3324
3259 2738
2738 1526
3324 1209
722 2738
1809 3324
3324 179
3088 3324
987 2738
979 2738
3324 1513
3324 624
2694 2738
143 3324
3324 3072
2738 1681
3324 701
632 3324
2378 3324
2738 3522
3324 1234
289 3324
84 3324
3324 3
924 2738
2738 667
3285 3324
1552 3324
1768 2738
2738 869
2738 2253
1673 2738
131 2738
2738 1696
3324 2624
563 3324
492 2738
2518 2738
3324 1184
3324 3359
3575 3324
3324 697
2738 3565
163 3324
3251 2738
2598 2738
462 2738
2738 2436
19 2738
2500 3324
2738 994
3324 726
1561 3324
4 3324
1276 2738
3324 641
3324 1750
3324 88
545 2738
2738 2863
2738 3358
106 2738
3324 2735
3016 2738
556 2738
1666 2738
1613 3324
2913 2738
263 3324
735 3324
2738 686
2738 68
1793 2738
2738 251
2684 3324
3324 1203
166 3324
1545 3324
2738 1255
3324 2513
3444 2738
3432 3324
2738 3508
2738 504
2884 3324
1773 2738
1053 3324
3324 855
3324 3316
431 2738
2738 3170
3324 2663
832 2738
2738 3195
2738 2266
3324 2066
3145 3324
3324 2315
3324 856
3324 1021
2738 2711
2738 3007
1509 2738
2920 3324
1979 3324
2738 409
2738 3445
3324 1984
2738 403
2738 2337
1471 2738
3133 2738
1659 3324
1188 3324
1174 1599
2738 3386
3324 2607
1232 2738
1189 2738
2738 244
3324 2876
1804 2738
3324 3226
2874 3324
2738 1292
2738 1863
2738 748
3324 2497
2738 788
3324 2852
3324 2115
2738 1451
3324 3273
2819 3324
2738 533
3324 1563
271 3324
256 2738
3324 903
2524 3324
3324 2419
3324 319
2241 2738
2738 629
3089 3324
823 3324
1000 3324
1380 2738
2738 3167
2738 1015
2161 3324
2499 3324
2738 105
666 2738
2648 3324
2738 1399
209 2738
2738 220
2738 3301
2738 1186
2738 135
3324 2118
3324 1742
3330 3324
1054 2738
3324 709
3324 3380
2548 2738
3149 2738
2738 740
2738 1881
1377 3324
1115 2738
2738 3302
1617 3324
936 3324
2738 232
2738 733
2738 972
2086 3324
293 3324
3324 1762
2050 3324
2738 2488
2738 535
645 2738
272 3324
2847 2738
2738 3313
2015 2738
2854 2738
3324 2371
2738 3513
2738 1284
1030 3324
2952 3324
664 3324
2697 3324
2929 2738
3324 1586
2773 3324
3324 1063
1763 2738
2288 2738
2738 2869
3324 469
3324 1239
2738 1567
839 3324
3376 2738
2738 2422
2969 3324
2738 2144
294 2738
956 2738
1071 3324
2738 27
3324 3544
3324 39
1078 2738
449 3324
2738 3034
310 3324
44 3324
648 3324
3214 3324
696 3324
3324 1627
333 2738
2556 2738
835 2738
3324 3231
1512 3324
3324 458
3073 2738
3324 1108
758 2738
1193 3324
3324 1345
2738 2242
1870 3324
273 3324
2345 3324
2738 3367
2219 3324
2286 3324
1651 2738
96 3324
531 3324
2545 2738
2738 2983
2738 1306
2738 1669
3324 3039
2738 795
3324 543
2738 3237
70 3324
2257 3324
41 2738
1724 2738
2738 595
408 2738
2728 2738
171 3324
3093 2738
3324 3417
3324 2040
3324 2713
2939 3324
3314 3324
3048 3324
1038 3324
2251 3324
633 3324
880 3324
2900 3324
1832 3324
1411 3324
2738 1453
2738 1117
3295 2738
3361 3324
2738 2287
2738 87
2696 2738
2738 2957
3324 1367
2738 2294
2738 464
1867 3324
719 2738
2400 3324
2225 3324
737 3324
2804 2738
728 3324
3324 129
2738 2284
872 2738
2738 25
3324 202
2738 2265
866 2738
1493 3324
2738 172
3324 2165
2738 1484
3324 2903
2738 546
1264 3324
3324 1364
2738 983
3324 815
1815 3324
1570 2738
1241 2738
3324 785
2871 3324
375 2738
3324 1822
2738 1976
3154 2738
1936 2738
3112 3324
3324 31
3324 455
1001 1174
2738 2902
670 2738
1882 3324
3572 2738
2379 2379 2855
8 3578 2738
1 2794 2738
3358 3578 2738
537 537 2738
3347 3430 2700
2274 2317 1891
1 1887 2044
1 3115 384
453 3578 702
1 2330 1671
1 724 3348
2103 3578 1174
1016 2005 2738
2002 2002 3324
477 2073 615
1769 3566 48
1 534 1581
3051 3051 3324
822 822 3324
1509 3335 1174
241 310 3324
3367 3452 2117
1 2885 1174
307 307 1212
531 531 2738
1126 3055 2783
931 931 2828
190 3578 1174
2442 2442 152
1408 1408 111
3467 3467 2375
367 3578 1654
2753 2753 3523
12 12 3017
1 671 1505
1784 3578 2283
1 1976 1174
1057 2492 3324
2005 3106 2845
1445 3578 2666
1863 1863 1133
1 512 2093
1121 1121 1895
1894 3578 2738
2445 2744 3174
2622 2622 3569
458 458 2512
1 3076 3566
2607 3476 3324
1737 1737 1610
1 1923 1799
650 3578 1677
187 1059 566
294 1991 3324
2344 3578 1633
1 3285 1174
718 2634 2738
29 3578 1174
1 1384 1174
2778 2778 2738
1696 1696 2344
2645 3578 162
950 2783 3324
494 3578 2316
1 2963 1174
2345 2345 2045
1 254 3180
1173 2494 1722
358 358 3324
720 2526 2738
1138 1138 3324
1637 1637 3019
1261 3578 1174
1041 3220 1174
1 1397 2738
1387 3578 579
1072 3573 1174
1708 1708 2738
1 834 558
1036 1036 3324
1 2154 251
1 2764 1518
466 466 1174
2721 3146 1174
3073 3073 2017
3453 3453 1747
2828 2828 2738
316 1735 1328
1 1288 1174
1818 3493 2738
1 1760 1534
1 3265 1174
1501 1501 1709
1 1554 2257
1 2064 599
230 3145 1119
1 2132 1013
546 546 2738
1 118 601
455 455 2738
2547 2547 286
1697 3578 2738
652 652 3324
1221 3578 3324
1 308 2738
189 3578 1174
2608 2608 682
550 3578 1224
1 791 913
2086 2200 2738
2006 2006 365
696 3578 2738
1 1867 3019
932 3578 1506
1408 1408 1308
1 3002 2738
83 83 1174
1 2265 3324
744 1819 378
1 3508 799
1184 3578 2808
614 2880 394
3037 3037 2738
1 3563 2772
1521 1521 3324
1 638 216
3345 3556 2034
771 771 222
2446 3578 2761
1 3214 3324
1 1094 2109
1 1780 1037
1535 1535 519
349 1107 1937
1944 1944 339
397 3456 1174
1 1899 3324
805 2289 3324
881 2551 3324
2555 3578 1174
1 3211 1083
539 539 2738
1 1210 1174
2608 2608 2595
338 3578 1174
2827 3341 3257
3386 3529 3324
1 3037 3324
3529 3578 3324
1 2800 3324
1032 3578 2738
703 3126 3324
1791 1791 1174
1 2153 586
566 2423 526
1 85 3412
1549 1549 3324
1 3475 3324
1 1128 3117
1206 1645 2454
573 1367 1174
1 3165 3307
392 392 2134
2954 3578 3324
1121 1121 2661
1005 3578 369
914 914 2738
178 178 2738
1030 3459 2738
1320 3578 2808
1332 3578 2738
2959 3578 792
2903 3578 3324
1 1522 1682
1 880 3324
1408 1408 1174
457 3578 3324
696 3578 3428
829 829 3418
1219 1219 2738
1 111 2662
3555 3578 636
1 442 1174
3180 3180 371
2755 2760 3436
1 1069 1174
3179 3179 2092
1 1053 1174
3358 3578 908
1 1628 1629
3278 3278 3324
2284 2921 3263
1524 2854 189
337 3242 3324
1 1531 2031
2561 3578 2738
1 1296 2640
1 2612 1225
599 599 2738
590 976 2738
60 60 1653
2595 3412 2834
1 2215 1174
1 2553 2738
1 268 3324
350 3578 1344
1065 1065 2435
1148 3578 394
1 2381 3324
1484 3578 1174
338 338 1174
1613 1613 2738
212 3578 2738
1 2307 2738
3405 3405 2198
1 1079 1470
1 1776 3324
1438 3578 993
1617 1617 3324
1 1410 1174
1260 3578 762
1 3165 3324
2699 2920 1822
3279 3578 1471
428 1624 3324
1 2733 1174
278 3578 1174
902 902 2807
1784 2694 1693
1 2224 3324
2466 2466 1174
1 2646 3324
1 634 411
477 3538 2489
1083 1305 3324
3024 3024 170
206 1058 3324
3123 3123 1019
1 314 3324
1734 1734 347
1793 3578 3324
2066 2066 2738
500 500 932
3086 3249 1553
1281 3248 1174
1 1534 2671
2691 3578 3444
2132 3578 2738
987 2188 2738
1 3399 1174
1 2052 2738
3294 3578 3324
1716 3578 1106
3329 3329 1174
2675 3578 1174
1 3281 3324
216 216 1174
3217 3578 3324
969 2113 985
3350 3578 2738
1 2873 1441
1 2774 3324
2853 3578 3324
1 3067 2828
1 1997 1294
1460 3578 1174
1764 3578 1174
1609 3578 3028
1637 3578 1174
1750 1750 3324
2220 3578 2738
1 1534 1937
1253 3578 3324
2587 3553 1174
2744 3578 3324
1 2182 1776
1662 3578 1174
1 2204 785
3091 3091 1315
14 3178 119
1 336 1400
3394 3394 2214
2256 3426 363
1 2842 3324
389 3578 2738
679 3578 2738
132 132 363
1 20 1253
2644 2644 2079
333 3224 2738
112 2349 3324
1690 1825 386
1 2854 1174
1754 1754 3324
881 3100 2738
3003 3003 3324
1196 2933 1174
1217 3578 2738
594 594 3437
1449 3578 124
2411 2411 1041
2455 2929 3558
2447 2447 3149
1829 1829 2970
3095 3578 1550
1 1085 3324
1 125 2738
740 3248 3324
1688 3578 3073
2962 3578 1174
2668 2668 2016
1975 1975 3158
1 455 1174
1 1497 3324
1901 3578 2738
1886 1886 3313
2020 2314 3500
433 3578 863
1094 2905 1174
139 3578 1174
1 3113 3324
2345 2345 1174
3011 3011 1579
1 1656 2128
1 154 2437
2716 3578 1717
1974 1974 2579
1 3557 158
488 488 750
2446 3560 595
2917 3427 2738
630 630 1174
3032 3032 1726
180 1642 691
1 1754 2738
2276 3578 2738
453 453 3324
649 1755 2738
528 3578 1869
256 2851 3393
1 154 3113
89 2743 192
1 3469 3324
2853 2853 2500
279 3578 2952
3296 3578 2738
1 741 2738
3143 3400 2743
1951 1951 2691
1063 1214 2521
279 1899 3541
1 1049 2069
1 2366 3324
1043 3337 1453
1 1367 3324
1415 1415 2738
1249 3578 3324
1 444 293
1 193 2738
2953 2953 268
1835 3017 3281
2612 2717 638
1125 1636 2048
2683 2683 3324
537 2484 3324
1580 1897 1666
2285 3046 3324
3114 3114 430
1 1890 2738
570 1671 3490
1 3359 504
1184 3423 1240
3408 3578 2738
303 2774 33
1430 2264 1901
613 3578 3324
1 2358 1242
3301 3301 3324
1707 3578 1174
218 1282 1174
1263 3321 1883
995 3578 2117
799 2253 2123
263 1581 2738
1649 1649 2514
1 912 3324
1 376 2738
616 1993 542
1392 1468 1174
2171 3446 2738
102 3578 1100
973 973 3324
1753 3014 1174
1 3108 2578
587 587 595
3518 3578 919
1420 3468 2232
600 672 3324
3563 3563 1272
2803 2803 3125
688 3578 3193
1 678 3324
1 2976 3289
177 435 1174
1 400 1174
914 1235 293
904 1805 2672
2978 2978 487
1135 1135 1174
3544 3578 2283
1 2912 457
835 835 3324
1 2081 624
1 3572 2440
1 1289 2738
2033 2394 1174
1 1200 410
659 3578 549
1 3209 2179
1545 1545 3324
1 1941 38
1267 3578 3324
1 3488 2738
3359 3359 1174
1 52 1150
1164 1662 2138
2255 3578 1174
1 14 508
1 2595 3324
801 801 467
1488 1488 2738
1 2871 2266
2977 3578 803
764 2027 2738
1642 1642 3324
1 2844 2738
1 1219 1174
784 784 398
1199 1199 2022
1 2985 3127
2188 3578 626
1 107 3125
501 3578 45
3346 3578 2738
1 2955 858
1 10 1174
873 3578 3510
1 2688 2738
1592 1592 1174
2455 2455 1174
1 329 1265
3139 3578 2738
3190 3190 3324
395 395 2796
3393 3393 2315
3510 3510 1174
2757 2757 217
3178 3178 1341
1 2943 2477
3135 3138 1174
1297 1297 3324
877 3483 2286
1 481 2738
1544 1544 3324
1012 1012 3324
1427 1427 1812
2545 2545 3324
1 1881 2738
28 3578 3324
2061 2061 1174
149 3578 909
2281 3578 2462
930 3456 3324
2355 2355 3138
1976 3578 2738
2204 3578 263
870 1665 1059
522 522 2655
1501 1501 689
1 1261 3324
2597 3578 1174
76 1036 478
63 887 2738
3472 3578 234
1 606 1144
2841 2841 1752
1139 1139 2198
1 2843 1863
671 1486 1322
1047 3578 2738
1563 1563 3524
1004 3578 3324
495 495 1174
1867 3444 3535
532 532 2865
2303 3578 3324
3411 3411 465
1975 2843 1532
1665 2364 1174
1 1763 483
2154 3578 1874
1 1730 883
356 356 3169
1316 3578 2738
1 3254 3324
2091 2655 3324
891 2910 109
1329 1948 3324
2465 3578 1270
496 496 982
335 335 1996
2712 3578 2852
2586 3578 1174
2137 3578 2738
3190 3578 1105
323 375 2026
2317 3578 2738
3474 3474 1937
1439 3578 14
3249 3578 2631
2484 2484 2738
1 3164 654
774 774 3324
2758 2758 3324
1 1264 1197
2309 3578 3324
1 1021 3493
2093 2093 3057
3493 3578 2451
698 3578 2738
1318 3578 2799
2323 2894 2738
202 202 2738
1172 1172 3144
1 1878 2738
851 3578 2647
507 3578 40
1279 1279 3574
706 3578 2646
2684 3578 2018
138 3578 1174
2301 2963 2738
793 1449 2738
3511 3578 2857
1991 3578 1230
37 3578 69
1 841 2112
761 761 3308
499 499 3209
2560 2560 3324
288 1570 2738
1 694 3324
571 1688 2738
1 514 1488
2266 2266 1944
3240 3578 2738
2513 2513 1251
762 762 3058
2353 2353 1873
1664 2728 2423
2879 3578 759
1288 3578 1089
8 8 2631
1691 1746 257
212 212 2738
1 2123 1174
1041 1178 1174
1132 1132 2738
2714 2910 519
284 3578 2065
96 96 1174
1475 3304 3324
469 3578 3324
1724 3578 2125
821 821 198
1 3473 3135
1047 3578 1664
1631 1631 1836
1 194 3324
2520 3578 3324
1 2561 1588
228 3578 2738
3382 3578 1174
1 272 1174
2608 3578 2615
1 1828 1174
1 2297 507
1 842 1051
3087 3578 74
3148 3148 2112
1 604 3324
1552 3578 1256
221 221 2738
222 2645 2707
2141 3578 3324
2052 3359 875
2311 3578 2738
372 3578 1174
3536 3536 2268
1936 2151 3324
997 3181 2023
304 3578 1174
120 533 2342
548 1939 862
1662 3578 1174
1175 1175 1174
1134 2688 1635
1 1323 1969
1136 3142 2738
2276 2276 3324
2316 3578 993
1 2691 1992
529 3039 2544
1721 1721 1174
420 3092 3324
1 3445 1174
2433 3578 2738
1 1176 3324
1 241 1174
358 3578 3324
1 3340 2738
616 1222 1198
2547 2547 1174
847 3045 733
1 522 3164
1553 3578 3344
3204 3204 2738
302 3216 2074
2553 2925 2904
1 2486 3324
3260 3578 2738
320 3578 262
2509 3578 1174
1 2249 397
1 2651 2738
858 3578 2278
642 642 1267
1122 2467 3324
1 2265 1174
1703 1703 1174
1570 1570 1174
2141 3578 3324
1 1541 2663
1 2974 409
2502 3578 2544
191 1680 2738
1911 1911 2738
1334 3578 3324
277 3578 1997
3352 3578 2153
1240 1240 208
809 809 3324
96 3578 1138
312 780 783
1153 1223 570
1306 2217 2738
1 933 1174
2556 3578 3324
872 3578 1174
1245 1245 2738
1 1929 2738
2071 3578 519
1577 1577 2738
625 3578 1521
2992 3578 405
1469 3578 2738
1 2271 844
2170 2170 1766
1734 3578 3324
2047 3578 1174
2960 3578 1174
630 2422 3324
1 776 1174
657 3578 1174
979 979 1174
3272 3272 1994
1 793 2910
3466 3466 901
1 754 918
2389 3139 2673
2339 3578 2738
1353 1353 3324
1190 1190 3092
1 3572 2738
242 242 612
144 144 1174
1 2777 2738
2859 2859 628
2075 2075 1174
444 444 1924
1 3168 1488
1377 1377 3437
2345 3578 439
708 3578 3324
567 567 2738
1 2044 1562
1379 1855 2200
3272 3578 606
1 680 2738
1 2189 3054
1891 1891 2401
1 1292 3028
49 49 369
1126 1126 2860
2287 3578 2208
94 1344 1174
2661 3578 2738
2713 2713 203
1217 3578 2738
656 656 3324
2858 2858 1174
2485 3578 2738
2977 2977 71
1 2423 2668
2450 2450 469
1 1177 1174
1318 3578 1174
3394 3578 1627
464 653 1319
127 3141 2738
1178 1908 3419
1 1563 1586
3060 3060 1885
2207 2824 459
1388 1501 798
1 2813 2738
1242 1242 3324
1052 1052 1654
745 1240 3324
1030 1030 1174
1 2353 3324
1 2968 203
1 3535 2956
1 1411 1174
302 3578 1441
1 3099 3577
2408 2408 3324
1 2007 3324
1 2603 3324
722 3578 1678
695 3578 2738
1 3112 896
2728 2728 2975
730 3218 1174
1 2315 1174
3357 3357 1174
686 3578 2738
2958 2958 957
16 3357 229
2911 2911 2738
2504 2523 2738
2811 2811 3290
615 615 447
2542 2542 1174
3056 3578 435
1516 1516 1976
1121 1121 1174
2246 3578 1174
1 2366 1174
1946 1946 1162
2599 3578 2738
531 2928 2738
2411 2691 3324
826 3578 1174
1 2783 638
1 169 1031
1 1093 314
3390 3390 1007
553 3445 3450
1 104 1103
2659 2659 3324
2334 3578 3036
950 3578 1803
1 262 2324
2329 2491 1174
1429 1429 2738
1 2021 2558
1884 3578 2738
300 300 1945
1 626 3324
1 856 2738
1 348 881
1 2868 3324
1 2938 3324
1528 1528 583
1494 1494 2148
1299 3578 2738
1099 3578 1174
1 2542 56
3536 3536 3324
1383 2897 1871
1311 1311 2738
318 2118 1897
154 154 1174
2983 2983 2950
1471 1471 3324
520 2247 3324
890 3578 1174
2645 2645 2426
1 2069 2738
1484 3578 96
3018 3578 2738
549 549 205
1966 2853 187
1 1014 274
489 849 1737
2932 3578 2382
559 559 2738
700 2426 1174
856 3500 3324
1025 1025 3241
3535 3578 2738
3107 3519 2615
1140 1140 485
1 3129 1174
686 686 1051
119 119 2738
644 3578 3324
466 466 1174
1 2285 1174
1 2590 2738
1201 3112 2738
2325 3578 2704
1 1207 1174
1215 1215 3324
1998 3387 2738
701 2554 2444
1 1076 3324
1498 3578 2738
606 3097 1456
1426 2540 3324
1 2431 2867
1 3021 2996
1 841 3018
571 3578 1174
1 511 1174
3378 3578 2193
1 1838 3377
21 1796 1198
2221 2221 3454
3463 3463 2738
1 1046 1661
2295 3578 2738
1 974 3518
332 3130 1827
990 3578 1174
1856 1856 1174
1 1026 340
1 1367 3324
1 2280 3324
2149 3578 274
2773 3424 3324
1 779 2034
1 1903 160
1938 3578 2738
1519 1519 3324
1312 1312 2961
1734 3578 3324
1 2665 1022
2669 2669 2738
32 2631 2738
1696 3442 2651
1 1818 3324
1 770 2738
1327 1327 3324
1344 1892 820
3099 3578 3324
358 476 2738
2906 3578 1174
1 2200 1174
1 1893 2584
610 1936 2696
491 3578 1019
862 2377 3039
1942 2072 1174
1759 1759 1565
184 3578 1174
3522 3578 972
2376 3578 1033
3305 3578 1091
786 786 1174
3461 3461 2738
1 757 3281
1883 1883 3182
3529 3529 1174
1669 2520 3324
241 241 817
3266 3266 1174
1 456 2738
2792 2792 222
1222 3578 2738
1 2694 979
29 2866 2743
3054 3578 1174
2304 2304 1352
1 2394 3340
739 1149 1174
1 2374 1997
1516 1516 1174
1717 1717 1174
391 391 853
3301 3578 2077
402 2450 1174
1663 3578 904
1044 2468 2738
1 3410 891
1 1546 3324
3264 3264 1407
3378 3378 442
1 3505 1174
60 3521 1174
1 2757 2264
230 3578 1462
3166 3578 1049
696 3578 920
733 2798 1174
2539 2539 2025
3051 3474 1174
1236 1236 578
1 1281 2738
1147 3330 3266
1 1294 70
350 350 2291
3054 3578 3324
48 2839 2738
862 862 3324
1 2212 1174
43 3578 2738
1476 2296 1174
620 620 2738
730 3025 1430
3577 3577 1489
2719 3578 3324
2072 2072 2045
1 1446 403
3543 3543 3324
1622 1622 878
1 177 1174
1 212 1174
1991 3578 2195
78 3578 1293
1 1390 903
2090 2090 3487
1633 1633 3324
18 2224 1174
3378 3378 3387
2359 3578 3324
776 3563 2751
1082 1082 3324
1183 2670 111
812 812 1069
2817 3578 1174
2059 2059 1174
1 1102 2738
1 1911 3324
1613 3578 2568
334 334 2738
2429 3578 1926
1 1872 2120
1070 1070 2313
1 2196 1174
1 232 1174
1 2977 2505
2885 3578 3324
1 2186 1254
72 3461 2906
1991 1991 2738
3068 3578 2428
1828 1828 781
529 3578 1312
1 3238 3324
1471 2922 3324
1 2206 2946
3390 3390 1174
514 3578 347
1967 3578 867
1902 3520 2738
2761 3578 2288
1016 3578 2749
2023 2023 239
1502 1502 242
1462 1462 2952
1401 3578 21
1752 1752 172
1 2794 2738
1 1059 1174
3265 3578 3324
1438 1438 2548
634 2583 2738
2618 3388 3324
2957 2957 3324
756 756 514
1187 2997 2738
1 915 1174
1 3578 3324
427 427 1174
1004 3320 3053
2824 2837 1174
1 3272 910
1 1621 2972
1 847 2941
2521 3578 3324
1963 1963 220
316 3578 3324
1405 3578 2200
1740 3578 3324
1 3416 312
3385 3385 3479
1 2294 2738
313 3578 3324
102 102 1174
1 3419 2676
284 3578 1091
1 438 1564
916 916 1617
1 301 161
958 2468 2150
3275 3275 2738
1572 1702 3324
2284 3578 3324
2350 2350 1897
2475 2475 3324
1 1269 1890
2924 3431 1558
115 1145 1231
3226 3578 3324
861 2735 2795
975 1333 3337
1 3548 3324
3277 3277 3040
1 2195 1174
21 21 3432
541 541 1047
355 3578 626
1197 2034 118
40 40 2200
3352 3352 3324
60 3578 2532
398 398 2093
1 2708 2738
2341 2341 499
1807 3256 697
2818 2818 2738
78 3578 2738
2295 2729 3324
1 655 2998
932 932 740
190 3578 1174
2296 2505 3324
1092 1092 1174
1 2991 3324
1161 1161 1174
1 389 3181
2741 2741 1174
1 1713 2228
1 840 3324
924 2574 3324
1 1348 2738
2619 3578 1064
1458 3460 2738
137 137 3324
1 421 2197
671 671 2118
1 3293 1474
65 2181 2497
1 2814 2738
609 3578 2432
3237 3450 2738
2840 3578 1174
1 2321 1792
1 982 1174
3147 3147 1174
1508 1508 3155
1 2503 2022
1403 2306 138
339 3578 115
783 1214 296
3382 3382 1674
1061 1061 3555
403 403 2738
838 2976 2738
539 539 3324
1714 2116 2738
1318 2931 2738
3432 3578 3324
928 3578 2738
1 1308 384
919 2129 1761
1801 1801 1174
2644 3405 2738
3073 3073 1174
1 1171 1174
1542 3578 1709
257 2688 2335
828 3578 233
40 142 3324
1 2341 3571
2959 3578 193
1 2911 1174
1164 3159 1489
198 3578 3324
3378 3378 1174
1420 2893 3266
150 1945 3324
3083 3578 2738
555 555 2024
1645 3578 2784
1 1173 2738
2248 2248 2738
1 1638 2096
917 3329 1174
2738 2738 930
1252 3578 2738
1 376 1174
496 1523 2738
3245 3578 1174
1 3506 2738
1 2647 3324
1308 2221 643
2118 2118 3324
3130 3130 1818
1 1907 1391
237 237 1174
1401 2102 334
1 3228 2738
1 1300 1958
2414 3578 1174
3563 3563 2707
362 1028 104
1586 1586 133
1 1504 2115
1 585 1174
1595 1595 2738
2775 3578 1174
93 93 3104
514 514 2738
287 2015 1174
1252 3578 1728
2772 3578 1174
1727 1727 1932
2278 2278 1174
1 2150 1174
2320 2340 3324
3517 3578 1725
1475 2295 185
1026 3566 3194
1 1922 2738
43 3578 1174
639 3578 1054
1 431 2319
1526 3337 2738
2274 3578 3324
1960 1960 1174
61 3578 3324
1 118 2477
3018 3018 3087
3493 3578 2738
1 2275 3408
1850 3578 2738
1 3110 1359
1237 1237 3482
2337 2337 1847
926 3578 1174
779 1638 3324
1 1510 1174
1 91 114
293 1882 1174
1 439 1174
1199 3394 2738
1 531 1174
507 507 550
360 3578 1729
860 1939 688
3239 3578 2738
1 1856 1832
2404 2404 3405
2234 3578 1174
757 757 1648
1680 1680 1316
979 3578 3324
1367 1367 856
967 1632 3324
1 1092 2942
541 541 2830
192 3578 1174
2222 2930 2738
468 3578 2738
114 114 1174
2872 2872 1742
492 1784 2738
1 902 3324
1 879 3324
461 3578 3324
1557 1557 1786
2925 2925 2738
2624 3578 1174
603 2664 3324
3048 3578 765
1199 2529 2477
1460 1460 2422
115 115 2738
2482 2699 3324
2794 2817 1174
1265 1265 2738
50 3578 2738
3285 3285 1850
2300 3578 2738
2494 3326 2738
1 1389 1059
1534 3578 2738
1690 1690 3324
2019 2063 778
2054 3578 3324
1198 3578 2738
2339 2339 2738
1809 2383 1174
3288 3288 1174
2163 3578 984
1488 1488 2738
899 2890 3258
1684 2598 1988
1 529 1373
810 810 2146
3300 3578 3324
1 1535 2724
2361 3578 2738
2203 2203 2964
2754 2754 2531
2655 2655 1849
1 2368 1174
3145 3145 3323
707 1854 1383
1 2791 3324
1022 3578 2945
1 2592 2173
742 1526 1174
1616 2145 580
2460 3578 1174
2174 3388 2329
1 2775 619
1 1804 2088
110 3578 2560
475 3578 2738
1079 1890 2433
1 2382 2948
903 903 2738
1 1845 2738
182 182 3324
2 3578 1174
1700 1870 335
1 947 1498
1 1293 3511
1287 1287 1908
928 3578 49
2640 2640 3324
1333 1333 1174
212 212 2981
3274 3578 481
302 302 3324
1 890 1797
1395 1395 1404
1 1854 1505
2488 2488 2336
2170 3578 1391
2676 3578 2452
909 909 1543
2036 2036 3125
173 2519 260
3043 3578 1174
841 3578 3324
3037 3037 2738
2674 3578 1174
3360 3578 1174
33 1670 27
1139 3389 1174
520 3423 1077
1267 3578 1174
1 3219 2769
2536 2536 2738
1 664 3222
1148 1148 1174
2509 3410 3324
3083 3083 2093
848 848 3324
613 3578 1174
366 1681 1174
732 743 2738
595 595 2030
1514 2837 3487
1 2263 2738
3457 3578 3324
2163 3578 1174
1974 3578 1174
3438 3438 2738
1 833 1267
1 2311 2809
2182 2182 2738
1 2567 2270
1 3023 908
1188 1188 2738
1884 1884 2738
2630 2630 1227
1 210 3181
2805 2805 2390
1 1534 827
2882 2882 433
1110 1110 3338
2129 3556 1174
223 223 3324
2011 3467 1174
1 2015 1846
1 2845 2738
2403 3054 3324
1688 1688 3324
2067 2437 1134
2237 3578 3324
165 165 3324
2675 3578 1621
2177 2177 2108
1 2047 2738
1850 3578 1174
250 250 564
1 1091 3324
2039 2759 355
2055 2863 676
2463 3578 1992
1852 3578 2738
1 3376 3324
1922 3578 2738
1086 3578 2738
323 494 3229
622 810 2177
2565 3578 1405
1895 1895 844
638 3078 1174
701 3578 1340
1230 2098 1174
1079 1678 937
1 1363 1174
3147 3147 3324
1 2069 751
1537 3237 3324
1732 1732 1786
144 144 2374
1 1665 250
997 2922 1174
1 1580 1516
1 1114 3324
2987 2987 2738
3075 3578 3118
451 3578 601
1857 1857 1174
1401 3454 60
1 753 2681
3568 3578 1174
2294 3470 2785
377 377 870
1 771 2738
918 918 477
1 1561 2640
108 450 1174
1280 1651 2509
1471 3578 1174
1617 3578 1174
2106 3197 2048
1 847 2226
1 1428 2738
601 1963 374
2267 3578 2738
116 2123 2757
1 168 1174
1361 3578 1650
1 2542 1174
1 907 1174
1664 2427 1460
2646 3578 1174
1 667 2296
1 2509 1613
2652 3022 1174
2697 2697 1738
1519 1716 1174
694 1216 515
114 3033 3324
3196 3196 3531
3386 3386 3324
1 2791 162
1 2101 1282
391 3578 2331
2714 3578 2738
1426 3578 2644
1154 1154 3083
1 764 2738
1 2955 2738
2943 2943 166
1749 2240 2670
1 1224 3324
2642 2642 1223
1 271 825
354 354 3442
1675 3578 1425
1076 3578 2738
2294 3578 601
1 2450 173
1906 1906 2738
1883 2509 2738
689 689 2738
1457 1457 2884
1271 1271 2738
1706 1706 3324
505 2175 1174
2324 3578 1174
3210 3578 499
350 3578 1508
1 1204 1693
1507 1699 1081
1532 3578 73
1 1944 3324
1 2788 3324
1 3038 3005
989 3578 1743
1 2093 87
2286 2286 1891
2273 2273 3047
1 3558 335
1 1789 1174
1 2011 1174
293 1324 3324
1 482 3324
3316 3578 2738
96 2538 628
1 3134 1605
2851 3578 1428
342 2684 3324
3403 3403 3324
1 3482 2738
3570 3570 122
413 1265 1174
1 1351 2738
2059 2059 2738
2348 2348 2625
735 3414 2738
1 1816 2738
1 22 3324
1457 3578 3153
911 911 1174
442 2109 1174
1247 3578 3324
275 275 3324
1 1537 1174
1442 3578 3324
1546 1546 1174
359 2358 2482
3378 3578 3324
1357 3287 2738
1562 1802 1174
1703 2699 597
83 83 2586
124 124 2738
3341 3578 3324
1612 3473 1306
2213 3578 1892
1 2439 2966
1 2525 2738
336 3267 2385
1204 1204 1341
349 349 1892
1 3350 1174
2155 2155 2131
3109 3109 1987
1 2508 1174
1 2172 1174
2510 2510 1174
2704 3078 2617
193 2508 3324
1 3516 2682
1 504 825
2692 3578 2738
97 3578 1174
588 2478 2738
745 3578 1234
2454 2454 1038
291 291 2738
3384 3578 2307
1 1882 2309
1 295 184
2771 3236 780
584 3369 157
217 3211 1174
1 2061 2640
1192 3578 1530
1 1659 3004
715 715 2237
2567 2567 3324
394 394 3574
801 3578 2738
1074 1510 1174
1 1759 1174
2745 2799 712
1 1229 358
2301 2301 1174
1274 3578 2738
1051 3503 1763
1 1118 355
2535 3578 655
409 2216 79
1 2093 2738
1 108 2738
525 3027 1174
1 3160 3324
222 3526 1317
2129 3578 1795
1 2280 3324
1830 1830 2034
2523 2523 1174
309 3578 3343
699 699 268
1953 3532 2738
2413 2413 3324
348 348 276
2863 2952 2861
1574 3213 2738
1946 1946 1174
372 372 2738
761 3324 3166
2660 3065 2738
2941 2941 3324
2653 3578 3243
3563 3563 3335
1394 1394 524
1688 3578 143
793 3578 808
929 929 1174
1330 3578 3324
548 2073 3324
1672 1672 474
657 1858 2738
1452 1452 1813
1 3313 1057
171 3578 2738
1 1393 2738
1 2258 2202
136 548 2738
493 1989 2311
1450 1450 1311
1 2851 2655
2307 3578 32
795 1364 3535
1282 2321 1229
2354 3578 3324
548 3578 1751
2257 3578 1353
1 2198 2738
1 642 3324
1 514 3324
3229 3229 2738
1 3131 99
1 10 3324
1 1525 3324
2907 3578 2706
528 528 2803
1733 3578 2031
2907 2907 1174
3179 3179 2738
1 534 2160
754 3578 2034
3375 3578 1407
3244 3244 1243
354 2145 1562
2138 3578 2738
1613 3488 1174
3504 3504 3324
2472 2472 1174
1 2215 2738
1 2284 834
1114 2836 1174
3397 3397 407
3462 3462 2085
1639 2690 2915
1 2988 2738
1461 1461 1174
1 1475 1495
119 3578 542
1 3259 3324
1 2667 707
3164 3578 3324
1 2055 2738
1 380 2738
266 2657 2738
2281 3387 3324
2290 3578 2738
1 2023 2738
23 105 1391
154 1363 2738
3494 3494 2929
602 602 3324
1779 3578 2247
2885 3578 3324
704 3578 2738
209 3578 3324
1815 1815 1174
2110 2110 3324
1 957 3318
893 893 2738
106 106 3324
2642 2642 2738
4 4 1478
1 1156 3324
1 2163 2738
1 185 1742
1690 1690 2437
1403 1403 2684
2383 2383 1174
1304 3578 1801
2921 2921 235
1 3416 1519
2408 2408 524
250 250 2738
1302 3578 3324
371 371 3324
1167 2354 1429
3313 3313 3142
86 86 1174
917 3578 274
2485 3578 2738
591 591 1529
755 755 3324
2964 3578 2755
1533 1533 2738
1 1304 1051
1540 3578 703
2754 3578 3324
1 193 2816
897 3578 1174
539 1800 3035
2114 3202 3324
549 3578 2832
1628 3578 3324
2513 3578 2738
1 3486 2738
1430 3578 1159
2617 3459 2738
807 3578 2738
50 3401 2230
2075 3578 372
1235 3578 2750
2665 2665 1174
1635 3213 1121
2520 3578 2738
2048 3578 1174
1 1087 3324
86 2631 2221
2195 2195 2738
583 583 1174
413 3578 1174
52 3578 1174
2262 2262 1174
1 1252 2738
2694 3293 2327
1 1915 1174
211 211 3324
3514 3578 2738
389 392 3324
1 1866 3324
2749 3578 1174
543 3578 2602
1 3137 1174
1 2341 1040
310 310 3324
72 1137 1174
1 134 2606
348 1818 1770
859 3578 3324
1 3229 3300
2808 3578 2348
2000 2000 876
881 3578 2738
1 1151 2318
1969 2315 218
1326 1635 844
1156 3578 2954
498 498 1174
543 1458 754
1201 1201 1251
226 2800 1576
2985 3578 1798
1571 3578 1174
1 562 1539
1 2410 3324
3481 3481 3324
1 1561 349
1920 1920 1798
1 1317 3286
2210 2210 3204
1866 3578 2738
3077 3077 3324
2160 3578 2359
1621 3182 1174
1 1567 2738
1 413 2662
1506 3567 1174
2249 3578 1514
1430 2765 1174
782 1310 2165
1378 3578 3324
380 380 2738
1400 3578 1845
1 3510 1498
2213 3578 2891
1 3576 1174
1961 1961 2738
608 3578 3324
1256 3266 1806
1 703 2967
2889 3578 1174
1191 1191 3056
251 2661 2738
2575 3578 1142
1 1442 793
3196 3578 280
1 927 3191
1 886 1174
1 666 448
1 105 3160
1 170 2738
1 230 822
322 3578 3324
2156 3578 1397
12 3531 1174
673 3578 3324
1 2281 1174
1 2549 2738
1200 2002 2738
1209 1316 316
1118 3578 2738
1 3349 817
1872 2005 2738
504 3578 1174
163 3578 961
650 2201 2402
1575 1575 1174
1 1710 885
89 2723 2507
1874 3578 2738
1 2139 3324
3445 3578 2616
2016 3578 2016
1 2576 2109
1 424 2738
3179 3578 3324
1 1032 2270
1 2563 2042
1247 1935 2738
2856 3039 1174
421 3124 1917
1930 3178 203
1 2578 1174
3144 3578 1642
486 1348 1639
1 243 1174
1950 1950 1174
113 903 3042
1 990 2738
1343 1343 1174
1767 1767 1174
321 3578 1038
659 3578 1225
1094 3578 3324
1 1021 3324
3298 3298 1174
2251 2251 3324
3370 3578 1174
1180 1908 3324
627 3578 1276
1697 1697 3324
359 3578 1174
1 3301 3072
827 2699 2738
1 76 3290
2730 3578 2738
1017 1017 3324
1007 3578 444
2641 2641 3324
497 968 451
2008 3578 2470
730 730 1660
466 3578 40
2072 2072 2509
3205 3578 2990
2886 2886 3324
1 115 2209
1141 1141 2367
3290 3290 3324
583 2041 3324
3438 3438 870
1 3355 3324
1262 2128 3324
2145 2145 1657
1 1957 1234
2774 3578 517
2770 3578 1476
1612 1612 3324
3127 3578 76
835 3578 3544
3367 3367 1138
3468 3468 1330
1863 1863 1174
1 436 54
3496 3578 2738
1739 1897 2738
194 3578 3324
2144 3578 522
2693 2693 1172
7 1088 2738
1568 3570 3324
3079 3578 2738
2561 3578 3324
1 685 3324
692 692 448
634 3578 2738
1 1475 3247
3358 3578 2738
1 667 1174
2206 2424 3558
911 3578 3512
2395 3466 2738
1959 2055 2746
852 852 12
1102 3213 1880
1 444 1937
3038 3578 2205
91 3308 1184
2572 2572 1174
1 1761 2738
1 1421 1423
876 876 3324
1129 1129 2681
2262 2262 2738
1 2152 3385
1 831 1099
1 2343 3324
1 2294 3414
2250 3578 2738
2791 3170 700
1180 1710 3324
1 3221 2738
9 784 2738
2316 2316 2738
1711 1711 2959
788 3578 277
1851 3578 3153
3553 3578 2738
152 152 3092
2855 2855 3324
2653 3578 2072
1 1078 3324
89 3578 3324
371 371 1236
1008 1008 431
1 2738 1174
3450 3578 3324
64 3578 2932
3313 3313 3324
566 566 109
2677 2677 3324
1 2176 2738
840 840 3324
655 655 2424
1192 1386 1174
1466 1727 1174
1707 2036 2738
1502 3578 3250
1 286 1122
1 2047 2738
177 3527 3324
3159 3159 3324
2984 3578 2738
3385 3578 733
1 866 3324
1924 1924 2747
3212 3212 2042
620 3578 3324
247 247 576
1 529 2738
1 3496 2722
793 1939 1474
1135 1135 2814
1 1306 3420
3075 3075 3429
1028 1028 1174
3132 3578 1632
522 522 2738
1 2222 239
1369 1369 2738
1090 1090 313
2211 3578 2738
18 3578 2738
2660 3019 2655
1091 3578 2738
1 3461 231
727 2322 877
1356 3578 2055
1112 1112 1878
1393 3578 191
1 1218 3420
3283 3468 3324
2973 3578 1255
1 2304 3324
1 3025 1174
1 2265 2738
914 2600 3324
915 2578 1174
1 262 3324
3151 3151 2738
99 1953 3324
1 3184 1174
1 2959 3324
527 527 801
3383 3578 1446
1742 3578 784
3147 3147 3324
131 1857 1792
1761 1761 2738
1 1691 2738
1252 3170 576
1343 1343 1726
2355 2355 617
2137 2137 1174
1 1596 3324
2034 2034 3518
1 622 448
643 2241 2061
136 136 1500
2289 2289 1174
3462 3462 3279
1966 1966 3324
205 205 2958
3182 3578 2738
1440 2752 2738
289 3578 1449
1049 2110 2738
1 3309 3324
1 3445 1174
1 1988 2738
813 2494 3324
1 3346 3324
124 3578 127
243 2995 1826
576 3578 819
517 517 1174
1313 1313 1992
1409 1858 2676
314 3162 870
1392 1570 642
625 625 3324
1 2374 113
970 3578 1174
1 2023 1174
225 2380 2738
1183 1183 1174
673 673 2738
3016 3016 1174
2610 2610 2101
710 2681 1174
2022 2047 1495
3570 3570 2497
1 2907 3324
130 2403 784
1490 1490 2738
2814 2814 2738
1582 3578 866
928 928 2738
43 3578 2589
3163 3578 3324
1 435 3175
712 712 3080
1224 3082 2530
1 378 2738
1 2355 3324
2651 2651 1528
1885 1885 1488
2022 3578 1434
1 2229 3324
1 1218 1010
1 3187 1684
2488 3578 2738
1095 2264 294
2901 3578 410
315 3162 3324
2818 2903 3309
1 2195 2738
2193 3578 2084
3305 3305 3324
3292 3292 1174
1 2066 1174
1868 3578 2614
2394 2642 1174
223 1470 1174
457 457 3226
740 1248 2738
1 48 2738
1 1641 2738
1262 2388 110
1 3230 1146
114 759 3324
841 3578 2738
1 2727 2549
2311 2709 1976
1855 3578 3324
1353 2233 1227
1 1024 2980
1 5 2123
448 448 2738
2966 3578 1476
1 665 3324
1555 3578 2639
1384 3578 421
1498 1498 601
465 465 23
2679 2679 739
1900 2071 3252
1389 1389 1174
2675 3578 3324
424 2169 2738
1 1008 2738
1 3483 2902
2339 2339 3324
1552 1552 259
2324 3578 2738
1728 2826 1174
509 509 1174
1 3355 2738
1 2998 1870
980 2802 3324
1883 3578 2738
348 2190 1334
3064 3064 2738
2169 3578 2078
2412 2666 277
1884 3578 750
1 408 3324
2277 3578 3324
1 760 1174
56 2258 3324
2826 2826 441
1 838 3052
2061 2061 705
1737 3578 3040
2958 3212 717
2612 2612 520
1 1090 1174
3003 3003 3033
3126 3578 2738
1905 1905 2738
1 2101 1174
3534 3578 816
1 2543 3356
1 2400 2272
2401 3578 1174
1 1436 1862
1619 2124 3324
2623 2623 2365
2571 3578 3324
3166 3578 1517
1 1931 2023
685 1004 2738
1 93 3324
899 899 101
168 3150 261
258 258 1336
1557 1557 783
1 2402 3324
1 2266 3529
1808 2750 3324
1289 1289 2738
78 78 1174
1 634 2227
367 367 3324
1817 3052 1978
3282 3282 2372
1 646 459
36 3578 1174
650 3513 2916
1 3399 2738
844 3578 1174
1 1574 39
3182 3578 3324
1 754 3385
1 2445 3553
1 3066 2738
363 363 1847
1671 3578 2738
3550 3550 3324
1673 3578 3339
871 3578 1449
771 2597 3556
1694 2939 1789
1066 1066 3170
3154 3578 3324
2941 3578 2738
2558 3578 1502
2229 2229 1174
82 3578 2151
3374 3374 1174
436 436 3420
1 1047 1704
248 2093 2738
3276 3276 2673
1755 1755 3324
1088 1847 1174
3043 3578 2738
955 955 3052
654 654 9
2387 2387 2738
1936 3335 3324
1134 1134 1174
1235 2094 1174
3424 3578 1174
1759 1759 3324
41 3578 3324
1 3458 2738
3436 3436 23
1055 3301 3061
3111 3578 1431
1755 1755 2738
1878 3578 2738
730 730 1174
2519 2519 2662
1 1454 391
1 584 2362
1 1890 1187
1292 3578 2487
1670 3578 1410
540 3578 2738
3339 3339 2738
738 1730 816
2056 2056 2738
3028 3083 3324
3419 3419 3443
1564 1564 444
1557 1557 1174
544 3578 2738
1870 1870 1174
1 3383 1687
1883 1883 629
1445 1445 211
308 3578 1265
1 1946 1174
518 518 3324
1 1353 1713
1831 1831 3324
1 963 1174
1733 1733 3324
1 3521 151
201 201 174
1 1913 1926
366 366 1174
1 2221 3310
1482 2028 1444
1 2463 751
472 3578 3324
435 435 3565
1977 1977 1252
287 1164 2933
2716 2716 3324
1771 3578 2391
436 2238 2737
1650 3578 3352
1 3345 1541
1 2676 2738
2728 3578 2027
2143 3578 625
1197 1197 211
1 399 1618
1 2874 877
3288 3578 2738
1997 3578 639
472 3578 2738
1736 2721 2327
1 3283 3018
1 3246 2266
1 1654 718
506 2053 2738
1 1937 2738
2443 2552 1174
520 520 104
2232 2232 2738
1 2605 1174
881 2351 1174
34 2421 578
403 3578 2760
1928 2140 3199
1404 1404 2738
1271 1271 2738
1 3437 3324
1 2213 2738
1 2472 210
781 2719 1480
300 3578 3324
1353 2237 2738
1 1340 1174
1422 3578 2738
3228 3578 2738
478 2220 2562
2918 2918 3324
3430 3578 3057
2320 2494 1327
316 2821 634
1 3214 1174
2062 2062 2738
1 3099 2738
61 1185 184
1059 2159 3324
1504 1504 1105
2495 2495 178
2326 3138 3324
1870 1870 1140
1284 1284 1528
2168 3578 2738
1 1551 1174
2908 3578 2372
921 3578 1174
2838 3578 2738
3381 3578 315
1155 3578 2441
1 1657 2902
1 711 1174
3473 3578 1174
330 884 2798
1350 3480 2738
3311 3311 2453
535 2341 1174
2190 2190 2746
2132 2831 1237
1510 2889 2543
848 848 2993
532 532 3349
3200 3578 1762
139 139 1487
1 628 68
3429 3526 2909
1 1075 1174
3244 3244 575
1 867 3324
1 38 179
935 2994 1174
1855 2283 905
1373 3578 2738
426 1115 2752
1 1848 3174
2960 2960 3013
1 2730 2196
734 734 2553
1 1374 3027
1101 3578 2738
83 83 2738
1284 1284 1174
1 315 1174
1 2685 2738
2332 3578 2738
2986 3320 1174
1 912 2738
63 63 1431
1053 3578 3324
1808 2081 2157
2800 3578 1174
1664 1664 1174
2874 3520 2738
3411 3411 3297
1 1981 1174
1654 2346 3324
3513 3578 1478
1 1588 2738
1286 1467 3125
2156 3578 204
1623 1623 3246
1 112 2738
244 1810 1806
1546 2686 3375
1648 3578 116
3053 3578 2738
405 405 2738
419 419 2738
1989 3578 2738
2865 3578 823
1 821 2738
2410 3578 2738
3476 3476 2738
114 114 2985
1 2675 3529
548 548 3324
1172 3508 1166
1 2307 1824
3468 3468 590
277 2073 1174
850 850 313
199 3578 1174
1 2388 1433
3529 3529 1146
1470 1470 471
1 3468 1893
818 3101 2852
1601 1601 1174
818 1908 2838
2132 2735 2738
814 3578 1174
1633 1633 2738
2473 3578 3324
671 671 2738
1 31 2195
733 733 3324
1 1330 3324
1902 3578 1174
2050 3578 2803
1534 1856 1174
3539 3539 2738
1292 3578 2580
3389 3578 1174
2763 3578 1795
2688 3578 434
1 1758 2886
466 466 2991
2966 2966 128
2252 2252 2738
1598 2609 2738
2159 2233 1531
1 443 1174
2838 2838 2284
1926 3578 2483
2839 3578 3324
2987 2987 3324
2265 2265 1174
1928 2708 2738
1089 1089 3324
3123 3578 2265
226 226 739
1 2500 904
1 234 3324
1 234 3322
1 2936 3233
34 34 2503
985 1875 2504
2890 3294 1706
1105 3360 2738
518 2503 3074
1 1623 878
3365 3365 1301
1 3121 1578
2703 2703 1174
1 2406 2738
1167 2176 2738
1 2640 3324
1404 1404 3324
3375 3375 3233
1 2792 1174
1386 3578 2023
1 671 2738
3476 3578 1282
1839 1839 3324
1548 1548 1285
2825 3578 3324
1873 2248 1708
821 821 1756
3011 3011 1748
516 516 3324
2812 3578 246
1 634 1877
1 2820 2738
159 159 3324
1 1557 1605
2615 2615 2766
1 1716 1305
1 1669 725
146 3392 2112
1 1759 1489
2791 2791 697
1 705 1228
2670 3578 2738
2377 2377 2738
1 1914 3324
737 737 2738
401 401 2331
1 2880 2484
2025 3522 1174
1495 2796 2799
1 1771 2105
484 484 1174
2749 3578 2738
2802 2802 685
347 490 2956
1565 3578 1844
1 1041 1033
1 436 3324
1 2814 2239
2980 2980 1174
2616 2616 1174
1 2086 2004
2988 3578 743
1989 3578 1407
1 2659 2220
3020 3020 1415
1398 1398 3324
2093 3578 1174
1 313 900
1 1723 2738
2239 3578 3481
918 3578 3324
2924 2924 1174
1718 1718 2869
281 281 3324
2592 2982 2081
650 722 1446
81 1667 3324
1 2693 530
2441 2441 3092
2330 2330 2738
577 577 1174
869 869 2738
1 3005 1174
1 3130 1954
1 978 1174
3428 3578 3324
1777 3578 1174
3333 3578 2738
1924 3578 3116
1 267 2738
835 835 813
1831 1831 3324
1 732 1174
883 3578 1664
1 1753 2738
3463 3463 3324
1960 3578 3324
1825 1825 1085
1 367 1174
1576 3578 1174
1 2550 3324
1 2056 2738
971 971 2738
3473 3473 2738
705 3578 1174
731 734 1859
605 2940 1174
1514 3578 793
49 3578 1717
2150 3578 2738
277 3578 2738
833 2756 1534
2696 2696 1592
1 201 2738
689 689 3324
1 3148 2836
45 521 830
1211 3479 3106
1467 1578 2738
1 705 2768
874 874 3324
1655 1655 835
114 3578 3558
3115 3410 2738
615 3505 1174
730 1998 2738
1 1734 3324
1546 1546 269
870 870 2892
734 2159 2738
1230 1721 1174
3543 3578 3324
1 1126 2738
610 3578 651
1230 1779 2361
1239 1239 1942
2331 3578 3324
1 1029 3340
1 2552 2100
2887 3578 3324
276 1335 2710
76 76 1174
1 1677 3324
1646 1646 397
1308 3578 3370
1 2657 3360
552 3578 681
3181 3315 3324
1186 1471 1597
2160 2160 1174
3557 3578 3145
2710 3578 2825
3262 3578 3324
2416 3578 2738
1168 3282 1174
2462 2462 2046
44 44 1174
457 457 1174
1681 2242 1174
2297 2297 2378
1063 3578 2738
1579 2259 2738
2504 2504 3324
1146 1146 1174
1603 1731 1174
1 2134 2674
12 1768 189
265 287 3324
1 39 1174
2556 2556 2462
486 2674 3163
1577 1805 3324
1 1520 1587
2515 3154 3324
267 3578 3307
1110 3578 3324
1056 1571 2345
1 1682 1174
1007 1007 3324
1 2723 2738
3122 3578 2444
1 1781 3324
2221 2221 2103
3249 3249 2885
2802 3578 2738
2366 3578 3324
2445 3578 2309
185 1525 1174
1 2884 1035
3536 3578 3324
3070 3578 183
144 3578 1047
262 3578 670
2889 2889 271
3141 3141 289
1 253 1752
1 1874 3250
929 2724 3192
51 3578 1174
709 3426 91
2031 2031 1174
1 3023 3324
662 3578 1263
1 2846 2738
2609 3578 3324
1447 3529 2738
1 579 3324
1 3150 1174
1073 2027 2775
2022 2022 3070
2862 3578 362
2859 3578 2738
1032 3578 2738
456 3578 2738
3355 3355 1594
959 3578 2738
1 1725 2725
1 2186 2738
3534 3578 2738
2877 3578 2994
1165 1165 2738
1113 1113 3081
1 1094 2738
1 2154 723
1253 3578 2705
2431 2431 2754
3342 3342 2738
1 2353 605
1 2028 123
2809 3578 3324
759 3077 2738
1736 1736 3324
1535 1535 2738
683 3173 2919
1 1609 3324
3554 3578 2199
1 2879 243
1032 1337 2308
1326 1326 1174
238 3578 3324
3013 3013 3324
1 617 2570
156 156 1528
1380 3230 3324
73 2380 2738
441 441 2738
1099 3578 3275
1 3286 1174
3251 3578 2738
1 3446 1174
1 2590 1174
1 3259 2738
2337 3336 2738
2183 3578 3324
536 3578 395
2585 2585 1174
2988 3578 1203
1512 3578 3414
1 3334 557
294 3578 1174
1 1335 2797
2583 2583 240
1 587 2062
1 3211 3324
1 1135 1802
2171 3578 2738
3142 3142 2738
1996 3578 1174
1 790 578
478 3578 2738
1 1548 2738
3347 3347 853
1 2315 2245
2515 2515 499
1802 1802 3324
409 2671 3324
1 2268 381
1 2244 2738
2725 3578 1174
458 458 3561
1 2119 795
3261 3261 3324
1481 1481 2601
56 56 650
1 2948 1174
3130 3130 1174
2081 2234 665
378 3578 1174
1 1087 1507
1 2060 2107
2905 3578 2203
1530 2151 1592
1 2500 2844
1 1053 3324
130 2155 3324
31 1466 870
1078 3578 1833
2436 3578 1174
756 2714 1174
1119 3578 2376
95 95 3182
859 3578 1107
1 3074 2292
1 2281 229
2775 2775 1625
1388 1388 2153
1399 1553 3154
213 478 3324
1729 1729 2738
264 264 2738
2675 2978 2475
443 3578 3324
1547 1547 2738
261 261 3324
1 1564 2000
923 2207 3324
3431 3578 3324
1 1750 1174
1981 3578 2629
444 1064 1897
1202 3578 3069
3016 3578 1174
1 360 2492
2647 2647 2425
1 1750 3324
1348 3578 458
2198 3203 77
318 3578 3060
1052 1052 352
2036 2036 3324
2422 2422 783
3506 3506 3414
487 3578 2576
1968 1968 223
1 2680 1970
2431 3578 3324
2930 2930 2738
1731 3578 3324
1 1715 1174
621 3578 1856
913 913 1174
1041 3208 3126
1 1280 1727
635 635 1824
2568 3578 2559
1 3547 3547
1856 3578 1985
362 362 2212
3546 3546 2272
1 1087 693
1145 3466 1150
1 1818 3324
3107 3107 3324
1484 1484 3324
68 68 1776
3405 3578 285
1744 1744 2693
1 1243 2738
1682 1682 2469
2873 3578 130
1361 3578 2738
1 3120 1174
858 858 2072
522 522 1369
1 809 35
1 3145 3068
267 267 2957
1 2309 1403
1233 3578 1174
1965 3578 1174
893 3578 3324
121 3578 3452
990 2691 3324
1742 3422 1441
2537 3578 1979
639 3578 1174
3336 3336 3324
1820 2223 1169
870 3578 3324
1 507 3324
292 1341 587
1811 3578 782
3225 3578 2558
2920 2920 3442
1 887 1174
3322 3578 1174
1627 1627 2738
1 1772 1174
320 320 2738
70 720 1815
1961 3578 2738
3385 3385 2738
2132 3069 1106
1304 1304 3324
2084 3578 3524
1 1963 3368
1074 1992 2193
979 979 3324
1499 1499 3324
1983 1983 2209
1117 1209 3324
645 3578 2042
3181 3181 2844
1645 3070 211
1700 1700 1174
2285 3578 3324
845 845 2738
3088 3578 419
676 1704 2738
380 380 2738
3296 3296 2738
3277 3277 1407
1505 3578 1174
1456 3103 129
2211 3578 2738
2100 3578 1174
1 2807 1174
2595 3578 1174
1 1181 3324
1870 3578 1174
660 660 1846
312 3578 1174
1 1670 2260
621 3578 2691
3159 3159 3324
1408 1408 3324
1 1174 3324
1 701 2738
2462 3578 3324
2231 3578 1633
3285 3578 1174
3010 3578 2738
3339 3339 3324
2683 2683 2738
3199 3578 3324
1 1326 472
5 3578 3355
1 143 961
1476 1476 1052
2213 2213 2738
1 2579 2738
1 3148 1093
1 232 2498
1506 1506 3324
1 2481 1174
2911 2911 3412
3487 3578 1145
1022 2882 2738
1168 1168 3324
1 444 2738
314 1100 667
3246 3246 1174
2837 2837 3324
726 726 1174
2633 2633 3324
1 344 3341
2981 3578 2738
1 205 1078
341 1024 3324
3359 3578 3324
1 2671 3324
1616 1616 2033
2065 2192 2555
1220 3578 2820
969 1814 1098
2340 2340 3324
509 3578 2431
2444 3578 13
2188 2468 2805
430 3578 3499
410 410 1174
1 1272 1174
1 2854 3061
1025 2411 1943
2869 3578 9
964 964 2247
1 1201 350
3380 3380 1174
1 3100 1174
2656 2656 3324
3392 3392 2823
167 167 1174
1 2398 1174
2039 3578 603
1 966 3324
794 3578 3290
927 3578 2738
3352 3578 3324
3547 3547 1174
1037 1037 2738
1 921 2738
1751 3578 2738
2697 3578 3324
1 270 61
1984 3578 293
1 3309 2152
1140 1140 1481
2861 3131 3324
1 987 2738
2499 3578 3324
970 1203 2738
980 980 268
2174 3578 1174
1 216 1617
1 1767 3069
3475 3578 1183
1048 1879 2421
1 1713 630
2017 3578 2738
1454 1603 3324
2651 3578 1603
1506 1692 2738
1766 3017 3324
2317 2317 994
1 3097 1549
2016 3578 3324
3041 3041 1174
2948 3022 1174
637 3578 1174
315 729 2028
2781 2781 461
997 3578 2738
3512 3512 2055
1 2296 2738
2499 3494 607
1 2715 2738
1343 3578 1174
1 3298 1174
2767 2767 2738
92 3578 729
1 1743 1174
2515 3578 2670
1 1171 2738
941 2951 3324
1 3577 2165
655 1609 778
360 360 1871
1 1630 3160
1893 1893 1664
16 1149 2738
1330 2166 3513
3233 3233 2869
1 2558 454
1 239 2373
2562 3578 1174
1801 3104 3324
272 272 466
1259 1259 1315
1 307 1857
1 315 2738
1624 1624 2738
408 1083 2613
1 170 2738
1 720 2738
1479 1479 3324
1 1575 1174
1654 1654 3324
1 3149 1174
2887 3538 1952
1 591 1651
257 295 1174
921 921 1064
1897 1897 3324
2340 2340 3324
2639 2639 2623
656 3578 2738
1 1053 1174
3131 3131 3324
1509 3578 2370
3242 3578 2089
473 3578 3324
499 2163 1174
212 2000 184
882 3578 3324
3564 3578 655
1 3063 822
1373 1373 197
277 507 3105
1650 1650 2399
2349 2349 2738
1 3227 1540
2301 2301 2551
3053 3578 3324
3108 3108 2730
593 593 1174
2830 3578 213
3274 3578 1322
2219 3578 2247
991 991 1174
525 525 1538
796 796 3324
1 2585 1174
198 457 141
1 1956 559
1 411 3460
151 874 3324
1684 3578 3330
236 3578 2604
850 850 3324
688 3578 393
27 2208 3324
3179 3578 667
343 3578 1097
933 3578 1174
310 1794 2738
846 3047 1174
3446 3446 2738
322 322 2738
1030 1030 2738
96 3578 3324
2716 3578 1174
1960 3578 673
2218 2218 818
1 762 214
2096 2096 2738
810 3531 2738
3434 3434 3324
1 255 2738
803 1312 3173
1018 1202 1174
1725 1725 2738
2517 2904 3324
1 747 2738
1 733 3253
1141 1716 3073
2453 3578 1477
3283 3432 2738
3 3 3069
1 1212 1174
1984 2838 2925
1739 1739 1174
3563 3578 2590
1 914 2294
2166 2166 1157
2863 3578 3324
354 354 3324
1 2679 865
1221 3578 1853
573 921 3396
892 3578 2315
830 830 3324
2716 3578 753
1 1866 1737
643 643 1174
351 351 1738
1107 1470 1085
1745 1745 1929
1863 1863 1174
1325 2755 138
1166 1918 2738
1637 2818 2738
336 336 1174
1 1207 2738
1 229 2586
676 1108 1174
3446 3446 1991
1 2577 3324
1342 1342 3324
1 1461 3138
3079 3578 2738
687 3250 3261
2796 3578 555
202 202 198
786 3578 1174
3501 3501 2768
241 3578 1953
834 2489 1174
1 2467 2568
3409 3578 2250
2008 2008 3324
2522 3578 2242
831 3330 281
3160 3578 1302
2952 3578 1174
2131 3102 2382
1 1104 746
1 1956 2738
1614 3578 1482
1 3011 2738
197 1173 1348
2421 3578 236
119 2045 88
1 950 3294
3451 3451 2323
2067 2067 3190
600 2040 1174
1205 1205 2738
1 1011 3563
3206 3578 1892
1929 3578 3324
3429 3578 321
336 3578 3324
1910 3578 1174
2573 3578 12
733 2371 1174
859 859 1174
523 523 3324
1 1499 2879
1548 3578 3324
937 937 2291
1 2198 3324
3046 3046 942
217 217 1174
1315 1315 1628
437 3578 2738
1440 1901 2738
2438 2438 1174
1 2728 2738
3341 3578 2738
492 1864 2898
1 3227 3324
998 998 268
1407 2611 2738
513 513 906
2146 3578 112
930 3578 2759
1521 3578 2086
1501 1501 2428
1 1171 1174
230 2134 1187
2114 3578 1174
1380 3539 2073
176 1214 3324
2820 3578 463
3572 3572 2738
1297 2722 3324
3447 3578 2738
864 864 2738
1796 1796 1582
1 1532 2900
2995 3578 2151
2936 2936 671
2940 3578 1583
742 742 1174
776 3578 423
2259 3578 1174
1 2900 806
2160 2160 1593
910 3578 1174
155 155 1174
465 465 3324
1861 1861 674
836 836 3193
1 2003 2427
1589 3578 2738
77 77 2758
1266 3344 2517
3434 3578 2286
1 643 2594
2123 3578 3324
806 3421 2738
2224 2224 2738
2743 3578 3233
1013 2326 3188
2096 2655 3324
1 199 3324
2579 3578 2645
3029 3202 989
420 3578 3324
1779 1779 2399
535 3578 2738
960 1033 1174
2023 3578 1482
1 1928 55
1888 1888 433
871 3578 1174
2319 2319 2509
70 3330 3324
2621 3161 1858
1 427 2963
1506 1506 1174
1 1023 3324
169 832 484
3381 3578 2729
1 2899 3324
1058 3578 22
663 663 1174
249 249 2909
1592 2418 3324
3213 3238 3324
1 63 1174
1419 2991 696
894 894 3377
1 2469 1173
1 1305 2738
1960 3040 3015
1 3264 2738
1089 1937 1174
2893 2893 3378
108 3578 2738
1 2648 1174
1213 3578 1174
2226 3578 3324
1 1786 1174
1 1588 3454
1559 2863 3324
1381 3578 2738
2220 3578 396
3260 3578 1592
1 2689 1174
116 3578 228
2615 3578 1206
254 733 1174
3462 3462 3324
1 1134 2738
3013 3013 3242
727 727 3324
2618 3578 3324
1226 1736 3324
2718 3578 1801
1415 2210 2470
1488 3578 3324
1 366 3324
1766 3578 396
1 1384 3324
2127 2127 2370
3151 3578 3324
1833 3578 1504
854 3267 478
3064 3064 992
1938 3578 323
2782 3578 2236
3163 3163 3324
424 3141 2934
1 1403 1723
1671 3206 1174
378 378 266
195 3578 2627
3526 3578 3381
904 904 1174
1668 1668 427
2011 2282 1174
141 3578 2738
1 2007 2158
863 3578 3324
1676 1676 3098
1 322 1435
1403 2198 1174
1 2534 2403
2626 3578 1686
749 3578 1174
1673 3578 2738
585 824 3324
2035 3578 3329
1640 1640 3375
2296 3578 2372
1 1904 3324
2076 2076 3324
2664 2664 1174
1 2713 1620
1 3300 1176
1 96 2090
1185 3578 1569
747 2071 2738
1 704 3324
1399 3545 3324
2124 2216 2089
1090 2814 1249
1757 2732 841
263 2209 1174
804 804 1693
305 410 2738
1358 3578 3324
2831 3098 1218
3216 3578 1174
1 3129 2738
254 254 2738
1 828 2738
2890 2890 570
3460 3555 662
1 1502 2738
1627 1627 1174
1493 3578 3403
1620 1659 2108
1 670 1704
1 2172 2108
2033 2033 2264
1 590 2978
1 180 919
457 2149 2738
310 3578 3324
2208 2208 2738
3202 3578 2738
1571 1571 1174
894 1332 2293
2240 2473 3324
1 2425 2491
1 2945 217
448 3578 2738
1 643 1174
1 1281 762
941 941 1001
1 224 3086
1 2251 27
1776 3578 3064
382 382 2641
726 3578 2030
3103 3103 295
1 2606 2738
1 2732 3223
1 382 2738
1 3166 86
1784 1784 15
3314 3314 674
1 699 1174
2244 3578 1982
2870 3578 1174
2 3578 2011
550 3330 2738
845 845 2958
1475 2918 2738
3031 3578 1174
143 3578 1231
1521 3578 3324
1 1241 2145
1 1583 1174
1 3290 1174
1 385 3324
2814 2814 1529
3241 3334 3285
1 3496 229
487 487 1395
758 758 3324
409 3578 2738
3381 3381 1174
1607 1607 1174
1 672 1174
1081 3578 3179
1974 3578 2738
984 1657 1922
588 588 3324
1395 2393 2738
1538 3578 3324
3210 3210 3353
987 3578 2105
1 3114 3324
1 381 857
808 2542 3324
1663 1663 1174
1630 3578 3071
1246 1246 2068
1326 3578 2738
1 2809 1101
2493 2549 1795
1 662 3567
1 3285 1918
3080 3080 964
429 3578 3036
2534 2534 3324
1253 3578 1174
1 507 2458
1575 3295 1174
2936 3121 1007
1 1467 2723
1631 1631 1174
616 616 499
2675 2675 1174
1298 3578 1979
232 232 1491
371 3578 1543
741 741 2788
1017 1017 1174
3282 3282 3379
2076 3468 1172
1 2561 2738
3094 3094 2819
3125 3578 1174
258 3578 2738
2905 2905 3324
1944 1944 1162
1878 3578 1290
182 182 777
651 651 2738
2534 3578 2459
2595 3578 3034
2016 2016 3324
2202 2202 2216
509 2495 2009
1 2040 3094
1 1989 3324
1 3004 1174
735 3578 1200
1 1936 2738
2862 3578 1000
2351 2351 1783
120 1977 1174
963 3578 1690
1580 2807 2738
1 486 2805
1 1302 2806
1 1918 1751
2186 2685 3324
831 831 826
2214 2214 3324
2933 3578 3051
1 132 846
1 3282 3324
3477 3477 2382
1 2694 2253
710 3578 2401
985 985 901
1 2863 2738
1427 1427 3324
1807 1967 2712
11 2038 1174
2658 2658 1327
362 3578 3324
1 442 627
2754 3578 2235
484 484 2738
514 2994 2613
3100 3100 2969
1 15 251
1 2447 3324
1113 2734 1420
223 1455 3324
1 2436 2470
2494 3578 2738
1 1828 1986
1 672 2479
2906 3578 3478
56 498 1174
2472 3506 1174
887 2535 3324
1 141 3324
2358 3311 1662
1836 3170 2392
2133 2133 2738
2980 3578 3342
2468 2552 3274
1201 3534 1295
234 2504 2738
1067 1379 3324
1 2294 2738
1 2794 3437
1 963 3324
1 1400 1452
1812 3578 1925
148 3578 3324
1 1445 3324
2830 3578 3324
851 851 492
2050 3578 2738
3027 3578 1174
1 928 1174
2657 3578 1331
1127 1127 2738
1 1508 1714
355 3578 3324
1 1879 2738
3120 3120 1057
475 3578 2738
1 1950 1727
1 1803 1174
1 3502 3322
1 1318 2738
3161 3161 3324
3153 3578 789
696 3578 2738
1 2834 3324
870 870 463
1 1422 658
1 2262 1514
2854 3578 3324
2341 2341 1138
1211 3578 1174
2175 2175 3324
3395 3395 1174
1 3204 3324
735 3578 523
19 2200 3274
82 2683 3324
2970 2970 3324
1371 1371 1174
1890 1890 2738
2006 2346 719
1 2601 317
853 853 557
1 492 1993
484 3578 3324
1835 1835 2876
746 2895 1174
410 410 2738
16 1129 3046
560 560 3324
2007 3578 1146
508 587 1174
781 3578 3324
3281 3578 2738
1 1446 3324
1 3053 1174
3047 3047 2738
1 590 3324
3271 3578 3324
830 1523 863
1392 1415 2738
2418 2418 1174
6 3578 2738
3250 3282 1370
1 810 3022
742 742 485
647 3578 1174
1940 3578 1684
1 1952 953
2159 2159 342
861 2274 2139
1890 2356 442
363 1280 1174
1044 1044 3324
2090 2448 2738
2091 3578 1069
1 1304 1174
3399 3578 2416
1 1018 172
2452 3578 2738
147 3578 3324
2889 3578 2223
2094 3578 1174
881 881 1174
2947 3578 1552
2307 3578 2738
1 1576 945
3021 3578 3324
2386 3578 317
406 406 232
11 3578 1174
1 3204 856
1425 3524 2421
1568 3578 1174
2827 3578 3324
1540 3578 1174
1 1176 1685
2921 2921 262
574 3578 3049
1126 1303 1174
1 1497 1016
457 1282 2070
1 2422 1174
345 2387 2619
1 2386 2529
1743 2660 1174
1 1528 3324
1 1647 751
2618 2618 2738
2204 2204 2874
318 2650 1502
1 968 3484
1186 2197 1174
2411 2411 1174
2501 3578 2674
1 557 3099
1164 3578 1174
169 169 3019
1 2550 3391
1252 3578 300
1 2881 3324
2505 3492 2002
3073 3073 3324
1 2856 1174
2444 3578 1824
1 1742 3324
1 2451 208
413 3514 485
2008 2568 3324
2203 2203 1260
1289 2070 3324
1182 2722 670
1976 3578 1174
3185 3578 468
1 1097 2739
479 479 1266
1 1878 2518
2153 2153 2738
415 1329 872
2658 2658 956
1 2903 3107
1719 1719 486
472 472 3324
584 1148 1174
913 913 2258
1 1311 3324
866 866 2738
1 344 3324
874 1318 2469
1828 1828 2741
1316 1316 3324
1 2193 1174
2852 2852 3324
648 3578 1174
750 1598 1174
79 1547 1174
3493 3578 1453
89 89 60
1 2551 1402
150 150 1174
396 1272 2681
1 1673 2045
534 534 1016
2009 2009 3324
1662 3578 1843
16 16 2738
2941 3578 650
2577 2619 1061
1 1518 1174
1 229 684
3415 3415 3162
1 3072 3324
2761 2931 3324
85 85 1174
2492 3578 3058
907 3578 1174
16 2181 2768
16 3578 1174
3028 3578 1174
1201 1201 79
2595 2595 2581
1241 1241 3527
707 3578 3324
1732 3578 2738
185 185 2738
1421 3578 1877
3476 3476 3324
500 3262 3057
1 2287 573
1671 3485 1027
1 178 1174
517 3578 3270
2215 2489 3324
354 3578 1167
502 3578 1174
1 2401 2001
1305 1305 1174
1 2304 2738
2764 2764 3324
1734 3578 1174
1602 1602 1930
2404 3578 3324
2910 3578 2597
346 346 3324
2094 2094 2738
1 2452 1179
1 2183 3438
88 1268 2738
654 3578 264
2329 3578 988
2379 2379 3324
1554 3403 3215
3283 3578 562
318 1352 2011
1 982 2738
3045 3578 3324
1 2781 3324
1569 2346 2797
2714 2714 1174
2143 3405 2738
2192 2192 2539
3116 3578 3481
488 1928 1749
385 3578 878
3548 3548 3324
1026 1938 3145
1673 1673 931
2496 2496 2738
305 305 3324
14 3578 3286
1 292 2738
499 1684 1174
1 3301 3324
1948 1948 1174
1562 2775 1261
1394 2579 2999
1 3288 2738
1173 1173 1275
1360 2571 1530
1431 3578 3324
3012 3012 453
1980 2651 3324
1 3504 1174
1406 1406 2886
1 964 3324
1 1261 1687
2758 2758 1941
1045 2991 498
1 3376 848
813 3578 1174
2303 2303 1569
1180 1180 1174
1339 1339 1174
1 1068 2772
3076 3076 3324
547 3028 185
557 3578 2738
3498 3578 2256
1740 1740 3520
197 3578 567
261 3578 370
857 2078 1118
384 384 1174
1 3100 1174
1 1079 2738
582 582 65
1731 1731 2327
161 404 3324
1 1443 3324
698 698 825
1 1169 1174
2697 2697 1953
1 2263 3324
1554 3578 2738
1 893 1174
1 3197 1174
998 2683 1174
3449 3578 2738
66 1722 360
1412 2452 1026
576 2288 2738
1497 1497 2738
1 3537 2738
1667 1720 1174
320 3578 1174
775 2940 3465
1 1353 2700
1 3054 2635
1532 1532 1174
1 3025 2832
2860 2860 674
2787 3578 1174
461 3578 2112
2100 3578 2738
2352 2352 1174
1541 3194 1199
1157 3388 2738
1 3450 2552
2708 3578 1174
2014 2014 1174
657 3578 96
1 1977 1174
996 1534 2738
2350 3578 2613
1218 2376 1668
1635 2481 3176
1788 1788 2551
2394 2394 1295
6 960 1602
1 3259 1174
2935 2935 1174
1 2379 3335
2622 2622 3324
2967 3578 3105
1308 3578 2590
1692 3578 1174
551 2415 998
3087 3087 1174
2949 3343 2738
296 1624 3324
1448 3578 3568
2383 3578 1139
1663 3578 207
2921 2921 491
2668 3578 1174
655 3578 2738
259 259 3324
763 3578 2738
1362 1446 1174
1356 3578 2160
185 185 2691
1 2315 1229
3149 3578 2135
3317 3578 3324
2808 3578 2136
840 3500 477
522 522 3324
1366 1438 3324
2703 2703 2738
1826 3578 1174
1591 3106 3324
1 22 883
1865 1865 3324
519 3578 2738
3001 3578 1133
1 370 2212
1 2747 3324
3272 3272 2991
2183 2183 1174
1185 3578 3421
1 3356 3324
1480 1480 2738
42 3578 1174
2578 3578 407
1 1301 3324
1703 1703 3324
1570 1570 2380
979 2614 1174
1 2095 3559
2092 2875 1325
682 1717 971
1 1053 1891
590 590 3155
1 471 3324
1 2383 492
1205 1205 2058
1 3461 3324
2112 2112 1174
2278 3245 3324
2110 2660 3324
2689 3578 1565
1312 3578 1174
1 1020 1174
750 1331 3324
35 59 773
1667 2228 1174
3427 3427 2260
2779 3578 3324
1853 1853 2738
703 1490 1886
2860 2860 1174
1711 1881 1078
2596 3578 3263
2037 3578 576
2294 3578 3324
1 3224 3423
2308 2308 1971
1244 1244 1174
1 1013 1174
537 3578 3324
516 516 2129
1597 1597 1174
2053 2614 3558
1 3076 1756
318 2172 3452
2388 3483 3324
1 2540 3324
467 3202 1646
1 2184 2738
1964 3578 1174
2010 2136 2377
106 106 2738
1056 1056 3324
1612 1612 1232
760 3578 1174
1661 1661 1174
363 363 1182
915 1830 2331
1 1652 3324
3132 3578 2738
1 1017 2140
1 2773 2738
1454 2981 2336
928 928 3324
1 3321 2738
610 2408 298
830 1995 391
1 3504 3324
1922 3578 1174
2910 2910 1174
768 3578 2738
3148 3148 2563
1 1041 2751
2844 2844 1647
2401 2401 3324
877 877 1174
1 2402 2664
421 2125 2738
2935 3578 3324
2908 3578 2738
1826 1826 658
1 1315 1950
706 706 87
1 3202 3324
751 3578 2738
1 114 326
932 932 61
1642 1642 2738
1 942 3494
1958 3578 2738
1 1185 917
1603 3578 1174
1 2992 2738
1 3305 3433
1 313 3006
943 943 823
730 2570 7
1802 1802 3324
618 876 3187
2624 3578 2085
949 949 2738
2873 3578 871
979 2548 3241
425 3578 280
2186 2620 458
456 507 440
3240 3434 10
1 1147 2738
2805 2805 1174
3491 3491 3324
2704 2704 1174
866 3578 973
1251 3578 3324
1256 3140 2540
1 1313 1174
1 809 1724
1 3373 3324
1 1524 2738
974 3279 1304
1 1493 2457
1709 2675 2292
1490 1490 1174
3379 3379 1142
3413 3413 63
1874 3578 2281
413 3578 1174
1742 1742 1174
2323 3578 656
166 3578 3562
947 3578 3324
1260 1260 2738
1 2122 2287
2895 3057 687
887 887 1825
1 2120 1688
1 3419 2462
201 832 866
1033 1033 1925
2593 2593 3324
1 2473 1174
1518 3578 3324
846 1490 3522
1248 1248 3324
1 88 1419
79 3135 3352
2193 2193 2738
3271 3271 663
1348 3578 3542
3266 3578 2100
1 983 3324
466 2064 2765
1080 3578 1174
1171 3316 3532
2016 2016 1174
888 2294 1019
1739 3061 1942
1265 3578 1365
1 1341 1322
1 342 2738
645 2851 1404
474 474 1008
2410 3578 1636
2952 3578 941
1 260 1821
1 2024 39
334 334 1335
443 443 2738
68 68 2738
1866 3052 2738
1512 1512 2738
1 2 3146
1 1390 3324
47 3578 2990
40 834 2738
1070 1070 2738
1139 1139 3113
1 1330 3324
2539 2539 3324
3013 3542 1589
1 1466 2418
100 3165 253
1546 3578 2721
1 1187 152
2671 2962 2738
3265 3578 3324
503 3578 2063
835 3578 2562
2258 2832 600
3188 3188 2364
89 2988 3324
2299 2299 2103
369 369 1174
1109 2131 1057
2538 2538 2738
1 3530 1781
1022 1022 349
1 2884 1174
174 3578 728
1962 1962 1174
898 3418 1011
2816 3578 1311
2456 3578 347
314 3578 1174
2826 3578 1174
2779 2779 3324
1196 1196 3324
691 3578 3324
2577 2577 3324
2289 3283 3324
1 2865 2027
1974 1974 2738
3490 3578 1174
1167 3578 1174
1 808 2738
2328 3578 1174
960 960 3324
3159 3159 1174
1368 1368 1174
2144 2285 3324
2708 3578 1637
1 2471 1174
1358 1358 3324
450 3176 2974
2755 2992 1174
526 526 1174
1819 1819 2738
1 2488 1174
547 547 2738
1532 3578 1174
1 650 2330
2280 2280 3355
2761 2761 3324
3245 3578 1174
1 1035 3324
3205 3205 2738
3157 3578 3324
633 633 1174
1096 1096 2738
1 1582 1174
2323 3578 1653
2523 2523 1772
982 3578 3324
1 2328 2738
1 2211 611
1 2593 3293
1293 3578 1174
1396 1396 1174
431 2698 1174
640 2828 203
2409 3419 2738
1 2986 3324
2949 2949 2738
833 833 2537
881 881 3279
138 138 1174
40 1521 1174
1366 3578 3324
1 295 3254
1 1383 2738
2305 2305 2420
1654 3578 3052
236 1350 3324
589 3098 60
1 1940 2943
2132 2634 2511
1 1888 1174
1 2137 2792
2972 3059 1412
2697 3208 3324
746 746 1174
3339 3456 2119
2536 2536 1174
1 2123 3466
2811 3578 3324
1 2939 53
2331 3578 2360
3388 3578 1630
2623 2623 2738
2974 3578 1174
