0
0
0
0
0
0
0
0
0
0
0
0
38581821682315
38581821682315
38581821682315
33886567883986
33886567883986
25027531181529
20492089439240
656046547254
656046547254
656046547254
656046547254
656046547254
203657911634
127237757136
127237757136
127237757136
127237757136
127237757136
127237757136
45131563241
0
26618597547
3231760871
26618597547
12064682214
12064682214
12064682214
12064682214
12064682214
22639033463
22639033463
0
0
0
0
3231760871
14897360092
3521175897
3521175897
3521175897
88762512642
17925079316
22886489289
31601503688
31320477046
31320477046
32387910801
26371141653
31320477046
29833515340
23966571822
23966571822
15671184773
9109803455
9109803455
12064682214
12064682214
9109803455
12064682214
12064682214
12064682214
12064682214
3231760871
0
0
0
0
0
0
6057573731
6313418205
0
3521175897
0
0
0
0
289415358
9109803455
289415358
289415358
0
8853958913
35652726799
7141850244
7141850244
0
289415358
0
0
6057573731
6057573731
6057573731
6057573731
6057573731
6057573731
3231760871
3231760871
3231760871
3231760871
0
0
0
206886098394
70181426511
6313418205
289415358
35652726799
35652726799
8853958913
289415358
3231760871
0
7141850244
3521175897
3521175897
6057573731
6057573731
6057573731
289415358
289415358
289415358
3231760871
3231760871
3231760871
3231760871
3521175897
8853958913
0
9109803455
289415358
289415358
0
0
6313418205
6313418205
7397694522
7397694522
22639033463
22639033463
22639033463
6313418205
6313418205
6313418205
6313418205
8853958913
8853958913
8853958913
26618597547
14897360092
9109803455
8853958913
9109803455
9109803455
12064682214
12064682214
3231760871
3231760871
3231760871
3231760871
3231760871
0
8853958913
8853958913
35908571313
8853958913
0
0
0
3521175897
289415358
289415358
289415358
0
0
0
0
6313418205
8853958913
9109803455
14607944802
78548763888
289415358
7141850244
0
289415358
7397694522
3521175897
3521175897
3231760871
6057573731
6313418205
289415358
35652726799
35652726799
35652726799
289415358
3231760871
3231760871
7141850244
3521175897
289415358
289415358
289415358
0
0
0
0
14897360092
26618597547
26371141653
3231760871
3231760871
0
3521175897
7141850244
0
0
0
0
0
0
0
0
0
0
0
0
0
0
0
0
0
0
0
0
0
0
0
0
0
0
0
0
0
0
0
0
0
0
0
0
0
0
579496047281
19646627825
17573998506
17573998506
120533624536
30191623658
30191623658
30191623658
2638641139
2638641139
2638641139
6038619186
6038619186
5783386541
6038619186
6038619186
12673492521
103584427738
103637422917
103637422917
423372712
103637422917
12016638902
12016638902
12521701761
10588288626
9802419181
5783386541
644176439
644176439
644176439
423372712
423372712
423372712
2222608475
423372712
423372712
423372712
423372712
423372712
5783386541
5783386541
5783386541
5783386541
5394619909
423372712
0
423372712
1062829471
1062829471
1062829471
644176439
5783386541
5394619909
2222608475
2222608475
2222608475
2222608475
2719943276
1062829471
1062829471
2719943276
5394619909
12016638902
2222608475
2222608475
1062829471
1062829471
1062829471
423372712
423372712
423372712
9956830277
9956830277
0
0
0
0
0
9802419181
1062829471
423372712
2222608475
2222608475
2222608475
5783386541
0
423372712
423372712
644176439
1062829471
644176439
644176439
644176439
644176439
644176439
2222608475
0
0
0
0
1062829471
1062829471
5783386541
423372712
423372712
644176439
644176439
644176439
0
2222608475
2222608475
2222608475
2222608475
5394619909
644176439
644176439
644176439
423372712
423372712
0
2719943276
2719943276
105282967849
0
0
0
0
423372712
423372712
423372712
423372712
1062829471
644176439
0
0
2719943276
5394619909
2719943276
644176439
644176439
644176439
644176439
644176439
0
0
0
0
5783386541
644176439
644176439
3139644868
1062829471
644176439
644176439
0
0
644176439
1062829471
0
12163709982
12163709982
423372712
423372712
423372712
3139644868
423372712
2719943276
2719943276
2222608475
2222608475
2222608475
2719943276
644176439
2222608475
2638641139
2222608475
2222608475
2222608475
2222608475
2222608475
0
0
0
0
0
0
0
423372712
423372712
423372712
644176439
644176439
0
2222608475
2638641139
1062829471
1062829471
1062829471
2222608475
2222608475
2222608475
1062829471
2222608475
423372712
423372712
423372712
423372712
2638641139
2638641139
0
0
0
0
0
0
0
0
0
0
0
0
0
0
0
0
0
0
0
0
0
0
0
1073903056621
922252220583
922252220583
50893116722
50893116722
50893116722
50893116722
55821384848
55821384848
18470698282
143886977596
143886977596
143886977596
143886977596
138717074138
17678715852
17678715852
37375885754
37375885754
6932147712
0
0
0
0
0
0
0
0
0
0
37375885754
7725619430
3618837292
3618837292
3618837292
3618837292
18470698282
21583052806
2264442314
2264442314
2264442314
37375885754
37375885754
37375885754
3618837292
2264442314
2264442314
2264442314
3618837292
2264442314
9130125732
4761095114
0
17678715852
17678715852
17678715852
6932147712
6932147712
7725619430
7725619430
0
0
0
0
0
3618837292
1363916518
1363916518
1363916518
4761095114
1363916518
4761095114
4761095114
4761095114
18470698282
2264442314
0
4761095114
13891150446
9130125732
9130125732
0
9130125732
9130125732
9130125732
9130125732
9130125732
9130125732
0
2264442314
0
0
0
1363916518
1363916518
2264442314
2264442314
6932147712
6932147712
5545082156
0
0
4761095114
4761095114
4761095114
2264442314
2264442314
1363916518
1363916518
1363916518
1363916518
1363916518
0
1363916518
1363916518
1363916518
69778559749
2264442314
2264442314
2264442314
2264442314
3618837292
4761095114
4761095114
3618837292
0
0
36045181590
36045181590
36045181590
1363916518
1363916518
1363916518
1363916518
0
10493697858
9130125732
35253019760
35253019760
35253019760
9130125732
18470698282
3618837292
3618837292
3618837292
0
0
0
0
0
0
0
21583052806
6932147712
0
0
1363916518
1363916518
4761095114
13891150446
10493697858
10493697858
3618837292
3618837292
1363916518
10493697858
10493697858
12742408840
10493697858
0
18470698282
18470698282
3618837292
3618837292
35253019760
37375885754
550576720822
550576720822
620777373049
552810753660
4761095114
4761095114
4761095114
4761095114
1363916518
9130125732
4761095114
9130125732
9130125732
4761095114
4761095114
3618837292
4761095114
4761095114
4761095114
0
0
0
0
1363916518
10493697858
10493697858
2264442314
1363916518
4761095114
4761095114
1363916518
4761095114
6932147712
6932147712
6932147712
7725619430
7725619430
5545082156
2264442314
2264442314
2264442314
5545082156
1363916518
36045181590
18470698282
18470698282
17678715852
0
0
0
9130125732
0
0
0
0
0
0
0
0
0
0
0
0
0
0
0
0
0
0
0
0
0
0
0
0
0
0
0
0
63251440467
110265598557
14114922565
14114922565
14114922565
8116795704
8116795704
8116795704
91076458016
2286636627
11827861494
54301798906
94134694783
94134694783
0
5769753324
10550107170
10550107170
10550107170
1442990860
1784811147
1784811147
7345156660
5327125607
57033083074
57033083074
51817003566
566986469445
566986469445
569272811030
566986469445
9105298089
11452340605
9105298089
1012942215
1012942215
1012942215
10550107170
86051457607
1784811147
1784811147
9105298089
9105298089
9809795493
6604879795
6604879795
4326767072
1442990860
1442990860
3022719956
3022719956
52293074857
2286636627
54301798906
3794354392
1442990860
1012942215
1012942215
4326767072
4326767072
1442990860
1442990860
0
1012942215
1442990860
1784811147
3794354392
2286636627
0
0
0
3022719956
3022719956
1784811147
1784811147
1784811147
1784811147
1784811147
1012942215
157756627658
155479463065
155479463065
155479463065
156115032594
1784811147
1784811147
2286636627
4326767072
6604879795
5327125607
1784811147
0
0
0
0
1442990860
9105298089
1012942215
1012942215
1012942215
0
4326767072
4326767072
4326767072
86795964352
4326767072
52293074857
51817003566
51817003566
1784811147
1784811147
0
0
0
1012942215
0
1012942215
1012942215
1012942215
1012942215
9809795493
9809795493
0
0
5769753324
5769753324
1012942215
1012942215
3022719956
2286636627
0
0
0
1012942215
1784811147
1784811147
0
1784811147
1784811147
5769753324
5769753324
1442990860
1012942215
4326767072
0
1442990860
1784811147
1012942215
1012942215
0
0
0
0
3022719956
0
0
0
3729327455
3729327455
3022719956
52293074857
86051457607
87567828172
87567828172
1442990860
1442990860
0
1784811147
3794354392
3794354392
3794354392
3794354392
3794354392
0
56126964686
4326767072
0
0
3729327455
3729327455
1784811147
0
0
0
0
0
1784811147
1784811147
2286636627
2286636627
2286636627
2286636627
2286636627
2286636627
2286636627
2286636627
2286636627
1012942215
3022719956
3022719956
0
0
0
0
0
0
0
1012942215
1012942215
1784811147
5327125607
5327125607
1012942215
1784811147
0
0
0
11123072250
0
1442990860
1784811147
2286636627
2286636627
2286636627
9105298089
9105298089
9105298089
0
86795964352
86051457607
86051457607
1784811147
1784811147
1784811147
52723118370
51817003566
0
0
0
2286636627
3022719956
0
0
0
5769753324
5769753324
