512
11 2631
51 59 259 399 504 844 1055 1082 1520 1571 1645 1691 1851 1871 1934 2193 2371 2374 2481 2506 2542 2629
7 1504
219 238 288 352 461 498 519 598 800 916 961 1073 1146 1320
8 1585
146 171 431 446 456 462 466 472 508 616 617 963 1037 1111 1274 1568
10 4148
14 319 421 546 659 1202 1300 1381 1769 1949 1982 2028 2057 2143 2641 2710 3435 3484 3546 4041
12 2452
62 134 146 167 292 393 401 450 482 539 571 978 1131 1159 1340 1377 1406 1534 1741 1807 2069 2249 2326 2360
15 1290
137 177 225 258 267 273 324 392 395 423 429 452 478 554 570 583 608 616 671 687 690 861 968 978 993 999 1014 1202 1226 1264
10 3839
141 328 465 475 481 531 768 788 854 987 1810 2330 2360 2444 2459 2634 2646 2663 3251 3477
11 905
10 69 74 130 158 164 221 299 305 344 377 460 467 538 612 615 637 791 808 868 882 888
6 3122
40 331 1169 1394 1595 1648 1691 1787 1922 2065 2560 2865
9 575
11 62 84 158 199 281 355 360 409 429 457 484 512 527 540 549 556 561
7 3126
175 528 1081 1186 1242 1597 1616 1745 2027 2260 2840 3100 3113 3114
9 3157
30 130 299 408 581 1050 1281 1294 1331 1675 1865 1869 2167 2194 2636 2669 2790 2899
9 4914
51 126 208 218 312 398 441 860 912 1773 2425 2443 2520 2749 2939 3087 3129 4358
11 2525
221 591 592 597 602 773 906 1037 1076 1118 1202 1390 1427 1489 1605 1789 2089 2105 2150 2312 2487 2516
8 2644
85 116 355 781 856 895 1689 1701 1906 2110 2353 2389 2561 2587 2600 2615
4 4601
854 1188 1621 1837 2179 2193 3555 4538
11 3573
24 182 264 289 352 390 580 839 861 912 1031 1033 1340 1397 1491 1592 1717 2026 2583 2843 2925 3037
8 197
4 42 59 63 75 86 100 111 135 138 150 150 155 162 166 194
11 1443
107 172 217 225 315 376 534 649 748 801 915 929 942 1001 1033 1056 1084 1141 1242 1245 1272 1366
9 722
41 98 100 113 252 257 276 284 312 318 362 383 412 443 455 501 530 715
14 3407
66 206 331 367 411 591 630 652 898 1091 1410 1517 1541 2067 2251 2408 2409 2412 2417 2500 2566 2588 2619 2652 2709 2751 3034 3319
6 1937
173 258 280 499 875 1097 1132 1191 1336 1652 1790 1882
5 3173
32 161 482 499 664 665 1079 1957 2946 3060
10 1111
39 61 83 194 202 336 358 396 406 476 485 603 613 737 757 930 972 1019 1073 1103
9 474
3 24 28 49 60 68 129 129 186 331 351 368 387 393 408 408 414 468
8 1608
69 76 176 237 258 310 369 568 695 895 916 1097 1483 1533 1540 1571
11 292
4 43 58 78 93 94 104 139 147 154 170 175 177 181 195 221 234 254 258 277 282 284
22 436
5 12 23 28 28 45 59 69 86 105 112 144 146 152 159 160 205 205 206 207 212 216 227 286 293 294 300 303 309 311 319 321 324 325 354 369 372 396 401 408 409 419 426 434
10 3052
7 99 356 387 769 957 1016 1019 1052 1653 1674 1922 2049 2216 2329 2419 2495 2622 2689 2815
8 1647
163 276 313 408 422 459 464 573 656 901 941 1107 1258 1300 1330 1434
9 3542
94 237 754 778 1175 1478 1762 1837 2033 2211 2642 2891 3010 3036 3135 3223 3224 3233
5 4738
969 1200 1619 1793 2132 2248 2543 4143 4246 4294
9 2173
49 140 161 316 471 482 483 728 798 828 837 982 1019 1788 1997 2036 2058 2066
16 4177
125 480 496 637 684 865 891 1199 1258 2150 2334 2356 2390 2625 2628 2698 2754 2861 2906 2961 3023 3076 3166 3225 3546 3655 3707 3856 3890 3938 3954 4021
13 718
6 45 62 94 108 109 123 138 157 160 198 245 251 293 313 320 430 438 502 510 511 517 581 630 670 691
8 563
37 44 120 152 154 177 191 217 305 323 343 374 422 471 496 540
15 31
0 0 2 2 3 4 4 6 6 8 9 9 10 11 12 12 12 13 14 14 14 15 16 18 19 21 24 25 29 30
7 2347
72 98 326 455 757 1054 1114 1358 1621 1824 1965 2005 2095 2255
9 3580
56 167 307 499 756 930 964 1738 1740 1761 1961 2202 2496 2566 2839 3088 3174 3267
13 3743
146 314 391 440 543 650 1181 1319 1340 1429 1495 1519 2182 2262 2824 2832 2911 2989 2995 3023 3110 3153 3357 3459 3513 3526
13 1915
98 113 175 268 399 443 486 567 590 591 651 748 794 810 915 968 989 1061 1415 1426 1463 1530 1566 1599 1643 1908
8 1691
111 166 205 231 539 549 637 710 774 1161 1201 1303 1403 1444 1515 1584
12 1421
39 111 127 197 377 392 436 542 589 622 651 657 760 764 814 830 945 987 1038 1191 1205 1206 1257 1341
14 3300
62 275 337 529 619 625 643 684 742 995 1149 1177 1293 1360 1555 1721 1764 1843 2082 2307 2340 2585 2604 2933 2994 3154 3199 3259
9 2479
78 312 431 543 804 877 1064 1657 1832 1901 2018 2026 2069 2084 2106 2153 2330 2430
14 3091
8 49 175 199 308 552 554 592 643 936 1014 1272 1331 1338 1390 1473 1704 1722 1745 1844 2041 2237 2286 2308 2396 2513 2642 2699
7 2564
152 183 366 483 501 714 763 1181 1437 1494 1840 1907 2221 2560
9 979
3 66 127 152 169 260 350 382 386 442 522 543 559 595 661 724 800 909
11 4984
200 266 383 676 1055 1236 2362 2369 2724 2774 2883 3098 3575 3578 3638 3958 4010 4246 4619 4857 4913 4926
6 3866
136 358 416 575 707 928 1206 1661 1826 2007 2466 3535
12 2856
205 217 363 437 446 649 683 725 950 973 1055 1244 1757 1864 1873 2008 2062 2198 2250 2452 2524 2537 2603 2641
8 1590
263 477 494 531 667 676 710 994 1045 1092 1359 1409 1463 1467 1563 1570
6 1946
136 185 226 291 296 410 504 580 1054 1060 1127 1830
9 2217
25 437 483 491 551 898 1134 1210 1363 1395 1442 1481 1685 1723 1762 1803 1902 2179
10 3535
80 180 465 525 721 954 1076 1092 1120 1340 1965 1987 2029 2421 2458 2995 3085 3281 3292 3527
9 4927
235 360 416 876 1129 1262 1701 1808 2208 2859 3353 3370 3461 3740 3747 4406 4880 4884
8 1094
49 91 237 322 348 439 501 542 670 683 755 776 859 885 965 997
5 496
15 78 80 162 182 190 205 329 365 491
9 2857
342 500 523 543 552 675 792 824 1003 1911 2011 2014 2145 2408 2453 2456 2701 2787
13 980
28 38 47 73 78 147 149 158 201 390 421 495 631 707 748 752 766 786 813 825 832 835 861 889 913 957
9 230
39 73 73 78 87 90 104 122 122 142 162 178 184 195 216 221 225 227
8 3720
146 675 677 912 966 974 993 1476 1605 1930 2868 2904 2988 3097 3339 3711
12 3308
103 150 226 556 576 620 684 1208 1295 1331 1335 1837 1844 2024 2079 2080 2085 2157 2171 2199 2301 2625 2765 3048
6 3677
72 171 233 521 1193 1537 1902 2666 2874 3012 3353 3671
4 4118
545 703 816 1377 1753 2803 2806 3660
7 4761
126 253 296 631 1166 1396 1477 1699 1761 2424 2713 3527 3777 4732
8 3361
248 263 308 379 383 951 1102 1432 1961 2041 2175 2200 2262 2832 2875 2897
9 2477
7 387 440 743 907 1314 1463 1567 1630 1709 1781 1878 1896 2117 2176 2386 2401 2423
5 462
101 136 211 249 305 368 399 439 445 459
10 4075
152 235 693 785 814 1046 1389 1390 1806 2048 2069 2646 3154 3201 3210 3444 3510 3705 4005 4013
7 913
18 23 72 84 96 136 198 372 374 433 509 570 720 726
9 3129
216 260 326 554 688 786 897 1170 1267 1589 1713 1861 1994 2445 2598 2726 2817 2841
7 1242
27 114 193 211 286 298 579 612 641 745 750 779 791 1218
10 1155
21 67 101 171 228 284 353 384 421 446 494 501 721 728 749 752 793 864 904 1030
11 4858
200 753 864 1096 1280 1293 1309 1476 1586 1654 1724 2272 2455 2603 2963 3070 3364 3447 3982 4239 4422 4562
9 4518
429 644 679 1074 1087 1091 1175 1305 1361 1413 1440 1464 1769 1870 2044 3473 3706 4325
5 3162
396 920 1257 1527 1623 1760 1789 1849 2120 2772
5 4828
135 268 482 1212 1889 1953 2436 2670 2685 3306
15 4727
164 239 413 429 1133 1311 1321 1425 1531 1553 1634 1714 2141 2165 2172 2177 2181 2312 2388 3217 3247 3424 3426 3731 3931 3931 4067 4191 4333 4615
6 4371
563 786 985 1502 1856 2348 2395 2400 3357 3646 3936 4114
9 3943
42 133 337 477 822 877 972 1039 1324 1690 2050 2293 2409 2599 2599 2896 3598 3787
6 2826
534 783 956 1069 1136 1433 1532 1830 1849 2215 2592 2599
9 944
56 101 152 159 184 326 474 515 575 617 644 724 725 773 817 880 896 906
5 487
23 59 151 157 167 202 234 406 449 458
10 2285
171 197 413 471 472 559 701 837 1035 1103 1236 1278 1475 1528 1607 1646 1700 1818 2041 2112
10 2653
54 196 356 478 692 917 960 1515 1765 1774 1963 2082 2146 2217 2346 2386 2441 2571 2603 2641
7 4737
138 575 1083 1562 1807 2314 3142 3473 3490 3753 3798 3809 4192 4540
13 2698
133 236 266 339 402 404 448 735 807 811 1256 1475 1540 1561 1599 1627 1652 1678 1783 2103 2199 2338 2397 2450 2504 2656
12 2875
494 510 510 555 560 600 673 817 936 1165 1760 1812 1838 1878 1880 2031 2116 2116 2246 2422 2477 2611 2740 2764
8 3345
0 51 71 444 729 797 814 999 1046 1291 1362 1393 1731 1849 2036 2711
8 4129
41 385 418 748 1421 1695 1841 1978 2211 2801 2873 3155 3636 3739 3848 4008
11 2108
10 129 236 309 342 496 545 672 783 844 853 938 1317 1371 1375 1420 1493 1550 1609 1674 1838 1903
8 4939
795 896 1121 1935 1993 2155 2460 2680 2764 2797 3541 3736 4425 4428 4881 4895
13 3888
115 231 279 406 663 1033 1156 1211 1217 1419 1482 1503 1564 1722 1923 1924 1979 2106 2257 2364 2437 2908 2909 2976 3396 3639
10 3085
25 130 696 1207 1384 1418 1700 1929 2054 2111 2221 2441 2640 2707 2716 2791 2798 2849 2863 2985
5 4194
458 1317 1324 1723 2065 2429 2712 3219 3577 3771
7 3908
1623 1857 2083 2374 2401 2439 2463 2469 2841 2866 2973 3136 3825 3856
14 3793
145 287 436 578 600 631 710 940 952 1151 1327 1364 1464 1477 1532 1551 1564 1654 2060 2336 2357 2618 2801 2889 3204 3258 3528 3657
13 4650
19 445 624 764 775 950 1169 1182 1215 1241 2348 2676 2793 2927 2985 3082 3242 3259 3382 3566 3614 3876 4390 4442 4444 4604
17 4045
46 173 285 532 694 779 797 873 974 1032 1033 1083 1271 1275 1590 1675 1712 1726 1867 2075 2184 2202 2359 2463 2588 2628 2754 3119 3148 3503 3581 3586 3690 3693
13 558
5 32 51 66 77 91 131 138 151 152 174 190 191 213 216 235 267 271 327 350 454 468 484 485 523 552
8 471
69 109 145 168 227 232 272 286 309 333 337 340 405 417 434 438
9 211
5 9 34 35 38 39 54 65 69 76 77 82 91 98 151 158 160 204
11 3700
217 395 820 1053 1493 1560 1864 2099 2120 2168 2185 2336 2448 2750 3183 3191 3233 3248 3262 3437 3478 3610
7 3681
39 165 285 375 380 1033 1562 1796 2237 2262 2379 2465 2645 2968
7 4781
177 214 214 273 441 532 1007 1136 1312 1589 3872 3888 3925 4455
9 4616
153 374 408 739 873 1137 2358 2438 2504 2832 2860 3062 3074 3407 3758 3868 4131 4170
11 1836
99 353 374 440 526 606 615 697 780 802 850 906 925 989 1096 1123 1452 1480 1533 1540 1554 1557
11 740
24 131 186 209 252 270 300 363 369 412 442 454 463 499 500 504 509 578 578 603 636 730
8 4965
228 332 642 872 1023 1119 1169 2193 2274 2495 2582 2797 3048 3591 4052 4819
9 2826
34 65 172 222 442 462 691 782 1503 1757 2012 2046 2101 2110 2211 2392 2437 2542
12 625
19 19 55 58 79 138 187 188 188 215 267 284 341 507 507 509 526 553 557 558 559 560 572 622
11 3058
66 84 183 557 657 878 904 990 995 1223 1562 1579 1717 2134 2179 2273 2313 2427 2501 2594 2842 3035
12 353
14 44 58 63 65 73 96 99 122 130 140 156 180 188 208 221 246 277 286 297 323 330 337 352
9 1772
17 105 143 152 295 380 479 515 524 654 761 1050 1276 1349 1469 1492 1601 1731
8 2679
72 330 570 874 1048 1424 1531 1698 1747 1777 1799 1931 2076 2101 2146 2359
9 531
6 35 50 77 120 166 168 178 210 226 234 321 413 427 451 454 514 522
7 550
14 21 55 106 158 172 184 245 275 331 381 397 478 483
13 863
20 38 64 68 150 184 212 216 278 392 413 425 467 485 486 501 560 580 582 599 675 754 767 781 783 811
15 3342
23 454 459 475 494 701 775 912 913 948 1363 1404 1451 1518 1575 1637 1695 1696 1735 1807 1935 2359 2431 2497 2518 2584 2655 2675 2696 3068
11 3516
19 142 176 515 809 954 1254 1316 1410 1494 1715 1877 2081 2105 2398 2429 2724 2940 3041 3076 3147 3154
9 108
4 4 6 19 19 23 42 56 61 71 71 75 84 88 88 96 98 106
11 2614
243 262 274 396 653 678 1023 1166 1241 1311 1363 1371 1781 1836 1850 1939 2121 2150 2169 2396 2487 2508
11 4475
220 294 517 622 986 1046 1101 1114 1169 1363 1519 2602 2674 2775 2907 3004 3505 3590 3635 3649 3957 4034
8 2137
354 379 472 591 685 809 1004 1046 1215 1232 1409 1541 1621 1820 1932 1947
12 1915
4 128 258 366 454 581 631 714 877 912 932 970 1139 1201 1203 1245 1552 1566 1573 1587 1622 1824 1890 1908
5 2024
34 146 249 328 680 812 970 1346 1425 1826
5 1863
25 615 867 894 1140 1220 1459 1607 1635 1711
7 2765
94 802 1170 1603 1620 1993 2313 2318 2323 2387 2529 2571 2677 2729
11 1539
11 99 173 271 377 470 474 526 537 538 614 708 822 948 996 1112 1158 1170 1190 1208 1275 1435
8 4711
701 824 938 1264 1420 1513 2056 2145 2242 2513 2531 3466 4266 4444 4477 4584
8 4500
578 1167 1647 1705 1968 2117 2253 2620 2784 2953 3201 3224 3281 3601 4131 4238
14 3728
205 312 386 436 666 809 974 1099 1360 1426 1490 1583 1803 1914 2050 2099 2210 2269 2270 2355 2527 3202 3209 3523 3591 3679 3693 3715
12 4155
164 597 729 874 1033 1043 1065 1123 1500 1761 1862 2138 2152 2302 2321 2361 2526 2609 2775 3010 3060 3305 3497 3705
10 4666
298 684 863 978 1382 1384 1451 1606 1947 2084 2384 2778 3795 3813 3906 3943 3951 3996 4175 4238
10 828
4 19 29 36 76 98 111 140 206 263 356 385 435 454 458 461 474 576 749 798
11 158
4 8 8 8 18 18 22 33 34 34 40 43 52 65 82 95 95 106 106 111 117 154
7 2894
143 201 957 1187 1534 2074 2180 2196 2387 2397 2414 2660 2701 2746
8 3356
136 440 474 568 582 718 760 1161 1570 1609 1778 2248 2398 2899 3003 3159
7 3180
8 12 217 477 781 897 1262 1448 1461 2006 2255 2647 2662 2827
12 3925
92 304 718 753 978 1149 1192 1210 1658 1743 2007 2047 2208 2391 2427 2578 2848 2878 2942 3135 3158 3251 3278 3862
11 3968
53 135 159 469 866 990 998 1186 1228 1591 1597 1606 1724 1798 1840 2501 2502 2589 2878 2982 3179 3522
6 208
75 82 88 90 119 138 143 152 167 168 182 192
5 1953
139 613 800 1065 1095 1098 1358 1574 1578 1823
9 2323
32 157 166 185 349 404 487 489 597 929 1081 1107 1378 1478 1661 1763 1904 2316
11 46
1 4 4 6 16 17 20 22 30 33 33 34 37 37 38 40 41 41 42 43 44 44
10 1657
16 43 55 75 318 347 364 474 627 740 930 980 1004 1044 1250 1406 1445 1498 1526 1554
12 1113
14 18 209 242 308 340 367 409 417 479 522 556 700 721 724 774 841 855 873 908 914 974 1007 1037
9 3486
327 452 577 835 969 972 1022 1509 1925 2021 2096 2297 2544 2641 2684 2697 2971 2985
10 4713
24 305 536 558 717 940 1095 1096 1384 1457 1511 1533 2167 3018 3607 4004 4032 4247 4369 4445
6 4437
654 727 1742 1916 2366 2926 3147 3251 3430 3736 4013 4090
8 399
5 11 33 104 116 130 158 169 180 204 208 213 242 255 320 373
12 499
15 17 20 36 41 51 55 78 80 118 118 124 177 178 182 193 200 201 207 207 247 335 337 376
12 1238
19 38 159 166 271 272 470 497 557 630 817 852 890 899 927 934 1029 1035 1038 1047 1112 1169 1205 1233
8 4817
113 167 321 457 544 702 987 1928 2878 2918 4232 4243 4306 4545 4563 4807
10 999
49 69 144 260 310 339 350 413 490 508 558 615 627 634 692 805 811 948 966 994
10 449
25 65 82 85 151 171 176 185 189 198 235 253 262 270 288 310 325 343 377 427
12 3878
65 106 275 621 979 990 1111 1408 1569 1749 1855 2005 2025 2042 2057 2253 2481 2681 2828 2984 3215 3724 3743 3833
12 4711
7 104 247 849 878 1052 1180 1222 1257 1336 1342 1428 1936 2185 2278 2468 2759 2957 3073 3482 3607 3617 4011 4131
13 3919
18 104 426 501 692 711 718 842 1374 1460 1480 1489 1505 1725 2032 2301 2521 2548 2573 2574 2835 3113 3487 3786 3827 3869
14 4916
101 620 797 799 1079 1104 1271 1358 1396 1810 1937 2159 2215 2378 2937 3052 3109 3324 3492 3607 3665 3944 4084 4092 4104 4167 4535 4842
7 3913
286 297 402 629 633 1912 1974 2569 2694 2765 2964 3291 3524 3768
11 3142
201 349 699 775 956 968 1059 1090 1205 1231 1338 1601 2149 2222 2225 2553 2637 2678 2835 2885 2901 3055
14 4794
3 68 208 321 369 370 412 451 664 874 912 1006 1076 1117 1734 1987 1989 2407 3046 3231 3732 3931 3952 3956 4148 4175 4332 4568
14 4896
16 252 316 324 438 617 636 907 1490 1807 1907 2030 2153 2170 2346 2562 3057 3429 3542 3661 3763 3773 3957 4160 4323 4517 4796 4840
14 2633
90 96 204 317 486 608 663 669 678 716 746 758 771 773 778 997 1260 1322 1364 1403 1470 1669 1725 1933 2065 2067 2134 2429
11 3369
41 176 198 198 257 551 598 807 1213 1313 1583 1735 1901 2067 2078 2121 2262 2335 2338 2761 3108 3259
6 4068
318 471 1413 1891 2073 2091 2562 2706 2841 3200 3320 4011
12 2490
203 215 232 443 602 843 855 902 983 1040 1064 1119 1377 1394 1403 1456 1644 1694 1834 1849 2096 2163 2301 2308
12 1660
7 137 146 204 295 339 455 465 517 534 658 719 780 1048 1112 1112 1122 1140 1168 1322 1483 1519 1528 1549
7 3186
173 340 449 750 966 981 1139 1246 1363 1628 1722 2463 2564 2889
14 1776
57 58 101 148 260 341 359 415 441 450 463 500 673 701 751 806 824 848 913 944 1012 1012 1142 1273 1292 1405 1475 1609
7 1868
273 275 316 370 508 669 838 1016 1036 1076 1146 1410 1477 1737
10 730
15 76 101 129 131 142 167 194 268 281 311 325 468 513 550 557 580 600 671 712
14 2203
8 89 167 204 234 331 358 399 443 562 570 825 858 1079 1152 1162 1395 1451 1543 1644 1782 1908 1996 2008 2090 2153 2190 2190
9 1250
34 175 192 235 295 444 451 520 648 669 684 726 731 812 877 920 1206 1208
10 1150
91 231 302 327 338 391 439 463 565 584 584 599 638 696 776 858 858 870 1010 1036
12 3300
141 525 666 825 846 877 1254 1351 1362 1552 1583 1640 1672 1932 1933 1950 1963 2131 2683 2848 2940 3020 3277 3299
13 1977
14 17 34 91 308 311 428 478 550 607 753 842 975 1093 1100 1306 1320 1326 1402 1435 1496 1543 1796 1807 1871 1944
12 3305
393 414 491 510 613 875 876 1214 1282 1371 1649 1825 2060 2129 2294 2389 2505 2579 2592 2726 2784 2914 3010 3159
11 4418
401 521 910 1165 1280 1336 1386 1632 1729 2207 2313 2698 2826 2963 3016 3050 3693 3772 3862 3983 4284 4381
13 103
2 2 5 5 8 11 26 31 40 45 50 59 63 63 65 67 72 75 76 80 83 83 83 90 94 94
10 1856
404 476 570 695 775 808 850 886 951 1213 1313 1415 1486 1487 1495 1566 1675 1741 1790 1855
11 1357
133 176 184 238 261 290 459 460 504 659 818 831 897 928 1006 1043 1078 1084 1160 1279 1300 1308
6 4437
423 595 662 1044 1381 2077 2596 2662 2702 3781 4366 4390
7 3856
28 219 393 448 485 568 747 1152 1323 1630 2806 3185 3524 3736
11 2162
9 139 194 320 329 446 466 559 687 747 747 884 941 959 960 1058 1349 1487 1551 1719 1970 2106
15 1930
74 79 83 98 191 258 342 385 406 535 576 668 788 790 793 919 979 1092 1099 1220 1278 1302 1459 1535 1621 1695 1768 1780 1787 1814
9 324
12 44 45 69 94 113 114 133 150 181 190 204 205 205 229 240 293 300
6 2288
195 358 636 844 1076 1170 1344 1417 1540 1737 1886 2144
8 4822
176 537 1125 1377 1957 2054 2061 2356 2445 2656 2852 3514 4077 4504 4627 4778
11 3356
29 60 145 248 330 354 678 753 768 932 1053 1100 1111 1165 1564 1596 2000 2709 2832 3087 3172 3344
12 3878
3 199 255 426 848 1300 1508 1642 2166 2285 2370 2397 2449 2617 2768 2795 3022 3185 3206 3336 3414 3561 3649 3720
11 1063
39 57 70 78 107 164 251 305 336 373 404 431 523 653 686 762 807 824 906 915 1019 1025
14 3033
13 179 197 343 371 380 488 610 728 935 1029 1044 1116 1190 1274 1573 1594 1656 1713 1810 1953 2119 2647 2676 2918 2946 2953 2968
10 4060
112 170 317 499 663 867 1344 1399 1413 1496 1550 1678 1691 2078 2205 2283 2290 2506 3742 3910
11 3354
155 268 321 480 545 928 965 1009 1262 1480 1552 1562 1572 1578 1760 2202 2281 2340 2571 2584 2763 2856
12 1780
80 108 151 283 304 428 484 519 584 607 654 678 711 745 772 871 888 1008 1010 1030 1103 1519 1724 1765
8 719
52 55 76 95 149 281 396 406 445 449 457 560 573 597 642 696
11 596
9 18 25 48 61 73 101 128 150 156 172 186 209 255 275 312 324 357 386 429 456 494
11 4352
414 770 881 972 1034 1067 1100 1212 1368 1578 1592 1751 2133 2367 2403 2616 2820 3390 3725 3795 3800 3988
10 4634
723 958 1434 1526 1787 1847 1933 2004 2051 2073 2233 2235 2331 2503 3070 3413 3503 3709 4428 4520
12 2489
185 290 479 489 806 936 945 946 1093 1100 1194 1280 1563 1581 1698 1814 1876 1908 1947 2089 2157 2194 2232 2290
7 4914
286 644 1050 2270 2402 3076 3272 3591 3716 3869 3964 4082 4101 4581
8 2567
159 174 220 627 675 1029 1072 1081 1180 1394 1905 2094 2251 2301 2485 2552
6 3172
23 182 252 356 1454 1666 1824 1833 1934 2038 2354 2874
10 1308
44 61 85 265 379 433 493 508 569 591 745 930 951 975 1052 1107 1139 1141 1204 1224
16 2891
99 164 445 652 714 861 929 929 1050 1096 1109 1133 1225 1284 1290 1366 1669 1684 1746 1755 1885 1926 2060 2069 2338 2379 2493 2609 2682 2746 2776 2780
8 275
9 36 57 91 102 133 151 159 177 178 212 219 226 241 261 264
9 4366
82 525 714 887 1111 1677 1807 1958 2000 2111 2448 2587 2650 3691 3752 3759 4284 4349
13 4634
350 757 802 888 915 916 1331 1616 1640 1824 1854 1909 1978 2008 2165 2173 2345 2650 2855 3006 3302 3696 3941 4368 4491 4594
8 4816
831 833 970 1218 1285 1447 1656 1718 2079 2611 3611 3762 3847 3936 4044 4315
13 4950
131 553 930 1350 1398 1413 1654 2019 2092 2114 2124 2157 2335 2403 2482 3199 3640 3907 3964 3976 4148 4337 4476 4606 4686 4729
8 1837
56 191 249 441 564 867 932 1065 1073 1285 1344 1383 1463 1464 1524 1636
14 2461
87 131 157 186 232 680 918 1080 1136 1207 1301 1312 1648 1655 1771 1774 1843 1988 2005 2065 2108 2127 2150 2213 2245 2269 2291 2394
16 1815
15 36 106 131 140 251 407 426 436 467 512 561 642 728 848 897 965 996 1015 1048 1050 1057 1093 1093 1208 1245 1303 1406 1466 1544 1748 1792
9 3676
404 480 659 794 863 968 1140 1491 1867 1887 1945 2187 2227 2306 2780 2897 3046 3366
16 204
3 4 7 9 10 20 36 53 55 60 64 67 75 77 84 86 88 103 104 127 134 144 147 160 160 170 180 189 194 195 197 197
8 525
6 7 60 81 107 128 131 136 146 181 203 206 281 283 391 453
8 2097
6 60 285 286 468 491 697 700 767 900 1075 1126 1418 1634 1699 1949
7 4099
950 1573 1789 2434 2645 2710 2836 3068 3395 3656 3670 3793 3975 4071
10 2941
121 236 253 725 804 945 996 1061 1285 1475 1633 1727 1897 2119 2158 2630 2730 2787 2806 2851
11 3999
133 553 599 602 701 1068 1074 1228 1267 1345 1458 1478 2027 2167 2259 2319 2333 2406 2717 2811 2907 3128
7 1586
354 668 719 729 884 920 946 957 1055 1234 1268 1499 1535 1535
6 2943
566 581 691 776 1570 1613 1726 1744 1818 1903 1918 2709
11 196
2 21 23 29 31 31 45 49 65 84 116 118 125 126 136 138 140 140 149 155 157 175
11 1709
63 184 286 335 374 394 436 461 546 821 858 884 913 1036 1043 1131 1296 1339 1393 1559 1654 1662
19 1384
8 85 92 122 140 199 248 252 307 342 383 441 504 522 535 548 582 599 610 615 705 740 751 784 795 848 853 872 980 1084 1089 1183 1187 1202 1209 1305 1324 1367
9 3448
357 613 955 1138 1169 1186 1292 1398 1432 1773 1805 2205 2334 2617 2721 2811 3106 3398
10 3774
383 679 716 840 849 913 1034 1051 1057 1183 1344 1455 1586 1786 2109 2123 2579 2633 2842 3158
8 2212
289 342 405 426 527 901 1010 1349 1428 1434 1494 1510 1510 2021 2029 2059
7 3665
49 72 525 538 567 907 1110 1411 1684 1823 2096 2501 2548 2685
9 3188
425 913 931 1032 1068 1475 1556 1797 1859 2324 2372 2550 2564 2695 2879 3005 3119 3122
14 4577
167 659 785 1072 1108 1389 1655 1889 2196 2291 2390 2478 2496 2702 2721 2754 3035 3125 3152 3274 3410 3664 3746 4004 4209 4220 4230 4420
7 285
6 7 14 72 89 98 112 112 141 142 163 215 220 248
8 1441
87 138 166 215 403 426 494 530 572 828 1007 1035 1129 1207 1386 1413
13 2129
7 44 80 105 161 432 447 462 576 724 760 778 980 1182 1193 1198 1344 1413 1484 1561 1663 1744 1816 1936 1955 2105
8 1158
10 53 141 185 202 265 399 525 553 613 626 648 812 815 922 978
10 512
5 38 62 70 104 107 121 133 134 135 179 202 247 359 364 400 458 479 480 497
12 746
31 48 79 108 118 133 138 172 178 303 332 359 498 543 553 579 598 620 651 657 665 719 732 735
15 2951
417 439 458 604 757 800 801 824 1018 1021 1025 1171 1405 1517 1631 1635 1670 1683 1731 1813 1843 2296 2401 2463 2528 2539 2569 2569 2571 2885
11 674
23 30 49 62 123 140 166 180 205 209 328 357 363 444 500 513 541 546 599 647 648 654
12 256
11 17 21 34 49 52 62 82 88 100 102 105 118 128 137 140 143 148 149 169 191 211 247 254
12 3076
70 165 238 272 506 578 710 884 1053 1077 1161 1237 1275 1298 1379 1549 1650 1702 2382 2472 2567 2792 2802 3001
7 1519
78 153 248 291 371 394 434 699 789 846 915 1315 1330 1396
4 4532
784 1092 1716 2002 2490 3256 3446 3770
8 4109
141 336 1021 1415 1517 1667 1854 2073 2481 2686 2736 3012 3223 3323 3436 3446
6 4820
54 168 444 734 1579 1881 2874 3249 3310 3769 4391 4651
12 3986
167 383 445 934 970 1089 1242 1458 1672 1718 1866 1903 2217 2249 2479 2489 2599 2627 2628 2734 3092 3325 3419 3747
15 29
0 0 1 1 5 6 6 7 8 10 10 12 12 13 13 14 16 18 20 21 22 22 23 23 24 25 25 25 27 28
8 44
2 7 12 14 16 16 24 25 25 26 30 32 34 41 42 43
10 1692
42 59 161 201 322 372 390 454 463 481 511 602 648 680 777 1144 1232 1348 1496 1657
11 123
0 1 2 4 14 15 20 29 29 34 41 41 72 79 82 84 88 108 113 114 115 120
9 1064
110 153 186 204 311 314 341 484 514 570 686 689 820 831 844 882 893 942
10 3674
9 461 703 875 900 968 1010 1088 1241 1537 1863 2187 2226 2423 2673 2961 3067 3331 3372 3500
9 1140
67 75 89 91 94 203 265 467 479 508 614 730 806 927 978 1006 1017 1084
13 1197
86 103 143 152 204 210 216 253 257 375 441 455 499 592 616 617 633 663 696 698 703 853 876 896 958 1099
14 3044
147 280 362 388 403 478 505 684 734 748 827 941 976 983 1049 1132 1212 1315 1322 1370 1611 1619 1768 2055 2307 2484 2557 2908
9 1607
122 285 351 357 472 485 767 797 880 891 1008 1029 1114 1194 1223 1299 1304 1594
12 4067
189 569 675 709 822 841 891 944 1014 1067 1105 1642 1704 2368 2712 2718 2962 2966 2990 3123 3330 3350 3351 3570
10 1955
46 184 632 710 717 805 860 915 1004 1021 1258 1304 1319 1415 1513 1580 1659 1765 1906 1929
11 4119
303 414 472 1011 1057 1106 1245 1511 1540 1656 1807 2160 2268 2437 2704 2731 2747 2834 3204 3328 3330 4029
9 111
10 11 23 28 44 45 49 50 50 57 58 71 78 81 94 95 100 102
12 2758
84 160 195 197 494 512 524 684 712 901 1034 1124 1215 1232 1241 1356 1450 1571 1679 1892 1981 2050 2455 2493
10 2314
44 196 287 291 593 659 953 989 1010 1037 1498 1630 1723 1723 1778 1831 1984 2002 2021 2121
7 4003
1260 1286 1613 1665 1747 1770 1980 2342 2369 2437 3161 3169 3656 3786
6 3857
99 229 318 950 1059 1275 1487 2184 2491 2832 3214 3689
8 3043
280 413 536 676 778 855 1082 1229 1679 1733 2167 2344 2555 2631 3017 3035
15 4831
430 451 572 672 903 925 1033 1401 2010 2185 2228 2300 2445 2451 2463 2671 2708 2805 3415 3628 3636 3665 3811 3857 3959 4126 4383 4423 4618 4666
6 1983
147 492 551 713 863 901 1096 1147 1207 1369 1771 1899
8 3590
378 501 1155 1314 1526 1698 1714 1922 2036 2054 2188 2209 2397 2672 2792 3509
4 2094
282 837 1387 1559 1583 1723 2024 2060
8 1484
171 310 552 616 692 744 759 858 911 928 968 980 1227 1324 1384 1482
8 690
22 29 162 203 207 216 233 242 275 410 443 455 459 601 673 678
7 1018
65 70 163 271 361 364 639 681 758 785 802 825 931 979
12 3496
22 91 174 241 358 527 957 1127 1199 1547 1638 1662 2115 2195 2204 2245 2275 2331 2487 2839 3062 3191 3291 3365
5 825
44 73 158 231 246 399 444 642 655 722
7 4700
23 548 1223 2304 2601 2626 2866 3322 3397 3586 3689 3880 4007 4348
11 2804
5 13 269 321 405 449 669 686 791 831 900 927 1093 1110 1143 1364 2051 2155 2257 2400 2412 2657
12 4458
1 175 410 493 802 946 1454 1719 1719 2124 2183 2246 2343 2351 2430 2535 2596 2993 3316 3494 3546 3595 3982 4221
12 2026
76 93 287 329 486 495 498 524 594 728 919 1109 1117 1141 1146 1203 1324 1546 1557 1838 1848 1883 1999 2002
13 4057
19 170 314 656 677 1063 1098 1133 1148 1949 2250 2654 2901 3122 3257 3306 3377 3386 3441 3529 3597 3841 3890 3909 3966 4009
7 4353
69 220 336 517 1204 1337 1683 1780 1983 2487 3273 3340 3435 3927
11 4269
410 450 458 469 563 628 823 1104 1271 1417 1435 1588 1944 2180 2244 2476 2676 2880 2975 3208 3417 3845
10 1324
69 95 162 204 318 363 408 485 507 608 621 702 725 819 955 957 1154 1256 1270 1281
6 1601
94 171 378 405 465 572 783 899 931 1128 1284 1379
14 862
21 22 34 42 43 54 87 97 185 243 303 312 322 329 401 419 474 497 554 606 622 636 675 686 720 733 759 833
10 80
1 1 5 7 25 26 27 28 32 42 43 49 55 65 70 72 77 78 78 79
11 4499
152 310 416 600 736 822 1144 1403 1427 1555 1617 1657 1764 2173 2176 2197 3506 3522 3759 3960 3967 4175
14 2551
199 296 301 321 451 747 770 861 902 933 1043 1049 1066 1104 1167 1209 1220 1367 1387 1449 1731 2063 2100 2114 2360 2424 2428 2524
10 901
59 133 221 230 243 308 365 380 489 577 592 596 665 669 687 698 702 705 833 867
14 4213
86 109 129 466 532 697 893 904 951 1213 1549 1645 2146 2235 2418 2695 2726 2903 3106 3144 3294 3408 3443 3788 3965 4041 4042 4193
7 934
180 432 538 621 626 645 671 717 755 762 765 786 795 837
10 2709
68 174 235 390 450 473 841 979 1131 1574 1669 1778 1802 1811 1992 2005 2280 2355 2474 2548
9 2648
136 179 1335 1338 1370 1376 1405 1607 2195 2317 2319 2363 2458 2464 2515 2560 2604 2610
10 1151
24 105 128 256 530 551 605 646 678 683 710 736 949 955 979 1041 1042 1089 1097 1099
9 1904
8 162 381 459 517 629 645 720 873 1210 1300 1339 1342 1389 1612 1645 1701 1732
7 4466
28 520 1292 1655 1778 1849 2035 2268 2386 2501 2679 3432 3751 4424
7 596
46 138 141 169 175 209 233 236 248 314 349 367 463 555
8 4883
73 660 876 1033 1575 1798 1840 2214 2522 2592 2786 2865 3104 3357 4237 4701
14 4695
112 226 228 418 446 453 474 625 862 920 1073 1534 1567 2439 2477 2550 2745 2849 3369 3509 3566 3804 3848 4360 4450 4525 4657 4683
9 1705
14 89 273 385 386 408 818 868 924 966 1111 1256 1357 1430 1502 1583 1623 1702
9 2318
4 219 409 500 939 1319 1511 1616 1717 1761 1801 1813 1826 2052 2054 2083 2129 2203
11 3867
511 632 902 1127 1210 1471 1505 1775 1889 1925 2021 2032 2090 2165 2185 2459 2479 2837 3023 3434 3620 3854
10 158
10 15 31 41 44 57 63 69 74 79 81 96 97 122 126 132 141 143 145 150
8 220
7 15 15 30 95 96 101 122 133 146 147 162 174 186 217 219
10 4702
191 217 220 307 439 674 1017 1132 1320 1442 1812 2448 2771 2836 2906 3475 3522 3811 3835 4175
12 2764
210 254 330 508 554 584 673 972 980 987 1126 1538 1659 1781 1798 1842 1894 2170 2250 2313 2423 2448 2601 2756
6 4456
22 552 1273 1665 2434 2517 3045 3155 3188 3427 3870 4195
7 2271
82 360 542 559 584 602 667 776 849 1047 1124 1273 1295 1653
12 1034
26 30 145 216 220 239 324 333 340 349 448 497 626 645 718 732 732 732 810 858 880 979 987 1024
9 378
45 59 72 80 93 122 144 172 178 200 252 261 264 267 269 322 328 353
11 262
5 19 31 50 63 63 72 78 81 82 110 152 166 178 179 202 209 212 219 235 237 248
11 625
7 9 34 46 95 142 158 180 219 300 310 357 370 388 413 420 448 489 515 531 551 575
8 1480
1 4 130 309 367 724 736 879 1180 1191 1222 1272 1297 1321 1457 1463
10 861
54 59 76 87 161 189 202 235 277 293 386 386 455 507 573 675 690 755 800 834
11 4404
249 257 400 711 993 1077 1244 1345 1390 1412 1778 2252 2646 2774 2775 2955 3431 3453 3474 3979 4084 4194
14 3348
278 386 460 534 563 591 698 710 722 809 905 909 918 1009 1028 1136 1846 1964 1982 1990 2130 2211 2305 2330 2550 3004 3055 3226
8 2690
113 133 467 664 1009 1056 1442 1522 1599 1692 1829 1854 2040 2301 2416 2683
7 4311
431 662 768 771 791 880 888 1255 1335 1682 1724 1859 2183 3239
7 4821
91 164 181 259 640 646 1121 1861 2016 2562 3092 3190 3598 4022
11 4917
566 699 746 1121 1350 1590 2037 2079 2354 2454 2658 2663 2714 3117 3247 3341 3734 3740 3743 4433 4543 4677
7 4368
169 747 748 1019 1551 1754 1884 2188 2230 2449 2498 3256 3859 4299
4 301
54 54 88 185 206 232 279 291
5 1489
136 172 211 270 303 439 525 632 1132 1360
13 4969
43 255 290 371 715 1286 1436 1703 1851 2063 2104 2124 2238 2262 3130 3132 3397 3412 3550 3751 4203 4216 4482 4518 4609 4626
11 3044
21 71 222 231 284 715 718 1287 1287 1502 1527 1643 1829 1981 2004 2028 2264 2330 2413 2434 2475 2660
9 3152
169 316 527 622 720 928 1055 1125 1192 1429 1623 1759 1788 2005 2219 2444 2532 3006
11 3818
75 281 432 719 740 865 1107 1154 1866 1947 1961 2007 2206 2217 2261 2297 2333 2441 2552 2681 2886 3494
8 4622
47 192 408 490 781 1272 1521 2342 2361 2988 3315 3351 3515 4400 4505 4569
10 924
7 49 61 131 190 297 319 384 418 457 469 505 514 561 663 748 768 852 913 920
3 2626
124 532 595 935 1146 1211
11 2888
78 191 568 654 845 907 1068 1245 1385 1393 1438 1459 1549 1801 1847 2103 2143 2536 2637 2638 2703 2766
10 923
46 57 104 108 212 248 330 360 409 467 475 483 596 640 689 732 737 855 857 919
14 3828
61 88 115 466 485 598 728 783 1262 1313 1416 1449 1461 1484 1525 1791 1799 1901 1948 2195 2274 2329 2663 2931 3472 3502 3564 3573
13 4998
1234 1265 1332 1419 1445 1542 2515 2516 2580 2756 2853 2865 2969 2992 3020 3267 3284 3756 3869 3948 4209 4260 4274 4348 4763 4851
10 1341
57 155 160 171 172 286 462 521 527 536 609 660 684 756 934 978 1045 1103 1153 1251
9 1420
201 211 225 323 391 406 432 453 511 528 554 710 717 744 858 991 1207 1374
3 3517
699 925 1205 1764 2294 3386
5 2962
116 197 391 664 668 1261 1707 1920 2233 2243
6 2754
263 319 475 506 693 1030 1548 1628 2138 2392 2525 2709
10 201
21 31 39 46 46 59 70 73 85 90 95 115 115 119 151 154 158 175 193 195
11 2861
20 163 231 416 591 630 744 877 918 1347 1496 1815 1966 2045 2103 2108 2272 2340 2716 2728 2781 2809
8 4503
230 565 1047 1325 1440 1702 1811 2137 2208 2485 3122 3373 4124 4356 4384 4424
12 3906
197 375 439 570 623 866 959 1427 1508 1522 1661 1721 2070 2377 2491 2498 2535 3389 3399 3422 3578 3584 3633 3725
8 1993
29 142 162 697 795 813 1036 1123 1155 1409 1478 1487 1589 1652 1807 1915
9 2945
62 395 499 713 848 1067 1137 1724 2005 2019 2152 2165 2223 2352 2429 2518 2549 2752
8 4990
14 406 907 1140 1497 1587 1664 2111 2247 2297 2640 3007 3254 3457 3869 4961
10 2034
53 161 325 347 431 549 606 636 961 1085 1141 1159 1286 1299 1317 1637 1651 1695 1999 2000
9 574
7 22 62 85 226 230 242 264 291 338 358 359 359 379 421 528 562 567
13 3813
153 155 157 436 569 746 785 842 1074 1251 1605 1660 1686 1800 1975 2424 2469 2531 2543 2781 2897 2899 3539 3563 3664 3810
4 544
119 241 254 321 364 473 501 502
10 2132
298 554 685 700 856 894 1005 1022 1072 1288 1367 1399 1508 1691 1716 1812 1908 2031 2055 2080
8 4040
328 589 774 814 962 973 1526 1542 1941 1974 2698 2916 3339 3686 3883 3934
13 2934
227 277 306 369 531 581 706 806 1249 1415 1418 1498 1584 1616 1632 1814 2228 2250 2371 2470 2516 2596 2701 2714 2756 2831
8 1341
49 97 256 301 343 479 717 758 773 811 933 994 1017 1040 1327 1336
9 417
55 83 86 90 93 100 102 106 150 176 177 184 249 249 252 301 377 377
11 2630
8 109 425 577 605 673 840 940 1201 1269 1279 1433 1536 1630 1663 1790 1803 1827 2076 2088 2243 2285
7 3240
85 87 378 438 802 1633 1740 2326 2494 2867 2921 2933 3176 3189
6 3480
178 447 582 857 1401 1886 1961 2447 2475 2506 3218 3311
11 3098
71 72 105 134 320 354 372 651 674 841 859 885 978 1209 1504 1712 1733 2256 2283 2452 2738 2848
7 457
78 140 183 218 334 335 335 343 348 365 369 408 434 450
13 3133
50 326 400 442 456 490 514 557 622 687 1015 1310 1409 1461 1477 1839 1870 1952 2093 2129 2479 2540 2700 2722 2801 3038
8 3908
5 189 201 559 696 721 783 1652 1670 2116 2483 2764 2944 3411 3473 3548
18 4888
26 167 185 291 355 630 1116 1429 1572 1580 1651 1670 1755 1950 1976 2015 2148 2646 2950 2982 3068 3103 3145 3234 3292 3317 3367 3478 3525 3786 4435 4505 4535 4638 4697 4701
9 4708
329 1045 1240 1559 1728 1843 2324 2868 2916 3174 3274 3732 3905 4057 4300 4488 4500 4677
7 4760
1593 1630 1730 1732 1871 1901 2525 3149 3417 3639 3880 4120 4574 4651
6 2214
68 158 536 579 677 696 706 851 1013 1917 1924 2109
11 1532
66 164 202 210 279 330 390 436 456 503 595 648 691 933 1001 1086 1088 1114 1232 1278 1315 1389
13 4641
140 294 426 545 546 547 577 609 843 982 982 1205 1416 1592 1785 2252 2532 2714 2764 2916 3100 3230 3488 4040 4395 4553
10 1453
190 246 275 277 315 347 352 416 456 683 737 768 799 963 965 986 1223 1333 1365 1365
8 940
47 115 125 158 180 277 293 478 575 592 607 642 653 677 743 794
8 365
20 21 44 95 115 138 176 179 179 179 265 276 301 309 312 349
10 675
88 98 134 140 170 176 197 200 308 364 393 397 429 446 534 564 600 620 662 674
8 1356
119 288 314 432 530 613 653 695 763 769 772 789 1062 1106 1209 1312
6 1793
119 318 330 433 437 1094 1099 1135 1159 1254 1276 1536
9 3278
273 531 549 673 903 1062 1079 1511 2329 2332 2516 2775 2956 3020 3071 3136 3138 3256
15 1784
157 159 168 173 196 225 329 342 445 495 498 562 576 649 763 772 913 950 1009 1156 1320 1329 1412 1510 1513 1600 1601 1643 1708 1744
9 714
25 63 65 68 133 165 208 377 414 512 526 540 616 626 630 681 705 709
10 2810
75 85 310 403 544 630 715 980 1169 1201 1227 1479 1565 1838 2011 2187 2454 2535 2565 2584
12 4745
290 399 732 750 881 959 978 1393 1718 1893 2046 2284 2392 2505 3120 3203 3331 3423 3655 3697 3731 3737 4329 4651
13 1818
133 338 349 377 412 425 443 560 560 607 648 790 877 1007 1038 1067 1278 1290 1346 1350 1384 1390 1493 1585 1735 1803
11 367
0 22 28 43 51 63 77 78 85 97 105 109 141 178 184 227 229 231 268 287 292 346
9 3602
191 334 476 1002 1033 1222 1272 1405 1460 1549 2143 2294 2594 2702 2962 3323 3387 3393
11 4522
82 562 595 829 860 1038 1094 1531 1872 2101 2106 2714 2773 3151 3377 3528 3562 3576 4012 4020 4115 4427
9 862
12 87 127 197 223 241 242 336 373 428 524 612 736 765 779 799 805 812
16 798
63 66 74 79 87 90 107 142 157 176 196 241 284 315 357 361 362 365 408 413 462 507 523 598 618 629 637 652 666 730 777 778
9 4836
55 793 1174 1232 1379 1463 1504 1695 2211 2240 2577 2728 2769 2972 3018 3940 4425 4661
15 4643
6 175 324 360 378 888 1122 1248 1292 1469 1494 1640 1997 2017 2144 2192 2243 2297 2472 2578 2768 3028 3095 3450 3609 3829 3837 3875 4362 4631
11 212
9 31 48 48 53 56 59 68 71 92 107 126 132 138 145 151 158 166 177 181 181 184
13 3469
470 527 573 645 887 919 941 1177 1191 1375 1453 1584 1635 1883 2038 2042 2120 2638 2649 2655 2698 2828 2871 2879 2907 3195
5 4998
119 243 492 2170 2331 2861 2941 4160 4380 4414
10 4923
14 873 998 1052 1186 1352 1424 1458 1799 1917 2316 2350 2668 3129 3503 3697 4135 4283 4464 4609
6 4158
160 183 1221 1318 1611 2137 2183 3433 3663 3795 4021 4145
10 2238
139 246 255 820 1051 1122 1141 1166 1389 1462 1726 1862 1867 1905 1911 1954 2032 2059 2091 2183
12 148
0 2 5 8 13 22 28 35 40 43 43 44 45 50 56 77 84 88 101 102 106 108 109 117
9 1997
14 151 381 418 468 516 598 703 703 792 931 1141 1240 1302 1481 1547 1548 1799
9 4165
156 240 587 1016 1082 1120 1413 1570 1638 2266 2728 2763 3401 3409 3434 3525 3563 3630
13 2084
9 43 186 240 243 249 409 441 483 489 630 702 851 855 916 1021 1134 1201 1408 1608 1637 1753 1811 1967 1986 2078
8 4727
417 695 756 836 1423 1580 1591 1834 1904 2135 2487 3242 3345 4005 4050 4679
10 4797
295 393 747 1132 1206 1300 1675 2090 2473 2526 2664 2785 3001 3478 3754 3783 3805 4347 4454 4623
7 1400
5 141 166 303 357 696 765 821 890 978 1069 1177 1336 1373
9 4152
604 722 1362 1786 1947 1962 2049 2248 2322 3123 3228 3266 3364 3371 3439 3693 3870 3943
8 2407
96 125 283 323 576 679 872 1444 1508 1904 1949 2063 2097 2164 2248 2400
10 2986
260 489 519 654 700 1023 1228 1247 1285 1374 1473 1613 1620 1814 2155 2219 2495 2527 2698 2977
13 1553
19 22 42 43 59 153 155 248 305 335 373 516 578 884 922 923 978 1036 1060 1137 1199 1349 1389 1446 1512 1525
14 668
1 19 31 79 83 123 130 165 174 238 262 276 286 292 317 338 366 390 403 466 477 490 544 571 588 594 640 642
7 3494
266 544 1253 1316 1407 1468 1677 1701 1780 2540 2880 3125 3230 3389
13 3304
32 317 482 554 804 861 929 1050 1057 1092 1115 1307 1363 1394 1661 1693 1928 1948 2236 2256 2478 2526 2527 2589 2735 3061
11 727
76 101 106 107 153 163 170 211 350 372 485 497 514 558 559 559 592 595 668 679 686 714
14 3932
217 321 394 417 653 665 782 973 1027 1046 1293 1365 1492 1602 1630 1683 1694 1942 2036 2091 2431 2753 2894 3010 3343 3353 3480 3906
10 3052
82 188 208 258 326 350 610 681 767 940 1304 1432 1530 1531 1558 1886 1890 2197 2369 3008
9 1842
138 328 337 343 412 764 931 1018 1090 1186 1256 1358 1412 1463 1527 1654 1661 1739
12 3527
285 522 546 566 581 613 740 851 1063 1162 1338 1609 1609 2141 2172 2356 2427 2462 2528 2918 2953 3016 3205 3216
14 1420
31 84 100 125 204 356 387 455 517 519 519 570 578 626 638 732 751 806 825 929 1003 1025 1086 1094 1166 1254 1270 1294
8 1036
73 192 210 235 275 416 619 628 707 724 771 870 877 884 889 980
11 565
20 22 42 43 51 67 142 184 206 266 272 291 296 303 307 337 344 350 400 418 427 478
8 1418
4 114 142 219 247 381 566 591 617 696 781 790 795 888 1010 1031
13 1565
5 27 85 100 105 259 273 299 313 332 353 353 361 427 479 608 969 970 999 1182 1384 1396 1452 1489 1506 1557
9 1885
57 160 193 245 374 495 786 814 820 918 946 974 1103 1107 1463 1484 1748 1857
9 2509
91 121 210 220 275 419 427 545 587 613 892 898 1403 1585 1909 2115 2396 2474
6 1301
133 134 172 180 245 465 638 690 812 881 1016 1056
7 2427
407 463 467 678 775 818 932 1115 1282 1370 1543 1645 1983 2185
10 4081
265 491 607 692 713 752 1019 1338 1377 1424 2219 2449 2572 2605 2642 2909 3434 3514 3601 4001
10 4845
210 302 400 603 672 1278 1532 1538 1585 1726 1783 2570 2629 2911 3481 3629 3675 4113 4114 4791
7 4090
237 292 364 722 1072 1110 1293 1815 1969 2603 3134 3341 3428 3953
11 1828
15 25 168 284 393 551 609 669 742 780 814 898 965 1003 1025 1216 1366 1421 1479 1671 1766 1779
14 1132
80 102 114 139 295 352 416 421 440 676 718 720 760 781 789 810 813 862 874 951 968 992 1025 1030 1043 1080 1085 1115
4 2499
324 555 648 674 1625 1879 1999 2076
10 196
5 25 28 32 42 50 60 67 73 86 91 98 114 117 128 129 168 174 182 184
10 3175
244 257 312 503 522 528 645 928 1109 1137 1359 1387 1409 1519 1532 1628 2594 2719 2896 3100
7 4384
282 511 534 590 921 961 1438 1854 1949 2358 2428 2958 3393 3619
9 755
8 52 68 125 155 193 257 270 307 411 427 520 539 641 644 669 697 723
6 1487
192 265 366 396 487 543 746 760 783 972 1076 1428
13 1889
228 274 391 487 581 607 646 652 753 759 810 811 854 858 1173 1272 1273 1305 1348 1380 1484 1660 1764 1794 1880 1883
6 190
5 28 36 39 64 76 81 86 102 112 133 185
6 2683
366 1040 1108 1173 1200 1411 1413 1582 1655 1754 2053 2174
9 1211
65 76 97 154 413 485 510 595 712 818 831 836 922 983 1021 1075 1101 1151
5 4070
338 477 599 619 1849 2028 2508 3299 3344 3982
8 3813
84 717 746 984 1287 1417 1742 2101 2383 2505 2548 2875 3085 3418 3715 3733
10 3237
136 433 598 628 861 947 965 1036 1082 1175 2097 2161 2254 2440 2544 2789 2845 3072 3072 3092
4 1287
187 443 603 830 834 1005 1117 1200
11 3803
141 228 291 511 781 913 950 970 1452 1779 1904 2004 2082 2096 2296 2399 2736 2949 3318 3539 3649 3739
7 3153
307 473 1145 1329 1376 1825 1899 2046 2116 2338 2708 2897 2967 3110
15 1284
53 60 94 121 166 286 301 415 489 501 532 581 698 709 738 801 807 854 877 948 956 960 984 1027 1070 1073 1096 1098 1112 1274
8 1162
9 33 164 192 195 196 215 290 456 545 688 803 1029 1082 1105 1132
11 752
66 89 98 103 114 164 228 235 245 321 341 342 412 459 513 547 559 592 599 614 638 732
12 3049
88 346 541 655 787 1012 1015 1214 1262 1464 1517 1576 1663 1687 1796 2290 2380 2408 2414 2650 2697 2748 2847 2997
11 2430
196 291 455 500 615 648 752 855 887 1046 1096 1161 1260 1309 1440 1504 1575 1617 1753 2333 2391 2404
8 3558
8 44 431 478 629 662 1697 1700 1968 2149 2391 2526 2981 3128 3237 3498
11 3052
118 162 211 455 559 571 657 766 1096 1295 1393 1576 1691 1805 1859 2161 2185 2426 2736 2909 2961 2978
7 1234
83 204 372 525 527 561 698 743 798 820 871 882 1011 1080
12 2409
96 107 338 384 547 673 728 741 759 849 951 1029 1058 1062 1176 1323 1484 1539 1550 1952 2096 2128 2170 2200
8 4199
9 110 313 1138 1391 1966 2334 2516 2555 2634 2906 3114 3721 3902 3908 3970
11 872
18 32 52 69 156 197 352 391 399 402 489 501 551 582 591 604 653 693 732 769 769 803
8 3343
477 482 717 858 1160 1548 1991 2032 2264 2295 2296 2408 2872 3221 3288 3327
10 1166
32 88 137 273 368 420 505 515 524 527 550 579 736 836 945 996 1027 1095 1107 1118
11 2316
28 149 300 340 436 469 659 718 763 883 907 986 1072 1072 1291 1464 1468 1657 1908 1980 2016 2111
18 396
16 21 53 56 62 69 70 73 87 95 105 126 139 167 212 231 241 243 246 255 255 277 285 289 326 327 329 331 340 342 345 348 354 359 381 389
11 3011
546 611 920 981 1063 1262 1444 1635 1720 1756 1800 1937 2012 2240 2246 2250 2267 2301 2350 2468 2527 2630
10 1698
33 418 445 445 537 560 683 707 776 904 1050 1115 1138 1249 1262 1265 1373 1434 1438 1450
12 2088
137 175 257 355 575 599 639 660 864 866 868 1110 1142 1201 1335 1367 1377 1588 1624 1626 1777 1832 1961 2035
12 3516
31 73 377 570 708 716 1136 1234 1332 1340 1414 1770 2121 2417 2486 2637 2752 2795 3021 3118 3173 3201 3320 3449
8 3025
8 31 49 454 548 1417 1442 1675 1759 1801 2153 2243 2432 2438 2668 2695
8 2708
16 190 224 432 588 654 685 1010 1072 1627 1920 2006 2195 2325 2394 2619
7 1139
28 121 479 531 599 705 709 711 779 880 942 1073 1100 1137
10 519
45 100 117 133 178 221 308 316 350 351 389 396 407 427 443 452 452 457 482 494
8 3617
140 155 909 964 1240 1245 1290 1731 1781 2226 2562 2894 2984 3010 3070 3245
9 1580
192 364 398 474 539 691 698 708 768 834 1006 1047 1095 1206 1323 1369 1438 1459
15 3288
46 155 190 468 528 602 679 681 720 730 953 996 1071 1073 1304 1323 1409 1427 1495 1655 1741 1822 1901 2189 2288 2361 2649 3115 3169 3249
12 477
15 19 62 88 121 123 150 161 175 194 206 208 213 219 242 265 290 308 348 356 366 387 436 446
15 876
53 54 103 144 193 269 310 318 321 327 351 439 454 491 493 535 553 571 585 585 610 674 714 728 751 766 789 811 812 826
8 2964
96 185 202 257 466 584 611 669 765 1513 1629 1674 1924 2099 2320 2776
9 4232
285 721 975 1337 1797 1828 1840 1967 1999 2499 2590 2595 2611 2627 2830 3293 4012 4087
9 4863
31 236 283 475 1063 1343 1514 1773 2022 2233 2394 2458 2597 2621 2735 2879 2974 4194
10 2402
24 293 334 468 532 544 654 767 780 833 904 979 1738 1843 1855 2048 2082 2223 2272 2334
8 4377
321 386 658 1341 1953 2042 2559 2566 2731 2760 2915 2959 2992 3215 4239 4314
8 743
45 130 142 166 199 420 474 479 539 563 564 576 607 618 662 713
10 2531
20 497 836 915 941 1028 1112 1280 1306 1308 1426 1580 1622 1631 1669 1990 2112 2260 2268 2391
14 293
1 8 13 38 55 64 68 72 80 98 155 159 160 162 192 193 209 209 228 233 234 238 245 247 249 282 287 288
12 4975
211 457 540 586 864 1316 1321 1364 1717 1943 1994 2198 2312 2462 2674 2890 3385 3544 3656 3665 4217 4228 4405 4594
8 2364
560 840 959 1282 1367 1416 1526 1541 1625 1716 1733 1758 1907 2273 2287 2326
9 2405
17 83 289 345 374 380 507 715 927 935 1150 1234 1259 1519 1568 1870 1926 2059
11 157
3 17 19 36 39 62 66 85 87 88 89 95 109 112 115 118 138 138 141 146 149 155
7 3328
147 159 358 439 525 688 822 1100 1128 1415 1724 2237 2297 2885
13 565
5 44 55 67 68 74 101 170 173 192 218 227 266 272 293 323 344 357 363 376 388 426 457 459 538 563
9 710
27 60 77 180 236 336 340 355 359 376 464 475 493 560 572 635 645 686
9 900
133 142 214 236 242 245 264 335 337 434 454 457 510 513 531 558 580 795
6 1119
117 139 214 218 244 414 601 648 817 825 878 1099
8 7
0 0 0 1 1 1 1 2 3 3 3 4 5 5 6 6
12 6
0 0 0 1 1 1 1 1 1 1 2 2 3 3 3 4 4 4 4 5 5 5 5 5
10 2046
21 234 291 351 356 540 554 797 859 1007 1240 1280 1434 1451 1538 1547 1568 1635 1768 1980
14 2424
14 15 109 362 419 530 598 599 709 797 894 992 1001 1069 1160 1207 1260 1507 1550 1566 1699 2077 2080 2184 2311 2316 2377 2413
7 4493
24 611 792 954 1028 1582 2164 2295 2888 3369 3423 3437 3848 4478
6 792
109 126 130 156 160 193 258 555 615 671 714 785
11 233
13 18 21 64 70 76 93 93 95 98 117 130 130 132 136 139 172 175 187 196 214 223
13 2107
184 273 800 819 910 912 924 982 1071 1099 1122 1135 1180 1219 1268 1291 1449 1702 1786 1806 1885 1958 1968 1997 2077 2081
11 1326
41 230 272 379 492 598 689 742 773 871 939 983 994 1001 1011 1086 1114 1128 1174 1207 1244 1304
9 2171
137 294 471 485 499 507 519 825 922 970 1083 1522 1639 1746 1934 2047 2075 2095
13 895
20 52 69 155 262 332 338 404 408 446 471 478 486 515 565 573 634 666 673 720 746 798 811 817 828 868
11 4267
132 229 325 566 601 1182 1196 1350 1577 2218 2270 2371 2491 2718 2758 2862 2907 2909 3136 3565 3612 3632
8 830
12 15 33 69 202 214 225 352 394 409 465 497 544 669 758 804
13 3713
75 144 403 462 538 539 592 829 984 1096 1261 1337 1608 1670 1680 2369 2434 2464 2468 2715 3019 3294 3301 3650 3666 3677
8 2134
34 174 208 365 497 506 728 782 788 897 982 1620 1682 1815 1888 2071
12 1213
57 130 133 139 206 216 247 267 295 301 347 411 427 472 476 630 819 888 929 941 1021 1032 1070 1186
11 2123
107 277 303 348 416 622 670 834 845 846 1000 1052 1237 1516 1550 1755 1768 1823 1911 1999 2060 2099
11 1052
7 32 94 203 248 289 368 405 447 495 507 528 630 657 660 710 857 869 909 928 952 963
9 664
35 40 116 171 199 246 267 286 292 334 347 395 482 495 513 602 625 628
7 1162
70 76 106 528 561 591 669 735 767 791 943 1008 1009 1082
12 349
4 6 6 12 20 36 48 63 65 79 82 101 107 127 149 178 180 201 274 303 306 316 321 324
8 3434
289 304 573 726 771 878 1052 1546 1754 1759 1794 2496 2654 3177 3321 3374
8 3300
77 167 182 697 751 882 1235 1382 1964 1988 2124 2141 2145 2296 2611 2918
