300 1
0 6596366
1 195480684
2 39457151
1 832234727
1 462764495
2 81049898
0 487070027
1 430671894
2 721333033
1 615885993
1 842070560
1 592116125
2 840818824
0 544935711
2 333187430
2 467111553
0 416912849
2 159079860
0 478546939
0 593053374
0 876528192
2 9215174
1 93255151
2 120891934
0 10339332
2 388794220
0 268525211
1 624661876
2 911262128
0 883112480
1 695065821
0 836332789
2 679821271
2 869514730
2 791862493
0 971023425
1 27696682
2 348380080
1 492937765
2 685582363
0 322317417
2 482840133
1 577690570
0 902073920
2 640130609
2 984762739
2 400499134
0 850305798
2 936811948
1 574287762
2 369866047
2 265958875
1 934698320
0 532036766
1 854271710
0 621731494
1 334762129
0 505663846
1 201905930
2 632720631
1 452625194
0 647214210
1 472748777
2 194670396
1 85640337
0 362255778
0 930452921
1 487008446
1 747029662
1 405123934
0 849816533
1 121423183
2 641123167
1 153971982
1 601298549
2 134498710
0 502130638
1 556846452
2 478285504
1 576928906
2 295076835
2 203463102
2 179678522
2 120390110
2 504360694
2 341234875
0 19190306
0 976148155
2 955872981
1 326531330
1 932935614
1 335989984
0 859713143
1 995325110
0 342456500
1 243554209
1 213397702
0 735552408
0 436570413
0 168982437
2 907716499
0 790545886
2 180165550
0 105777038
2 210910879
2 857702986
0 606013828
1 668928323
2 508043635
0 824961159
2 929262675
1 949590342
2 395890329
2 812548530
2 938994687
0 862922023
1 710823655
0 450874707
0 662688284
0 194614120
2 75803903
1 695799077
2 992051674
1 916458313
1 324043567
0 802508290
2 89305791
2 834948641
1 67438049
1 179153626
2 35449694
2 435640810
2 75667251
2 267978341
0 982345445
2 547480808
1 735666120
0 602002781
0 431096123
2 591965557
0 796424593
0 62630663
2 207521084
2 707254202
1 768478984
0 886695899
0 818495071
2 205871469
2 183647798
1 681859893
0 269896499
2 745302186
0 183743173
1 431119286
1 615760787
0 576045691
1 786862772
0 98967829
1 291101250
0 653726720
1 371265549
2 818695491
1 952436279
2 502411999
2 15270354
1 637732293
0 312426390
2 206370185
2 630482828
2 344753192
0 875655849
2 514413724
2 631753662
2 493439897
0 271636061
1 647316919
0 686557903
2 141286435
2 305788429
1 494738922
0 584235476
1 325286676
2 139028858
0 303768744
0 735974818
2 862094218
0 706007737
1 631471009
0 787902485
2 969131229
2 210362151
2 305129925
2 355148363
0 744434532
2 985368556
1 564843416
2 795050227
1 679981353
1 496954658
2 826487615
0 273418150
0 770048190
2 811138561
1 122238253
0 82496480
0 158644664
2 62213455
1 249678353
2 752619133
1 664334585
0 633227949
0 475613143
0 580976896
0 576005955
1 217884753
1 651634275
1 960847342
0 425306145
2 370609914
2 429014936
2 948800571
1 305592011
0 14463716
0 796026985
0 993798464
0 419958260
2 307573731
1 543826388
0 354255242
2 903354078
1 418972954
0 342944994
1 802446505
0 702403907
2 178582832
2 863950526
0 645973729
0 622048938
2 842347539
2 820522783
1 173956714
1 848626581
1 977440822
0 685218891
1 258994386
2 256323713
1 198252213
1 110545921
1 961720455
1 842658394
0 38174582
2 194454596
0 331392317
1 501002648
0 243046813
0 416542477
2 220279914
2 786386454
0 993013730
2 704300802
0 744874451
0 735457975
0 768966629
1 689179441
2 454228210
0 715627132
1 591056071
0 364073398
2 64430441
1 81605581
0 694254185
2 997301894
2 637800730
0 601273626
1 715934008
0 774784911
0 395418647
1 239743744
1 466587838
1 49591371
1 744610203
0 422888475
0 422276979
0 841411788
1 844044813
1 261332373
2 624269940
1 113397195
1 541057950
0 113532030
1 29443184
2 625425119
0 12925796
2 818373990
2 948017456
2 321819051
1 598147846
0 644952521
2 147401364
2 357021936
