6 1000
27 50 37 32 31 4 45 28 44 8 19 31 42 26 3 55 55 31 46 17 25 59 61 24 46 61 55 48 51 57 7 1 41 13 30 61 7 3 16 51 44 32 47 30 47 8 19 15 36 29 35 62 37 18 0 34 43 12 56 34 15 37 18 36
5 10 58 62
15 56 6 58
16 17 19 41
25 60 11 36
13 28 19 34
2 33 40 51
43 51 2 23
13 46 24 30
7 59 30 60
8 34 44 52
52 54 17 45
23 42 1 44
27 55 9 29
6 58 2 52
25 51 39 40
21 51 2 4
14 55 54 57
6 30 55 57
3 23 29 50
27 56 13 32
19 50 52 57
11 49 8 58
21 62 15 15
8 48 4 54
6 45 36 52
28 57 29 34
17 39 50 64
34 53 56 61
14 48 15 38
11 63 9 58
10 58 20 52
20 53 29 52
13 16 6 50
31 38 34 41
36 50 16 58
4 47 8 40
2 10 4 40
32 52 25 48
45 53 13 27
17 43 15 16
45 55 33 46
11 27 2 10
24 48 17 25
49 61 1 41
12 41 29 30
16 60 29 42
23 53 1 60
27 60 48 64
27 52 11 14
20 51 26 58
5 53 55 64
11 28 53 62
15 61 8 13
40 45 13 41
24 37 14 19
12 18 31 51
7 11 4 52
52 61 31 59
18 22 10 24
31 48 23 63
10 34 38 49
23 51 10 41
11 22 24 48
13 52 40 54
38 42 9 54
24 56 23 32
17 18 7 21
5 61 12 44
2 55 15 56
16 47 30 51
7 11 33 54
2 16 25 64
1 13 43 63
29 63 32 62
57 58 55 60
11 39 32 49
21 64 2 50
28 48 44 44
12 51 49 51
9 12 7 39
5 37 11 59
30 32 22 33
4 15 9 44
20 47 3 11
32 54 47 52
31 51 12 52
23 46 54 62
41 44 40 43
26 28 4 5
50 51 7 8
41 43 6 62
46 62 33 43
43 63 43 44
11 15 32 44
27 48 2 55
38 64 9 55
37 56 6 9
38 55 21 38
14 32 3 32
9 28 7 37
8 49 7 50
4 45 13 32
9 14 25 45
14 60 5 39
42 55 49 59
10 27 50 51
15 56 4 27
1 64 42 59
37 40 33 36
7 22 3 50
35 41 31 56
43 55 3 54
11 40 40 44
31 41 15 64
34 44 12 17
24 56 14 58
4 40 25 38
21 56 41 49
41 43 34 44
42 43 14 28
14 43 39 60
29 45 5 17
18 53 15 23
2 33 8 9
58 64 45 45
52 59 21 64
44 45 42 46
16 62 48 49
29 46 56 57
60 64 8 33
13 34 32 52
27 38 20 28
16 61 63 64
39 54 33 39
8 8 1 15
59 63 25 44
8 63 50 51
35 64 27 47
22 29 7 22
53 62 31 31
31 49 12 30
13 34 39 41
25 52 7 27
38 52 1 23
3 47 63 64
14 47 15 53
15 29 37 53
22 57 31 60
31 37 18 47
16 41 8 57
46 50 16 29
5 47 6 54
24 49 18 45
52 59 23 64
16 55 21 26
21 42 6 44
17 63 26 28
7 20 2 60
21 36 19 24
34 44 10 30
39 61 22 44
36 50 11 18
20 24 2 62
15 58 9 29
48 60 15 21
7 30 21 28
6 9 5 35
11 41 23 48
20 36 63 64
16 57 7 64
43 44 52 54
31 45 5 14
24 25 10 14
28 48 4 58
7 26 48 52
4 9 42 57
19 24 11 57
28 45 25 37
27 59 10 51
48 48 24 59
24 33 16 40
4 56 43 47
13 41 28 59
38 44 25 41
54 55 29 35
40 56 23 27
16 50 16 53
4 26 38 45
8 30 57 58
12 59 33 42
22 51 26 37
12 20 35 42
19 53 37 48
5 40 2 17
33 47 19 23
41 57 48 52
5 18 48 50
8 10 37 38
2 9 3 9
15 26 50 51
51 61 51 63
22 38 3 28
3 48 2 26
17 29 21 21
44 63 8 45
29 55 4 26
6 31 31 58
25 61 37 51
23 29 19 50
15 61 16 21
10 13 14 47
14 54 43 57
36 55 30 48
8 11 34 53
17 41 19 61
18 60 18 41
16 48 9 56
16 52 15 45
14 48 2 29
9 46 1 51
37 52 1 44
31 41 11 40
9 60 2 37
1 59 5 50
27 62 50 58
40 59 3 6
4 34 2 5
12 51 11 36
7 46 32 58
32 44 14 59
2 48 25 55
35 38 29 48
3 37 27 30
46 54 39 44
30 41 1 46
47 59 8 32
60 63 28 59
3 25 16 21
33 56 49 57
7 39 38 50
11 45 2 55
21 34 29 56
49 50 26 64
44 53 8 17
8 46 9 18
34 42 18 56
41 43 28 59
49 53 1 30
26 55 39 43
11 56 1 25
6 36 38 59
3 53 38 42
30 57 8 50
3 8 49 50
41 62 21 25
19 29 22 43
1 40 27 48
2 60 1 53
47 63 33 62
31 57 13 14
43 52 26 32
17 48 39 53
40 56 13 46
51 63 9 51
12 49 46 51
18 62 2 30
11 50 26 28
9 45 19 29
10 17 36 52
7 60 20 63
46 59 23 58
11 60 41 57
2 47 4 23
24 60 39 52
30 36 5 42
51 55 40 45
39 59 43 47
21 54 2 61
32 49 6 25
9 64 24 41
8 53 12 39
45 59 35 42
14 14 40 47
25 37 23 33
30 42 64 64
17 19 6 54
4 4 4 10
23 42 13 58
3 48 17 33
9 56 24 46
53 55 14 33
14 47 23 58
39 47 8 11
24 45 32 33
20 43 25 43
38 47 27 41
5 39 17 52
5 40 49 54
36 47 12 61
18 35 37 40
10 35 18 36
41 61 17 23
2 10 8 64
18 38 54 64
16 45 22 53
2 59 21 21
13 16 16 64
5 37 40 46
18 32 10 37
14 39 8 47
39 47 62 63
11 40 17 17
42 46 31 43
17 46 4 47
36 43 23 29
13 33 30 58
5 58 21 34
2 9 24 56
32 60 37 51
4 34 4 41
21 64 39 50
37 44 19 46
16 41 28 64
21 38 46 55
53 62 18 54
19 61 29 39
24 34 41 46
44 46 12 57
6 6 5 30
19 41 14 54
58 62 38 53
25 35 9 19
27 62 1 15
8 38 3 55
12 59 27 33
18 63 31 34
27 64 37 44
22 23 30 60
33 49 10 52
39 62 28 57
29 64 8 54
33 36 36 53
15 64 23 42
27 60 19 34
7 35 39 64
14 20 9 60
51 61 7 22
50 62 16 33
17 48 3 20
19 22 25 55
34 43 49 61
11 18 4 26
24 32 12 15
10 49 3 46
9 48 24 50
16 32 4 14
32 47 20 54
4 25 21 37
19 48 9 33
2 23 1 26
14 16 60 62
25 64 41 50
17 46 24 40
5 34 22 59
11 53 12 24
46 53 34 52
7 54 50 55
3 59 33 54
58 64 35 60
10 14 13 21
11 32 9 29
25 60 29 56
2 21 14 57
1 37 11 57
14 20 6 48
19 46 11 22
8 34 19 48
2 35 24 32
31 32 13 34
6 11 26 41
7 47 4 20
26 34 36 43
46 62 19 28
33 51 31 64
2 15 52 58
1 37 41 57
21 24 25 30
26 47 17 47
12 14 41 41
27 40 9 51
43 58 12 37
40 64 9 55
12 52 45 52
1 61 30 49
25 63 14 34
9 60 35 43
10 42 2 48
12 45 12 19
23 55 39 48
8 50 6 42
29 42 39 57
5 20 21 62
31 49 59 64
13 30 29 39
28 57 48 63
4 59 13 50
18 55 8 8
29 42 22 62
10 29 9 34
47 49 10 20
21 42 21 53
7 55 27 59
36 58 6 25
36 57 24 33
19 45 5 31
2 44 6 13
6 60 34 42
36 49 56 63
12 27 26 63
7 54 5 47
2 46 14 49
62 64 50 64
39 46 39 60
3 13 11 35
28 62 29 32
11 32 6 10
28 48 15 32
28 40 17 18
5 17 17 33
39 46 20 60
10 10 42 62
5 55 55 60
50 63 3 40
17 17 8 46
25 26 3 46
34 63 7 61
5 23 32 64
12 55 4 26
36 64 29 46
17 49 17 34
3 9 11 43
8 45 9 50
34 57 22 54
42 43 15 28
20 31 30 42
12 55 10 31
27 57 9 10
28 63 5 36
24 63 14 26
57 58 39 39
34 53 26 52
4 53 17 21
35 47 41 53
12 40 13 47
20 53 4 64
46 52 8 58
14 18 18 50
25 35 37 63
8 36 38 42
57 58 1 19
54 54 31 58
10 44 12 24
54 56 31 35
13 53 28 43
36 57 16 23
8 26 27 61
42 50 24 28
40 41 1 17
26 29 49 64
9 31 5 29
11 28 5 10
45 57 1 6
13 24 7 23
15 39 44 49
4 43 38 50
50 60 30 48
61 64 12 64
14 25 33 41
10 40 7 43
25 64 40 54
2 2 36 51
14 60 54 59
21 53 50 57
23 36 19 36
45 48 38 48
36 44 19 48
21 54 1 22
12 47 14 29
15 17 10 49
27 40 33 33
19 60 7 46
14 63 24 37
3 50 12 13
45 56 45 62
5 22 31 59
32 54 29 59
36 45 7 15
21 64 45 62
31 49 13 46
8 21 14 26
7 51 6 30
23 36 18 39
32 37 42 63
7 52 8 50
11 20 13 57
25 52 9 33
43 53 19 33
22 61 28 50
4 55 11 29
49 55 27 50
39 59 9 15
20 41 59 60
15 42 9 30
13 26 6 61
35 46 12 60
30 54 2 46
4 52 10 43
30 52 48 58
2 22 47 62
3 17 56 59
13 16 32 41
16 36 5 47
7 7 22 24
52 64 3 38
41 45 32 47
13 27 30 38
24 47 24 46
35 39 15 62
35 60 11 37
59 60 20 45
20 21 37 63
11 55 47 55
14 48 2 34
5 28 27 28
16 62 6 28
44 49 20 57
35 54 2 48
18 55 19 46
12 36 17 39
27 50 42 51
17 34 43 51
33 59 13 63
7 24 6 44
16 23 4 21
2 45 20 31
32 45 29 49
7 31 35 54
17 28 28 39
35 36 21 23
9 19 25 62
40 45 7 19
24 25 2 12
2 41 10 62
15 29 32 40
4 34 21 52
26 26 22 39
24 36 1 55
7 30 23 53
4 31 33 46
24 47 36 42
13 53 26 26
16 29 43 52
6 32 31 49
24 53 10 54
14 33 19 22
32 38 14 34
41 42 16 56
13 41 20 46
40 50 46 62
17 38 41 63
61 62 32 36
10 55 26 44
40 55 14 52
4 33 10 46
25 30 44 56
18 32 35 49
20 55 54 57
2 27 17 36
45 64 9 45
1 37 13 35
41 49 6 12
11 35 8 32
33 46 2 37
12 52 9 43
19 27 35 56
51 52 36 45
32 51 23 31
5 16 27 36
22 37 18 36
21 29 26 28
38 48 15 52
23 52 17 58
4 49 25 44
33 53 23 59
6 17 17 44
13 37 2 40
2 29 18 34
24 27 28 41
4 6 1 2
24 64 43 49
33 48 27 51
1 1 44 46
44 53 31 55
30 50 2 18
22 57 16 32
15 27 25 36
9 32 14 35
12 32 43 62
14 30 45 64
24 46 28 51
16 58 3 7
32 46 7 11
5 14 30 51
3 4 51 59
28 35 18 44
11 15 1 10
21 32 5 32
4 16 14 45
48 60 1 63
13 15 26 59
23 26 16 18
21 30 18 60
22 39 9 25
8 56 1 19
43 46 6 37
4 49 21 62
9 27 53 63
3 3 57 64
58 64 7 10
10 59 38 45
22 23 23 51
37 57 18 38
42 48 28 50
31 39 42 59
7 43 11 27
60 61 15 50
45 50 28 29
19 34 42 43
12 63 4 35
37 41 11 23
9 13 5 18
18 45 15 34
40 50 40 57
25 61 9 56
5 63 50 52
18 41 10 50
28 35 39 60
27 40 14 40
4 13 46 57
31 53 6 19
28 32 11 19
18 51 23 59
30 31 1 37
3 18 24 38
25 52 3 20
50 51 15 40
46 53 14 52
4 50 40 44
28 59 35 63
39 57 11 57
22 54 12 62
12 25 52 59
10 32 17 38
8 53 5 23
13 63 33 51
15 44 43 49
17 54 10 54
12 41 30 50
21 57 36 53
51 56 33 47
45 60 17 38
16 58 50 55
18 61 19 37
23 27 25 62
29 47 48 61
39 59 49 52
9 57 34 63
59 62 29 61
10 64 17 49
41 43 21 38
26 48 58 63
20 62 34 50
10 47 8 60
51 59 31 52
24 25 2 41
21 62 16 25
25 53 9 10
31 51 37 61
37 51 34 61
7 62 10 27
26 49 10 61
2 29 5 54
30 62 6 47
38 49 36 38
15 51 51 61
5 34 8 29
19 33 13 24
6 17 35 60
2 10 1 18
4 19 38 59
28 46 54 58
24 25 15 32
21 45 6 49
25 49 28 33
26 27 42 63
1 25 37 54
12 22 52 57
5 7 1 63
17 23 7 20
54 61 1 51
14 62 4 27
33 35 3 17
16 37 37 37
51 57 27 28
41 47 14 31
55 64 36 44
23 57 12 34
45 53 35 56
6 19 48 60
20 33 27 38
38 62 8 54
42 62 3 8
24 60 13 30
36 45 33 48
10 50 50 52
1 24 13 57
21 44 61 62
23 37 12 36
31 50 18 50
4 22 35 60
45 56 13 15
2 23 11 57
32 56 29 52
55 61 20 52
30 59 11 18
43 47 29 47
20 37 42 51
38 45 38 44
12 15 46 48
1 29 13 61
27 41 27 56
8 42 9 44
3 45 2 64
32 39 42 55
44 55 7 31
4 60 39 59
25 52 3 10
30 58 18 48
32 62 40 41
6 56 23 36
20 43 11 53
20 38 1 13
6 19 6 33
28 33 11 34
28 32 2 26
9 61 2 42
19 30 17 47
33 45 5 54
6 14 12 47
1 47 4 44
33 34 8 30
18 30 18 47
18 19 25 63
1 17 16 60
10 33 51 54
8 12 12 18
24 61 38 45
1 51 23 33
6 56 26 28
42 43 20 45
6 56 7 55
7 17 3 57
21 42 28 30
52 58 5 26
7 13 25 49
22 45 12 48
9 64 13 57
38 48 56 56
7 63 11 21
30 45 16 26
13 24 21 28
46 48 11 25
29 30 34 61
18 35 44 64
14 53 46 63
12 49 8 59
2 41 54 56
19 46 50 53
21 32 14 41
1 56 22 55
8 10 21 46
43 58 22 51
18 31 23 36
32 48 47 61
7 42 4 10
17 60 15 30
4 29 22 31
21 30 47 54
40 47 1 4
26 57 37 41
8 32 24 52
21 60 12 43
39 46 17 58
43 64 21 48
24 57 41 62
56 57 16 36
16 24 12 15
23 60 10 55
14 37 17 39
24 42 14 16
30 37 42 43
38 58 28 58
12 57 22 48
2 59 42 58
27 64 9 55
37 38 4 25
7 59 12 53
32 38 13 16
21 45 56 59
5 42 52 59
46 64 55 63
13 59 9 47
24 57 7 18
17 40 4 32
17 62 33 41
1 30 30 45
2 35 13 27
24 54 8 32
3 57 35 64
37 63 21 39
2 5 33 48
48 62 8 55
3 46 29 51
18 27 26 35
33 52 49 57
8 29 7 35
18 63 6 33
26 61 14 45
18 25 29 30
16 41 8 52
24 45 19 43
55 61 8 12
1 35 35 36
25 54 9 18
18 40 20 23
20 38 26 44
55 63 34 37
22 49 8 24
48 51 2 6
28 32 19 62
19 33 8 58
23 43 10 15
25 38 4 52
13 27 10 19
13 37 22 46
11 16 15 60
15 28 51 57
3 58 10 30
23 45 12 21
22 27 12 18
22 25 5 24
29 41 34 42
2 53 7 60
45 48 42 53
41 57 1 10
38 48 2 49
28 37 43 48
19 55 8 38
4 38 1 51
31 56 32 48
56 63 55 61
15 24 6 20
12 64 39 58
7 59 46 48
25 25 4 20
47 59 13 39
3 18 18 22
29 54 48 55
42 48 13 26
8 32 16 58
35 59 7 59
8 47 14 64
5 9 32 52
9 56 23 34
3 36 6 34
47 59 2 20
18 55 25 25
12 39 23 34
26 39 8 58
4 45 34 53
39 62 7 51
23 61 5 45
30 38 22 62
14 59 10 62
25 55 47 61
37 47 51 55
16 57 53 58
28 32 2 21
13 53 10 34
23 63 6 63
31 62 9 17
29 38 28 54
10 36 27 58
24 47 39 58
3 61 57 60
10 39 54 57
28 35 30 57
10 42 59 64
53 59 24 28
31 39 21 33
23 31 10 17
29 51 12 35
20 48 59 63
28 39 52 56
35 55 2 59
45 58 35 37
2 36 55 56
14 41 23 60
4 33 18 39
26 31 4 29
9 27 10 63
35 43 23 42
45 62 59 63
10 51 23 59
3 28 11 44
27 37 19 51
23 40 37 52
21 22 37 43
11 47 48 54
11 18 45 54
1 17 12 50
25 36 9 30
28 49 5 29
23 32 10 50
12 19 52 55
21 57 37 57
2 39 23 54
47 57 34 62
34 59 11 24
5 31 16 49
7 50 6 58
5 12 5 36
19 32 10 53
32 48 51 57
2 42 34 47
14 35 1 22
44 62 8 27
25 55 22 59
3 46 8 11
25 45 27 32
11 44 22 26
21 32 1 48
8 15 47 53
5 32 11 36
5 21 53 58
10 64 40 46
37 46 34 52
4 25 3 34
19 44 1 9
3 61 43 44
28 36 1 63
3 31 8 57
1 59 34 39
22 45 6 11
40 63 5 59
13 31 49 63
42 48 55 64
28 55 22 40
32 49 12 44
11 55 14 44
27 54 48 50
6 7 33 45
45 51 5 50
6 33 5 59
22 59 21 26
23 39 17 44
28 48 3 34
26 54 31 49
8 46 14 56
15 47 7 61
7 38 15 25
28 54 59 63
25 38 10 61
29 53 16 56
20 45 47 59
33 47 3 38
10 43 13 59
61 63 15 23
34 36 50 55
27 47 25 55
43 57 8 36
30 56 11 63
1 38 25 49
4 33 9 63
31 47 16 27
37 40 32 38
38 60 48 55
7 58 1 64
21 54 37 47
15 44 17 40
