5
45 166
4 28 2
9 23 3
37 38 3
24 34 3
7 16 3
19 21 3
11 37 3
44 44 3
18 32 2
8 27 1
9 42 2
8 24 2
1 36 2
17 35 3
24 32 1
8 18 2
16 35 3
41 44 2
27 28 2
2 39 2
34 45 1
8 24 3
13 42 2
15 27 2
19 32 1
14 33 2
8 8 1
29 39 1
8 36 1
21 45 2
14 41 3
5 22 2
23 25 1
31 44 2
6 23 3
2 45 3
23 23 3
37 38 2
4 19 2
44 45 3
17 29 2
3 8 2
24 34 3
29 40 1
12 26 1
19 28 3
6 16 3
41 41 1
22 28 1
40 44 3
19 28 1
4 9 2
5 40 3
16 21 1
20 37 1
8 15 3
33 35 2
26 26 2
2 32 2
13 30 1
9 32 3
28 32 2
2 17 1
20 30 3
13 19 3
23 41 2
23 28 3
1 26 2
5 27 2
21 39 2
33 38 3
9 32 3
5 8 1
19 28 2
8 35 3
4 38 3
9 15 1
25 28 3
35 42 2
22 35 1
7 16 2
31 42 3
9 20 3
32 37 2
3 14 3
29 36 3
38 42 3
11 19 1
2 32 2
12 40 1
32 41 3
5 15 3
19 29 1
11 37 2
3 18 3
30 36 2
19 24 1
30 37 3
26 36 2
10 16 1
10 30 1
37 44 3
26 36 1
16 23 2
11 35 2
36 43 2
3 32 3
6 17 1
16 28 1
20 29 2
14 26 2
7 30 1
15 19 2
1 43 2
23 26 2
25 40 2
35 38 3
10 27 1
19 26 2
5 34 3
1 40 1
20 32 3
4 9 2
22 34 2
19 24 1
9 12 3
10 20 3
11 34 3
14 45 2
12 27 1
18 39 1
22 27 2
8 40 1
19 36 2
3 20 3
24 45 3
6 40 2
8 40 2
7 11 2
7 41 1
19 22 1
6 34 1
20 42 3
25 33 1
14 20 3
15 23 1
15 41 2
16 40 1
22 38 3
5 16 2
41 45 3
1 39 2
4 13 2
10 23 2
6 14 2
25 41 1
10 25 1
1 30 1
35 38 2
4 21 1
8 29 2
18 39 3
5 43 3
23 44 2
11 18 1
35 44 2
13 77
7 11 3
3 6 1
3 3 1
8 8 1
1 9 2
1 7 1
1 13 3
5 6 2
1 8 2
4 9 1
4 7 3
9 12 3
5 12 2
7 9 3
6 7 3
6 8 3
13 13 2
4 10 1
3 11 1
5 11 3
1 8 2
3 13 2
4 6 1
8 10 1
10 13 3
7 13 2
1 13 3
10 12 1
3 4 2
3 4 3
1 3 2
2 7 1
3 11 3
4 12 3
3 4 2
4 13 2
2 2 1
8 9 3
2 5 3
5 8 1
1 9 3
4 5 3
9 9 1
11 12 3
2 5 3
9 13 3
4 12 2
2 13 1
2 2 2
7 8 1
4 5 1
4 11 3
11 11 3
1 6 3
2 5 2
8 8 1
4 5 2
9 12 3
4 8 1
10 12 3
4 7 3
4 11 3
7 11 3
2 11 3
2 10 3
7 8 2
7 12 2
6 9 1
10 12 1
8 9 3
11 12 1
1 4 2
3 13 2
7 9 1
7 9 2
3 9 1
1 11 3
5 14
3 4 3
2 5 2
1 5 3
2 4 1
3 4 1
2 4 2
1 1 3
1 5 3
2 3 3
1 2 3
3 4 3
2 5 3
1 2 3
2 4 2
11 13
6 10 3
4 9 2
5 9 2
9 10 2
4 11 1
2 8 1
2 11 1
4 9 1
4 11 1
4 6 2
3 4 3
7 8 3
6 6 3
26 30
7 13 1
2 12 2
11 20 3
3 9 2
13 14 2
10 26 1
15 16 1
1 12 3
10 25 2
12 13 3
1 26 1
7 15 1
8 22 1
1 23 1
11 14 2
6 21 1
13 14 3
1 3 1
2 11 3
18 19 3
11 12 2
7 14 3
14 15 2
8 10 2
4 15 2
19 24 3
8 13 2
18 24 1
1 12 1
1 3 2
