20
13 49
10 10 2
2 5 1
7 10 3
7 7 1
5 7 3
12 13 2
8 9 2
7 8 3
12 12 2
8 10 3
6 8 3
7 11 2
8 10 1
2 7 2
3 4 3
3 8 1
11 11 3
8 11 2
2 6 1
13 13 1
5 7 2
7 8 3
6 8 2
4 7 3
13 13 2
9 12 1
8 8 1
2 6 3
6 9 1
6 9 3
6 11 1
2 7 1
4 8 3
9 12 1
4 4 3
10 13 1
7 8 1
8 10 2
13 13 1
2 3 2
3 7 2
1 5 3
2 4 1
7 7 1
2 2 2
5 10 2
12 12 1
3 4 2
4 7 2
3 6
2 2 3
2 3 1
3 3 1
3 3 3
2 3 3
3 3 1
2 31
2 2 2
1 2 3
2 2 3
1 2 2
2 2 1
2 2 3
1 2 3
1 2 1
2 2 3
2 2 2
2 2 2
2 2 3
2 2 2
2 2 3
1 1 2
1 2 2
1 2 1
1 2 2
1 2 1
2 2 1
1 2 3
2 2 3
2 2 3
1 1 2
2 2 1
1 2 3
1 1 3
2 2 2
2 2 3
1 1 1
2 2 3
1 15
1 1 2
1 1 1
1 1 1
1 1 3
1 1 2
1 1 1
1 1 1
1 1 2
1 1 2
1 1 3
1 1 2
1 1 3
1 1 3
1 1 3
1 1 2
4 1
1 1 2
2 24
1 2 2
2 2 1
2 2 3
2 2 2
1 1 1
1 1 3
1 1 3
2 2 2
2 2 2
2 2 2
2 2 3
1 2 1
1 1 1
2 2 1
2 2 3
1 2 3
2 2 3
1 1 3
2 2 2
2 2 1
1 2 1
1 2 1
2 2 3
2 2 1
7 43
6 6 3
2 4 1
1 4 2
6 7 1
7 7 1
1 2 3
7 7 1
7 7 2
5 6 2
2 3 2
4 4 3
6 7 1
5 6 1
2 4 2
5 7 1
3 4 3
6 6 2
3 3 2
7 7 3
7 7 3
2 6 1
4 5 1
2 5 3
2 4 3
7 7 2
7 7 1
1 1 2
2 3 2
4 7 2
7 7 1
3 5 3
2 4 2
7 7 2
6 7 2
6 6 2
4 5 2
5 7 2
4 5 2
5 7 1
3 4 2
7 7 1
7 7 2
5 7 3
2 31
2 2 2
1 2 3
1 1 2
2 2 1
2 2 1
1 1 3
1 2 1
2 2 3
1 1 1
2 2 3
2 2 1
1 2 2
2 2 2
1 1 2
1 2 1
1 2 3
2 2 3
1 1 1
1 2 1
1 1 3
1 1 2
2 2 1
2 2 1
2 2 2
1 2 1
2 2 1
1 1 1
1 1 1
2 2 1
2 2 2
2 2 1
1 19
1 1 3
1 1 3
1 1 3
1 1 3
1 1 2
1 1 1
1 1 3
1 1 1
1 1 3
1 1 1
1 1 2
1 1 2
1 1 2
1 1 2
1 1 1
1 1 2
1 1 1
1 1 1
1 1 1
4 3
1 1 1
3 4 3
3 3 1
2 5
1 1 1
1 2 3
2 2 3
1 1 2
2 2 2
3 20
1 1 1
1 2 3
2 2 3
2 2 2
2 3 3
3 3 2
3 3 3
1 2 2
3 3 3
2 2 2
2 2 2
1 2 3
3 3 2
2 3 2
2 2 2
2 2 1
1 1 3
2 2 3
2 3 1
1 3 2
7 1
2 5 1
2 4
2 2 3
1 1 3
2 2 3
2 2 1
14 13
10 12 2
6 8 2
2 7 1
11 11 1
10 14 2
11 14 1
5 10 2
7 7 3
2 6 3
6 6 3
11 11 1
14 14 1
3 6 1
1 1
1 1 1
11 2
4 5 2
3 5 1
4 23
3 4 1
3 4 3
3 3 1
1 2 3
1 2 3
2 3 3
3 4 3
1 4 2
2 4 1
1 1 2
4 4 2
4 4 1
1 3 2
1 4 2
3 4 3
2 3 2
1 4 3
3 4 1
1 2 1
4 4 3
4 4 2
1 2 2
1 3 2
12 3
1 3 1
8 12 2
2 2 2
5 6
1 2 2
3 3 1
4 4 2
5 5 2
2 5 2
4 5 3
