20
1 35
1 1 1
1 1 1
1 1 1
1 1 1
1 1 1
1 1 1
1 1 1
1 1 1
1 1 1
1 1 1
1 1 1
1 1 1
1 1 1
1 1 1
1 1 1
1 1 1
1 1 1
1 1 1
1 1 1
1 1 1
1 1 1
1 1 1
1 1 1
1 1 1
1 1 1
1 1 1
1 1 1
1 1 1
1 1 1
1 1 1
1 1 1
1 1 1
1 1 1
1 1 1
1 1 1
1 8
1 1 1
1 1 1
1 1 1
1 1 1
1 1 1
1 1 1
1 1 1
1 1 1
2 28
2 2 1
1 2 2
1 2 2
1 2 2
1 2 2
2 2 1
1 1 1
1 1 1
1 2 2
1 1 1
1 1 1
2 2 1
2 2 1
1 2 2
1 1 1
1 2 2
1 2 2
2 2 1
1 2 2
1 2 2
2 2 1
1 2 2
2 2 1
2 2 1
2 2 1
1 2 2
2 2 1
2 2 1
13 9
8 8 1
5 12 3
1 6 2
3 12 3
5 11 3
6 8 3
1 4 2
3 4 1
8 10 3
1 20
1 1 1
1 1 1
1 1 1
1 1 1
1 1 1
1 1 1
1 1 1
1 1 1
1 1 1
1 1 1
1 1 1
1 1 1
1 1 1
1 1 1
1 1 1
1 1 1
1 1 1
1 1 1
1 1 1
1 1 1
2 1
1 2 2
4 16
2 3 2
2 2 1
1 4 2
2 3 2
2 3 2
1 2 2
1 4 2
2 2 1
2 3 2
1 4 2
3 4 1
2 3 2
1 1 1
1 2 2
1 2 2
2 4 2
8 2
3 8 3
3 8 3
4 18
3 3 1
2 4 2
1 4 2
1 1 1
2 3 2
1 1 1
4 4 1
2 3 2
1 3 2
3 3 1
3 4 2
1 4 2
2 4 2
1 2 2
3 4 2
1 4 2
1 2 2
2 3 2
2 42
1 2 2
1 1 1
2 2 1
2 2 1
1 1 1
1 2 2
2 2 1
1 2 2
1 2 2
1 2 2
1 2 2
1 1 1
1 2 2
1 1 1
1 1 1
1 2 2
2 2 1
1 1 1
1 1 1
1 1 1
1 2 2
1 1 1
1 2 2
1 2 2
2 2 1
1 1 1
2 2 1
2 2 1
1 2 2
1 1 1
1 2 2
1 1 1
1 2 2
1 2 2
2 2 1
1 2 2
1 2 2
1 2 2
1 1 1
1 2 2
2 2 1
2 2 1
1 12
1 1 1
1 1 1
1 1 1
1 1 1
1 1 1
1 1 1
1 1 1
1 1 1
1 1 1
1 1 1
1 1 1
1 1 1
2 9
1 2 2
1 2 2
1 2 2
1 1 1
2 2 1
2 2 1
1 1 1
1 1 1
1 2 2
3 4
1 1 1
2 3 1
2 3 1
2 3 1
3 3
1 2 1
1 3 2
1 2 1
3 17
1 1 1
1 3 2
2 3 1
3 3 1
1 2 2
1 1 1
2 2 1
2 3 1
3 3 1
2 2 1
1 2 2
1 2 2
1 2 2
1 1 1
2 3 1
1 1 1
1 2 2
1 32
1 1 1
1 1 1
1 1 1
1 1 1
1 1 1
1 1 1
1 1 1
1 1 1
1 1 1
1 1 1
1 1 1
1 1 1
1 1 1
1 1 1
1 1 1
1 1 1
1 1 1
1 1 1
1 1 1
1 1 1
1 1 1
1 1 1
1 1 1
1 1 1
1 1 1
1 1 1
1 1 1
1 1 1
1 1 1
1 1 1
1 1 1
1 1 1
14 2
11 14 2
8 10 3
5 11
1 5 3
2 4 2
5 5 1
1 5 3
4 5 2
3 5 3
2 3 1
1 4 2
2 3 1
3 5 3
2 3 1
22 18
20 22 3
7 8 2
6 22 3
4 15 3
11 21 3
7 12 3
1 1 1
8 20 3
12 14 2
9 14 3
2 14 3
15 18 2
10 21 3
7 17 3
11 13 3
6 21 3
5 15 3
15 18 2
8 13
1 2 1
5 7 3
5 6 2
4 5 2
3 7 3
5 5 1
4 4 1
3 5 3
3 4 2
5 7 3
4 8 3
6 7 2
4 7 3
