1
5000 100
2798 4576 1
859 4817 3
753 3015 2
1732 2724 1
1071 4272 1
1701 3888 3
2108 2924 3
2007 2726 2
879 4429 3
2909 3035 1
793 1645 1
1095 2042 3
1770 4034 1
213 3724 1
686 4103 1
860 3556 3
3843 3961 1
483 1386 3
1237 3127 3
397 2439 2
2344 3894 2
1220 3848 3
113 1271 2
1447 4431 2
1209 4097 1
3311 3430 2
4254 4311 1
202 4195 3
2399 3728 3
3795 4851 1
3009 3915 1
2572 3621 2
2369 2389 1
858 4869 1
634 753 3
2627 4784 2
983 3772 1
669 4908 1
465 4828 3
718 3377 3
306 2595 3
1857 2620 2
1062 2183 2
3161 4778 3
1463 1980 2
945 3403 2
2619 3036 1
1812 4391 1
3415 4744 1
3248 4601 2
3979 4495 3
331 4776 3
2603 4981 1
1776 3956 1
2081 3676 1
171 294 3
2969 4087 3
4798 4817 2
1626 1629 1
1740 3655 3
18 478 2
3407 4262 3
960 2096 1
267 2315 3
668 3738 3
1679 3990 2
1240 1565 2
2320 3881 2
3067 3500 1
604 4423 2
213 1879 2
760 2249 2
793 1245 3
1055 2363 2
1576 4029 1
806 2399 2
1833 4052 3
1626 1891 1
3474 3597 1
244 3557 3
1458 4221 3
257 3656 2
779 4645 3
3098 4136 2
2161 4440 1
3188 4650 1
937 2365 3
1823 3184 3
4596 4959 3
3342 4304 1
1149 2424 1
4303 4906 3
66 2167 2
2765 2866 2
593 1293 1
2900 3027 3
1243 4594 2
3338 4284 2
2845 3501 1
510 4166 2
