19 159 10
9 16
5 7
8 9
4 10
7 12
6 10
10 19
5 9
16 19
1 2
6 9
13 17
4 6
3 6
11 13
7 11
5 16
3 15
6 18
5 12
4 11
2 7
8 10
7 10
1 9
5 18
5 19
3 8
1 5
7 15
11 16
1 13
13 15
11 17
9 17
4 16
12 15
2 15
1 3
14 16
6 7
6 12
1 18
4 15
7 17
1 10
5 11
9 19
6 16
4 12
7 14
1 6
2 5
2 13
1 15
8 19
13 16
6 11
5 6
2 10
7 16
2 18
11 15
7 13
14 17
12 13
10 15
11 19
13 14
6 14
9 14
4 17
9 18
3 10
5 13
7 8
8 12
2 19
3 11
9 11
4 13
15 16
12 19
2 11
5 15
8 16
12 16
2 8
9 15
1 14
2 12
10 11
17 18
10 17
3 19
5 8
17 19
18 19
3 18
2 3
13 18
12 18
4 9
3 9
4 7
2 4
3 12
4 8
3 5
5 14
10 12
4 14
8 13
11 18
8 18
10 16
11 12
15 17
2 6
7 19
1 16
12 14
14 18
16 17
2 9
15 19
5 10
8 14
13 19
15 18
9 12
10 13
9 10
5 17
8 17
16 18
3 4
3 14
1 8
1 12
3 16
2 16
3 17
4 5
1 19
8 11
6 15
10 14
14 19
12 17
8 15
1 17
6 8
7 9
14 15
1 11
2 14
2 17
11 14
569437063 3818636 693689158 897996345 962735909 11328796 502272996 396248792 589958803 588270830 54376929 414126460 102283484 266840352 97731595 21851229 229371671 356571465 698877624
1161877 304756593 827071209 206987745 359666256 688073494 498241371 450441302 506632462 145042028 42463940 544474247 265844086 423657158 588002984 961792304 497666473 596219872 979972279
497490574 106129607 530316490 324218744 712658629 819237610 83386424 441387750 708129812 413783818 145962468 954343630 511222408 813785933 706175848 527016116 856454960 101429363 595515252
466172254 49954930 816300065 817807033 499113064 440407560 218869337 305257850 444193301 416200347 898082827 777697196 820623142 987604218 177240261 684184007 442842850 44040583 209646638
723153717 329082846 827132592 98106166 591928564 868909202 780557779 341827135 81200968 97082951 621622501 7588095 133142743 388719528 429141277 741317517 207596992 977035557 526019974
691922294 36035 510481053 57875636 393967186 806784274 504901789 601607819 845125841 848167475 332281913 980403372 2472921 319081338 130653680 154045306 573393865 94576925 570047952
686497220 223256023 592181907 786520345 61861783 522583248 457088519 84028579 605265051 881667189 257043563 597920958 541641784 6546740 298302741 466081052 779745632 545155369 929434130
729867146 925423274 165584911 510789891 858641768 803025016 221047739 746520334 939822896 126847548 717136364 735701360 618298273 22527884 95483935 433142144 311256970 410362099 412928574
600053249 517102644 529988601 95721329 819522330 760852797 660828932 567877369 194714646 129576305 739215766 464105702 84233015 855905233 128055837 950245354 579605524 957333173 174215030
211095117 456770219 577473294 849173506 27930888 276624835 106678371 993688492 398366096 396160317 678466514 922686807 760458218 916551934 436797471 885080713 646904172 675611463 76136908
