5
21
76 29
49 52
98 85
80 26
76 98
75 45
33 36
31 2
69 38
56 9
98 40
42 48
79 17
70 74
44 89
21 37
5 39
78 49
1 59
8 99
34 38
100
92 100
46 34
81 16
79 80
51 63
90 10
69 44
61 98
57 42
93 55
24 25
76 49
1 30
88 38
53 10
14 49
51 73
86 69
96 87
43 16
63 53
1 40
23 6
39 34
53 4
66 25
33 39
16 20
70 43
37 70
33 66
80 12
45 10
9 94
13 72
86 50
80 35
52 55
14 95
60 66
27 87
86 40
89 86
26 11
44 97
72 44
17 42
21 64
17 50
58 21
100 67
100 36
67 78
38 52
6 35
1 28
88 34
69 29
13 49
42 83
29 5
31 57
93 47
31 56
24 72
78 43
58 47
38 7
83 81
83 60
42 37
5 22
83 96
5 52
82 20
64 21
49 33
55 67
79 89
56 71
92 3
14 29
85 47
90 78
72 61
81 53
89 64
84 74
96 38
96 12
88 25
66 26
81 31
62 48
6 76
60 25
53 37
27 83
64 41
94 42
100
100 100
87 35
78 40
47 69
39 27
73 73
6 18
4 86
32 78
57 100
4 100
25 99
76 9
96 83
6 25
93 83
96 100
56 100
12 10
3 51
98 100
64 94
4 100
3 55
68 56
17 100
49 100
32 23
85 100
12 100
3 100
5 100
39 39
53 100
40 100
72 79
67 68
76 100
73 94
98 56
79 100
44 100
97 100
20 100
88 88
47 100
55 70
57 100
20 80
84 100
11 47
51 100
27 67
3 26
1 35
36 21
93 18
19 19
63 17
34 100
23 100
22 80
1 100
30 18
56 59
93 100
71 100
83 47
24 24
2 55
50 94
40 80
100 11
99 100
42 55
45 100
12 100
29 25
8 100
86 4
2 100
84 64
44 64
25 74
26 93
40 100
67 100
31 22
83 100
65 46
58 82
25 64
88 100
60 100
19 73
84 61
55 54
37 100
100 100
95 9
100
100 100
39 100
21 72
92 8
60 100
11 85
54 28
49 19
24 82
69 80
89 37
59 100
8 46
87 100
21 42
24 72
64 100
38 55
98 100
53 100
2 100
96 28
78 9
93 6
81 61
97 17
83 85
79 100
34 100
10 93
64 88
71 100
83 21
25 42
75 47
97 31
19 100
100 31
14 94
37 22
90 42
89 75
82 96
20 41
22 100
95 85
31 100
100 100
49 100
29 14
73 18
79 33
41 86
52 87
94 100
39 52
43 81
30 9
97 33
22 80
4 5
46 94
30 15
52 80
91 82
98 100
79 57
90 47
33 100
57 92
73 100
40 59
97 60
34 100
95 57
74 28
5 45
37 17
40 74
82 78
98 43
79 88
31 28
86 65
32 92
61 65
64 80
26 100
40 100
30 7
55 100
71 36
24 100
36 73
12 66
48 16
65 100
17 75
70 100
9 100
7 89
8 7
8 72
8 75
9 50
9 99
9 36
9 85
7 12
8 39
52 4
13 1
68 3
69 5
13 2
26 5
1 5
90 5
6 1
53 5
65 3
63 5
84 3
48 5
11 4
54 5
18 2
28 2
8 1
60 4
26 2
34 4
46 1
3 1
35 1
98 21
46 5
3 1
68 5
87 1
100 93
63 4
10 3
100 3
71 40
73 3
54 4
47 66
9 5
81 11
53 3
34 75
100 5
1 5
30 4
34 5
5 5
22 4
30 4
70 4
51 3
70 1
79 5
68 2
72 1
57 2
9 5
50 2
32 4
43 4
15 4
56 1
23 1
58 2
57 94
15 5
81 4
42 5
51 5
30 2
27 64
78 4
6 5
17 5
89 4
66 85
55 1
82 6
96 1
14 4
89 4
20 4
81 3
78 1
9 2
42 5
16 5
10 5
71 5
58 2
