5
10 26
10 86
8 41
9 53
8 69
10 65
8 94
9 67
9 42
10 32
69 2
42 2
99 5
36 8
12 4
79 2
10 3
93 86
7 5
61 2
36 95
96 2
67 3
32 3
81 1
85 4
9 2
38 1
3 5
44 1
25 5
55 20
50 1
51 1
59 4
56 5
57 1
39 2
14 2
75 4
2 5
44 4
59 4
62 2
97 4
45 2
40 1
47 2
35 3
8 2
37 1
48 2
58 3
22 4
34 1
77 2
84 1
58 5
80 3
51 62
19 1
21 4
59 3
36 5
98 4
73 3
28 1
75 3
13 2
15 3
15 4
58 3
40 3
27 3
14 3
90 18
52 5
41 4
32 3
6 3
94 5
66 4
71 3
81 3
69 2
66 5
42 3
87 4
93 3
77 5
2 1
79 4
88 3
46 3
98 1
68 47
69 1
62 4
22 3
99 50
32 54
32 34
31 85
31 96
30 46
31 14
32 31
31 86
32 32
32 18
69 3
48 3
12 4
64 38
50 5
74 2
7 1
74 3
55 45
65 5
24 1
94 5
42 3
51 3
50 3
51 3
96 2
36 2
63 1
78 2
63 2
8 1
27 4
16 5
2 42
92 35
80 4
5 5
1 1
90 1
47 3
85 5
30 2
94 1
55 27
57 68
81 5
99 34
78 5
65 1
53 3
21 2
71 4
30 5
47 3
65 2
68 4
34 1
16 21
38 1
17 3
30 1
40 3
17 3
62 3
98 2
87 1
12 4
79 1
61 4
18 1
1 2
24 4
85 2
1 3
44 3
9 76
39 2
16 2
33 4
29 4
62 4
23 1
51 5
70 5
79 2
81 2
76 5
64 1
58 2
58 1
43 2
99 5
54 4
62 23
33 5
97 3
11 4
44 1
57 5
100
61 21
94 66
47 30
53 21
35 44
96 39
1 38
81 93
91 48
78 29
25 18
54 85
32 78
14 95
49 21
99 64
1 92
49 16
52 83
91 31
22 69
60 97
60 38
90 47
96 14
7 56
42 13
34 84
69 11
67 68
97 85
49 2
17 13
17 31
15 13
38 26
5 50
66 13
45 13
78 82
13 5
4 64
42 18
25 36
36 100
37 82
11 82
52 96
42 16
72 2
25 84
53 75
70 80
58 5
37 99
86 2
78 40
65 52
55 74
96 82
26 33
13 47
2 96
2 61
22 98
74 77
61 34
23 60
84 13
25 14
40 93
23 21
39 86
56 66
9 5
31 98
28 31
61 6
24 17
47 98
55 9
93 77
36 84
21 32
64 98
17 70
94 60
6 64
27 45
62 92
67 59
76 41
57 63
64 4
100 68
67 2
19 2
85 20
81 7
17 70
100
100 100
99 90
67 7
17 11
32 100
71 1
5 100
68 100
73 52
64 100
91 100
9 92
40 9
23 89
77 46
35 100
48 92
97 7
53 94
66 67
63 44
28 23
70 69
16 67
37 14
74 76
89 63
97 70
43 82
25 80
30 100
75 100
9 99
48 57
44 19
14 47
24 100
38 17
88 30
22 100
3 77
5 1
48 64
11 15
71 3
5 100
63 87
70 70
7 100
6 38
57 2
15 66
4 68
38 100
94 65
8 2
28 60
34 94
92 76
3 100
29 100
57 4
39 31
86 100
34 44
23 55
50 100
88 32
33 21
17 100
44 38
96 82
11 32
96 60
91 69
80 91
68 25
21 76
75 67
14 2
94 93
42 94
70 100
99 36
10 100
38 100
43 100
60 100
98 100
39 95
22 95
46 1
82 30
83 100
54 33
100 85
77 100
11 37
67 96
67 87
100
100 100
18 21
66 21
97 15
40 100
6 23
56 27
2 26
11 39
62 3
26 40
66 9
17 87
43 12
79 100
82 100
5 100
96 81
73 26
1 100
10 33
70 73
81 36
48 47
49 72
4 19
24 9
71 100
3 100
29 1
62 100
40 100
71 100
7 49
43 88
26 100
99 13
40 100
56 30
14 91
75 20
18 57
32 100
48 43
87 54
42 64
12 100
35 100
47 100
68 100
25 100
2 52
62 1
8 88
71 17
45 74
65 7
16 100
70 80
73 22
87 61
6 12
15 75
25 100
30 100
20 71
24 100
100 69
45 69
43 100
33 12
66 100
66 66
2 100
57 27
9 66
30 100
4 49
61 7
76 100
87 100
52 100
38 100
15 68
49 100
89 100
2 5
88 47
63 100
81 100
10 74
19 41
2 100
17 25
13 10
53 49
40 60
11 100
32 92
50 69
