5
63 37
63 32
61 30
62 3
61 41
63 32
61 92
25 2
82 4
64 42
53 78
30 1
27 2
43 1
100
100 100
43 32
79 91
54 2
80 100
39 3
69 52
20 100
5 100
58 49
21 60
76 41
86 25
87 100
13 100
39 44
54 100
36 47
11 100
3 58
41 6
40 29
85 100
91 91
92 9
52 100
79 70
62 25
16 70
91 100
39 75
4 100
25 55
45 100
98 100
17 11
63 41
62 48
83 33
49 100
99 100
49 100
12 43
92 100
56 100
37 100
9 4
50 68
27 20
51 100
34 82
49 66
69 100
31 100
99 15
38 100
10 100
91 18
77 100
1 29
32 100
36 100
85 29
3 100
7 100
25 16
74 38
22 12
45 64
91 26
44 100
97 100
41 100
44 100
65 1
63 99
14 100
52 85
61 100
29 100
55 100
69 75
54 100
82 100
26 17
68 32
50 59
16 100
75 59
74 57
23 22
56 100
3 47
59 34
40 91
33 100
53 70
15 83
1 37
65 9
100
100 100
76 100
9 20
33 73
34 83
52 100
77 100
26 41
84 100
29 100
10 100
17 100
57 41
26 44
57 16
82 100
44 2
96 40
32 13
66 28
75 100
19 29
24 50
99 100
4 42
56 87
91 80
52 23
42 47
13 52
83 17
19 100
10 79
66 68
37 67
39 87
46 100
7 25
3 67
38 83
10 100
22 1
31 49
86 42
73 60
78 96
41 8
43 90
91 46
63 100
89 100
80 38
66 27
28 69
40 63
44 21
88 13
90 13
28 100
1 100
73 100
40 68
56 59
88 100
99 8
14 100
60 82
5 99
61 81
87 72
89 100
76 100
81 44
92 22
45 89
55 88
56 15
77 26
82 39
39 100
85 33
80 7
45 85
99 44
65 100
19 100
34 21
78 99
47 73
82 6
59 100
22 100
21 49
36 100
71 4
41 16
80 72
13 100
67 26
20 50
100
100 100
55 45
100 88
58 100
45 94
95 81
6 100
73 90
95 100
10 96
46 100
5 100
29 48
17 40
35 69
51 29
80 52
43 100
52 52
63 40
100 100
72 100
45 68
78 75
17 100
36 14
11 63
56 100
2 100
33 23
58 60
27 65
81 100
60 4
30 88
28 70
81 67
100 100
70 73
37 11
61 32
14 100
23 19
27 30
48 10
71 83
83 100
13 100
7 16
71 88
94 100
67 100
55 78
10 13
97 24
18 100
90 100
88 100
93 100
100 100
46 100
47 63
20 100
97 73
9 7
26 22
40 73
49 93
37 74
36 100
76 98
82 98
20 8
46 100
70 93
35 72
14 100
49 85
25 70
51 79
83 76
80 80
69 100
16 100
54 100
97 100
20 100
71 100
98 5
3 67
86 46
28 13
90 97
57 100
54 66
28 100
66 100
2 100
13 64
21 1
100
100 100
43 100
18 64
89 84
51 100
2 59
62 59
12 63
1 100
61 4
51 100
93 100
71 100
72 100
68 64
8 100
66 97
37 68
1 10
26 40
72 82
11 37
97 100
95 33
91 84
11 78
14 73
74 100
16 100
55 85
98 100
2 91
18 29
31 81
72 42
54 100
28 91
18 100
8 48
55 100
88 5
12 73
78 100
40 100
79 10
86 92
29 100
86 62
19 7
78 30
93 91
83 71
24 100
76 32
5 100
11 92
33 3
78 100
32 67
77 100
91 100
15 41
77 38
43 100
72 76
83 100
54 100
67 6
88 65
97 21
40 67
1 78
69 48
93 80
95 35
32 73
22 100
97 100
6 60
96 100
34 60
25 44
100 100
94 22
47 37
81 15
42 76
51 100
16 72
49 100
88 85
27 33
31 71
2 69
68 28
37 100
23 40
60 25
27 84
93 99
