5
100
100 100
40 43
75 46
7 53
27 100
88 19
61 3
97 100
29 79
94 100
47 100
2 42
4 95
2 63
97 100
39 42
23 88
8 100
32 37
63 100
24 100
38 87
32 45
8 3
52 4
51 11
56 100
63 57
32 37
19 87
45 59
48 100
31 5
75 69
55 100
34 39
98 90
14 65
36 48
74 68
28 100
90 53
93 55
96 100
75 100
98 81
69 100
83 100
57 5
87 100
57 69
16 19
96 100
12 100
63 13
19 20
69 100
80 100
36 100
94 4
26 67
98 38
67 76
72 100
75 9
53 10
91 14
15 20
7 100
1 100
34 34
84 41
3 75
62 100
72 100
58 100
20 85
6 11
59 32
52 100
56 13
75 100
47 55
7 80
77 100
47 100
57 38
81 100
24 26
67 73
39 33
79 100
54 100
97 100
5 45
55 73
39 11
99 60
49 88
95 100
100
13 46
25 48
54 13
30 39
53 58
94 15
41 45
53 24
74 82
67 88
18 62
62 16
79 54
65 32
90 38
72 94
6 17
72 21
78 80
88 74
62 46
53 47
58 83
87 10
76 43
24 33
44 51
84 57
72 63
61 79
44 22
85 27
94 9
82 86
91 58
67 20
50 43
38 73
46 46
55 98
26 33
38 54
47 46
85 48
66 64
8 77
81 59
45 71
76 67
96 100
32 1
19 12
34 90
1 52
9 93
96 45
67 39
31 22
87 53
72 48
84 82
31 64
16 30
17 22
37 55
66 89
83 95
76 40
77 78
25 32
25 49
47 98
63 6
14 89
96 47
71 1
60 46
2 57
24 49
67 33
96 64
42 100
67 43
29 60
96 29
98 89
11 50
63 43
18 48
100 89
58 54
62 26
44 18
38 2
80 73
2 50
37 35
20 48
72 4
55 61
13 26
13 99
13 37
9 6
4 4
89 5
100
100 100
22 100
55 100
40 100
59 31
37 100
74 100
6 41
17 100
84 28
52 100
10 100
62 40
42 100
77 10
17 41
36 15
73 23
57 100
35 19
50 100
70 63
45 78
38 77
57 52
94 68
16 17
2 32
12 1
22 100
8 100
15 100
25 61
55 100
58 90
99 89
96 33
35 96
68 79
46 100
27 58
23 100
39 18
96 19
69 100
28 76
40 100
23 13
1 38
63 60
49 100
74 71
75 100
10 3
10 100
66 100
56 100
48 14
81 100
90 23
60 64
5 25
27 49
37 17
38 100
18 52
65 94
80 81
8 24
44 47
47 100
55 20
7 55
61 71
34 18
63 20
25 17
94 100
54 98
13 36
39 38
76 44
91 61
54 34
69 100
32 60
54 58
74 94
54 49
39 65
19 30
53 100
45 100
41 100
17 100
32 74
34 100
9 100
85 16
85 52
100
64 39
29 8
18 12
12 88
39 81
89 21
78 40
21 60
41 97
59 45
91 26
93 86
6 8
36 27
37 51
17 56
43 18
44 4
90 45
56 76
30 62
28 94
99 38
1 11
72 43
11 54
55 41
22 54
95 1
24 79
31 35
5 4
90 66
44 96
36 70
41 42
92 17
50 16
98 37
64 96
78 89
97 51
95 88
12 96
85 46
82 9
11 24
9 25
9 64
50 32
56 16
4 13
66 2
6 51
6 27
68 10
100 13
38 69
6 52
58 15
4 79
4 39
44 82
54 7
43 38
29 72
9 55
47 42
95 87
31 25
68 84
65 5
10 44
26 88
40 52
55 25
41 20
5 56
71 59
38 1
53 17
11 41
9 12
77 82
82 48
90 55
83 45
61 72
69 43
5 74
5 58
73 72
8 92
22 24
86 62
60 44
33 64
52 17
86 31
68 4
