16
24 133
1 1 6 7 8 16 19 22 24 25 28 31 34 34 36 39 40 43 44 50 57 68 71 79 79 83 92 94 95 96 101 102 103 112 113 117 119 120 122 123 123 126 127 128 128 129 129 132
29 192
6 17 22 23 26 36 40 40 41 41 42 48 49 52 53 57 60 68 69 72 78 83 86 91 93 104 104 105 107 110 112 115 118 119 132 137 141 142 143 144 144 146 148 150 158 161 164 168 168 171 172 175 176 176 182 183 186 187
38 372
3 4 11 11 12 22 29 31 34 45 51 53 65 65 66 71 76 79 82 85 86 86 91 108 112 127 131 142 143 146 152 153 157 160 167 168 176 179 180 183 190 192 196 198 201 203 205 208 209 210 224 238 255 258 264 274 275 280 280 281 285 288 288 306 310 327 328 329 333 337 341 347 349 350 364 365
32 264
3 4 4 7 13 18 20 22 25 31 40 43 48 53 55 66 71 74 76 76 76 77 79 83 88 89 90 92 96 98 98 102 102 103 110 113 118 118 120 124 126 129 150 152 158 164 168 168 182 183 191 216 224 225 226 227 233 235 240 243 245 246 249 251
31 79
0 1 3 4 4 6 7 9 9 10 10 11 11 13 14 15 16 18 19 24 26 27 29 29 31 31 37 38 39 39 39 42 43 43 44 44 45 47 48 50 50 51 51 51 52 52 54 54 63 64 66 67 67 68 69 69 70 73 74 76 77 77
33 500
6 8 25 46 61 75 88 94 101 110 128 128 129 132 133 133 142 154 162 163 165 167 170 173 176 181 185 189 195 224 234 262 263 264 266 271 280 287 288 293 301 301 318 322 323 326 341 381 394 409 419 420 421 423 424 432 436 439 442 443 451 451 453 468 483 493
31 483
10 12 16 28 33 45 50 50 53 60 72 77 79 85 95 112 121 125 128 136 144 147 152 154 154 154 155 190 199 205 218 236 236 241 242 264 280 291 303 314 314 334 341 358 361 372 373 382 388 389 393 398 398 409 412 417 438 448 452 464 473 477
23 209
7 9 14 14 14 24 26 28 31 32 37 49 50 50 57 63 65 71 73 79 81 99 100 101 107 110 119 122 140 142 157 167 167 170 173 176 179 180 182 184 188 189 189 203 206 208
27 281
1 11 12 20 22 29 34 48 52 54 55 62 64 82 84 84 98 107 112 114 118 118 120 125 127 127 127 137 137 139 149 150 151 152 153 155 160 181 183 186 189 192 201 202 215 217 220 221 222 224 238 244 264 273
44 199
0 1 5 10 15 15 19 19 20 23 25 29 30 31 31 33 35 35 39 39 45 48 50 50 51 51 54 56 59 59 66 67 71 73 73 77 78 83 88 88 91 92 93 93 93 94 94 106 108 108 109 111 111 112 115 118 121 122 125 126 129 131 137 140 143 145 147 150 150 153 154 156 158 161 167 167 168 174 176 178 181 187 190 191 194 194 195 196
36 107
2 5 9 10 13 15 16 17 19 20 22 25 33 35 35 35 37 37 37 37 38 40 42 43 44 46 46 46 46 46 46 52 52 53 53 58 59 61 62 63 64 64 66 67 68 69 70 71 74 74 79 80 82 82 83 86 88 88 91 93 95 96 98 98 98 99 100 102 103 104 104 106
28 102
1 2 4 7 9 13 14 16 17 21 24 24 24 24 28 30 30 36 39 40 45 46 47 51 55 55 56 56 57 57 57 59 59 60 60 61 62 64 65 67 72 83 83 84 85 87 88 91 91 91 93 93 94 95 97 99
29 464
4 6 14 39 44 61 67 72 81 89 104 104 118 144 155 157 172 179 182 195 200 201 202 207 213 216 219 232 236 237 240 250 254 269 270 282 292 293 298 302 307 310 311 315 317 332 357 362 365 375 375 389 391 403 407 407 452 462
21 233
0 0 1 1 7 10 18 24 30 33 38 43 53 59 66 71 72 73 81 83 94 97 103 105 143 146 147 152 157 158 172 184 186 187 190 195 199 217 217 219 226 232
43 463
0 8 8 20 21 23 24 31 34 35 44 57 61 63 67 72 76 80 81 83 85 86 87 99 99 116 126 127 129 138 139 139 143 149 153 157 159 171 181 186 189 205 206 210 212 213 214 224 225 227 234 242 243 245 245 250 258 282 288 293 296 320 322 334 334 339 343 356 359 360 361 362 380 383 393 395 402 413 414 424 427 432 440 449 450 462
31 98
0 1 2 2 3 4 6 7 8 10 10 12 14 14 16 21 22 24 28 32 32 36 36 36 37 38 38 41 42 45 45 45 45 49 57 58 61 61 62 64 66 67 70 73 74 74 75 75 77 77 78 78 82 82 86 88 89 91 93 95 97 97
