8
631 3031
1 3 5 12 17 22 26 27 30 34 34 37 37 43 51 53 54 55 57 58 62 64 65 67 69 71 76 80 83 88 89 89 91 94 97 99 100 104 104 104 106 109 115 115 119 122 130 134 135 138 140 142 146 150 151 152 152 153 156 157 159 161 163 170 172 175 176 183 185 186 189 190 191 196 197 203 207 209 211 211 211 214 215 215 222 222 224 228 228 231 231 232 234 243 245 249 255 256 259 259 260 261 261 262 263 272 274 282 285 287 287 288 291 303 304 310 314 314 317 317 318 318 319 325 325 327 328 330 336 338 339 346 347 352 355 360 361 364 368 368 370 373 373 374 377 378 380 380 381 384 390 391 393 394 398 402 405 408 412 412 424 426 426 427 433 448 449 452 457 458 459 460 462 469 472 472 473 480 480 480 481 481 482 487 491 491 495 495 496 498 501 502 504 507 508 513 514 516 518 520 525 526 527 529 532 533 541 541 543 549 551 555 567 567 569 572 574 577 579 580 583 585 586 591 595 599 600 605 605 607 611 613 614 619 619 620 623 626 627 629 632 633 636 638 647 648 648 652 658 663 663 664 664 666 666 672 672 673 675 675 676 677 679 682 683 684 687 688 691 692 696 697 698 698 702 705 708 708 708 709 712 713 713 714 715 721 721 722 723 738 739 744 747 749 751 752 755 756 758 760 777 778 781 783 794 797 801 802 802 804 806 806 806 807 809 809 810 814 814 816 817 818 824 825 825 828 829 831 833 833 834 834 839 843 845 853 854 854 855 855 862 863 865 866 873 873 880 882 883 886 889 889 891 894 896 896 897 900 904 908 915 916 916 923 928 930 930 932 934 941 942 946 948 951 952 953 960 961 961 963 963 973 977 979 979 980 986 986 1002 1003 1009 1009 1011 1018 1023 1025 1025 1026 1027 1028 1030 1031 1032 1034 1035 1038 1042 1052 1054 1055 1059 1060 1061 1061 1065 1069 1072 1077 1082 1083 1085 1092 1093 1099 1100 1102 1106 1109 1109 1113 1116 1117 1119 1121 1123 1123 1125 1125 1126 1128 1133 1136 1136 1136 1140 1140 1140 1144 1148 1148 1150 1150 1152 1155 1157 1159 1165 1175 1179 1183 1183 1185 1185 1191 1194 1196 1202 1203 1206 1207 1210 1214 1216 1216 1217 1221 1225 1225 1226 1228 1230 1231 1232 1233 1234 1234 1236 1237 1240 1241 1241 1246 1247 1248 1249 1250 1255 1258 1260 1261 1266 1270 1276 1279 1279 1279 1280 1282 1282 1287 1289 1293 1296 1298 1300 1301 1301 1301 1305 1309 1312 1318 1324 1324 1329 1329 1333 1334 1338 1340 1351 1353 1355 1356 1363 1364 1367 1369 1370 1371 1373 1379 1381 1382 1383 1386 1390 1391 1392 1393 1398 1398 1399 1399 1402 1406 1407 1411 1412 1413 1413 1415 1415 1416 1416 1421 1426 1427 1433 1435 1436 1441 1444 1448 1449 1452 1457 1460 1460 1461 1469 1472 1473 1473 1474 1475 1478 1479 1480 1481 1482 1487 1489 1489 1490 1492 1493 1497 1498 1499 1500 1507 1507 1509 1514 1518 1521 1522 1522 1531 1531 1532 1535 1537 1538 1541 1541 1542 1544 1544 1546 1552 1555 1557 1557 1558 1559 1562 1562 1564 1566 1566 1568 1573 1576 1580 1583 1584 1590 1590 1593 1595 1598 1598 1600 1601 1603 1603 1605 1606 1608 1609 1611 1616 1618 1620 1623 1633 1639 1640 1640 1642 1643 1646 1647 1649 1650 1661 1662 1664 1672 1674 1678 1678 1678 1678 1686 1688 1689 1694 1694 1707 1707 1707 1709 1719 1720 1722 1724 1725 1725 1727 1730 1731 1734 1735 1736 1736 1737 1739 1740 1742 1742 1743 1745 1747 1748 1748 1753 1755 1755 1756 1757 1758 1758 1762 1765 1769 1772 1774 1774 1779 1782 1783 1783 1783 1783 1785 1795 1795 1797 1799 1807 1811 1811 1811 1814 1816 1819 1820 1821 1823 1826 1827 1827 1830 1831 1831 1833 1833 1838 1839 1840 1840 1845 1847 1851 1852 1858 1859 1864 1869 1871 1878 1880 1882 1890 1891 1896 1896 1901 1901 1901 1903 1905 1908 1909 1913 1914 1915 1919 1920 1921 1922 1929 1933 1935 1940 1945 1947 1956 1957 1958 1959 1959 1961 1961 1964 1965 1972 1972 1975 1975 1978 1983 1984 1987 1989 1990 1990 2000 2002 2003 2008 2008 2010 2010 2010 2010 2013 2014 2018 2021 2023 2023 2025 2027 2027 2029 2029 2030 2036 2036 2036 2044 2048 2052 2053 2053 2055 2057 2058 2064 2064 2067 2068 2072 2074 2078 2078 2079 2079 2079 2080 2086 2091 2093 2096 2097 2098 2100 2102 2109 2114 2115 2118 2122 2129 2130 2134 2138 2141 2142 2143 2146 2152 2155 2159 2160 2160 2168 2170 2173 2173 2175 2177 2177 2178 2178 2182 2183 2184 2186 2187 2188 2190 2191 2192 2193 2193 2194 2199 2203 2203 2204 2205 2207 2210 2210 2215 2215 2216 2217 2219 2222 2222 2226 2228 2231 2236 2242 2242 2243 2244 2244 2249 2250 2252 2254 2254 2256 2259 2262 2264 2265 2267 2268 2270 2272 2272 2273 2275 2276 2277 2278 2280 2283 2285 2290 2292 2294 2296 2303 2304 2305 2306 2309 2311 2313 2315 2315 2316 2317 2319 2320 2323 2324 2326 2328 2337 2340 2344 2345 2347 2349 2350 2354 2355 2357 2358 2360 2361 2370 2372 2373 2373 2374 2376 2379 2380 2381 2388 2389 2390 2393 2402 2403 2404 2406 2408 2409 2409 2413 2416 2416 2418 2421 2421 2422 2422 2434 2434 2439 2439 2440 2443 2443 2444 2444 2448 2453 2453 2454 2454 2456 2465 2466 2468 2473 2473 2474 2478 2480 2482 2482 2484 2484 2485 2487 2487 2489 2489 2491 2495 2499 2499 2503 2504 2505 2512 2515 2524 2525 2526 2526 2528 2530 2530 2536 2538 2547 2547 2548 2551 2553 2556 2559 2561 2562 2565 2571 2579 2580 2581 2584 2588 2591 2593 2595 2596 2598 2600 2603 2605 2607 2616 2617 2617 2619 2619 2619 2621 2628 2629 2634 2635 2636 2640 2641 2644 2646 2651 2654 2655 2656 2656 2657 2661 2661 2663 2668 2669 2671 2677 2678 2680 2681 2691 2691 2694 2695 2695 2699 2705 2707 2707 2708 2708 2712 2712 2714 2715 2715 2719 2721 2724 2725 2727 2727 2727 2734 2734 2734 2735 2735 2737 2739 2748 2749 2757 2762 2763 2763 2764 2770 2770 2772 2772 2775 2778 2779 2781 2784 2785 2786 2787 2792 2797 2798 2800 2801 2801 2803 2804 2804 2808 2813 2820 2821 2822 2826 2830 2831 2835 2838 2840 2842 2845 2848 2850 2850 2852 2857 2858 2859 2870 2870 2870 2871 2871 2872 2873 2873 2873 2877 2878 2879 2880 2880 2883 2887 2887 2887 2889 2893 2894 2896 2906 2906 2909 2910 2913 2913 2916 2916 2925 2927 2928 2929 2931 2931 2933 2940 2941 2948 2949 2950 2952 2953 2955 2957 2957 2957 2959 2971 2975 2979 2980 2982 2982 2986 2991 2992 2994 2994 2994 3000 3001 3006 3007 3021 3030
642 4243
2 2 5 8 9 15 27 30 33 34 35 36 37 39 44 48 51 55 57 60 66 67 69 71 80 85 88 89 90 93 94 97 98 103 110 111 124 125 127 128 131 132 134 139 144 144 145 146 152 152 152 153 155 157 161 161 164 170 182 182 185 192 194 194 200 202 202 204 207 209 209 216 216 217 223 228 232 234 235 236 238 241 245 248 250 252 252 259 266 277 278 279 286 292 301 302 304 311 316 319 320 320 328 330 332 337 342 343 352 356 360 375 383 383 386 390 390 393 397 399 402 407 410 414 415 422 426 429 431 431 433 434 434 442 446 448 449 455 455 457 460 461 461 463 466 468 468 470 476 477 481 481 482 486 491 496 498 501 503 511 512 515 515 515 516 520 520 521 522 525 527 529 531 539 540 544 548 548 557 560 563 566 567 571 577 589 589 598 604 607 613 615 615 618 621 627 633 634 637 645 649 653 657 666 673 680 681 683 684 689 698 701 706 710 712 715 729 739 741 743 747 748 749 756 756 757 757 759 761 765 766 767 770 773 783 784 786 787 788 788 794 795 798 807 807 810 816 819 825 825 825 836 840 841 842 843 845 849 865 872 872 873 873 876 879 882 882 882 890 891 894 896 900 907 908 911 916 922 926 928 931 932 932 933 936 944 947 948 948 951 956 957 961 986 987 988 997 1000 1002 1002 1008 1012 1013 1017 1020 1034 1035 1038 1043 1047 1056 1060 1062 1065 1067 1070 1071 1071 1081 1082 1084 1091 1095 1096 1100 1106 1106 1109 1111 1114 1118 1126 1128 1129 1130 1130 1131 1134 1137 1138 1140 1156 1175 1176 1180 1183 1183 1185 1185 1188 1188 1189 1200 1203 1203 1204 1204 1209 1215 1216 1228 1229 1233 1233 1240 1240 1245 1245 1245 1252 1260 1266 1267 1275 1277 1278 1282 1283 1284 1287 1288 1293 1297 1298 1299 1303 1304 1308 1309 1315 1316 1316 1317 1319 1324 1328 1330 1338 1341 1345 1348 1353 1356 1360 1360 1370 1379 1384 1391 1393 1394 1396 1403 1408 1411 1414 1427 1439 1440 1445 1445 1446 1447 1449 1453 1454 1456 1456 1461 1465 1469 1470 1471 1473 1478 1485 1488 1494 1496 1496 1504 1506 1506 1508 1511 1517 1521 1521 1522 1526 1530 1532 1533 1538 1540 1542 1543 1545 1546 1550 1552 1560 1566 1566 1571 1581 1585 1587 1590 1597 1598 1600 1603 1605 1608 1613 1613 1616 1617 1618 1618 1630 1634 1640 1646 1646 1648 1659 1664 1668 1671 1674 1674 1676 1679 1681 1682 1688 1693 1694 1696 1700 1703 1709 1711 1716 1718 1720 1728 1728 1728 1729 1730 1738 1743 1754 1760 1761 1763 1766 1785 1788 1790 1793 1798 1798 1801 1807 1808 1812 1813 1813 1818 1819 1823 1823 1824 1825 1828 1830 1831 1831 1833 1835 1836 1837 1845 1845 1848 1849 1849 1854 1856 1856 1858 1861 1862 1866 1866 1868 1869 1873 1876 1885 1891 1902 1905 1906 1908 1913 1915 1918 1921 1924 1925 1929 1929 1934 1938 1949 1950 1952 1954 1955 1955 1959 1959 1961 1983 1984 1994 1997 2001 2008 2008 2014 2015 2018 2020 2021 2025 2026 2029 2031 2031 2033 2033 2040 2040 2045 2048 2048 2048 2048 2051 2054 2055 2059 2066 2067 2067 2067 2067 2068 2069 2069 2074 2074 2081 2081 2088 2094 2094 2094 2100 2103 2104 2104 2107 2112 2113 2119 2120 2123 2125 2132 2135 2138 2139 2149 2154 2155 2156 2161 2163 2165 2169 2172 2184 2185 2187 2191 2192 2192 2197 2205 2208 2217 2218 2227 2227 2233 2245 2253 2256 2259 2261 2262 2271 2271 2275 2278 2279 2282 2283 2288 2290 2294 2294 2295 2299 2301 2305 2313 2313 2315 2319 2327 2336 2337 2338 2340 2345 2346 2354 2355 2357 2359 2360 2364 2368 2370 2371 2372 2373 2374 2376 2377 2394 2400 2401 2407 2412 2416 2419 2424 2438 2440 2442 2443 2443 2451 2454 2455 2456 2457 2457 2458 2462 2466 2466 2479 2482 2482 2483 2487 2487 2491 2495 2503 2506 2508 2518 2519 2519 2519 2521 2521 2524 2532 2538 2541 2547 2549 2557 2558 2559 2565 2565 2565 2566 2566 2571 2571 2574 2578 2581 2581 2585 2589 2590 2592 2593 2596 2598 2602 2607 2611 2612 2612 2614 2615 2622 2623 2623 2623 2630 2635 2636 2649 2653 2657 2661 2662 2664 2667 2670 2673 2675 2677 2684 2688 2691 2692 2696 2698 2703 2708 2718 2718 2720 2742 2743 2747 2753 2756 2761 2762 2767 2769 2771 2783 2793 2798 2799 2800 2804 2806 2810 2822 2823 2826 2826 2826 2832 2838 2842 2842 2842 2846 2855 2860 2861 2863 2864 2864 2867 2870 2875 2881 2886 2891 2904 2906 2909 2909 2912 2921 2926 2927 2930 2934 2936 2938 2941 2942 2943 2944 2947 2948 2951 2952 2954 2958 2970 2973 2979 2983 2986 2987 2987 2988 2988 2989 2990 2992 2994 2995 2997 2997 2998 2998 2999 2999 3001 3002 3005 3007 3010 3015 3016 3025 3029 3031 3031 3031 3033 3036 3042 3048 3054 3054 3068 3069 3079 3079 3084 3086 3086 3095 3095 3095 3098 3105 3111 3112 3112 3116 3117 3118 3124 3127 3129 3139 3139 3145 3145 3148 3152 3153 3155 3158 3160 3161 3161 3161 3175 3180 3180 3183 3184 3186 3189 3190 3190 3191 3193 3194 3195 3197 3199 3201 3204 3209 3211 3221 3223 3230 3232 3234 3235 3237 3240 3243 3248 3249 3251 3256 3256 3257 3266 3268 3269 3274 3276 3279 3287 3302 3305 3310 3311 3312 3312 3314 3318 3320 3323 3325 3329 3331 3335 3339 3340 3341 3343 3347 3351 3356 3356 3360 3365 3376 3376 3381 3385 3386 3387 3399 3407 3408 3411 3413 3416 3420 3420 3433 3434 3437 3438 3439 3454 3460 3460 3463 3467 3468 3468 3469 3481 3489 3491 3493 3497 3501 3503 3504 3507 3510 3512 3513 3514 3519 3521 3523 3524 3526 3531 3532 3532 3532 3535 3545 3545 3548 3549 3552 3554 3555 3555 3559 3561 3563 3566 3567 3567 3567 3571 3572 3573 3578 3579 3579 3580 3582 3589 3597 3599 3601 3601 3601 3605 3605 3606 3613 3615 3616 3616 3619 3620 3623 3623 3627 3630 3631 3640 3642 3648 3652 3653 3653 3653 3657 3660 3662 3667 3668 3679 3684 3687 3691 3697 3699 3703 3704 3707 3710 3712 3718 3723 3728 3732 3732 3737 3749 3757 3758 3765 3769 3771 3773 3776 3781 3788 3790 3793 3802 3804 3805 3816 3816 3817 3818 3824 3827 3827 3829 3835 3837 3840 3840 3841 3845 3847 3847 3856 3862 3863 3864 3866 3872 3876 3878 3879 3881 3888 3889 3906 3921 3924 3927 3928 3932 3936 3941 3942 3944 3947 3948 3948 3948 3956 3962 3964 3973 3974 3975 3977 4006 4015 4021 4027 4034 4036 4050 4054 4059 4062 4062 4063 4063 4065 4066 4071 4073 4078 4079 4080 4082 4086 4088 4088 4091 4103 4104 4106 4106 4107 4108 4110 4110 4112 4114 4116 4122 4124 4124 4134 4136 4138 4139 4140 4144 4152 4152 4153 4154 4154 4154 4159 4159 4161 4161 4174 4177 4179 4179 4182 4183 4183 4192 4192 4195 4206 4207 4210 4212 4221 4222 4225 4228 4230 4238 4238 4240
612 1568
1 1 2 6 7 9 9 13 14 15 17 17 18 19 19 19 27 27 31 32 33 34 34 37 40 41 42 52 53 55 56 56 57 62 62 63 64 64 65 66 67 67 68 70 70 71 72 73 74 74 76 77 80 80 82 85 86 86 89 92 93 94 94 96 98 100 100 101 101 103 103 104 104 106 108 108 109 110 112 114 116 116 117 117 123 124 124 127 129 130 131 133 135 136 136 139 140 144 145 146 148 149 150 151 151 152 152 153 155 159 161 164 165 166 167 167 171 172 172 174 174 176 176 177 178 182 183 183 184 185 185 186 189 190 191 192 193 194 194 195 196 196 197 198 199 199 201 201 203 205 207 207 209 211 211 212 213 214 214 216 216 216 216 216 217 218 220 224 225 226 227 229 230 234 234 238 238 240 240 241 241 241 242 243 243 243 244 245 246 246 247 248 248 250 251 251 252 253 258 258 258 260 263 263 264 266 266 267 272 275 277 277 277 280 281 282 283 284 286 287 287 289 290 295 297 298 299 301 301 301 301 302 303 304 309 310 311 312 313 314 315 315 316 316 318 319 320 321 322 323 323 323 325 325 327 330 330 330 332 333 334 334 335 335 335 335 336 337 341 341 343 344 345 346 346 347 347 348 349 350 350 354 356 356 358 358 359 360 361 363 365 366 366 372 373 375 376 377 377 377 379 381 382 383 392 394 396 396 397 397 400 401 402 404 404 404 404 405 407 409 412 414 415 418 420 421 422 424 427 428 428 429 432 433 435 435 439 440 440 440 441 441 443 443 444 444 446 446 447 448 449 450 450 451 451 452 453 453 453 454 455 456 460 461 465 468 468 469 472 473 473 474 474 475 476 476 477 478 479 483 484 487 488 488 488 488 489 490 493 494 495 496 496 496 498 498 502 502 503 503 505 505 506 510 511 513 513 518 520 522 523 525 527 528 528 529 530 530 531 532 533 535 535 536 536 537 538 538 539 542 544 544 545 545 549 549 551 558 559 559 561 565 565 565 567 567 568 568 570 570 571 571 573 573 573 574 575 575 575 577 580 580 580 581 582 583 584 585 586 589 593 595 596 597 597 598 598 599 599 603 608 608 608 611 614 614 617 620 624 625 627 627 628 628 629 629 631 631 632 633 633 634 635 635 637 640 641 641 644 646 647 651 651 652 652 653 653 655 658 659 661 661 661 666 670 670 671 673 675 675 675 676 677 679 679 683 683 683 684 688 690 693 693 694 694 699 702 706 706 706 707 710 710 712 713 713 715 718 720 724 725 725 726 728 729 729 730 731 732 732 733 734 736 736 736 738 739 739 740 741 741 743 744 745 745 746 747 748 749 749 751 752 752 753 755 755 757 758 759 760 760 761 762 762 764 765 765 765 767 769 770 771 771 772 773 774 774 779 780 780 781 784 785 785 789 789 790 791 792 792 792 792 792 796 796 798 800 800 801 803 804 805 808 811 812 812 813 813 817 817 817 818 821 822 825 825 826 827 827 829 830 830 831 832 832 832 833 833 837 837 841 842 845 847 848 850 850 851 852 852 854 854 854 855 856 858 859 860 865 866 866 870 870 870 871 873 877 878 878 879 880 881 882 883 884 885 886 887 888 890 891 896 896 897 899 900 900 902 902 902 902 905 905 906 906 909 910 911 912 913 914 914 918 918 919 920 920 921 922 923 924 928 929 931 933 933 933 933 934 935 935 938 938 939 940 943 945 946 947 948 948 951 952 953 961 963 964 964 964 965 966 968 969 970 972 973 973 974 974 974 975 975 975 976 976 978 979 980 982 983 988 989 991 992 993 993 994 996 997 997 998 1001 1002 1002 1004 1005 1005 1006 1011 1012 1017 1021 1021 1022 1023 1025 1025 1025 1026 1028 1030 1032 1033 1034 1035 1037 1038 1039 1040 1040 1040 1040 1042 1042 1043 1044 1046 1047 1047 1048 1048 1048 1048 1048 1049 1050 1052 1053 1053 1056 1057 1063 1065 1067 1067 1068 1069 1070 1070 1074 1075 1075 1075 1076 1076 1079 1080 1082 1083 1083 1085 1088 1088 1091 1092 1093 1093 1093 1094 1094 1094 1095 1095 1098 1098 1098 1099 1100 1104 1104 1105 1106 1107 1107 1109 1112 1115 1115 1115 1116 1116 1118 1120 1122 1122 1122 1124 1127 1129 1129 1130 1130 1130 1133 1133 1134 1136 1136 1138 1138 1139 1144 1145 1145 1148 1151 1151 1154 1156 1157 1157 1157 1157 1160 1160 1161 1162 1163 1164 1169 1171 1171 1171 1172 1173 1173 1173 1174 1178 1178 1179 1180 1181 1184 1184 1187 1187 1187 1188 1189 1190 1191 1191 1192 1192 1196 1198 1198 1199 1200 1202 1203 1204 1204 1208 1208 1208 1210 1213 1215 1215 1215 1216 1216 1216 1217 1218 1219 1219 1222 1225 1225 1226 1226 1227 1228 1229 1229 1231 1232 1235 1235 1237 1238 1248 1249 1249 1249 1250 1251 1251 1253 1255 1255 1255 1255 1257 1257 1259 1260 1265 1266 1273 1275 1275 1277 1278 1282 1283 1284 1289 1289 1294 1297 1297 1299 1301 1302 1303 1305 1305 1306 1308 1308 1309 1310 1310 1311 1317 1318 1319 1321 1321 1321 1323 1325 1325 1326 1329 1336 1338 1339 1340 1342 1342 1342 1345 1346 1346 1346 1346 1347 1348 1348 1349 1351 1353 1357 1358 1359 1360 1363 1364 1365 1369 1369 1371 1372 1372 1373 1374 1378 1381 1382 1382 1383 1384 1384 1388 1390 1391 1394 1397 1398 1399 1400 1401 1401 1402 1403 1403 1407 1407 1407 1410 1413 1415 1416 1417 1417 1418 1422 1423 1423 1426 1427 1429 1430 1433 1433 1434 1436 1440 1440 1443 1443 1443 1445 1448 1448 1450 1452 1453 1454 1454 1455 1458 1458 1460 1460 1463 1464 1464 1466 1467 1467 1469 1469 1473 1475 1476 1476 1480 1480 1481 1481 1482 1483 1485 1486 1486 1488 1489 1491 1493 1494 1500 1501 1504 1507 1509 1511 1512 1518 1518 1519 1520 1520 1520 1522 1526 1529 1530 1530 1531 1536 1538 1539 1540 1540 1542 1543 1543 1544 1546 1548 1550 1550 1552 1552 1552 1553 1553 1555 1556 1556 1558 1559 1560 1561 1562 1565 1565 1565
596 1501
1 3 3 3 3 3 4 8 9 9 10 12 13 13 14 16 16 17 18 20 20 27 27 28 29 31 34 34 35 37 39 42 42 43 43 45 47 49 49 49 50 52 53 54 55 57 60 61 61 62 62 63 64 65 65 65 66 69 71 72 72 74 76 77 78 80 82 83 85 86 87 89 89 89 89 90 91 91 92 93 94 94 96 96 98 98 98 99 100 101 101 102 102 106 106 107 109 111 113 115 116 121 121 122 124 124 126 128 129 129 131 132 132 135 138 140 141 142 142 144 144 146 146 146 150 151 152 153 154 154 155 156 157 164 165 165 166 166 166 171 172 172 175 177 178 178 179 179 179 180 182 184 185 186 187 191 192 193 194 194 196 196 197 198 199 200 204 208 208 208 208 209 210 210 211 212 213 213 216 217 219 219 221 221 222 223 224 224 227 228 231 233 233 237 241 241 241 241 243 244 245 245 246 246 246 248 249 250 251 252 252 254 256 257 258 258 258 261 262 264 270 271 272 275 276 276 281 281 281 283 283 284 285 287 288 289 293 293 297 298 300 300 302 302 303 305 306 309 309 316 317 317 318 318 318 318 319 322 322 322 323 324 324 324 325 325 325 326 327 327 328 329 332 333 333 337 341 341 342 342 342 342 342 343 344 344 346 347 347 348 349 350 351 353 353 354 354 354 355 356 359 362 363 363 367 369 369 375 376 377 380 380 381 382 383 384 385 385 389 389 391 391 391 392 393 395 395 396 396 401 401 408 408 412 413 415 417 418 419 420 420 421 422 423 425 426 427 428 428 429 431 431 431 431 435 436 438 442 444 445 445 447 451 451 452 455 456 458 458 459 461 461 462 464 468 470 470 473 476 477 478 479 480 482 484 485 486 486 488 489 496 496 498 498 499 499 500 504 505 510 510 512 513 513 513 514 515 515 515 516 517 518 522 522 525 527 529 530 532 534 534 535 536 538 539 539 540 545 547 549 550 553 553 558 559 559 560 561 562 563 568 570 574 575 575 578 578 579 580 581 583 586 588 590 591 596 598 598 599 601 602 602 603 605 606 607 607 608 609 610 611 613 613 617 620 620 621 621 621 621 624 625 625 627 628 632 632 633 635 637 639 639 639 639 642 643 644 644 645 647 648 649 651 652 653 659 660 662 663 665 666 675 675 676 676 676 680 682 682 682 684 687 687 689 689 691 692 694 694 695 695 696 698 701 703 703 705 706 706 707 708 708 710 710 713 714 715 716 717 718 718 720 720 721 722 723 726 726 728 728 730 730 731 735 735 737 741 741 743 744 744 744 744 745 745 748 750 754 754 755 756 759 760 761 761 762 762 762 763 763 764 764 764 766 766 768 769 769 771 771 772 772 773 774 775 775 776 777 778 778 779 781 781 782 784 784 787 788 790 791 792 792 793 794 796 798 798 801 805 805 808 808 810 815 815 815 815 821 822 825 825 827 828 829 829 830 839 842 843 845 846 846 846 847 848 850 852 854 854 854 854 854 856 857 857 859 860 861 868 869 869 870 870 871 874 877 877 877 879 881 883 886 887 888 889 890 892 893 894 896 899 900 902 904 906 907 907 908 909 910 910 913 914 914 916 918 919 920 921 921 923 925 925 926 927 929 930 931 932 932 932 932 933 933 935 935 938 939 942 943 944 946 946 947 948 948 949 950 950 952 955 956 958 959 959 960 963 963 963 963 963 965 966 968 969 970 972 973 973 973 976 976 980 980 982 983 983 984 984 988 990 991 994 996 996 996 997 1000 1001 1003 1003 1003 1004 1006 1008 1008 1009 1012 1015 1018 1021 1022 1024 1026 1027 1027 1030 1030 1031 1033 1035 1035 1036 1037 1039 1039 1040 1042 1043 1044 1044 1044 1046 1046 1047 1049 1050 1051 1051 1052 1054 1057 1059 1061 1062 1062 1067 1067 1069 1070 1070 1072 1072 1076 1076 1076 1081 1081 1083 1084 1087 1088 1088 1089 1090 1092 1093 1093 1093 1094 1097 1098 1099 1099 1099 1099 1100 1102 1102 1102 1102 1102 1104 1105 1105 1107 1109 1109 1109 1111 1112 1114 1116 1116 1119 1120 1120 1121 1122 1122 1124 1124 1125 1128 1129 1130 1134 1134 1134 1135 1135 1135 1135 1136 1137 1138 1138 1139 1142 1142 1143 1145 1148 1149 1149 1150 1150 1152 1155 1156 1159 1160 1163 1165 1165 1168 1174 1175 1176 1179 1182 1183 1184 1185 1186 1186 1187 1190 1191 1193 1195 1198 1198 1199 1199 1201 1202 1202 1204 1206 1206 1207 1210 1211 1211 1211 1211 1212 1213 1216 1218 1221 1222 1223 1224 1226 1227 1230 1231 1231 1232 1233 1234 1235 1236 1239 1239 1239 1241 1242 1246 1246 1247 1247 1247 1251 1251 1254 1256 1257 1257 1257 1262 1262 1263 1263 1264 1266 1266 1268 1270 1270 1273 1281 1283 1284 1285 1285 1286 1286 1286 1290 1290 1290 1293 1294 1295 1296 1296 1296 1300 1302 1302 1302 1304 1306 1307 1309 1312 1314 1315 1315 1317 1318 1318 1319 1320 1321 1322 1324 1326 1326 1332 1334 1335 1336 1338 1338 1340 1340 1341 1341 1342 1344 1344 1345 1348 1350 1351 1351 1353 1354 1354 1355 1356 1357 1358 1358 1358 1360 1361 1361 1362 1362 1362 1363 1363 1364 1364 1365 1365 1367 1367 1368 1368 1370 1370 1371 1371 1372 1375 1375 1376 1376 1378 1380 1381 1382 1382 1383 1385 1387 1388 1389 1390 1391 1391 1391 1392 1394 1395 1398 1398 1398 1399 1401 1403 1403 1403 1404 1405 1406 1407 1408 1410 1411 1413 1416 1420 1421 1422 1424 1425 1426 1427 1427 1428 1428 1429 1430 1431 1432 1433 1435 1436 1436 1436 1437 1437 1438 1439 1440 1443 1447 1448 1449 1449 1450 1451 1454 1454 1454 1455 1456 1457 1457 1458 1458 1460 1461 1464 1465 1465 1467 1468 1468 1471 1474 1474 1474 1476 1476 1478 1478 1478 1479 1481 1481 1481 1483 1484 1485 1486 1488 1489 1489 1490 1491 1492 1495 1498 1500
654 3999
3 3 3 7 10 14 15 21 23 25 27 29 33 33 35 36 40 44 48 53 55 56 57 57 59 62 64 65 71 78 79 84 86 90 91 93 96 97 98 99 102 105 106 106 115 115 117 122 125 125 126 131 131 131 132 136 136 137 140 140 141 143 146 149 155 156 158 161 162 164 164 165 165 171 173 176 177 183 184 190 191 191 196 199 202 202 203 204 205 210 212 218 232 234 236 236 236 237 239 242 242 244 247 247 251 254 256 260 264 269 270 270 273 276 277 282 285 285 286 290 292 293 298 299 300 300 306 307 307 314 326 327 329 329 332 333 334 342 343 343 346 347 358 359 360 364 366 366 372 377 388 391 391 392 394 395 403 412 415 417 418 424 425 426 426 428 432 440 442 448 451 452 454 467 468 472 474 486 488 490 505 515 521 525 526 527 530 532 541 546 547 551 552 557 558 562 567 568 572 573 580 582 582 589 593 595 598 604 607 607 611 612 612 618 619 620 627 632 632 633 640 647 649 649 650 655 655 657 661 662 664 670 673 674 674 678 681 684 688 689 690 691 693 696 698 698 700 701 705 708 718 723 737 737 739 739 739 740 748 753 756 764 770 770 775 776 777 788 793 795 797 797 804 805 812 815 815 816 821 823 824 825 826 827 828 830 836 836 848 848 861 863 867 867 882 885 887 888 889 890 896 897 904 906 911 915 917 918 921 928 932 940 943 945 950 953 954 955 957 958 958 965 966 976 979 980 982 984 986 987 994 995 1000 1006 1006 1008 1012 1018 1020 1022 1023 1029 1030 1031 1037 1037 1044 1047 1047 1049 1051 1051 1056 1057 1057 1059 1063 1064 1068 1076 1083 1084 1087 1090 1093 1095 1104 1105 1107 1111 1115 1118 1131 1133 1133 1134 1134 1135 1140 1142 1144 1151 1153 1156 1160 1168 1168 1172 1173 1179 1182 1185 1187 1192 1199 1204 1205 1209 1215 1216 1217 1222 1225 1232 1234 1236 1237 1243 1243 1257 1264 1269 1272 1273 1274 1277 1278 1281 1284 1286 1290 1290 1291 1297 1297 1299 1307 1311 1321 1324 1329 1331 1334 1337 1337 1341 1349 1356 1356 1356 1358 1359 1360 1361 1361 1361 1363 1364 1368 1374 1379 1381 1391 1400 1407 1416 1416 1421 1423 1423 1430 1432 1433 1435 1439 1439 1441 1453 1460 1464 1466 1468 1468 1472 1476 1476 1491 1492 1494 1494 1498 1500 1512 1513 1513 1515 1515 1518 1519 1524 1532 1535 1538 1540 1542 1547 1549 1554 1555 1556 1570 1580 1581 1585 1591 1592 1592 1594 1594 1595 1596 1598 1599 1604 1606 1607 1612 1618 1619 1626 1631 1632 1633 1633 1636 1636 1639 1641 1642 1643 1645 1645 1646 1647 1648 1648 1653 1654 1655 1656 1657 1664 1671 1672 1674 1680 1683 1684 1689 1692 1694 1697 1699 1705 1707 1708 1710 1713 1713 1722 1725 1725 1725 1727 1729 1740 1740 1749 1749 1750 1750 1754 1755 1756 1756 1757 1759 1761 1764 1767 1769 1770 1775 1777 1781 1784 1787 1790 1795 1800 1803 1809 1812 1812 1814 1817 1825 1828 1831 1834 1837 1840 1841 1841 1842 1849 1851 1852 1853 1856 1856 1861 1867 1868 1871 1874 1876 1876 1877 1879 1880 1882 1884 1889 1912 1915 1924 1929 1931 1935 1936 1941 1943 1943 1950 1958 1962 1970 1971 1972 1990 1990 1995 2010 2010 2010 2011 2021 2021 2025 2026 2033 2036 2040 2041 2043 2048 2049 2054 2062 2063 2066 2068 2072 2076 2082 2083 2085 2087 2089 2095 2095 2099 2101 2102 2102 2106 2107 2110 2111 2113 2115 2116 2119 2121 2122 2125 2128 2129 2132 2135 2135 2136 2137 2144 2145 2147 2152 2154 2155 2156 2157 2165 2168 2169 2169 2177 2180 2182 2187 2188 2193 2198 2201 2210 2217 2219 2220 2221 2223 2230 2232 2236 2239 2239 2241 2242 2243 2243 2245 2248 2249 2251 2251 2262 2262 2265 2269 2272 2274 2276 2283 2292 2300 2306 2307 2314 2320 2325 2326 2328 2332 2333 2335 2336 2337 2338 2340 2348 2349 2356 2360 2363 2378 2385 2389 2392 2393 2401 2406 2407 2408 2408 2409 2409 2409 2415 2416 2426 2426 2427 2427 2430 2432 2432 2433 2434 2437 2441 2444 2446 2453 2455 2455 2457 2460 2460 2462 2470 2472 2472 2479 2479 2487 2490 2492 2493 2495 2498 2505 2505 2511 2513 2514 2519 2520 2523 2529 2532 2533 2540 2541 2542 2551 2553 2555 2561 2567 2568 2572 2572 2574 2576 2578 2580 2582 2585 2592 2600 2603 2604 2608 2610 2610 2613 2621 2622 2623 2627 2629 2630 2631 2634 2636 2636 2639 2639 2640 2645 2646 2647 2649 2661 2663 2664 2665 2666 2668 2668 2669 2673 2676 2679 2680 2680 2681 2682 2684 2694 2695 2702 2703 2705 2711 2716 2717 2718 2721 2724 2726 2726 2727 2729 2735 2737 2739 2747 2750 2751 2756 2764 2766 2766 2766 2767 2773 2774 2776 2778 2779 2782 2783 2790 2792 2793 2794 2796 2796 2798 2800 2800 2801 2810 2811 2811 2814 2814 2815 2816 2817 2818 2821 2823 2824 2825 2825 2826 2833 2837 2839 2839 2841 2847 2847 2847 2852 2860 2861 2861 2873 2875 2883 2888 2890 2891 2891 2893 2896 2897 2900 2906 2908 2910 2911 2914 2920 2920 2923 2924 2924 2926 2929 2931 2932 2942 2943 2944 2949 2963 2969 2972 2973 2974 2979 2980 2982 2984 2988 2993 3003 3006 3007 3010 3010 3013 3014 3014 3016 3017 3018 3019 3021 3024 3027 3028 3029 3029 3031 3033 3035 3035 3036 3037 3043 3056 3061 3063 3064 3067 3068 3070 3075 3077 3077 3084 3086 3087 3092 3095 3103 3112 3114 3121 3123 3125 3128 3129 3131 3133 3134 3151 3153 3159 3160 3163 3168 3170 3170 3186 3189 3197 3197 3200 3205 3205 3206 3213 3224 3224 3226 3226 3232 3233 3241 3243 3245 3246 3246 3248 3251 3255 3270 3276 3279 3300 3301 3302 3306 3307 3312 3315 3317 3321 3322 3323 3329 3330 3330 3332 3335 3336 3342 3342 3345 3345 3357 3369 3371 3374 3375 3375 3379 3381 3384 3393 3397 3398 3401 3403 3404 3407 3409 3409 3410 3410 3410 3411 3415 3416 3418 3419 3419 3422 3423 3424 3427 3438 3440 3442 3443 3443 3448 3455 3457 3463 3466 3468 3472 3473 3474 3474 3476 3483 3484 3489 3490 3493 3498 3502 3503 3503 3503 3505 3506 3509 3516 3521 3530 3531 3532 3534 3535 3535 3538 3540 3541 3541 3546 3547 3550 3551 3553 3553 3565 3569 3569 3569 3570 3570 3571 3572 3575 3577 3578 3578 3593 3594 3596 3597 3598 3601 3603 3623 3625 3625 3627 3632 3634 3635 3635 3639 3640 3642 3643 3645 3658 3658 3659 3659 3665 3665 3668 3669 3670 3671 3672 3674 3676 3678 3679 3692 3693 3696 3704 3707 3712 3721 3724 3733 3739 3742 3744 3758 3760 3762 3763 3765 3768 3775 3778 3781 3781 3783 3789 3790 3799 3799 3802 3805 3805 3810 3812 3812 3815 3822 3825 3825 3829 3830 3831 3837 3846 3850 3850 3852 3852 3855 3865 3865 3868 3871 3883 3887 3888 3894 3894 3901 3904 3906 3906 3907 3917 3919 3921 3923 3935 3936 3938 3945 3946 3947 3949 3950 3950 3953 3955 3960 3961 3964 3966 3972 3974 3977 3979 3980 3986 3995 3997
615 2077
1 1 3 3 3 10 10 11 12 15 16 19 20 21 23 24 25 26 29 34 35 36 37 37 40 43 43 44 45 46 47 49 56 57 58 59 61 64 66 67 67 68 68 69 71 72 75 76 76 78 80 82 83 85 91 94 96 99 99 100 105 105 107 110 111 113 114 115 116 118 122 124 130 131 132 134 134 134 134 135 135 138 141 142 143 144 148 150 152 154 154 160 160 162 162 164 165 168 170 175 175 179 180 180 181 184 185 186 186 187 190 191 192 194 195 196 197 199 200 201 202 203 204 213 214 215 216 217 220 222 222 225 229 230 233 234 234 236 236 237 238 238 240 241 242 242 246 248 250 251 252 257 259 260 260 261 263 265 265 266 267 267 270 272 273 276 277 278 279 282 282 283 284 286 289 290 291 292 293 294 297 299 301 304 307 309 309 311 311 311 313 317 317 320 320 321 325 332 333 334 338 341 347 356 359 360 362 362 363 375 375 378 380 385 385 386 387 389 390 393 394 396 396 396 396 398 399 404 406 408 412 412 412 415 415 415 416 416 418 419 423 423 424 425 427 428 428 429 429 430 431 431 433 436 440 442 446 446 447 448 451 452 452 454 459 459 460 461 461 462 465 466 467 475 477 480 486 488 489 490 491 494 496 497 497 505 507 509 510 512 512 513 513 516 516 517 522 525 525 526 527 530 536 537 538 541 542 544 546 547 548 549 549 551 552 553 553 557 557 561 562 567 570 574 574 576 583 584 585 586 587 588 596 598 600 603 604 606 608 608 610 612 613 615 616 619 620 621 623 624 625 628 630 635 636 637 638 638 643 644 644 645 649 652 653 655 661 661 661 662 666 666 667 668 668 669 670 672 672 673 674 675 675 679 681 682 682 682 683 684 684 692 694 698 701 703 706 712 712 713 713 721 722 724 724 727 728 729 730 732 733 733 733 734 734 736 738 740 743 745 748 751 751 753 754 754 755 756 758 758 759 763 773 776 777 783 784 785 785 789 790 790 791 791 793 794 794 795 800 801 801 801 802 802 803 806 807 809 811 812 816 817 818 821 821 825 827 827 828 830 832 833 833 835 836 836 838 841 842 843 845 847 848 852 854 855 858 864 867 869 869 870 871 871 872 872 874 876 877 881 881 889 891 892 894 898 899 901 903 904 906 906 907 907 910 917 918 919 919 920 921 923 923 925 926 927 930 931 933 934 934 939 940 941 944 944 946 946 950 950 951 954 954 954 955 957 960 965 966 967 967 970 971 971 973 974 975 976 979 979 979 982 983 984 984 986 989 990 993 993 997 998 1001 1003 1005 1005 1008 1008 1008 1009 1010 1014 1015 1016 1020 1028 1030 1033 1033 1033 1038 1040 1040 1041 1041 1041 1043 1047 1049 1050 1051 1052 1053 1054 1056 1057 1057 1058 1061 1063 1065 1067 1067 1067 1068 1071 1072 1073 1075 1076 1079 1081 1082 1084 1086 1089 1090 1091 1091 1092 1093 1094 1098 1100 1100 1101 1101 1103 1103 1104 1104 1104 1105 1105 1106 1107 1109 1113 1114 1116 1117 1118 1119 1120 1122 1124 1124 1125 1125 1125 1127 1135 1136 1136 1137 1137 1138 1139 1140 1140 1141 1143 1144 1146 1146 1149 1149 1152 1158 1159 1160 1164 1164 1165 1172 1174 1175 1175 1176 1180 1181 1182 1183 1186 1187 1188 1188 1194 1195 1196 1198 1199 1202 1203 1207 1208 1209 1212 1213 1215 1217 1217 1218 1219 1220 1222 1222 1223 1223 1224 1225 1227 1229 1229 1231 1234 1234 1237 1237 1240 1241 1243 1244 1249 1250 1260 1260 1261 1262 1263 1264 1265 1267 1270 1270 1270 1270 1271 1272 1273 1274 1275 1275 1277 1280 1282 1282 1282 1283 1283 1283 1285 1286 1288 1288 1292 1294 1294 1297 1298 1298 1300 1301 1301 1302 1302 1306 1306 1306 1307 1312 1312 1318 1320 1322 1322 1326 1327 1330 1330 1333 1335 1335 1339 1339 1340 1340 1342 1343 1344 1346 1355 1357 1359 1360 1361 1364 1364 1366 1367 1367 1368 1369 1370 1372 1373 1374 1378 1378 1379 1381 1383 1384 1388 1396 1397 1401 1404 1406 1407 1409 1411 1413 1417 1417 1417 1422 1423 1426 1429 1433 1435 1435 1436 1437 1437 1438 1440 1442 1442 1442 1444 1445 1446 1448 1448 1448 1451 1452 1454 1455 1456 1458 1458 1459 1459 1459 1460 1461 1461 1462 1464 1465 1467 1469 1473 1474 1475 1477 1478 1479 1482 1483 1484 1486 1486 1493 1499 1500 1504 1505 1507 1510 1514 1515 1519 1520 1522 1523 1523 1524 1524 1526 1527 1529 1532 1533 1534 1534 1535 1542 1542 1542 1546 1549 1550 1551 1552 1553 1555 1558 1558 1559 1564 1566 1569 1570 1570 1571 1572 1573 1574 1576 1577 1578 1578 1581 1583 1587 1588 1591 1592 1593 1593 1594 1596 1601 1601 1602 1604 1606 1607 1608 1608 1610 1611 1613 1613 1616 1616 1616 1618 1618 1620 1623 1626 1627 1628 1632 1634 1641 1641 1643 1643 1647 1649 1650 1654 1655 1656 1659 1661 1662 1667 1670 1672 1674 1675 1679 1679 1680 1682 1687 1688 1689 1689 1690 1691 1691 1692 1697 1699 1699 1701 1702 1703 1703 1707 1708 1708 1709 1712 1713 1714 1714 1718 1725 1728 1729 1729 1730 1732 1736 1737 1738 1738 1739 1740 1746 1748 1750 1751 1754 1754 1754 1756 1758 1760 1768 1774 1774 1778 1780 1782 1784 1784 1787 1787 1788 1789 1791 1792 1792 1794 1795 1797 1799 1799 1800 1804 1805 1807 1807 1809 1811 1812 1816 1817 1817 1818 1821 1827 1829 1830 1832 1833 1835 1837 1840 1844 1845 1846 1847 1848 1848 1850 1855 1855 1858 1858 1859 1861 1861 1862 1863 1864 1866 1868 1869 1872 1873 1875 1877 1877 1877 1882 1883 1887 1889 1894 1896 1897 1899 1900 1900 1900 1900 1900 1901 1902 1902 1909 1911 1911 1916 1919 1920 1921 1924 1925 1926 1926 1930 1930 1931 1931 1932 1935 1936 1937 1939 1940 1940 1940 1941 1942 1942 1943 1953 1955 1956 1957 1957 1958 1959 1960 1961 1962 1964 1964 1964 1965 1967 1972 1973 1973 1973 1974 1977 1978 1985 1985 1987 1988 1989 1990 1990 1990 1992 1998 1998 1999 2002 2003 2008 2009 2011 2011 2013 2014 2014 2017 2019 2020 2023 2025 2027 2027 2028 2030 2031 2032 2033 2034 2036 2037 2038 2040 2040 2043 2043 2043 2043 2046 2048 2048 2048 2049 2049 2049 2056 2060 2066 2068 2068 2068 2072 2074 2075 2076
615 3299
0 1 2 3 7 11 18 19 19 20 20 21 21 23 25 25 27 29 30 34 35 38 41 43 44 46 46 47 48 55 57 57 57 57 58 60 62 63 66 68 69 71 76 76 78 80 83 84 91 92 92 99 101 101 103 104 104 107 109 112 115 116 117 119 121 121 123 137 141 141 146 156 158 163 164 168 169 173 174 175 178 179 180 180 190 192 192 196 196 198 214 215 228 228 230 231 232 235 236 237 237 242 244 246 247 248 252 253 253 259 260 261 264 265 267 270 272 272 273 274 275 276 277 279 283 283 287 287 289 293 294 295 296 296 297 309 312 320 323 326 326 327 332 333 339 341 346 346 347 351 353 358 359 363 367 368 370 371 372 385 392 393 395 399 411 412 412 412 413 417 418 420 421 424 428 431 434 435 435 438 440 440 449 453 455 460 462 465 469 485 492 494 499 499 500 511 513 513 517 520 523 524 524 528 529 533 535 535 539 539 543 544 547 549 551 556 557 557 557 561 562 566 566 566 569 572 573 574 574 578 592 594 595 596 596 597 597 600 600 603 612 616 618 625 627 631 634 634 636 637 639 644 650 650 654 655 659 663 664 664 665 667 668 669 674 675 676 676 677 681 681 684 685 697 700 700 707 709 710 712 714 718 719 720 721 723 725 727 727 729 729 730 730 731 731 732 732 734 739 740 743 745 749 750 753 756 759 766 767 767 767 771 771 780 786 791 796 798 801 801 806 806 811 812 813 813 813 820 824 825 827 832 835 839 840 841 842 844 845 850 852 852 853 855 856 859 859 866 867 869 870 870 873 873 874 875 878 879 879 879 880 880 881 884 885 894 896 897 897 900 902 905 906 909 910 910 915 919 927 928 934 937 941 947 948 948 953 954 954 975 979 979 981 982 982 984 991 993 995 996 999 1000 1002 1003 1004 1005 1013 1018 1020 1021 1021 1022 1023 1023 1025 1025 1028 1030 1036 1039 1048 1050 1051 1053 1055 1058 1069 1070 1070 1071 1077 1080 1081 1083 1087 1087 1092 1095 1097 1098 1104 1105 1107 1109 1111 1111 1117 1120 1120 1123 1129 1129 1133 1142 1145 1146 1148 1152 1154 1155 1155 1158 1159 1160 1162 1166 1167 1167 1170 1171 1173 1177 1177 1177 1179 1179 1181 1189 1192 1194 1195 1197 1198 1200 1208 1217 1221 1221 1225 1227 1234 1235 1235 1239 1240 1240 1242 1242 1245 1249 1256 1260 1262 1262 1263 1270 1275 1276 1276 1284 1285 1286 1288 1289 1290 1296 1309 1312 1312 1315 1321 1328 1331 1333 1336 1336 1340 1341 1341 1341 1343 1345 1349 1354 1354 1356 1368 1369 1370 1371 1372 1373 1379 1382 1382 1383 1386 1389 1389 1391 1392 1394 1396 1396 1400 1401 1402 1408 1411 1413 1415 1420 1421 1422 1423 1423 1426 1427 1427 1428 1430 1431 1436 1437 1437 1439 1439 1440 1441 1442 1444 1444 1452 1455 1456 1457 1458 1461 1463 1468 1470 1475 1478 1483 1485 1486 1486 1487 1494 1502 1503 1503 1505 1506 1511 1511 1514 1517 1518 1527 1527 1527 1530 1531 1531 1535 1535 1540 1545 1548 1548 1559 1560 1566 1568 1569 1571 1572 1574 1574 1575 1582 1584 1588 1591 1599 1599 1603 1603 1605 1608 1609 1614 1617 1617 1628 1630 1636 1637 1638 1639 1640 1651 1652 1655 1656 1664 1665 1665 1666 1666 1666 1669 1680 1682 1685 1686 1688 1690 1702 1704 1706 1707 1707 1711 1711 1712 1718 1719 1727 1727 1729 1745 1748 1750 1756 1759 1760 1761 1765 1774 1776 1779 1784 1784 1799 1806 1809 1810 1814 1816 1816 1820 1820 1831 1832 1835 1838 1840 1841 1842 1844 1851 1851 1852 1864 1869 1873 1874 1876 1877 1883 1887 1887 1887 1895 1895 1898 1899 1900 1904 1904 1913 1917 1917 1926 1927 1928 1928 1930 1930 1931 1932 1936 1938 1939 1941 1942 1951 1960 1962 1963 1971 1973 1975 1976 1979 1979 1981 1986 1987 1991 1998 2001 2005 2013 2016 2020 2023 2024 2027 2027 2028 2030 2035 2041 2044 2044 2046 2047 2047 2047 2047 2054 2057 2066 2071 2073 2077 2079 2080 2086 2089 2089 2094 2095 2096 2104 2107 2108 2111 2111 2111 2112 2113 2118 2125 2127 2131 2133 2140 2141 2146 2148 2151 2151 2152 2154 2154 2163 2173 2175 2176 2178 2186 2188 2190 2190 2193 2214 2215 2216 2222 2231 2235 2235 2236 2240 2241 2242 2246 2247 2248 2254 2254 2257 2261 2263 2265 2271 2276 2276 2277 2278 2280 2287 2287 2289 2289 2296 2297 2299 2299 2300 2300 2303 2303 2306 2313 2314 2316 2318 2326 2341 2343 2343 2344 2346 2348 2351 2355 2356 2356 2360 2367 2368 2371 2379 2395 2397 2398 2398 2399 2405 2406 2409 2412 2423 2423 2427 2427 2429 2433 2435 2436 2439 2441 2442 2448 2453 2454 2454 2458 2462 2462 2462 2477 2478 2478 2481 2481 2485 2489 2489 2489 2490 2491 2491 2496 2498 2498 2501 2505 2506 2506 2507 2507 2511 2512 2512 2516 2518 2522 2525 2528 2532 2533 2538 2539 2541 2543 2545 2546 2547 2553 2553 2558 2559 2563 2566 2566 2570 2575 2576 2576 2584 2584 2587 2594 2595 2597 2600 2601 2601 2601 2605 2608 2615 2617 2619 2621 2629 2630 2633 2635 2640 2640 2641 2643 2644 2646 2648 2661 2663 2664 2665 2666 2670 2671 2671 2674 2676 2684 2685 2685 2689 2693 2697 2700 2701 2702 2709 2713 2715 2718 2718 2720 2724 2727 2728 2730 2731 2731 2732 2732 2733 2733 2734 2741 2741 2742 2744 2745 2749 2765 2767 2768 2770 2771 2775 2777 2786 2787 2788 2790 2791 2793 2795 2796 2797 2806 2812 2813 2816 2817 2818 2825 2828 2830 2832 2832 2833 2838 2840 2841 2855 2855 2855 2856 2857 2861 2863 2868 2871 2871 2872 2873 2873 2880 2881 2888 2890 2890 2892 2897 2898 2899 2905 2910 2911 2912 2913 2913 2915 2915 2916 2917 2917 2919 2922 2922 2924 2928 2928 2928 2930 2933 2936 2937 2942 2945 2946 2949 2955 2957 2960 2963 2969 2971 2972 2976 2984 2984 2985 2993 2996 2997 2998 3006 3008 3009 3011 3012 3013 3015 3018 3023 3024 3025 3029 3030 3037 3038 3038 3040 3046 3046 3046 3048 3048 3052 3054 3055 3061 3062 3067 3068 3074 3084 3084 3091 3092 3094 3099 3101 3107 3107 3107 3115 3116 3118 3120 3120 3120 3122 3124 3124 3124 3124 3126 3128 3130 3134 3136 3144 3146 3151 3152 3153 3154 3159 3163 3173 3194 3201 3203 3207 3210 3213 3218 3224 3237 3237 3237 3238 3240 3240 3242 3242 3250 3250 3250 3252 3260 3260 3262 3263 3265 3267 3271 3275 3276 3279 3282 3283 3284 3292 3292 3296 3298
635 3790
4 5 5 5 8 9 10 11 11 11 15 17 17 17 19 20 21 32 37 45 47 47 50 51 52 55 58 67 69 70 70 72 74 74 76 77 88 90 96 97 99 103 103 112 124 125 126 126 132 134 140 143 147 148 150 161 161 163 164 168 171 171 177 182 183 183 184 186 192 193 195 201 206 206 207 207 213 213 219 221 224 226 242 245 245 246 246 248 252 253 257 258 263 265 267 269 272 274 280 285 288 292 296 306 306 309 310 311 312 313 317 318 326 327 338 342 345 346 353 353 358 368 369 374 375 378 379 388 389 404 406 406 409 414 417 418 418 420 421 423 423 424 424 430 432 433 447 449 452 452 452 453 453 459 466 466 467 468 468 478 478 482 485 487 490 491 493 495 500 501 506 508 511 512 513 517 517 521 527 528 530 546 548 556 556 563 572 574 575 581 581 586 587 590 592 598 601 606 607 620 620 627 642 645 648 654 656 657 659 661 668 673 675 678 678 679 680 684 685 691 691 694 697 701 704 707 714 720 721 727 729 729 731 731 732 734 734 738 745 747 755 758 759 768 768 768 770 771 771 773 774 774 775 776 776 778 781 792 796 800 805 805 805 812 813 815 817 821 822 823 825 825 828 830 831 831 833 833 835 842 843 844 845 846 850 851 857 859 862 863 864 869 879 880 884 885 893 893 895 896 903 905 907 913 914 916 918 919 921 922 923 923 924 926 927 930 933 938 938 944 946 947 947 952 960 963 964 967 967 969 971 972 976 978 979 982 982 984 986 988 988 998 999 1002 1003 1005 1017 1018 1023 1027 1029 1033 1034 1035 1036 1041 1042 1044 1049 1052 1053 1059 1068 1079 1080 1082 1086 1089 1090 1097 1097 1100 1102 1103 1103 1105 1110 1111 1114 1117 1121 1122 1122 1123 1124 1125 1125 1126 1128 1131 1138 1140 1151 1151 1153 1155 1162 1162 1163 1165 1166 1171 1177 1185 1194 1200 1202 1204 1205 1212 1216 1221 1226 1227 1227 1239 1240 1241 1243 1244 1247 1247 1248 1250 1250 1263 1268 1269 1278 1282 1283 1284 1286 1289 1289 1293 1294 1298 1299 1301 1310 1313 1314 1317 1320 1322 1327 1330 1330 1332 1334 1335 1341 1341 1346 1347 1358 1358 1359 1361 1362 1362 1362 1363 1367 1371 1373 1382 1386 1388 1392 1397 1397 1416 1417 1417 1425 1425 1426 1434 1443 1446 1447 1451 1452 1456 1460 1460 1473 1476 1484 1486 1489 1489 1493 1493 1496 1501 1501 1501 1503 1511 1514 1514 1518 1520 1522 1523 1524 1526 1534 1537 1537 1538 1542 1543 1544 1549 1551 1553 1557 1563 1566 1568 1569 1569 1573 1577 1578 1581 1582 1582 1584 1589 1593 1593 1595 1597 1597 1597 1598 1608 1613 1623 1625 1625 1629 1629 1635 1636 1639 1641 1646 1648 1652 1653 1653 1654 1654 1656 1658 1659 1661 1662 1662 1663 1670 1678 1679 1683 1688 1691 1698 1700 1701 1701 1706 1708 1709 1710 1712 1713 1714 1715 1725 1729 1729 1733 1733 1735 1741 1741 1742 1748 1751 1751 1755 1756 1758 1765 1766 1768 1769 1777 1781 1784 1786 1794 1795 1798 1798 1798 1811 1813 1823 1832 1840 1841 1848 1852 1853 1858 1864 1864 1866 1867 1883 1885 1886 1891 1897 1897 1905 1907 1907 1910 1914 1915 1918 1919 1919 1920 1928 1931 1939 1940 1950 1950 1951 1958 1967 1971 1978 1978 1979 1986 1991 1996 1998 1999 2000 2003 2006 2008 2008 2012 2021 2021 2023 2024 2029 2031 2032 2037 2038 2044 2050 2053 2061 2061 2064 2065 2065 2065 2066 2069 2071 2074 2076 2079 2081 2083 2085 2086 2094 2102 2104 2105 2112 2115 2116 2124 2125 2139 2141 2143 2143 2144 2145 2152 2154 2154 2160 2161 2161 2177 2180 2184 2185 2186 2187 2187 2195 2197 2200 2201 2210 2210 2211 2213 2214 2216 2218 2219 2222 2222 2226 2226 2229 2234 2236 2238 2239 2252 2252 2252 2264 2265 2270 2270 2277 2279 2285 2289 2289 2292 2294 2298 2300 2301 2316 2318 2319 2322 2324 2329 2335 2339 2345 2346 2349 2352 2357 2363 2366 2370 2371 2372 2372 2375 2378 2380 2383 2389 2391 2392 2395 2398 2400 2401 2407 2411 2413 2416 2424 2424 2428 2428 2430 2436 2441 2442 2442 2442 2445 2450 2457 2460 2461 2461 2477 2477 2477 2481 2483 2490 2492 2493 2494 2501 2503 2511 2520 2520 2524 2530 2530 2533 2534 2537 2543 2544 2545 2546 2551 2569 2569 2571 2572 2573 2580 2584 2585 2587 2589 2597 2602 2605 2609 2610 2613 2619 2620 2627 2628 2632 2634 2637 2650 2650 2651 2658 2660 2663 2668 2669 2669 2670 2670 2671 2673 2674 2677 2680 2683 2687 2691 2695 2710 2715 2727 2728 2733 2735 2735 2740 2742 2743 2744 2744 2748 2749 2754 2762 2763 2767 2770 2771 2771 2771 2771 2772 2776 2784 2784 2788 2793 2794 2794 2799 2809 2810 2810 2814 2821 2824 2825 2826 2827 2837 2843 2846 2847 2847 2848 2857 2857 2859 2860 2864 2865 2866 2866 2868 2869 2873 2875 2876 2877 2878 2880 2880 2897 2897 2899 2903 2904 2907 2909 2909 2914 2915 2918 2919 2919 2921 2924 2927 2932 2933 2933 2937 2944 2947 2947 2949 2950 2953 2954 2958 2960 2963 2964 2964 2970 2972 2974 2977 2981 2986 2989 2993 2993 2993 2994 2995 3002 3003 3004 3022 3028 3028 3029 3031 3032 3034 3039 3044 3048 3049 3049 3050 3054 3056 3058 3059 3064 3064 3069 3071 3088 3094 3097 3098 3099 3109 3112 3115 3115 3115 3115 3116 3116 3118 3120 3122 3130 3135 3136 3137 3139 3140 3149 3151 3157 3162 3162 3165 3171 3176 3181 3185 3185 3186 3187 3189 3192 3192 3198 3203 3211 3214 3217 3225 3227 3228 3233 3234 3234 3236 3244 3246 3247 3254 3257 3260 3261 3267 3268 3269 3269 3269 3274 3274 3274 3277 3279 3280 3284 3284 3285 3285 3294 3297 3299 3310 3313 3316 3319 3327 3336 3337 3338 3338 3350 3351 3353 3358 3361 3373 3374 3374 3379 3380 3385 3388 3393 3393 3395 3396 3397 3398 3400 3401 3405 3407 3410 3421 3423 3429 3429 3430 3430 3431 3432 3433 3436 3436 3439 3442 3445 3451 3455 3456 3460 3460 3461 3462 3463 3466 3469 3474 3475 3479 3482 3488 3490 3490 3492 3492 3493 3494 3497 3500 3503 3504 3504 3507 3507 3508 3512 3513 3514 3515 3517 3524 3524 3528 3531 3533 3534 3536 3539 3543 3545 3545 3547 3548 3549 3551 3551 3552 3553 3556 3558 3562 3565 3567 3569 3570 3574 3578 3580 3581 3581 3582 3585 3589 3599 3604 3606 3608 3610 3610 3611 3612 3613 3615 3616 3616 3617 3621 3622 3622 3624 3627 3633 3633 3641 3642 3644 3645 3650 3656 3666 3668 3670 3671 3674 3674 3676 3677 3680 3680 3681 3683 3686 3687 3688 3691 3698 3698 3701 3706 3707 3707 3709 3714 3714 3715 3720 3722 3727 3727 3730 3736 3739 3743 3744 3746 3754 3755 3764 3766 3766 3768 3772 3779 3779 3788
