96
307513980 678649629 719218161
593465425 650996683 404104486
143364507 504583206 4116875
769038745 849051145 831304486
114250772 882031490 717055623
663893563 652440368 370454222
953668293 69126009 981016403
750899965 619271376 477364602
171812841 547048384 43567268
657030043 327060712 253711294
154919213 660052726 669052120
999149361 636918888 553722663
192535459 251738123 273537743
686855976 185664147 239191747
192214765 914865402 436541437
32299763 756096414 205855477
318595246 843561759 773126926
216917403 412400722 459031424
328469012 467837701 287284081
740715018 743078887 121225482
703715357 405565674 192290388
956024110 263799972 292107956
585623556 626032173 366027936
996533566 175545574 274025911
382019974 572624086 185251712
353071933 500727521 375952465
938255171 847629976 242765564
247235666 443155442 391245898
551586520 275931078 885727101
844855327 903205905 505687754
192408998 97701741 85402961
405581591 501409773 915952210
61748071 15596524 385715344
604074984 703050359 829088137
32323764 221651693 443635416
312174362 671607173 10957836
749756850 727544965 308505303
64524037 916200847 635111951
895319192 521830071 444006470
820345380 28991261 544062159
791810639 210193736 183426144
797201199 713833222 299887206
992406988 914734452 79071143
605672562 508424679 148831480
270076759 103819002 33563380
269941150 357410023 766692012
962163012 746867498 544923172
600889438 792301672 323252873
293105671 72806772 407209818
251235923 532926954 747032001
320972479 160920562 743328005
30227788 232469793 586583936
688888334 607146134 614443472
974704579 362811325 760856065
734128856 710397221 914003435
701035480 746736215 455918596
881069681 914304803 354250180
525745288 467834947 743310417
160405194 447444339 350154571
195965481 256808211 626950975
569041499 749571797 38193591
558215829 660715469 171812124
973053557 128759718 879267896
474700143 599966587 859484942
823143040 353741055 84920537
548502890 193895159 641668307
24370294 769758356 153928019
842170686 218301368 248876249
714283957 113788290 419462782
250714517 101717015 942152598
588217436 330920239 859098694
575292499 145891760 98028066
921168938 373167477 782713971
830596982 711964889 505447242
322521478 612204821 919368817
790925110 641649441 674934545
650478606 949771188 663660405
110805846 97370262 66553727
636550403 873412585 414927885
856100421 431840469 702723181
480604355 13076358 690752536
939089624 548078540 811244483
952951876 760838651 334598231
115169596 612071654 86078398
276644019 184379959 356785227
35438769 275285397 33487188
413814428 78439689 716926248
139543685 252480627 760568071
12406699 808512630 275080946
969244754 843082435 674219691
358194543 697025831 481560785
920402246 398003144 167131496
186028268 622570891 259628431
613087712 187029055 879862363
483792556 55199366 361950067
73534787 931799947 789218995
