996
321786576 932083353 686846396
17341113 643802361 385374355
631838259 281545980 607728523
912222000 400994944 415695559
54117546 201144744 903343183
54431637 693987127 716483833
205279942 915617989 154408271
957778479 997592472 445536620
193232974 711499581 159875408
610262027 275869535 472725011
338522520 82552530 849103480
273480208 110012675 469170103
28424140 328694026 271360024
901087659 938985547 818895159
173830262 414719466 202649511
304011865 913702005 133301392
321920401 322801706 4523562
759934230 499322841 916033825
600985522 714818640 859005980
646780966 37491297 828815532
623977296 663366922 673038655
876028246 579087012 690181961
915072876 238939911 555672555
475201284 240811412 825517988
426552949 98202492 356798429
572541417 944302656 727506683
190641019 354557417 953634777
316886007 457365406 370774821
436838086 243620314 476654853
435434848 461459552 476106992
238992280 139997530 951218100
908121284 889856911 976711629
220573745 945222186 495518246
287153617 56670913 232837303
179794158 473919487 50398658
250724106 15147885 571437886
780366 974526797 946737760
259767852 6623759 426877137
239611702 183335466 535632845
964758768 326386140 769395117
351293232 700416677 86082443
105288142 894308164 517097293
472358517 476437745 184195624
195188277 87482856 335691025
29621408 2344354 253022595
410503862 830513336 16274768
911609407 476591991 188006682
110314347 190623106 806562009
939463281 188250530 103091626
541095400 377691564 207461421
334024038 815202294 84337794
466086754 910230263 587850489
361129481 838472736 585490237
972597421 248632311 644529806
842037076 711648826 810711269
398477504 385353409 981267566
819792666 897217472 33570495
857741107 930009214 632825432
928624051 604001884 568140154
363394329 605150946 997904520
283869751 226165867 958579567
177544721 376795585 594420994
421303719 260622267 802568197
890229138 995651860 470344113
667262760 160354619 221776201
614023627 451312616 383048721
649869863 3165941 25423468
179033565 307709553 37782196
749638331 255417118 654608583
421311844 930305909 490660540
136757634 4301085 484871041
562669375 632263868 977411822
251811485 846850861 459529689
60008090 266051027 535546649
976528225 130512489 162339879
256925832 476011835 371299014
714412938 358883212 533272329
459324642 373534938 958824503
621217322 455793441 530234436
262526730 656657855 214628299
354702437 782394040 256428899
278192345 28340437 165214235
62306773 591336438 71441180
139920056 267306543 485509862
593550104 180235495 146512052
124732444 975360999 811653846
306581376 54793589 239625833
24588992 512817253 995059217
915915040 27989393 400391280
685150300 809511602 147820287
223932669 379324852 301937730
440834806 983769109 739369826
585380429 735110606 602245146
788298791 196158226 381761696
948295172 637546654 910233256
61588136 648334463 990208510
977913204 930736728 32852673
607055288 351012564 824497898
986416094 213089608 45210029
571781044 678890258 98751142
839814711 335887333 130519689
149355100 998061647 970676100
977100710 368603389 851110152
266066079 919997301 353657422
155738410 206574907 142398571
796352301 225429008 219252010
138564754 918956656 677073358
387827097 202971452 370663445
730284537 481322410 234285351
122625307 228718504 756573936
961798389 91281741 678881060
742904489 191802344 356453278
258800624 537441708 101484133
379502783 918497885 643448005
677485745 419576761 359804014
64043365 568901932 963373751
70511939 348909756 504925845
445875092 285227885 861854428
699842702 491010724 20878151
930218147 691889903 762487284
97505801 581019423 497414957
517721950 686713668 839950836
554401495 610518607 887840366
912747977 132645140 389089182
954830942 893288638 835052148
383663549 132151841 925321346
873353214 445580530 71103164
287577566 570009268 40448638
356228122 388612715 937271649
993026544 728545649 585330907
622056260 573098573 89466351
366216429 684733693 594390909
415884975 898278124 385527028
307561462 408133446 999962831
508028509 816652201 215579168
793244785 79787006 723086720
835843761 783216368 395690318
567486662 813831782 294490060
866895775 681294033 129803912
147445411 448757571 584528353
606151071 758542004 639639382
171910628 76983596 402194812
753782232 114423716 291563062
331891361 517210600 756971116
160199782 134787482 36213687
46830708 737716540 683085088
227369532 972083521 548655066
24075473 915800930 698669387
299511152 152204258 534899779
595219195 524358714 909081231
237546603 716178973 318968959
320464471 163976564 221619531
371990498 338117827 3115307
875543877 195320596 282057402
127715733 570017087 752151441
622220769 381161113 587842229
875695193 795204734 125911229
226002327 649792038 947594960
735446655 189834379 698184877
415958075 194759512 514942085
777687883 102932038 625481145
990773205 475011515 309604070
291865920 667242468 607102140
358370904 199484698 225509225
840637233 790749562 948375437
392052008 987051023 455321632
361240111 415130727 538409307
187770264 664361317 193080144
542722336 709959280 753175846
71846917 47276890 617007400
652632234 752798594 59273077
208786504 328729769 194851015
893575435 421570903 294656609
307902053 218953205 774273335
884833368 74101789 998130748
465311534 392629881 13348379
420988246 419162547 527212584
246690956 942038936 204508774
116047251 908456463 210678031
379497582 660732712 790160405
695560837 237686207 995304669
838243201 328756974 39226386
82394396 30809828 492353243
78735928 538457286 511994131
88353682 93437527 374584407
851933344 128722317 260877939
181402226 887272780 105474983
253828797 945533753 390820514
440064961 970854202 739436731
802115619 888617799 496363875
231117153 41703696 959573230
364958579 633075081 891176737
45945403 642396086 414510937
278453201 308082315 593810233
80859837 925766454 163007700
676034563 993578525 385443843
685946730 410832185 17206597
4049500 150650782 726138637
145784250 797530667 865284916
507167239 761483524 358529637
681963879 134463761 543094606
470796948 860796266 323549986
137773594 291420814 618361176
342123736 208700365 234761623
714383906 45115666 254296489
872327293 790782093 311907218
52627403 322771640 64504932
260489779 661409539 48658070
84778381 283111082 983549471
879439255 650736191 192311899
326478913 539366216 209867252
100977428 360780591 772065394
23789858 4525186 336295058
198813546 370399833 15757660
744601875 764450014 748166394
67280843 298135281 700645733
437829722 75519441 730010426
727727211 18433851 292073351
209838912 622485370 739735446
106466999 777621442 728565825
221643762 546759407 699878575
423754838 17810174 175654982
138985747 545876324 196514243
222328221 422577895 802431375
311668998 207763341 73445032
795929961 179841316 480396671
110127908 937481694 192015317
354652000 321533440 749981724
162588780 31234741 102534215
737074352 776428247 569137647
566637630 717383466 278204713
545774784 917046223 229628202
798972047 788619012 967886645
575836220 213608422 290493233
277768484 991505249 110177138
469138351 996228984 979522160
164009004 698598755 271300097
893671753 175569017 93709193
768608067 782707907 830682384
292599845 882397680 598563915
441543781 961674764 507076808
91764902 182236671 545322657
263411134 850214329 779215539
972753707 977859475 438597023
104468196 477292665 325271263
363889175 249774056 730724482
50540217 642442818 576568844
688760200 930959273 963810462
990268410 787351746 147637425
532891293 624790130 298475316
519074080 333230492 534725204
639731248 272104532 82589615
632166740 202743222 976086066
127714402 78252139 154061173
74628943 208794368 8092959
308870138 924052703 406276854
803240710 897561426 972391487
948277952 453975917 84738229
373981845 237561802 71381399
520621475 990897715 677143528
350552033 90205190 240999956
12873598 806447346 566055062
857346016 346777538 96589282
910877663 714011136 234210245
848252557 137198129 334109460
634147857 531303963 661024874
490570853 822055622 594545908
95573886 31782063 733126845
648585269 422420776 793506254
179351857 77880347 361446448
729675145 468616063 876989010
854580535 43571149 381859897
958249241 59576366 275406979
333534406 445876694 355969183
880098717 138769874 785692508
542474847 326719502 505985083
773421631 547821060 176920060
776006334 708848955 328636892
26072818 365202069 302516842
741566338 459186757 270851410
989811204 58651989 955536285
423307622 148169281 411822887
389367342 603344074 789890506
810411846 964093650 357564084
149587050 487285223 315210991
111115618 699801818 605177825
439545309 151372158 410326075
523329649 637366249 467916970
717062912 368195405 666318764
17490947 490355355 817680013
507721436 585135539 980654402
553329866 275687051 275531565
479940477 487148191 741045506
401214206 41000648 821126810
919185207 736859127 990301734
218241306 114584050 121844825
247746457 913577870 34555745
345033408 348236675 375447154
269236549 976493728 963592454
983031717 482354895 209370298
368469260 982086560 857418518
289770653 649837546 6609440
353610722 191448333 35491007
997440361 39553204 109667790
500903754 415440118 596693641
397068555 724742017 920447675
75916585 692191945 198504560
570999641 342063630 945184146
348527230 29333694 851456467
114684386 405506948 760788511
688004747 319543365 47789155
251591946 195777360 425025601
165689244 736690254 699957249
679516311 122199380 686609982
184696328 320322891 241685019
512811213 692200926 62747448
626649885 16411452 314141649
679869804 510259883 23319287
54795305 363339677 59948166
322697218 705561261 634022366
251704534 246666718 681901444
485910773 531900156 521808438
516998388 962995458 477465139
351769806 286644168 594175420
125465405 588337929 968948295
30074483 120441460 915645359
746366195 924149175 940447526
67105157 262475291 845863559
31728417 913792618 228593383
447403659 916801338 19148238
213041796 245857338 666386113
130702492 93844586 344069201
89980414 543675903 965697491
848729244 198993980 121231443
516270704 222625647 296383297
372442481 919960421 285853149
559326652 865896489 562351524
23488799 117918331 810713080
291873648 693312581 52524058
179700841 440249184 319579657
281059929 808864921 366265716
325349191 72431760 765657139
347878 787330078 471913612
404254470 287609978 722492684
316812459 233557192 252022844
6005898 614017750 695791503
258341255 198953543 17270225
218600228 176104679 776581680
883691179 503425924 273268258
791580106 365789969 235123390
162209542 85991931 484070115
451548879 772743798 166579421
249276513 997641130 889840349
538452768 446768907 318464578
290158590 74211395 232461079
836050369 233114135 973754918
353672613 171112072 976941140
17990450 48165598 68809257
35570533 991367420 847368476
557813528 67699201 434056500
665935096 547459759 758675324
568088872 514626765 240635660
945096687 460187231 168490605
983692899 200846849 40955865
939337436 439991155 148268339
261630056 66249950 621558585
158824105 331208796 259465793
583872000 369067730 876351152
325882812 2367635 477236760
303545476 49477577 103120782
693979640 119859277 815446207
718974585 786563862 543119910
693587108 392228946 255190454
368873856 692696906 194481053
59247787 748877947 856548334
35555057 387322315 339402634
222956990 656611589 818557627
93771730 218993205 900566557
549647127 399385954 428235345
275627717 136740233 807269478
446983544 573037700 272837761
952392887 208436358 756424174
693804038 866447663 829363089
224376186 283349326 578327857
114645489 25057860 82170727
205394901 905853557 195518367
647453338 381564438 288267613
822098509 824501988 339126093
619904510 110227961 227035026
52573845 814874616 496572536
334008462 377262026 776703015
720219203 817963905 607951448
616930822 298833998 112015757
953360059 65382872 232469091
328744815 942301952 907290257
5674485 558103153 152127418
237051743 258895441 153123373
51452302 34922694 333530414
924331736 584806983 102133584
196774457 228377629 47544745
217083176 148038307 448644817
154588505 21139079 349367299
386932384 211413887 722269389
934167694 340789980 304457126
142883865 790594390 32187765
237717984 533469542 65933508
798288419 362522811 408610538
570049459 305735355 76801507
920330844 569092154 771445230
718771297 202378482 666035133
461474418 323472007 976269854
304093525 966270082 64323915
303107868 690027377 8057886
974782592 909767338 125824965
872438340 166117699 252094325
96244783 720755906 544141694
26507009 648811745 674829778
654323227 189137250 256784437
648029343 957729095 679689012
922489484 140563041 379461565
397308029 598054007 854897429
62805203 33549245 133171627
463680775 301811871 265037703
92153344 373436913 942179565
888029061 105900586 965674063
114331908 197636836 607505755
196279925 453710222 320794652
407885654 681524366 890445572
411158207 682063218 493189872
41060644 648477522 799253162
127075660 874957871 815950304
942067707 683751621 707785430
75418065 648649574 111262423
210811706 19733895 250860678
228120627 296753517 814317585
780040133 468103439 924528245
392730270 29034257 144619704
534022363 62430015 991103639
629999346 215093267 290768781
865961162 545982051 130301635
232888042 541945619 170159234
510314871 468196491 189433153
669746742 578292111 148369564
459998577 85757805 928882428
232651920 450560688 701835892
283474128 697523031 95222075
815176258 879061382 950560745
193535096 519520337 680330905
502049807 452946780 797404489
533934505 921248503 296925177
449699908 382201144 193523383
334025182 909799791 878410104
193680261 97894450 98806099
974717962 547906493 695366623
903166604 245964666 46897141
158632443 166750483 416671056
471591002 267183773 600048028
216684500 521674514 443860941
819615904 59417116 804255110
930823472 729851539 515436680
949445406 448174014 601165820
773506063 309751384 146124624
801769577 33789378 141275511
147388093 5026626 280009460
335207911 159601914 976662955
956242423 193973656 251504788
335051202 253324709 741878301
223243027 961537461 453876369
526813118 630182392 979619458
801567015 831184234 57994636
395884531 222547588 837821681
308117669 782044593 399479983
195611962 874120840 149580497
463772722 20945466 148910173
897556261 798367190 909727004
36388770 306190604 19278487
830535142 281671562 859703559
577453672 229742805 907345528
780209904 907041522 39831771
961804916 184816882 765706125
879691511 437786662 186634587
813054863 865086080 913044897
312348345 243870113 795065243
754809847 603952044 958173663
800315668 936855780 7185154
612887957 18682191 362952858
39349572 190220810 487059743
185829024 893851816 526865405
448638049 320472244 727284775
541914274 970347501 981280320
849287958 901135986 569795278
125186315 592017374 78985949
295346047 719744493 504860027
843073868 990126588 498880574
625728825 40905293 76258278
833929677 291347772 138734312
88275596 516032826 237768864
225568356 293810814 219522007
968395121 851682139 332333305
643856920 577682168 178751765
481841587 484611172 626270703
804828168 227587494 304448069
22041353 283922316 850736666
986313186 215963318 524493239
434953719 118147616 944271543
444026537 28624544 521132972
358884282 554665925 81643620
86686750 379059574 403423613
686617512 79983490 435153416
527304583 693543889 185488026
496811007 885429133 266755983
24753811 888159702 172824726
212690692 560947718 267688652
364718377 492106737 167862768
31442337 369101004 478692152
847493247 524602869 258359968
486672966 235537206 319281793
79608141 869429544 684698831
1317209 867851491 16377020
274321670 501401825 658266475
825927867 435560133 532541568
696897995 405608183 798637056
2687361 981430223 931354884
442144407 949021459 785464923
500332558 66329395 114687373
322563594 893011458 141484736
381081210 849699612 513316135
817287935 143571487 800646285
871117588 883846630 168382849
843427358 415473089 66275074
522319382 316416811 633755872
486423116 630808223 55401314
603813697 328577562 60654866
662583754 960669611 403425029
844024005 697359640 40511252
483996901 936654296 543033475
708126221 567930687 388831994
238018375 800969575 98527604
658871675 798446635 689636657
709552195 450259335 491687488
999322169 827024039 34806150
203045808 613313720 109226229
443432944 517483115 386291460
518156543 821045036 116661667
929620472 832616366 802523828
664429544 541888850 833814819
363968626 161819024 827886614
155246585 370732010 761146056
15702030 656523732 967583079
192062092 643781008 649330688
856545366 355035199 782329122
871838536 282046429 955008046
690060861 285077541 944735351
894206517 23404203 762023654
342035710 323323187 407659942
657727625 592427801 924409964
580851185 792144569 642468505
130350963 831010714 831826135
413648778 795386191 191729337
756284413 485111640 346163242
678188609 556082544 681813431
539645730 791500993 862894140
945457600 956858992 117472571
422370307 140736281 674401472
714165162 112158237 592774259
410732570 886089282 929422630
322837827 493820683 506441108
681876677 994421163 500289913
6019110 81585945 755322650
876727771 611663604 161651743
665140114 914395479 92201497
131411345 456010134 322259493
672066676 655242541 462234959
157625044 403135424 679864331
512911505 504786306 749934455
722655237 759902912 935356142
364724304 162457077 46434864
352949584 41102478 206450695
807885504 209058565 717324038
491187699 396572995 218380976
538124190 550113885 563978182
987696537 531389020 421738419
808171002 95278718 112742206
207969443 111960322 709090595
65136999 375432066 545214204
639851336 842822498 791914373
809653937 525554008 41642476
732006542 281432471 82164500
64838362 53243231 432155280
555378563 551850652 714964091
419296000 749423067 302055600
74773820 31256042 22927080
645396530 438217238 666607425
807345636 534181366 234824482
511972133 321695284 905359087
236516125 631192574 699779141
610161519 904560585 85356945
150101183 697688036 397449187
857000563 943982885 601039768
259875101 282361106 423791588
882890641 593245275 77534698
791556780 644177707 48568314
166379697 20697537 266902409
716763197 818605103 557902527
67613109 209355070 820062997
621455909 297381407 827765038
314690015 279135788 503931187
929651151 345687881 673368870
974068985 28565363 221372540
548760374 597897200 11387531
111926398 459760991 499262853
112166949 775766348 779808298
2859486 928931208 645926434
852127963 202786712 400623201
35099826 190275521 580400211
590109357 826399198 499643481
349530195 653518377 884038688
184639945 510201114 278484714
338050589 155671993 861836422
201616468 343563255 442460953
578148884 333808594 419744985
922558349 574124081 930953695
464854342 814229527 624082648
398361522 543063217 896057579
974471175 853127870 481356342
870173579 606114872 734261113
102924056 164385464 39599084
684158973 626574852 16819806
939769793 97199589 211123368
80180229 677009105 290759231
257768681 634294868 955091796
273916915 136743429 905087157
835680813 468621345 590871939
323323172 162390863 175918397
700264497 485487974 121671889
385287776 121854430 614778564
372879085 937314979 7606836
444195332 245293890 295015464
218335436 701815670 499850542
188684091 12433684 464916004
736787753 781079533 871969085
914402186 97486793 657232580
250577239 486705144 25844729
158390504 549356527 431902692
28049629 908366503 158048524
103451894 253419544 990440990
388183549 13580917 149111061
806639967 975534025 902523921
820965595 14289681 552809766
961309836 286533797 228266757
353239654 880858304 403945900
431765910 41090968 603745990
61354680 108907579 578464391
423737003 610240693 392054292
890810391 387454781 592935653
774684758 194271980 193468777
590890886 744502789 760699737
123317224 901069459 774756942
470638531 653394453 449626216
783394246 315365372 566468447
990571774 56190176 401595708
736118883 828963830 273250661
935965896 683474665 232281373
979355665 844955038 503280140
190303546 730229678 924510062
546454630 647084363 777926169
886791798 49402099 432068670
831400082 680932580 854931039
560171349 445239861 932314828
129675941 797766112 894362059
743135015 745335536 586053989
187441084 766123180 40225015
814060127 453752944 895360156
620130262 402435524 851783245
322095742 888986141 543144460
432497882 440575103 668815166
508837318 445503396 615079427
767713753 76936942 384472777
757919239 250555075 17746359
929460996 894385778 108450687
224718375 545458717 961330554
965856446 430808682 391475629
270166865 565817266 50960402
926297363 855433818 727746325
56342797 852177507 848142070
31133367 148699321 313668459
150697097 621230842 231765963
625223871 9203337 999688047
76552464 567047311 987383815
423173977 31479810 326074775
147861465 898779538 262465414
770327719 690797558 725687460
242747925 442902853 584969424
707460717 386116274 255551775
85601234 160122093 547187998
453042773 856888058 756728865
67128787 462337579 842999627
820942918 286127926 23267308
133401419 228127453 521379600
837697567 870087522 91551991
988643719 780171773 959909956
709192929 756010610 118539347
44870060 839478173 986170402
186688188 678257715 936723161
965773562 413862003 838007761
889307226 375081598 766258214
554488122 886709 621543146
796761149 677401356 746244497
744447327 587894888 508813224
639896357 96827052 422311802
277570247 685089983 912974045
615800993 115169463 874767188
6599665 705772929 950365836
149058202 655885852 542767501
168437464 588085821 225080543
78569155 928913883 564513952
101443136 312729728 48992279
743742786 342881055 654529387
753246897 190812898 376256393
683501490 61447401 83903302
269115159 338021417 916354731
497425633 658754059 314298078
362901413 348149795 523795142
251736976 317869743 113556523
710101103 104188709 675128618
931398651 98519634 698113026
261327613 98248584 131525240
1734993 923823876 346824896
195707666 723834999 269364761
74090082 135016142 180842744
151440802 236225599 20054842
454507136 162080452 805745662
175642739 211642509 773487726
496784589 158781938 369845987
614566314 895258206 944435715
565692320 641227671 247768448
183670001 932345196 714568245
131640873 989369451 811841053
256538209 105408110 220476635
857640031 293827645 951964379
222229312 977963632 354645961
259316830 710523421 123952785
564274322 525627375 238351312
904542968 570692861 162070603
842205782 997437576 566132364
209500185 74605324 10096874
542648968 455285002 119541801
308482814 116502543 915444854
348474632 279656850 849866794
338135313 269950907 583964606
83938859 905751039 869326406
312119237 323461903 615510580
685195729 762840182 852169855
942499249 640312577 401920734
697760726 820158091 652278629
875587328 465491113 711759505
579660809 309724760 469450495
580654245 727135074 831453610
480074149 985859142 395707270
479170136 795290145 133695397
634269629 230633691 737059884
677250117 133465167 573723943
252436503 786132829 83753334
171387340 639004409 24579609
110858728 346646789 471992532
771972387 8480440 272633865
964878517 503421971 217796766
484178810 238014660 3689888
342727599 271318885 443834418
314188393 119183247 312989422
409097530 420407928 766982040
834066071 125174607 171729320
119634171 853952648 180543661
254888031 853115427 39012856
526300283 19782958 437689096
91685195 891445788 185538156
776788951 941320139 189523394
164257389 310843632 913718933
908884552 180624184 508469190
285941337 363770634 157633254
157904405 848833582 864585521
228173175 822761674 566296506
235514927 335800827 462236028
94323512 929320102 14782810
85928157 146952961 45807654
430201301 153642620 78872481
413155035 802774543 135613875
795653973 283073225 77370465
796241085 388056910 765392649
983701810 354733324 99184649
856877834 248343356 951261534
241100343 155049122 74205870
201772856 594655558 574698561
777672292 186074356 568760616
599528132 721927790 98134987
649633333 886143679 528986485
496865194 286357668 584327993
267983822 950039201 236150532
28347942 87756434 441570680
749814140 124187160 586439526
656870810 106314306 805783250
279717431 304793025 878112527
898858684 891891063 270048077
812137178 367009370 297747371
325686734 997178374 983607517
306737087 469851894 942020225
276591176 157873613 35203676
390773119 900434436 476970574
304511768 491219876 490726058
27497207 524720344 399522569
533073885 139393121 585408089
787340926 177884115 945356038
856736307 781953833 774480906
4973349 669304633 257005338
647091234 637059732 880102080
281100227 619681952 239530750
165020563 215270098 886781830
758950856 435252788 824282378
125413969 435535428 83052791
220799444 624976116 268101588
498762005 211283479 907212031
533073704 774209531 47096446
571137844 28182079 377115680
69275036 720267096 548034187
10504810 555299886 286450825
820183238 414325171 695290671
758366692 365578711 447175183
811227131 162935784 175566004
418721678 728693194 965694460
650549196 632137188 181523437
495382054 178647851 128967875
59248432 824842399 795108387
848548853 460769253 896425363
740594994 212921368 311870248
705726586 125238344 914628298
326240231 142933694 752762730
19685789 567923548 713409117
513922873 344995954 878917344
265129253 267617935 374967963
527316027 302580534 575562045
385659211 872809320 988663649
217706095 212470745 695338144
415051545 993206204 445085343
727508806 47948813 106197825
849004174 910319079 837789880
499794914 398788048 235352584
725877579 382826828 957383606
226251265 497622561 441625512
419469334 434461213 954944484
465102044 788955131 288891484
335525698 872264798 986763636
551597181 114730939 544504939
1324540 878442441 496807032
201584968 240841876 209221743
231175862 192252574 621143744
519197561 541552552 734866480
848804108 340169374 354335940
777851780 703121761 289246142
862288293 731151087 286717447
303089915 938865466 492384511
126722370 514501531 29398789
864867691 156447508 304914023
92011881 33031461 328250018
463810322 112366331 168373000
281918642 302426658 918074600
362538232 736431168 868112852
980927509 794626506 906073427
815590164 412830491 439597645
100445507 136350365 49418630
32232399 46386631 311449923
203097368 864744071 559272714
14033047 763832805 144752000
112616945 709198447 546629220
718265422 792759965 281673179
274725766 386806510 459780748
61617091 774723745 950931571
871105263 38208525 729074245
162190219 474481866 181581967
84233768 625679587 606182776
654280214 316490457 805097319
831396570 500072958 385871326
655257554 238976286 304883478
68008424 317897840 752767592
184766016 266076909 352309203
123059905 439478263 845782845
178125451 670799663 161672095
190171107 146705914 903049605
99357216 130733069 792164445
422560015 555667122 491345906
990398276 742022656 808599092
654766813 42002048 789346719
977979557 479077625 754367483
61069960 824982963 483300327
564517963 161752741 440534859
942404636 594123611 531556345
390882746 123055673 176759407
190589529 853274902 493902574
989046069 350702903 645144022
261358540 202879424 990398357
168793743 386639983 963220734
677306287 653084088 96620430
70480280 861690553 634399944
293262025 509151104 668187514
185695577 750897723 192043335
383742922 424473406 51443903
89532691 888734972 720299149
510354515 428162541 517380953
728363627 653853540 993657388
941591340 470297970 268078514
345273239 679178218 918055656
193310314 209364954 813152863
270061343 744937099 945698838
832797417 872417332 804999600
789328859 176152147 891581108
870048052 832348185 739017392
941127168 348303067 648751568
50555004 137426568 131257108
436975522 25146823 364748766
270552550 257236107 857972087
846182906 661014264 181774204
917752448 109203534 690757328
271878643 330564101 433371802
32676503 152419783 868637208
504715093 501332555 397024567
347838469 834213746 172476980
213081688 927987167 290025191
637718783 892520423 736982579
389019032 844572288 960745664
636586601 437238883 853915816
393671440 302427762 493748200
92435638 789719572 671970295
821428870 677491784 719867014
514505452 288544440 807390315
736961730 51632474 404937877
433182209 756505015 140144343
207469245 870790365 812252007
338631297 557691503 478857612
434768589 684434792 183913091
375255767 469650893 963409560
55442620 151812692 212207065
478172420 695981645 480195350
277172922 33032912 27639987
185081848 363354636 492267395
233085480 421884632 71759298
395232167 949920746 358167484
734921993 227109654 973014236
478382949 210840170 628067414
186876231 272237019 724693958
456040954 711459585 869719072
508709937 162344861 659559440
946692694 69452363 758962578
571767389 522633511 464232582
948770901 635367001 172041386
270526731 548634376 840315107
196198068 806551809 402789640
485225745 362214414 226927819
813254300 727411408 202579466
818890192 541943282 74214168
671971275 100209153 539329179
724396489 85508611 733891829
897287784 987072967 437659340
528898525 852353745 826073644
992222916 247446159 59236318
178885415 23567185 627496717
636956092 857497336 733568513
940841663 39939897 851994661
987623208 257590461 564132215
238189822 158837231 760328313
530819215 983438295 633201653
487018655 221324183 692670658
831973566 942635214 940276556
438307858 266388278 845396595
196037501 657744948 346904675
951662155 147524038 307001905
725298985 430232179 256598364
647994400 63061683 201282044
115414047 208716134 22329092
366697137 108521818 738316568
61583762 116909479 642597073
518461084 282327474 102722042
586826091 636348378 373671819
39995941 483946341 308084546
979026267 365809484 512353929
65016148 682474047 754454064
78573343 280050326 152049320
847279496 818541913 315176232
224659137 166011311 38725027
257767820 65102047 338625810
130734854 986883878 693734464
303609185 856979561 785239179
874019164 368788358 862819159
106896922 806769412 858289281
172836002 70524483 340934735
579230324 57503606 562520791
547034938 325824726 277816680
336895319 505240869 69623341
