500
757764
878392
-430527
829746
-926314
-455865
-242255
63451
-502958
-392345
317235
-888499
-593854
36235
-613450
447925
-95247
-80718
-151303
168681
655155
931857
-429473
303540
-523985
-769950
719393
53824
70880
772992
-592171
-847504
681079
48089
-892268
-320078
-612523
-673277
90060
-940704
591166
823321
859968
-781034
-461711
-209401
-728515
96909
-919587
-623304
-435506
-46265
-424750
-160320
50550
-675885
743197
-439115
-692585
997159
-899796
-976992
-824758
-426156
-189897
-472241
524335
-950763
-404162
-739545
180856
-505296
805197
97599
9115
-916362
-170256
854924
987226
470390
845528
574685
-265015
297788
-749115
-365737
-770342
-501275
76614
-559238
965037
154405
614091
-297325
-821657
-923051
715328
913992
421400
-181668
156092
-349752
-770313
342908
-423919
-204771
-56146
580254
-136998
626524
694651
-300461
214097
-738128
-237181
-349449
-32833
546608
167959
696007
-93081
359201
540890
-447668
412599
911534
-397592
688388
435147
723172
739962
847661
-137604
-279190
189982
-277118
-189247
-85216
-204077
18687
202456
-125600
829375
-876629
-264348
463695
225724
157669
-389737
762364
-863165
928255
-222263
594448
-422537
363448
-204884
-589791
37164
288992
188548
650194
665103
985097
-244967
-255710
-190597
801039
-244936
-661571
-29554
-241670
528900
-230076
-608131
-642283
198252
704912
460812
753510
917172
997192
678968
421125
119721
-688226
697447
745595
528934
-475813
602350
355143
-566952
-529843
-314032
-99997
369449
-763121
-116948
-821073
315950
31971
-400838
-116886
954836
-885137
-730361
-644761
-140058
-763095
918169
-350745
-225941
-854740
-642781
-587145
-40929
-693149
-297961
323171
-312507
14095
760053
-973613
870211
812419
-658776
-401425
64661
244778
768809
638689
963122
-863714
894018
395415
-744069
-726235
204443
-107827
-232504
-319343
-839148
-253496
-951005
-238177
-59783
-162378
50687
-222280
-786069
736592
-703201
-794584
564476
-962180
23087
-773867
-781678
-184286
574806
-105606
327311
909513
796693
165291
662502
220837
160419
-820530
825071
-78817
146193
-358867
-685299
673478
238362
675512
666574
-325048
-287748
-673128
-706964
-356975
171582
-141223
-555061
594523
-731010
599373
112557
783561
-517238
880427
592188
-904295
-422143
227095
-398781
909866
635061
-127722
-609292
58097
173876
-903668
-765747
-311207
-15716
926236
468757
-849502
-917065
-913186
77386
-799690
888038
40952
38607
-151372
907113
-584248
321981
237015
683074
70570
-510386
-490580
472261
-486551
874678
-968911
-591913
-71989
336968
-325301
-313959
-866204
819401
905326
300570
-109261
-545691
502503
-260869
-339961
-471412
289478
-63351
997223
-873700
-768836
862878
-564296
674658
699698
-143073
28450
-363817
832409
-791669
261452
370574
459244
-3546
-738590
-659926
902161
119244
183413
85092
805556
-170657
834875
-959648
-334862
144261
437765
400407
-479742
-623814
859899
-490975
-781490
-856005
-955459
918447
-384971
800560
303028
276800
-331694
660235
-918026
-812122
-335388
-871607
189587
-453757
-629021
-592717
913601
-678998
-12983
584414
-864613
689365
974949
-416764
-268997
104255
130695
312861
356838
160779
-17017
386492
294176
172893
989206
-739307
616256
159131
764400
523629
179348
55964
878946
-229335
109857
762771
-853211
921180
206139
-234057
932189
690479
-393758
-247068
-23677
227998
996508
-380160
114791
674372
-477955
-441683
962
178957
-138600
444568
-925449
774855
451558
-987260
239666
-229016
295517
-250447
572529
-863840
-208780
-155610
-493498
561964
729445
-195537
-213285
711541
269247
469670
-735481
-345063
738468
424113
776127
-367533
-592374
-901809
-329293
898702
923685
594304
-381448
-392811
146615
-738955
-513541
582618
-463493
578896
394152
31232
729296
274150
-871949
-492520
556392
-676130
-190785
