40 775287934
15 627598219
0 879640425
2 583623769
28 674296588
8 742162320
40 709091851
37 567907921
34 577543751
0 733598362
23 583109809
31 945393785
40 637430437
34 890099810
24 952303758
10 925604686
4 753214661
11 718708236
22 868289856
11 829766025
10 925608457
19 640362335
10 644476892
16 930791699
21 921626341
30 868295351
3 557331396
21 605075641
8 903555795
4 672940486
5 597474648
1 962495064
6 756751003
32 656779301
3 664031759
23 562396487
0 555434361
4 830128098
38 712915425
34 889945701
15 661010584
