1308
0 44
0 24
0 98
0 65
1 36
1 72
5 63
6 21
7 24
2 51
7 35
1 55
2 65
11 78
13 18
0 76
0 41
16 82
9 56
17 79
11 70
20 26
16 45
5 19
17 98
19 57
11 75
10 11
16 82
9 55
0 76
17 63
20 33
22 58
9 94
0 34
0 39
14 46
31 56
16 2
24 90
0 89
13 73
2 7
24 38
17 5
28 95
35 80
7 64
39 18
30 78
35 24
23 10
46 50
5 37
54 70
6 13
29 42
21 8
47 92
12 61
55 61
22 15
12 34
14 82
61 39
20 3
45 26
22 34
14 81
26 29
34 48
45 64
70 79
71 89
25 20
43 17
14 8
51 73
73 61
35 97
66 12
23 16
52 14
49 63
16 72
18 1
42 36
85 12
53 87
15 35
2 4
46 39
71 35
45 57
14 16
76 50
82 3
5 67
67 66
58 14
96 23
19 60
50 30
22 24
59 74
66 74
4 10
21 92
93 74
33 42
28 100
21 67
51 56
84 70
16 65
61 62
85 1
105 98
89 95
117 97
35 79
6 48
83 82
89 35
43 87
82 96
118 67
119 40
43 99
14 47
47 48
14 51
49 80
44 29
129 20
97 45
70 47
111 42
120 83
87 88
97 5
89 60
58 97
130 49
143 64
38 11
18 54
104 10
132 12
31 10
110 14
22 33
96 49
86 93
103 55
96 5
148 62
54 85
90 66
145 58
78 27
49 39
39 80
114 64
128 89
142 25
74 78
119 67
98 84
63 10
129 38
150 100
130 81
158 61
153 17
161 75
86 37
70 75
147 65
28 10
0 15
20 7
171 44
164 70
28 83
157 16
159 48
21 23
147 50
16 74
89 5
164 13
44 16
158 13
35 28
124 37
39 8
57 86
50 68
95 29
67 90
55 74
20 62
42 17
185 34
101 81
129 41
129 83
85 83
81 88
106 68
189 4
99 18
30 78
200 100
174 39
152 54
25 29
167 11
16 31
217 34
40 34
129 8
217 82
35 14
157 4
24 92
11 8
150 100
195 98
162 96
52 91
194 51
139 68
112 64
68 56
15 13
84 75
11 60
227 13
44 24
166 58
42 76
36 28
142 54
226 78
136 12
17 50
11 39
104 74
150 67
84 52
222 74
155 2
116 82
122 10
240 30
137 24
116 83
160 84
60 27
187 37
125 28
202 51
184 7
157 21
40 8
241 55
40 49
215 66
241 21
90 91
56 93
138 11
114 16
186 63
243 54
86 83
53 89
64 52
92 60
194 19
90 47
214 48
140 32
224 29
252 43
282 59
194 84
218 61
254 63
93 44
155 75
10 1
102 10
227 10
62 27
219 35
272 5
271 72
291 50
277 92
171 70
66 26
142 71
33 55
212 62
42 4
137 75
238 2
171 60
137 4
66 91
164 63
50 24
42 34
88 85
51 69
173 31
141 10
64 84
169 37
176 65
90 32
176 97
120 26
51 96
171 46
275 19
316 84
249 42
160 70
100 99
172 32
68 84
181 82
70 9
314 12
13 62
37 64
299 80
51 18
279 70
232 13
287 23
86 33
212 18
82 95
315 92
61 96
238 71
149 42
281 47
119 5
99 99
48 18
0 61
204 6
90 49
217 70
209 66
230 40
146 61
208 50
237 11
125 27
361 74
233 13
171 24
256 32
1 88
244 4
154 35
333 31
298 79
337 58
239 6
324 79
165 30
99 70
104 77
269 74
266 15
377 22
369 6
341 63
144 53
210 93
268 27
198 74
16 75
23 1
345 80
55 50
300 10
45 53
318 66
308 89
279 15
254 69
101 15
28 65
66 49
238 6
195 32
168 32
301 13
190 37
301 14
25 53
43 4
378 62
4 35
239 100
312 11
195 73
266 55
286 44
34 97
337 82
317 31
262 85
230 97
371 35
148 59
304 86
58 95
406 35
80 48
248 34
129 6
376 35
97 46
54 15
29 30
365 74
381 61
285 2
237 31
260 20
41 26
335 56
80 3
374 5
77 76
327 11
105 95
126 45
191 26
80 38
350 59
386 14
238 20
360 28
26 55
239 44
456 3
39 5
224 92
237 6
223 99
424 53
416 65
101 89
208 8
136 49
17 88
110 36
318 30
155 61
255 14
287 16
146 58
246 73
337 33
64 17
304 51
229 27
346 17
103 9
53 92
101 93
74 72
430 38
120 48
99 88
184 58
355 81
394 27
150 64
34 36
377 93
339 52
11 4
148 38
227 96
281 22
164 60
244 21
135 97
193 99
464 32
379 39
52 70
1 18
45 76
400 65
185 42
86 92
212 37
376 9
267 10
255 72
319 26
427 18
218 63
227 6
407 23
503 7
126 9
377 26
466 80
69 5
295 58
93 17
386 76
365 78
359 7
80 7
369 45
195 6
472 92
436 53
338 7
202 58
536 86
84 3
128 25
326 37
31 54
263 80
192 31
200 19
28 9
500 73
172 52
258 64
195 41
265 61
159 79
321 14
446 53
35 85
343 75
136 62
167 78
226 13
157 49
350 49
294 7
50 62
97 3
192 53
298 93
184 42
64 31
78 38
373 23
491 63
206 95
227 80
320 17
316 84
264 23
563 74
45 56
53 40
180 60
383 2
577 9
328 26
455 50
535 25
351 89
68 72
435 10
114 59
330 43
91 95
236 25
71 99
23 55
355 38
516 33
510 70
484 86
415 31
526 63
206 58
335 93
416 86
12 79
563 32
468 85
491 91
468 46
144 40
176 30
149 66
191 72
11 7
116 35
346 43
296 96
471 47
292 80
449 94
210 27
505 84
144 3
391 23
156 66
54 52
244 96
616 60
215 56
93 76
8 55
387 38
203 70
600 89
555 68
108 59
239 12
317 57
588 67
105 66
50 46
296 78
247 85
549 59
321 55
621 34
340 4
43 62
81 56
2 21
158 37
281 69
566 73
489 13
570 57
135 75
573 46
484 94
155 94
563 27
60 90
39 61
97 31
341 17
376 28
408 13
283 20
316 63
287 58
551 88
419 57
571 19
638 18
439 89
133 68
276 63
133 74
182 1
357 48
344 94
29 57
585 91
330 39
193 21
285 33
319 14
415 21
227 95
364 48
362 1
419 97
464 75
54 89
434 79
169 95
121 16
480 30
265 27
546 11
138 15
129 58
227 36
75 12
147 69
325 65
636 77
197 36
496 35
259 29
544 64
670 85
498 25
83 37
71 33
259 2
106 42
664 27
692 90
369 58
227 48
135 78
163 35
76 74
116 41
308 34
127 76
219 35
365 35
686 3
22 69
223 65
321 16
610 38
296 28
163 14
350 69
525 50
234 8
538 76
527 28
580 3
182 78
376 55
15 11
737 30
523 65
733 41
585 85
519 36
143 78
441 91
197 92
175 53
670 67
339 98
663 88
646 49
220 93
595 80
552 63
154 82
707 54
136 59
19 5
575 6
197 95
580 79
187 87
640 36
432 62
302 47
160 89
503 17
492 1
411 35
4 8
66 90
553 91
608 3
188 95
1 28
60 55
453 27
39 89
574 46
733 51
613 3
86 90
619 23
337 19
61 53
365 25
176 91
390 94
231 61
651 53
742 81
535 46
749 53
53 24
616 87
325 42
242 16
162 12
716 73
333 47
236 7
248 70
773 38
119 43
542 7
756 38
515 6
406 97
103 20
400 8
685 98
420 47
583 83
777 3
638 39
528 31
284 20
426 94
121 20
519 58
575 35
566 65
439 29
268 2
618 85
440 6
464 61
535 96
326 13
553 50
125 99
683 47
65 36
714 78
805 28
326 33
572 82
258 54
403 61
354 10
757 15
306 80
632 22
230 21
185 28
371 36
607 54
653 47
760 22
259 96
71 63
451 63
537 28
95 57
390 22
577 89
343 84
73 66
12 46
294 90
808 8
260 51
767 7
541 54
651 25
708 81
349 28
459 34
526 63
612 98
734 8
194 24
792 6
79 48
479 28
437 77
199 14
76 52
589 76
744 52
322 5
785 91
345 27
748 90
74 15
358 26
330 77
480 17
758 42
338 86
455 54
121 60
239 40
348 39
407 67
489 20
775 73
713 54
464 34
282 41
874 85
247 22
221 70
389 44
758 54
500 84
306 94
18 78
633 5
205 52
182 57
830 93
877 33
529 80
166 44
371 66
204 41
756 42
327 28
716 74
883 17
642 44
612 52
456 94
200 88
307 83
395 68
922 73
225 25
789 18
474 76
146 100
494 73
530 78
811 29
330 85
131 60
406 6
699 1
63 22
88 49
21 84
918 31
135 20
315 12
836 78
371 71
593 54
853 70
533 46
793 34
270 95
128 11
550 7
330 56
140 51
586 84
250 75
417 42
285 72
234 82
545 91
612 79
604 98
255 80
773 50
418 26
16 10
501 49
453 98
855 100
316 11
198 35
100 1
599 31
752 33
611 74
644 68
862 23
720 55
226 60
350 19
714 1
455 20
830 47
639 56
504 70
9 82
599 2
935 83
791 6
506 96
115 94
320 86
327 79
340 70
926 45
745 23
657 67
174 97
509 64
385 63
914 69
903 88
796 30
261 54
167 89
32 18
308 15
870 97
307 95
93 31
945 5
483 87
302 48
454 88
996 38
59 43
638 50
549 80
28 3
230 65
221 85
101 24
372 37
202 43
488 90
37 74
224 79
335 17
882 95
883 88
98 10
575 90
33 15
800 37
458 5
548 60
437 35
306 91
822 55
172 5
525 58
705 91
403 90
258 13
329 67
927 67
700 85
493 86
38 28
925 16
143 26
38 24
155 9
273 34
93 99
646 60
322 68
41 92
876 60
687 92
760 8
1034 53
929 18
717 43
489 63
309 33
383 36
816 100
768 22
985 59
148 76
349 28
438 71
690 52
78 26
1010 8
318 5
68 29
79 2
722 24
294 32
783 53
986 64
221 62
762 89
780 57
520 42
247 59
554 6
445 47
703 56
351 20
1048 18
99 39
702 22
389 36
221 17
155 71
595 43
250 18
461 57
197 95
167 14
642 14
344 14
343 54
452 66
95 86
544 25
571 6
836 85
1002 3
982 32
1025 85
63 62
737 6
604 80
191 67
492 5
1072 15
717 40
348 43
182 46
1127 92
877 51
860 72
185 42
232 92
1097 52
675 47
129 82
411 82
459 56
307 5
605 80
650 33
505 91
507 28
430 55
432 10
922 68
468 96
909 7
936 33
498 15
551 22
1036 35
572 8
146 51
51 5
70 34
553 1
1114 17
580 12
843 99
888 80
446 54
647 78
109 14
1118 70
913 42
1006 75
796 46
1063 70
385 49
281 29
646 15
773 11
330 62
893 2
303 47
208 30
872 8
138 11
635 21
841 53
961 23
475 42
812 65
178 15
258 88
610 48
1078 76
649 33
133 83
549 49
642 19
357 80
782 40
230 3
283 22
1141 74
158 87
514 15
749 29
1190 64
662 76
590 19
1085 72
396 40
27 89
31 35
187 69
84 36
302 57
462 68
37 46
589 78
371 8
591 82
62 25
401 5
526 12
454 2
310 77
988 90
786 80
539 23
522 42
1026 56
832 49
22 80
65 68
566 77
656 100
729 16
421 7
805 75
743 94
156 6
1209 21
838 87
1008 22
720 48
789 23
1044 13
28 82
479 68
568 48
107 28
709 54
982 23
763 14
749 82
681 78
70 81
437 33
1148 50
461 31
569 70
410 4
1231 76
883 74
43 86
362 39
108 20
287 60
166 8
717 44
1028 84
950 28
543 22
298 34
621 18
1188 21
322 17
948 21
294 13
445 40
225 18
392 14
85 74
548 84
420 98
1138 69
688 51
745 96
919 60
1223 95
560 44
197 16
1232 43
716 57
356 33
964 8
1149 25
1063 91
1135 46
930 78
230 4
338 27
133 46
790 30
656 2
813 86
992 43
1040 9
276 40
786 43
293 64
766 25
1232 22
