16
4015 323
4 38 60 77 89 100 102 157 168 178 189 203 208 214 219 229 268 271 275 291 293 306 314 317 329 335 350 353 357 364 367 398 441 458 459 467 468 478 484 492 523 525 537 539 549 569 571 579 581 607 616 639 647 662 665 673 676 682 688 697 725 757 763 769 778 793 797 806 820 825 843 854 862 877 890 910 914 920 926 946 949 957 971 978 1009 1027 1034 1069 1085 1153 1164 1171 1190 1199 1217 1225 1237 1240 1241 1282 1284 1288 1297 1327 1357 1364 1393 1439 1457 1475 1479 1484 1492 1495 1530 1549 1553 1554 1563 1570 1585 1624 1632 1650 1653 1655 1658 1660 1671 1673 1680 1681 1694 1727 1750 1759 1766 1773 1776 1795 1810 1821 1828 1870 1895 1933 1944 1957 2003 2006 2014 2051 2052 2082 2084 2086 2121 2125 2144 2163 2167 2190 2255 2270 2272 2278 2299 2319 2337 2354 2357 2358 2368 2407 2442 2445 2446 2447 2459 2465 2469 2486 2490 2491 2506 2515 2540 2545 2555 2561 2589 2610 2632 2648 2652 2656 2667 2684 2697 2699 2704 2715 2727 2756 2800 2806 2809 2813 2831 2848 2858 2873 2878 2895 2906 2908 2910 2920 2935 2953 2956 2964 2979 2983 2995 3000 3004 3018 3020 3027 3046 3056 3074 3079 3090 3097 3100 3103 3116 3121 3128 3130 3138 3141 3143 3169 3184 3190 3210 3217 3244 3269 3275 3278 3281 3285 3307 3309 3313 3331 3333 3337 3339 3369 3386 3404 3446 3454 3478 3501 3503 3532 3557 3560 3565 3571 3582 3588 3594 3602 3612 3618 3625 3629 3630 3650 3653 3675 3681 3684 3692 3696 3722 3729 3732 3738 3761 3775 3794 3796 3799 3801 3820 3825 3833 3841 3844 3852 3855 3859 3867 3890 3902 3915 3937 3938 3945 3960 3965 3979 3981 3992 4007
3543 315
1 19 27 36 38 48 54 80 85 86 89 93 111 126 131 134 149 159 165 177 180 203 208 217 220 255 266 271 294 304 314 318 321 328 333 338 355 367 372 377 379 408 419 429 442 445 447 449 450 453 462 465 482 483 488 500 513 515 526 540 543 552 555 562 572 580 594 597 603 605 607 616 630 633 643 660 678 681 693 712 717 729 740 757 760 765 771 777 780 786 793 798 810 826 838 863 866 871 887 893 900 917 928 932 940 941 962 964 969 990 1006 1011 1020 1034 1043 1046 1060 1097 1112 1127 1141 1166 1191 1208 1218 1249 1257 1262 1277 1298 1308 1347 1351 1366 1368 1377 1383 1389 1403 1407 1410 1413 1425 1451 1475 1477 1481 1486 1507 1509 1515 1520 1523 1532 1581 1617 1658 1668 1680 1703 1716 1720 1736 1755 1770 1790 1805 1822 1837 1858 1867 1872 1879 1899 1937 1944 1950 1953 1966 1970 1974 1981 1987 1989 1994 2005 2007 2014 2045 2057 2071 2074 2079 2106 2120 2127 2143 2144 2199 2225 2232 2240 2252 2268 2298 2310 2327 2339 2390 2394 2396 2397 2400 2413 2420 2422 2429 2431 2438 2450 2454 2460 2467 2487 2488 2497 2521 2537 2546 2553 2558 2569 2586 2597 2609 2615 2619 2624 2629 2634 2657 2665 2673 2700 2733 2741 2744 2747 2758 2774 2783 2791 2822 2824 2830 2832 2838 2862 2890 2895 2909 2914 2918 2925 2938 2948 2951 2959 2970 2980 2991 3000 3026 3033 3048 3051 3066 3084 3115 3117 3123 3153 3166 3175 3180 3185 3192 3197 3209 3239 3269 3287 3291 3299 3314 3319 3327 3344 3349 3363 3374 3384 3387 3411 3413 3421 3424 3434 3466 3479 3484 3488 3494 3528 3535
1249 316
1 7 12 22 26 29 32 33 35 39 41 47 51 53 58 60 65 74 82 96 102 105 106 109 113 115 125 133 139 142 143 146 148 153 158 160 162 166 172 173 175 177 179 180 184 185 188 190 192 193 197 200 207 208 211 212 215 216 218 220 225 230 232 234 240 246 248 255 258 261 268 269 271 281 291 305 310 312 318 320 323 325 327 329 331 333 336 339 342 346 349 352 355 360 361 362 367 370 375 378 383 389 391 393 396 415 418 422 433 435 437 441 450 456 461 465 466 468 472 482 483 485 486 488 490 495 497 502 508 522 524 528 530 535 537 538 543 546 549 557 570 573 574 588 591 593 598 600 605 613 618 621 624 628 631 636 638 654 657 660 663 665 676 677 680 683 685 688 694 696 700 701 712 714 720 723 726 732 733 740 743 745 748 751 757 763 765 770 773 775 776 779 781 786 801 805 808 811 814 816 818 819 824 830 832 835 836 840 842 844 846 848 851 855 856 858 860 866 871 876 878 882 889 891 892 899 906 908 918 920 923 929 932 933 937 940 943 945 951 956 957 959 962 965 966 968 973 980 982 985 988 993 996 999 1003 1011 1014 1017 1019 1023 1025 1027 1028 1029 1034 1037 1038 1046 1052 1056 1061 1064 1067 1071 1082 1086 1098 1102 1106 1110 1113 1117 1125 1127 1130 1131 1135 1137 1139 1141 1144 1146 1147 1159 1161 1162 1177 1189 1191 1192 1198 1201 1206 1207 1213 1218 1222 1228 1231 1232 1235 1236 1237 1240 1243 1245
591 275
1 5 6 8 11 14 16 18 21 23 28 30 35 37 40 41 43 44 45 48 49 50 53 54 56 57 58 60 62 66 67 68 70 73 74 76 77 80 83 84 88 91 94 98 99 106 108 109 111 114 115 117 118 121 122 127 130 132 133 135 137 138 141 142 143 145 147 148 151 152 157 160 163 164 167 168 171 172 173 174 177 180 183 185 187 193 196 197 198 199 201 203 204 206 207 209 211 212 214 215 217 218 222 224 225 227 228 229 233 235 236 238 240 242 244 246 248 249 251 252 255 256 258 262 265 266 268 269 271 273 274 276 278 279 281 283 284 285 287 290 291 293 297 299 301 302 304 308 309 313 316 317 318 319 321 323 324 327 329 332 334 340 341 343 344 346 347 348 351 353 354 355 357 358 359 362 363 365 366 369 373 374 376 381 385 387 390 396 397 399 404 407 408 409 411 413 415 420 424 425 429 430 432 434 436 437 441 443 446 449 451 452 455 458 467 471 472 473 478 479 482 484 486 489 493 495 497 498 501 502 504 505 508 510 512 513 514 516 518 520 522 524 526 529 531 533 537 539 541 542 543 545 547 548 549 554 555 557 558 560 561 563 565 568 570 573 575 577 580 581 583 585 587 588 589
1004 287
6 7 17 19 23 25 30 32 34 36 42 47 50 56 65 67 69 71 74 83 90 91 97 99 104 105 108 110 119 121 123 125 127 128 129 130 134 136 138 142 145 150 152 154 155 168 169 172 174 181 185 191 197 200 203 206 209 214 217 220 221 223 228 230 232 240 246 247 252 253 255 256 261 262 268 271 279 282 283 289 292 297 301 306 309 311 312 316 318 323 328 331 333 334 337 338 343 344 347 351 353 355 358 359 368 371 374 375 384 387 389 392 394 395 398 401 405 406 409 411 419 420 423 431 441 442 444 449 453 456 464 467 469 474 476 478 480 484 492 500 503 510 514 515 519 521 523 531 533 535 539 542 545 546 548 549 551 552 562 564 568 571 575 580 581 585 589 590 596 599 601 604 616 621 622 628 629 640 642 644 646 649 654 655 657 662 668 669 674 679 681 684 689 690 693 699 701 704 708 710 716 719 725 730 733 734 738 739 741 749 753 757 761 763 767 771 773 776 778 784 787 789 795 796 798 799 803 805 811 816 819 822 824 827 829 832 833 835 839 844 848 850 854 856 858 864 865 867 869 871 875 878 882 889 890 892 898 903 905 909 914 916 920 927 931 934 937 938 945 946 949 951 952 955 957 964 966 967 971 972 979 982 984 987 995 998 1002
2622 321
18 20 23 25 32 43 46 49 73 75 76 77 78 79 93 99 101 105 109 111 115 139 147 149 155 156 160 180 202 207 224 231 233 238 243 253 270 272 285 287 297 302 304 306 308 314 316 322 327 333 335 337 346 348 349 353 354 375 386 392 398 399 401 408 419 425 452 463 465 472 492 502 509 516 518 524 527 531 536 545 553 567 571 627 640 642 651 664 672 690 692 696 700 718 723 727 728 733 747 751 757 760 778 780 789 793 822 829 833 837 840 846 847 857 875 895 901 910 916 921 925 927 930 950 957 960 967 984 991 994 998 1000 1006 1032 1037 1043 1056 1072 1083 1088 1100 1102 1113 1115 1123 1133 1138 1160 1168 1176 1180 1182 1184 1194 1205 1208 1216 1221 1223 1258 1260 1281 1295 1300 1339 1340 1344 1350 1372 1388 1398 1400 1410 1424 1430 1437 1448 1452 1459 1463 1465 1469 1473 1476 1483 1484 1497 1499 1501 1503 1521 1523 1525 1544 1551 1559 1561 1583 1587 1590 1594 1616 1619 1624 1628 1633 1636 1648 1653 1658 1680 1706 1710 1722 1723 1726 1728 1731 1733 1736 1757 1766 1768 1773 1782 1785 1816 1818 1821 1822 1828 1834 1845 1871 1876 1887 1910 1919 1923 1929 1935 1939 1941 1944 1954 1957 1965 1971 1972 1978 2017 2021 2022 2051 2057 2058 2062 2066 2072 2084 2101 2102 2110 2124 2145 2158 2171 2196 2213 2216 2229 2235 2236 2249 2274 2281 2285 2288 2291 2314 2316 2328 2331 2333 2334 2350 2352 2355 2359 2363 2370 2374 2376 2379 2413 2423 2428 2432 2450 2460 2463 2465 2476 2484 2495 2500 2506 2509 2518 2522 2526 2534 2561 2565 2569 2574 2586 2588 2610 2616 2619
487 308
1 2 3 4 5 7 8 9 10 11 13 16 17 18 19 21 22 23 25 26 27 28 30 31 32 34 36 37 38 39 41 43 44 45 46 48 50 52 53 56 57 59 60 62 64 65 67 69 70 73 74 76 77 78 80 81 83 84 86 87 88 89 91 92 94 95 96 98 99 101 102 103 105 107 108 110 111 113 115 117 118 119 123 126 127 129 130 132 134 135 137 138 139 140 143 144 146 147 149 151 153 154 158 160 162 164 165 167 168 170 171 173 174 175 176 177 179 181 183 185 186 187 188 190 192 194 195 197 199 200 203 205 207 208 209 210 212 213 216 219 221 222 223 224 228 231 233 234 236 238 239 240 242 244 245 247 249 251 252 254 255 256 258 260 263 266 268 269 273 274 275 276 278 280 281 282 285 286 287 288 289 291 292 294 295 297 298 299 301 303 304 306 308 310 312 315 317 318 320 321 322 323 325 326 327 329 330 332 333 335 336 337 339 341 342 343 345 346 347 352 354 356 357 359 361 362 363 365 367 368 370 371 372 374 375 377 378 379 382 384 386 388 389 390 392 395 398 399 400 402 403 405 406 407 409 410 411 413 415 417 418 419 420 423 424 426 427 429 430 431 432 434 436 438 439 440 442 443 445 447 448 450 451 452 453 455 456 459 460 461 463 464 465 467 468 470 471 472 473 475 476 477 479 480 482 483 484 486
3758 311
2 6 9 17 28 33 59 63 66 73 76 101 110 185 201 212 219 222 225 239 255 258 284 287 290 305 316 320 326 336 337 339 341 346 390 399 402 414 433 456 464 478 494 505 528 541 549 552 562 573 583 596 598 600 605 609 630 634 641 649 651 667 680 681 689 693 696 699 705 731 744 774 778 798 802 806 818 819 835 839 853 859 864 867 880 893 903 915 926 936 945 954 967 971 975 980 999 1000 1006 1013 1025 1050 1061 1062 1064 1066 1074 1106 1129 1144 1145 1149 1159 1161 1174 1178 1199 1215 1217 1223 1230 1238 1241 1301 1316 1352 1392 1395 1397 1433 1436 1445 1476 1520 1525 1532 1542 1545 1546 1551 1560 1574 1575 1582 1585 1587 1606 1620 1634 1652 1680 1690 1703 1716 1719 1747 1763 1768 1784 1797 1804 1807 1818 1829 1851 1859 1877 1886 1901 1907 1932 1943 1950 1959 1970 1980 1984 1993 2003 2013 2020 2022 2023 2037 2051 2059 2063 2072 2080 2083 2098 2104 2111 2142 2153 2186 2216 2242 2247 2259 2282 2295 2300 2302 2328 2341 2347 2350 2362 2367 2369 2371 2375 2377 2405 2407 2409 2414 2419 2430 2436 2473 2490 2492 2497 2523 2525 2532 2570 2597 2609 2634 2665 2676 2678 2691 2707 2712 2723 2733 2749 2762 2769 2780 2807 2808 2816 2817 2823 2831 2837 2838 2842 2865 2905 2921 2923 2936 2944 2949 2974 2981 2984 3003 3006 3064 3065 3085 3097 3105 3106 3108 3121 3137 3149 3167 3176 3200 3216 3223 3229 3246 3256 3268 3274 3293 3311 3359 3375 3395 3399 3452 3454 3468 3507 3534 3542 3553 3563 3581 3593 3617 3646 3670 3676 3679 3688 3706 3707 3715 3750
3705 311
8 14 18 28 31 32 54 56 80 99 109 116 134 147 184 192 211 216 219 227 249 296 311 313 316 328 332 334 337 340 341 345 354 362 430 433 454 466 468 506 512 522 531 545 546 573 574 584 591 618 658 667 672 693 712 724 733 739 750 758 768 773 787 817 820 847 849 866 869 872 875 882 892 917 921 935 972 973 1008 1027 1033 1047 1051 1062 1065 1067 1081 1088 1130 1133 1158 1163 1182 1198 1202 1220 1226 1228 1231 1234 1235 1272 1280 1307 1310 1314 1324 1337 1343 1344 1353 1354 1356 1362 1402 1433 1434 1435 1439 1440 1448 1471 1480 1496 1502 1534 1543 1551 1557 1572 1594 1610 1628 1639 1642 1666 1680 1681 1683 1685 1705 1707 1712 1746 1748 1754 1757 1766 1771 1776 1841 1847 1850 1856 1862 1886 1889 1897 1910 1926 1927 1947 1966 1974 1981 1983 2009 2015 2018 2045 2047 2068 2076 2092 2096 2111 2138 2154 2159 2172 2179 2185 2199 2241 2244 2251 2267 2274 2290 2306 2313 2325 2331 2337 2360 2362 2366 2376 2401 2408 2409 2413 2415 2441 2444 2448 2497 2527 2537 2539 2547 2604 2606 2628 2645 2649 2653 2666 2677 2686 2689 2698 2703 2707 2721 2738 2747 2750 2760 2774 2786 2787 2831 2849 2857 2862 2868 2873 2880 2896 2915 2923 2928 2931 2945 2963 2966 2981 3001 3005 3007 3010 3013 3025 3027 3031 3033 3045 3050 3052 3077 3084 3097 3128 3132 3137 3202 3234 3237 3242 3244 3260 3261 3272 3299 3308 3333 3337 3338 3354 3366 3376 3396 3401 3414 3423 3435 3444 3450 3456 3461 3467 3484 3502 3504 3508 3531 3546 3549 3561 3596 3608 3614 3621 3624 3628 3641 3650 3660 3674 3676
1682 310
4 6 16 18 23 24 28 30 34 35 38 41 55 59 61 62 65 70 73 76 90 92 104 108 111 120 121 138 139 141 149 151 158 161 167 178 186 188 190 196 197 202 208 211 214 230 232 234 246 257 260 268 273 278 283 289 293 299 308 320 325 331 333 335 338 349 352 353 355 357 361 366 369 375 381 383 389 391 396 400 402 414 424 426 429 435 440 441 450 458 462 469 474 480 482 485 492 497 505 515 517 522 526 529 536 537 540 552 555 557 559 561 565 576 582 595 607 611 614 616 623 630 632 641 643 644 646 652 655 661 675 680 683 687 695 706 713 716 731 751 753 754 756 758 763 772 779 797 799 824 834 845 847 851 852 860 863 864 866 868 876 879 880 910 917 926 938 951 953 958 959 962 965 972 979 982 983 993 997 1000 1009 1015 1019 1028 1038 1044 1045 1047 1048 1053 1060 1065 1068 1070 1073 1075 1078 1103 1114 1130 1132 1136 1138 1140 1157 1159 1169 1176 1182 1188 1193 1198 1199 1202 1205 1210 1214 1216 1218 1219 1228 1232 1233 1234 1243 1247 1254 1257 1259 1266 1271 1273 1287 1291 1297 1301 1304 1307 1310 1311 1326 1330 1336 1338 1342 1344 1350 1352 1354 1357 1360 1363 1366 1375 1379 1397 1411 1415 1435 1445 1449 1454 1455 1464 1468 1469 1473 1475 1486 1492 1500 1506 1514 1517 1521 1525 1527 1530 1531 1537 1548 1553 1554 1558 1560 1568 1571 1575 1579 1582 1585 1586 1601 1607 1610 1620 1621 1624 1628 1630 1636 1639 1642 1651 1652 1654 1655 1666 1674 1681
1367 334
1 3 4 7 8 10 12 23 32 39 41 42 47 51 52 55 59 64 71 72 78 81 85 96 101 104 107 109 116 121 128 134 135 137 139 142 150 153 155 159 161 172 176 182 183 186 187 191 201 205 208 211 212 214 216 220 223 237 240 254 258 266 281 288 295 297 300 303 305 312 318 326 332 335 341 342 343 346 350 352 361 370 373 374 376 387 392 393 395 398 402 409 413 415 419 428 438 439 441 443 449 451 455 457 459 469 470 472 473 475 477 486 488 493 498 500 502 507 510 512 515 517 524 526 530 533 535 536 544 545 546 549 557 561 564 565 568 574 579 581 587 594 598 600 605 607 612 613 614 629 634 637 641 645 669 679 686 693 695 708 710 713 715 719 722 725 729 730 740 744 748 750 754 762 768 774 783 794 802 804 806 808 811 819 824 828 834 837 838 846 849 851 854 859 861 867 869 871 876 880 883 885 888 890 891 897 901 903 905 910 917 922 924 926 934 937 939 940 943 947 951 953 957 960 962 964 965 968 971 973 977 983 988 990 992 997 998 1001 1002 1005 1011 1016 1017 1019 1024 1028 1030 1034 1038 1046 1047 1054 1057 1064 1065 1067 1074 1087 1089 1090 1092 1094 1095 1097 1100 1104 1106 1107 1109 1113 1114 1118 1121 1126 1128 1132 1143 1144 1152 1153 1155 1157 1160 1165 1169 1174 1183 1194 1198 1199 1207 1211 1215 1220 1221 1230 1231 1233 1234 1238 1240 1242 1244 1247 1249 1250 1254 1263 1270 1277 1283 1284 1288 1291 1294 1295 1297 1301 1304 1307 1312 1314 1316 1317 1319 1328 1330 1338 1344 1345 1355 1356 1363 1366
972 318
2 5 11 13 25 27 29 36 38 41 42 44 49 51 52 54 59 63 64 66 68 69 73 74 76 78 87 93 94 97 104 107 113 115 121 126 127 130 132 133 139 140 142 144 146 147 152 153 154 157 158 160 162 163 168 174 176 180 189 190 194 198 200 202 205 207 212 215 216 218 219 223 227 228 231 232 234 240 246 250 254 257 259 263 264 267 270 274 280 282 286 287 294 295 302 304 307 311 313 316 317 319 321 327 331 333 337 339 343 344 348 349 351 353 355 358 361 362 364 367 371 372 374 376 378 381 386 388 390 391 395 397 398 400 402 404 405 408 418 424 426 428 430 434 439 442 445 449 456 459 463 465 466 469 470 472 473 477 479 482 485 488 489 492 493 495 496 499 500 504 505 507 509 510 515 518 522 526 529 530 534 535 537 539 540 544 550 556 561 563 566 570 573 575 577 583 585 587 590 591 601 603 608 609 614 618 621 627 628 632 636 640 643 646 649 651 652 656 660 662 664 665 669 671 673 676 679 687 698 699 702 706 709 711 718 720 721 723 724 726 727 728 731 733 736 740 744 745 750 751 756 759 762 770 777 782 796 799 807 809 810 814 816 820 821 825 828 830 836 839 841 843 844 845 847 849 851 852 855 856 862 865 867 869 870 872 876 879 883 884 888 889 891 894 897 900 902 904 906 908 911 912 914 915 918 927 930 932 941 943 944 946 950 953 955 956 966 968
1976 319
26 30 32 40 41 50 61 65 69 71 91 94 102 104 109 119 121 122 129 133 137 144 149 152 155 161 172 173 180 193 197 199 201 204 207 221 229 230 233 236 239 244 247 265 271 278 280 281 283 286 303 325 328 338 346 348 365 374 379 389 391 399 410 413 417 424 427 461 489 491 499 506 509 520 522 523 528 532 533 540 550 554 558 562 564 569 570 573 587 588 590 591 596 601 602 612 623 630 641 642 647 649 653 656 661 668 670 674 675 676 683 684 691 694 703 710 717 720 725 726 728 740 751 755 769 773 781 783 796 799 802 806 812 816 824 828 831 840 841 844 846 852 855 860 867 872 881 883 884 905 920 922 928 935 937 941 945 953 955 964 971 973 989 997 999 1004 1006 1010 1015 1016 1029 1035 1038 1040 1045 1046 1050 1054 1066 1074 1081 1083 1095 1097 1102 1109 1125 1130 1133 1136 1137 1141 1163 1168 1171 1175 1179 1199 1204 1207 1219 1226 1256 1262 1264 1270 1280 1283 1285 1306 1307 1312 1318 1321 1326 1331 1339 1342 1345 1348 1350 1361 1363 1365 1371 1375 1380 1386 1393 1407 1412 1413 1418 1423 1424 1426 1428 1430 1433 1434 1440 1448 1451 1466 1475 1479 1482 1483 1487 1491 1499 1511 1514 1518 1533 1537 1539 1547 1549 1550 1552 1554 1557 1559 1567 1568 1574 1577 1602 1617 1633 1636 1645 1655 1666 1674 1678 1679 1687 1693 1709 1718 1721 1730 1733 1738 1742 1744 1749 1752 1757 1760 1774 1792 1797 1804 1813 1825 1835 1837 1839 1841 1852 1865 1867 1874 1876 1878 1890 1892 1905 1915 1920 1930 1936 1951 1953 1962 1965
2040 335
7 14 15 18 24 27 31 33 43 49 51 59 62 65 69 70 73 86 92 95 97 100 101 106 107 112 116 119 123 129 142 148 151 158 160 170 176 182 184 186 187 195 198 206 211 215 219 232 234 235 242 247 265 273 277 285 290 292 298 301 315 330 332 342 344 346 352 357 365 368 388 395 398 405 407 414 420 431 435 438 445 452 463 466 468 473 474 480 481 484 485 487 494 499 501 511 513 515 534 543 562 564 569 575 582 586 591 593 604 608 611 615 621 629 632 635 643 647 659 664 665 670 673 706 709 715 719 729 736 743 747 749 754 755 757 759 762 772 778 787 789 792 795 797 801 807 814 816 830 843 875 877 883 886 896 901 903 906 910 934 936 942 951 954 958 962 975 977 981 997 1005 1024 1034 1038 1046 1049 1054 1060 1063 1065 1076 1079 1088 1089 1091 1094 1110 1112 1118 1123 1125 1130 1142 1153 1175 1189 1190 1193 1196 1199 1202 1210 1214 1223 1225 1228 1233 1237 1241 1247 1254 1257 1264 1266 1273 1286 1289 1301 1310 1316 1319 1322 1324 1333 1339 1342 1346 1352 1357 1362 1369 1373 1386 1393 1396 1400 1408 1409 1415 1424 1449 1454 1460 1471 1477 1479 1495 1500 1511 1517 1520 1523 1533 1559 1569 1572 1574 1578 1583 1586 1588 1592 1602 1607 1610 1612 1616 1622 1626 1630 1636 1638 1648 1649 1656 1664 1666 1671 1673 1691 1697 1710 1718 1720 1722 1724 1745 1753 1767 1770 1772 1774 1776 1793 1798 1799 1803 1805 1807 1810 1825 1827 1831 1836 1838 1847 1857 1858 1860 1864 1869 1883 1892 1895 1900 1902 1903 1908 1926 1932 1938 1942 1944 1955 1965 1968 1970 1976 1979 1989 1991 1992 1999 2025 2031
2646 310
10 15 19 34 36 38 49 53 57 64 65 66 80 84 98 103 112 129 130 131 134 141 143 152 155 159 163 168 175 178 195 197 199 202 211 213 216 230 232 237 252 263 279 286 287 288 292 294 304 311 316 330 340 349 353 367 373 378 382 393 400 403 416 442 451 459 464 469 485 496 505 508 526 529 533 542 564 567 578 581 584 605 612 613 617 620 624 646 651 656 664 676 681 692 694 709 735 738 739 745 749 774 791 804 822 827 829 838 848 864 866 884 904 908 920 927 935 940 944 953 971 973 982 997 1003 1007 1008 1029 1037 1038 1040 1048 1052 1054 1062 1080 1081 1084 1105 1109 1120 1124 1126 1134 1138 1184 1186 1191 1196 1202 1205 1207 1209 1225 1232 1255 1293 1301 1315 1334 1341 1347 1351 1354 1358 1360 1383 1386 1392 1395 1397 1404 1408 1413 1415 1425 1436 1449 1471 1489 1494 1504 1508 1512 1516 1526 1528 1537 1543 1550 1553 1564 1569 1586 1587 1597 1615 1616 1618 1624 1628 1642 1662 1692 1699 1708 1713 1722 1725 1746 1761 1767 1770 1773 1799 1805 1806 1811 1824 1865 1873 1875 1881 1886 1900 1913 1917 1925 1932 1933 1936 1955 1957 1964 1967 1970 1974 1985 2007 2017 2023 2026 2030 2041 2056 2060 2064 2107 2112 2115 2127 2133 2139 2144 2149 2150 2165 2181 2193 2214 2225 2236 2243 2250 2267 2278 2289 2300 2307 2309 2320 2322 2338 2343 2361 2365 2378 2389 2396 2400 2420 2470 2477 2479 2483 2485 2490 2491 2493 2507 2516 2532 2535 2537 2541 2549 2559 2569 2570 2578 2581 2583 2585 2592 2595 2612 2621 2624 2632 2638
2890 307
19 33 37 52 54 64 69 82 87 99 104 111 118 123 127 131 135 136 139 141 145 150 160 162 181 182 191 199 213 217 226 228 232 235 243 250 253 260 265 268 292 305 307 366 368 372 373 384 385 390 399 405 432 439 445 457 466 478 482 502 508 510 535 544 553 558 562 569 588 604 617 624 643 646 654 655 660 667 669 699 705 737 749 758 761 774 782 790 792 800 807 811 820 837 840 848 852 855 884 890 912 916 917 920 925 935 957 963 975 988 998 1013 1020 1024 1035 1052 1058 1062 1077 1096 1099 1102 1107 1113 1119 1144 1155 1157 1171 1177 1197 1221 1229 1262 1266 1271 1279 1293 1314 1334 1349 1355 1359 1363 1386 1395 1415 1417 1424 1429 1431 1459 1470 1473 1476 1483 1506 1515 1548 1553 1555 1557 1559 1563 1568 1577 1582 1613 1627 1631 1637 1639 1648 1654 1657 1674 1680 1689 1695 1699 1711 1713 1717 1719 1730 1736 1751 1754 1764 1772 1782 1785 1790 1794 1813 1818 1824 1836 1843 1856 1864 1875 1891 1894 1909 1917 1922 1924 1952 1968 1974 1985 1987 1996 1998 2002 2014 2016 2028 2036 2061 2063 2068 2075 2077 2078 2083 2086 2094 2098 2120 2139 2151 2157 2161 2169 2171 2198 2201 2207 2212 2221 2227 2239 2241 2259 2263 2266 2271 2278 2283 2287 2292 2307 2317 2323 2330 2333 2355 2359 2369 2377 2379 2384 2389 2391 2395 2402 2403 2404 2407 2420 2422 2426 2451 2459 2485 2488 2489 2502 2530 2567 2580 2585 2609 2611 2629 2634 2680 2683 2690 2692 2698 2718 2730 2739 2765 2768 2772 2789 2798 2813 2826 2840 2856 2865 2881
