512
4022 11
641 1259 1630 1939 2084 2140 2660 2672 2960 3168 3851
1419 7
77 292 332 834 913 927 1064
3752 5
101 991 1169 1534 3012
2262 7
114 749 1264 1595 1716 1750 2135
2653 9
70 247 718 1218 1835 1897 1942 2643 2645
4954 10
299 1339 1377 1523 2662 3095 3648 4093 4133 4648
3899 12
1228 1426 1468 1495 1812 2230 2367 2963 3127 3287 3393 3866
3508 11
471 546 726 769 1237 1282 1607 2187 2445 3029 3480
2780 9
135 274 1435 1440 1823 1863 2237 2412 2746
1329 9
200 222 468 772 804 828 941 1029 1285
642 5
11 163 209 231 441
1438 5
72 300 372 866 1023
1430 12
26 193 326 413 427 544 593 904 976 1011 1232 1351
4847 10
92 252 359 1086 2740 2741 3091 4010 4374 4756
2238 13
275 300 782 886 909 1146 1389 1529 1547 1750 1808 1981 2199
785 6
32 103 120 236 579 721
1917 9
24 95 186 578 748 1101 1252 1284 1719
4376 12
57 937 1343 1614 1778 3216 3494 3610 3688 3826 4130 4347
3377 7
43 113 973 1277 1535 2901 2954
828 8
115 200 266 302 481 535 577 770
2755 9
165 298 617 898 1076 1401 1630 1676 2432
4284 9
466 1972 2094 2613 2622 2991 3493 3500 3838
863 8
51 71 229 352 408 436 484 745
4692 13
265 509 1335 1463 1931 2290 3188 3512 3798 4289 4361 4383 4591
1163 9
281 364 432 707 768 845 847 876 957
3041 6
151 733 974 1907 2488 2545
2229 9
243 365 1218 1220 1516 1557 1732 1989 2164
3454 12
56 271 486 580 833 992 2334 2552 2670 3064 3315 3347
48 11
1 4 6 9 12 27 30 39 41 44 46
2109 7
75 201 225 929 1206 1386 1880
4539 12
414 520 676 711 1097 1948 2430 2873 3260 3416 3515 4508
1458 12
221 323 332 465 502 505 541 748 1341 1345 1398 1427
573 8
143 258 264 279 333 415 437 566
2579 5
1345 1481 1779 1889 2408
484 11
40 75 79 123 145 224 237 300 370 407 435
2492 11
673 761 854 940 1165 1367 1876 1951 2060 2377 2384
2843 9
17 415 578 1030 1324 1394 1706 2469 2539
2784 8
8 520 591 931 1081 1165 1589 1801
4737 9
358 624 1374 1589 1637 2065 2260 3157 4259
1706 8
688 969 1147 1293 1375 1405 1675 1683
2146 14
120 411 545 560 790 852 893 1202 1723 1799 1951 2052 2106 2138
1100 7
111 278 320 395 498 605 909
2790 11
388 396 828 866 910 1351 1444 1704 1826 2262 2516
3266 9
254 381 546 1585 1638 2132 2390 2691 2814
1572 9
152 387 459 582 595 829 1182 1216 1417
1769 8
57 214 641 801 944 1185 1352 1488
1378 12
298 416 418 598 612 617 699 711 714 822 996 1038
626 10
33 36 70 126 234 258 272 312 527 586
4700 13
496 1695 2262 2307 2354 2437 2498 3476 3562 3750 4110 4220 4433
83 14
5 7 8 12 27 35 49 57 60 64 68 71 74 77
1411 13
13 101 144 247 273 483 864 885 1020 1115 1120 1183 1376
828 11
128 176 178 233 400 469 595 634 741 790 827
1842 12
76 148 380 577 890 1017 1082 1095 1175 1242 1320 1776
1999 7
34 380 435 1049 1354 1506 1621
4991 9
553 766 929 1069 1161 2850 2976 3884 4160
4552 9
55 390 420 667 892 1368 2571 2991 4505
3802 7
108 317 1696 1875 2103 2537 3785
546 11
105 116 171 268 271 276 278 297 372 384 503
3708 11
495 873 909 915 1358 1993 2111 3076 3463 3536 3560
246 10
24 36 48 62 116 121 127 140 160 201
2450 11
15 206 378 555 731 974 1003 1036 1155 1265 1899
3747 9
507 742 811 884 1086 1112 3136 3167 3365
2520 9
658 868 951 1056 1237 1492 1798 1965 2337
1293 5
284 390 423 569 707
4612 9
329 2465 2753 3829 4156 4218 4237 4445 4593
1884 9
143 301 671 776 879 1146 1243 1578 1760
2055 9
7 198 720 998 1261 1413 1523 1662 1667
1936 7
215 223 528 1576 1725 1762 1781
336 11
16 35 71 77 108 111 157 195 242 255 266
3194 13
378 594 640 717 1228 1607 1623 1792 2009 2474 2581 2631 2833
516 10
90 114 180 186 250 317 333 420 448 508
3525 10
8 724 741 1506 1612 1720 1972 2041 2802 3088
3540 14
116 523 529 735 897 1081 1174 1378 1908 2526 2684 3117 3379 3502
2541 6
41 1225 1262 1911 1982 2228
1759 6
383 477 556 1256 1346 1422
2292 8
143 313 468 618 770 1096 1434 1999
3369 11
2 745 1317 1498 1996 2432 2680 2694 2726 3138 3295
4679 11
379 784 1419 1440 1757 2271 2454 2693 3190 3198 3444
4156 11
124 699 1281 1284 1628 2456 2724 2847 3325 3334 4126
2106 9
320 639 798 1110 1143 1205 1773 2063 2071
306 7
13 25 58 78 110 201 227
2236 6
283 1438 1570 1834 2014 2215
1086 14
160 183 194 364 420 424 506 554 712 845 860 911 1017 1044
3439 8
1950 2256 2455 2678 2716 2861 3175 3189
1531 7
44 64 541 589 1081 1172 1442
3933 12
82 648 673 894 1313 1782 2154 2250 2440 2696 3015 3893
938 10
38 100 275 381 407 561 672 707 734 868
3738 7
219 561 678 3021 3454 3628 3681
94 9
38 39 42 51 63 68 83 88 92
1726 12
199 213 286 394 630 645 682 935 1116 1289 1375 1550
2497 8
641 927 1140 1186 1279 1549 1600 2364
973 14
78 97 105 159 186 278 367 389 475 489 495 689 916 962
3631 7
14 384 1492 1638 1653 2357 2646
2948 9
3 73 325 410 769 1745 2139 2164 2385
1423 10
60 89 605 946 968 1193 1228 1240 1348 1353
3775 8
190 225 850 1679 2905 2936 3506 3600
1002 6
82 264 345 756 845 986
4207 10
575 886 897 1499 1927 1975 2924 3117 3866 3929
2686 12
191 312 527 578 616 780 1416 1569 2054 2122 2353 2470
4689 10
86 315 375 596 1438 1925 2389 2416 3440 3716
2855 9
132 164 495 539 663 1765 1952 2448 2742
1905 7
103 561 654 886 1073 1575 1686
115 13
2 7 19 43 55 58 76 78 85 86 105 110 114
4191 10
272 481 530 727 1050 1052 2213 2222 3685 4049
376 13
2 9 36 43 82 89 111 132 179 205 246 266 295
3967 12
82 196 1411 2143 2192 2245 2901 3117 3178 3333 3402 3469
4983 9
1133 1430 1650 1769 1774 2388 2398 2569 4794
3249 8
383 805 1047 1356 1746 2543 2692 2875
2073 9
196 361 662 1074 1076 1103 1441 1542 1893
2469 9
52 80 93 261 1377 1608 1655 1766 2150
4919 11
12 1080 1220 1317 1778 2853 2976 2982 4115 4385 4745
3095 13
56 91 347 640 725 997 1401 1444 1447 1821 2132 2303 2760
967 12
14 276 499 511 537 538 617 651 725 779 803 852
4598 13
59 256 331 381 546 795 1656 2176 2406 2945 3779 3851 3906
2227 13
52 351 359 397 760 902 1057 1141 1169 1401 1650 1806 1986
3831 11
52 139 616 896 1263 1353 1635 2418 2447 2461 3552
2768 10
299 469 1211 1276 1334 1349 1515 1986 2301 2324
2962 10
140 347 796 798 953 965 1627 2130 2644 2708
4165 7
69 1193 1474 1680 2883 3117 3338
2966 12
183 411 636 802 810 1078 1438 1656 2334 2347 2374 2717
2857 13
15 518 684 1038 1141 1262 1422 1764 1859 1978 2030 2037 2501
4532 9
1461 1562 2010 3051 3175 3754 3958 4051 4525
3396 15
24 104 124 161 166 527 532 537 877 1531 1837 1859 2577 2714 3031
4702 7
1142 2629 2745 2997 4309 4551 4585
3521 12
448 484 666 803 1190 1197 1210 1710 1726 2824 3216 3271
1920 12
523 632 824 849 934 960 1000 1045 1088 1175 1407 1669
2913 12
14 171 609 666 721 792 958 1489 1636 1906 1991 2073
85 8
4 8 18 41 49 60 70 84
2996 10
106 779 1422 1584 2331 2352 2448 2528 2576 2635
4681 10
181 247 357 2212 2498 3107 3183 3253 3972 4014
1713 8
153 384 681 838 842 876 1691 1697
4341 9
46 440 1353 2337 3226 3376 3439 3597 3627
1673 6
368 398 652 1140 1369 1445
1822 10
130 180 196 377 1192 1239 1388 1402 1453 1461
4707 9
650 701 1133 1223 1640 1726 1992 2743 4406
4875 10
33 1357 1887 2323 2422 2614 3828 3839 4173 4297
1691 8
9 13 783 811 942 981 1162 1425
4725 7
35 1006 2125 2240 3253 3610 4002
3470 9
732 1054 1199 1384 1539 1561 2168 2535 2866
3939 11
233 305 392 940 991 1447 1546 1789 2494 2627 2944
1041 7
216 248 474 768 849 974 993
1047 7
26 272 341 350 671 823 984
3485 11
6 245 380 680 1153 1748 1954 2070 2150 2745 3063
1354 9
427 550 580 591 601 629 869 905 1338
4950 10
472 651 1213 2650 2691 2975 3146 3691 3908 4127
3719 8
444 454 704 1322 1759 3089 3133 3675
3860 6
992 1233 1390 1841 2447 2653
929 8
95 362 393 398 541 544 910 917
1338 10
53 221 400 585 750 775 845 1018 1234 1246
2212 14
44 115 485 672 884 1142 1236 1300 1375 1669 1741 2013 2053 2083
1722 10
70 107 300 568 778 781 998 1144 1649 1667
3425 10
76 210 675 1772 1890 2706 2795 2879 2929 3158
627 13
10 15 23 74 122 185 288 306 315 460 481 491 527
828 11
46 194 288 551 625 664 722 746 747 795 818
3137 11
395 495 673 826 838 1325 2075 2442 2678 2851 3031
3412 10
809 998 1508 1562 1754 2114 2228 2407 2438 2916
1211 9
169 178 444 474 537 647 810 840 1073
4194 8
614 1138 1884 2442 2957 3005 3598 3707
277 10
41 69 86 111 144 148 155 161 192 224
3394 7
479 527 833 1164 2482 3029 3218
4700 10
262 1304 2307 2346 2723 3226 3237 3420 3458 3946
1151 8
93 439 451 457 597 913 970 1005
45 5
2 4 14 16 32
4061 9
685 803 1071 1494 1842 1937 2607 2897 3599
1728 8
125 539 714 751 884 1002 1369 1551
1443 8
206 242 262 547 584 613 795 839
3195 10
169 202 1150 1671 1754 1890 2094 2438 2557 3101
3423 7
106 549 805 1890 2141 3022 3207
1937 7
8 178 877 977 1463 1580 1592
4163 10
1041 1275 1361 2927 3079 3319 3552 3635 3865 4005
1421 17
118 179 186 314 475 541 816 897 944 986 1074 1124 1223 1227 1285 1394 1398
133 11
6 8 23 40 45 48 79 102 111 112 128
3537 11
457 544 566 862 1359 1401 1613 1838 2081 2400 2640
4036 6
725 1108 1584 2050 3417 4007
3569 12
588 766 1014 1025 1201 1290 1294 1326 2025 2710 2741 3476
2327 11
9 36 391 431 761 1699 1773 1809 1951 2030 2051
1637 9
157 167 268 420 441 894 1041 1278 1373
1815 10
318 610 648 838 931 1000 1095 1218 1248 1384
3340 8
78 104 354 1104 1456 1862 2004 2802
1582 8
106 263 374 833 847 1262 1406 1563
4483 10
168 349 783 1135 1262 2495 3013 3428 3619 3816
787 12
45 120 168 207 229 247 265 295 362 393 465 545
4234 13
84 1408 1517 1630 2255 2553 2881 3217 3269 3370 3847 3873 4067
1855 11
138 187 289 399 508 695 806 899 1206 1609 1746
1032 15
23 29 119 189 331 378 438 452 686 739 747 786 828 931 994
3140 15
125 264 313 432 593 882 1104 1379 1494 1616 1800 2273 2519 3035 3048
2746 10
391 749 969 990 1055 1499 1909 2025 2425 2644
1786 10
193 269 274 373 691 867 1024 1431 1569 1667
2319 12
16 409 436 616 1049 1338 1469 1628 1796 2005 2235 2288
553 8
27 138 141 159 227 385 472 526
4626 9
650 1236 1635 1949 2074 3002 3021 3074 4179
4395 8
511 574 2736 3020 3477 3943 3975 3977
2221 4
981 1113 1979 2212
540 11
17 55 160 233 286 287 318 391 429 517 523
557 8
2 130 231 273 313 482 504 555
166 11
5 12 39 43 82 89 90 105 111 115 139
4366 11
88 240 771 1272 2062 2326 2658 2775 2913 3883 4357
2311 10
3 1003 1241 1247 1869 1929 2029 2145 2249 2286
2506 10
1 68 770 1191 1376 1667 1694 1721 1833 2373
4705 12
736 1338 1739 1748 1920 2153 2596 2909 3276 3731 3811 3948
3019 10
153 156 170 428 720 990 1152 1163 2692 2964
118 8
10 14 26 46 69 70 73 89
1636 5
296 449 653 655 1333
3269 12
206 270 326 612 738 1536 1705 1738 2235 2598 2636 3055
3719 11
652 1166 1304 1568 1710 1712 1867 2456 2495 2579 2695
524 5
41 230 262 319 419
3993 12
149 199 282 763 1282 1814 2396 2472 2930 3279 3374 3572
1100 9
126 234 407 500 639 812 902 907 1015
1586 11
141 183 293 311 573 731 746 1176 1210 1427 1514
1349 12
118 182 383 399 548 773 786 912 1031 1216 1224 1227
3609 8
230 369 1113 1256 1773 2410 2571 3199
433 7
12 68 80 91 103 319 411
2638 9
37 228 370 690 917 972 1206 2325 2494
1735 7
195 476 515 589 688 950 1716
260 6
28 64 86 135 177 195
356 11
56 90 98 148 166 237 244 255 283 301 326
3243 12
145 517 771 844 1212 1388 1695 1922 2085 2860 2925 3219
3460 7
288 813 1267 1627 1658 2029 3451
475 7
98 209 308 312 325 380 459
4917 17
153 419 686 1198 2132 2291 2449 2675 2819 2827 3010 3128 3334 3410 3742 4386 4641
283 15
10 33 64 85 107 115 125 169 213 219 221 228 246 274 282
4972 10
54 948 2180 2254 2778 2945 3744 3822 4382 4542
2488 10
294 495 627 1307 1361 1996 2051 2099 2160 2275
490 8
37 41 156 176 243 328 358 458
4582 13
9 998 1269 1334 2169 2379 2448 2466 2870 3053 3192 4144 4298
577 14
6 10 17 36 76 130 179 190 280 372 426 439 453 505
2721 10
141 159 791 1148 1206 1318 1334 2425 2533 2564
483 8
21 54 118 152 170 328 352 470
3464 10
477 861 1153 1256 1282 2125 2302 2361 2496 3076
1900 11
63 115 190 521 1224 1238 1320 1335 1378 1777 1853
1108 12
258 280 365 514 551 561 711 870 894 906 979 1035
1304 10
4 543 647 843 872 998 1026 1043 1106 1175
4914 6
1301 1405 4136 4173 4205 4432
3989 8
62 652 904 974 1950 2045 3256 3434
455 5
156 327 370 392 406
4666 10
37 82 698 771 862 1509 1516 2770 2817 3570
1840 10
88 156 162 418 803 930 1042 1302 1638 1682
63 8
10 21 25 33 43 46 48 49
4746 5
831 932 1418 2827 3796
3304 14
814 1388 1488 1666 1693 1743 1923 1940 2196 2303 2448 2449 3075 3192
1205 10
108 186 392 493 664 759 1013 1164 1199 1201
3237 14
12 354 450 551 1133 1367 1480 1688 2187 2372 2524 2588 2983 3141
4231 6
259 1697 2249 3093 3842 4185
3942 8
190 683 1004 1043 1801 2814 2908 3738
1809 6
14 397 798 1000 1169 1284
2614 12
116 175 221 324 341 485 1011 1070 1139 1233 1325 2487
1824 12
92 222 557 716 848 1515 1546 1651 1690 1771 1781 1796
4971 9
402 748 1587 1634 1661 1982 2523 4388 4520
1616 9
47 454 555 611 806 1136 1179 1286 1322
4149 14
76 101 370 566 910 1081 1515 1903 1977 2906 3103 3158 3567 3897
131 7
3 18 19 111 119 125 128
1430 9
64 223 985 1053 1062 1114 1149 1360 1414
2684 9
445 451 651 931 955 1304 1400 2035 2133
1154 11
47 136 205 336 643 660 666 674 781 868 1093
3655 10
487 755 1141 1144 1305 1603 2060 3415 3594 3626
4684 8
495 2691 2939 3609 3633 3656 4009 4040
2350 3
269 324 890
2656 6
340 576 1467 1523 1920 2555
3535 10
290 504 1850 1950 1991 2543 2757 2941 3229 3368
2544 6
111 573 736 1228 1475 1541
3410 7
1233 2003 2210 2229 2440 2565 3110
1915 10
112 317 680 765 1131 1383 1391 1404 1411 1801
13 7
2 3 4 7 8 10 11
992 7
122 409 442 602 705 857 873
3511 12
104 270 486 562 799 1224 1349 1678 1766 1949 2858 3308
4673 17
139 454 883 962 989 1856 1980 2204 2734 2833 2991 3062 3086 3216 3675 3825 4389
3211 10
474 499 769 1132 1508 1717 1963 2191 2845 3028
363 8
40 45 60 107 116 147 157 243
2778 8
580 639 645 1401 1995 2285 2305 2359
3262 10
85 510 937 1025 1361 2128 2388 2546 2764 3145
4253 8
780 1004 1434 1672 3176 3437 3673 3679
913 11
48 370 425 603 670 768 771 806 849 878 911
3429 10
821 998 1054 1156 1918 2096 2386 2444 2573 3076
2273 10
120 269 462 550 1568 1762 1974 1994 2084 2126
726 6
224 249 279 327 460 471
1160 6
31 81 111 352 1048 1146
4540 9
1481 2077 2357 3078 3101 3136 3788 4191 4461
971 15
78 123 125 134 295 300 387 591 658 704 743 757 761 848 961
1380 6
213 250 288 563 582 1379
2439 15
45 89 288 626 667 918 1711 2010 2049 2054 2084 2130 2338 2354 2396
3328 10
537 1308 1622 1794 2207 2320 2401 2457 2553 2574
2334 4
401 575 921 1102
2107 11
205 447 792 795 820 1313 1455 1468 1588 1780 1801
2971 11
37 426 586 942 987 989 1237 1937 2500 2686 2803
3033 11
182 195 205 590 601 1746 1985 2223 2400 2409 2455
2743 11
98 200 601 899 1109 1149 1339 1513 2144 2211 2592
3128 8
607 953 1170 1512 1820 2321 2521 3008
3504 13
246 371 514 1051 1591 1696 2146 2197 2367 2450 2482 2820 2999
3739 10
22 45 1480 1669 2938 3002 3168 3184 3426 3639
3552 10
161 1508 1792 1805 2046 2214 2417 2547 2791 3539
253 7
3 11 33 61 63 72 235
2664 7
543 1161 1416 1535 2044 2204 2338
1837 9
173 210 384 736 951 1033 1252 1521 1795
1458 9
243 265 518 639 647 667 921 954 1148
694 15
4 50 55 176 194 198 205 206 231 247 263 279 462 504 636
4526 9
294 512 1174 2161 2873 3212 3496 4035 4186
3069 8
363 682 1335 1348 1353 2024 2431 2566
1697 13
22 94 100 260 482 542 579 796 885 1449 1586 1599 1601
700 8
42 101 240 432 512 593 636 696
4994 7
886 957 1161 2229 2771 4543 4799
4275 9
127 216 737 1576 1740 2410 2532 2934 4222
3350 8
473 911 1053 1260 1297 2597 2902 3291
4830 11
227 377 718 914 1741 2013 2575 2581 2835 3817 4076
4238 8
160 502 1211 1918 2030 2873 3239 3493
4233 12
139 237 299 1021 1082 1666 1856 2067 2258 2826 3023 3296
2712 9
520 759 819 842 1032 1565 1831 1863 2086
4684 14
242 1330 1638 1723 2334 2354 2559 2579 2803 3104 3359 4016 4088 4683
1982 10
24 37 178 598 870 883 999 1092 1426 1585
1089 11
93 229 273 303 304 330 486 515 867 879 1032
2134 12
185 454 697 824 1013 1131 1135 1258 1260 1340 1694 1808
198 11
10 30 51 61 87 89 104 123 174 182 186
2275 15
68 85 208 359 754 970 1343 1542 1970 1986 2004 2039 2176 2238 2247
120 6
4 5 29 61 91 109
2497 12
214 333 338 933 1438 1722 2015 2166 2169 2199 2376 2449
2493 11
94 418 466 936 1529 1793 1845 2061 2167 2321 2460
3338 10
735 851 1422 1897 2138 2425 2636 2970 3144 3324
116 9
20 38 47 59 74 77 79 102 104
2184 9
174 301 959 1053 1483 1558 1628 2144 2180
2773 9
55 192 480 616 631 747 1872 1888 2321
1335 9
378 672 762 946 997 1084 1127 1172 1225
457 10
10 42 56 107 203 205 422 425 435 443
1428 9
465 474 542 546 719 1003 1009 1108 1327
2117 6
71 79 256 584 873 1561
2596 12
2 252 321 476 686 1028 1515 1605 1644 1851 1912 2231
2288 9
405 476 508 685 1005 1476 1525 1834 1897
629 10
37 97 106 195 238 386 447 467 515 595
1942 9
773 1287 1314 1320 1537 1680 1693 1830 1864
4977 6
1054 1396 3004 3951 4247 4320
2356 10
101 292 414 661 688 882 957 1401 1451 2210
4617 9
67 774 1393 2496 3667 3712 4083 4121 4230
2593 14
77 197 309 488 625 687 735 819 993 1199 1355 1376 1957 2537
58 11
4 7 12 15 17 20 28 40 45 51 56
3168 12
67 358 378 825 887 1030 1178 1617 1804 2405 2581 2973
368 6
36 214 232 255 333 335
2853 9
658 700 1040 1160 1715 1798 1804 1929 1997
2156 8
225 474 475 872 1142 1922 1978 2057
1626 14
137 181 328 347 380 495 633 797 806 848 908 956 1070 1556
3290 7
276 480 731 958 1353 1640 2420
592 9
50 71 127 275 367 442 459 474 483
3445 13
625 905 1032 1332 1920 1924 1927 2151 2323 2539 2830 3277 3349
1300 10
27 29 339 436 498 749 906 1040 1042 1284
1886 11
131 411 580 885 1000 1272 1296 1410 1499 1830 1881
187 5
78 92 107 136 145
3460 8
291 558 1418 1453 1628 1827 2590 2757
1673 11
53 170 209 436 579 706 818 1214 1220 1503 1613
3826 9
195 267 746 999 1827 1861 3129 3245 3814
238 10
9 17 120 144 148 168 172 174 187 207
2450 13
189 191 612 626 796 1427 1524 1983 2010 2092 2222 2273 2434
3178 6
152 673 1573 1916 1931 2990
4207 11
52 567 821 1407 1751 3283 3341 3344 3639 3706 3859
163 11
8 27 41 61 64 67 95 123 131 141 152
1478 10
8 64 341 521 958 1349 1368 1373 1397 1469
3092 8
420 1150 1151 1393 1813 1895 1898 2717
3550 10
165 169 332 850 1376 1681 1694 1849 2370 2980
1275 11
110 238 535 750 817 846 899 908 1154 1220 1262
1540 8
117 138 335 585 693 1025 1388 1445
3411 9
465 547 1220 1868 2368 2448 2838 2876 3407
1560 12
75 145 241 453 608 678 691 766 858 994 1076 1388
701 11
26 91 122 131 188 207 458 465 531 545 641
3292 16
46 50 230 303 613 709 787 865 891 1133 2287 2542 2630 2647 2674 2695
1920 8
235 681 1031 1343 1456 1482 1497 1647
579 7
29 112 211 330 392 521 554
1730 10
230 271 280 339 342 508 1323 1481 1544 1711
134 6
9 27 70 92 117 124
4184 6
662 965 1332 1897 2662 3025
923 8
31 253 407 430 468 476 724 778
3036 9
210 528 676 789 859 1348 1529 2679 2876
3924 11
483 684 975 1110 1177 1836 2090 2556 3008 3118 3841
1202 10
77 185 215 467 702 760 870 1180 1192 1195
3639 14
406 485 807 861 910 1081 1162 1572 1834 2399 2496 3303 3390 3604
3189 9
278 704 1398 1789 1903 1935 2067 2475 3165
4004 6
66 574 727 1029 1576 1991
3916 10
561 867 1624 1992 2093 2547 2947 3152 3406 3637
1684 8
19 374 387 819 864 1168 1363 1665
2383 12
159 266 444 826 977 1317 1363 1378 1543 1792 1965 2328
4431 12
180 530 816 884 1116 1548 1565 1608 1920 3859 3895 4252
623 7
112 170 308 376 401 493 617
2871 13
38 436 563 991 1192 1515 1761 1954 1971 2123 2460 2483 2761
4355 11
1076 1213 1391 1919 2662 3050 3166 3413 3454 3873 3969
4029 14
669 688 806 867 1234 1737 1823 2476 2763 2969 3280 3483 3656 3933
2365 11
22 143 267 676 1016 1588 1635 1796 1926 2042 2181
3799 8
385 981 1144 1435 1531 1959 2548 3663
4356 10
1161 1351 1384 2361 2483 3493 3539 3924 4068 4332
4962 8
524 1690 1856 3028 3437 4070 4287 4457
3646 12
39 56 58 188 201 390 542 660 1777 2144 2737 3447
3658 8
323 602 705 1345 1430 1916 3157 3566
2672 7
232 756 946 1122 1453 1487 2537
1716 10
490 714 770 809 887 908 1252 1286 1502 1713
1931 4
894 1040 1689 1829
55 14
1 2 7 9 22 27 30 32 38 40 43 46 51 54
653 9
14 150 167 181 400 475 492 582 608
1100 8
83 252 408 525 641 669 689 1097
2967 11
405 770 896 1231 1264 1401 1878 1925 2631 2697 2871
4426 12
605 855 1022 1595 1893 2620 2820 3027 3206 3866 3920 4302
4170 10
350 434 592 967 1404 1816 2619 2810 2824 2951
4960 8
211 602 1014 1359 1729 3576 4613 4682
2716 9
261 798 877 1179 1642 1671 2052 2258 2445
1374 11
283 285 422 475 536 837 859 917 1004 1013 1070
4363 11
690 1029 1491 1588 1961 1968 3894 3907 3963 4296 4318
3044 11
768 1386 1483 1935 1960 1980 2126 2399 2473 2862 2931
2319 6
741 763 1125 1428 1538 1788
1353 6
191 303 367 617 820 1248
4992 13
377 577 1153 1235 1393 1560 2039 2643 2870 3417 3641 3673 4218
2665 12
88 111 945 1174 1350 1463 1592 1824 1900 2120 2210 2561
3124 11
615 1508 1719 1786 2192 2264 2625 2627 2749 2997 3079
3482 13
273 497 522 568 715 726 829 1102 1148 1468 1558 2270 2311
1800 10
170 448 552 642 782 825 939 985 1308 1746
2066 16
56 66 177 312 315 352 397 481 589 839 970 1114 1595 1807 1940 2048
2946 7
1016 1446 1473 1587 2130 2265 2314
2996 9
468 471 530 764 1443 1614 1687 2532 2612
3324 16
388 754 876 1055 1401 1499 1562 1814 1949 2237 2560 2719 2955 2999 3004 3054
3147 10
9 21 614 1238 1345 1653 1676 1830 1910 3046
390 7
168 174 186 195 238 245 339
1044 10
53 150 259 301 354 516 545 681 978 992
1133 9
76 105 139 146 354 406 412 695 789
2867 9
491 904 1102 1138 1158 1633 2021 2371 2530
2800 12
221 300 984 1669 1697 1840 2171 2229 2249 2538 2624 2749
1389 11
31 127 325 363 458 525 583 910 959 1045 1141
1060 9
88 223 229 316 328 518 635 738 946
1421 9
291 330 370 605 644 670 1016 1349 1412
4070 9
35 107 635 886 1108 1724 2720 3061 3316
3311 10
468 1276 1433 1942 2120 2415 2545 2794 2831 3201
1649 7
159 261 839 875 1190 1473 1534
3581 10
1 332 720 757 1077 1429 2685 3039 3277 3331
3762 10
141 1277 1422 1493 1504 1595 1671 1805 2292 3071
3397 7
27 492 926 1284 1662 1905 3282
4136 8
1300 1457 1656 2155 3400 3745 4042 4124
3782 12
355 362 978 1574 2146 2154 2505 2533 2652 2774 3579 3675
2437 13
611 636 650 660 1101 1467 1875 1980 2058 2076 2103 2113 2184
2235 8
149 759 1316 1353 1497 2112 2166 2201
3438 16
286 319 327 668 679 972 1245 1334 1678 1723 1894 1917 2216 3105 3138 3164
4004 6
948 1089 1126 2489 3221 3846
2304 8
211 547 566 597 884 1008 1096 2030
4237 14
123 1302 1347 1837 1873 2294 2414 3231 3378 3413 3415 3716 3843 4122
112 10
5 15 20 25 48 67 68 70 74 95
4574 12
454 781 955 1142 1182 1828 2232 2390 2648 3297 3906 4473
573 12
19 63 152 248 294 310 332 418 422 448 488 532
611 9
30 51 89 95 152 210 293 441 507
438 9
58 123 168 205 287 290 331 364 419
374 9
39 66 112 123 191 207 213 221 294
4399 6
40 799 1788 1805 2437 3808
4345 11
1039 1196 1593 2383 2560 2728 2737 2832 3036 3213 4062
3571 11
60 1526 1661 1760 1878 2928 2953 2966 3143 3168 3383
2553 13
226 524 637 684 943 1139 1295 1371 1479 2001 2041 2096 2437
4126 7
1279 1486 1716 2226 3455 3989 4064
3367 8
723 741 1343 1651 2025 2039 3069 3310
3921 7
152 928 2103 3084 3555 3603 3839
119 4
52 58 67 74
3777 10
465 1202 1514 1634 2583 2929 3020 3479 3649 3690
868 14
3 112 305 326 582 617 652 667 680 715 720 780 851 859
471 12
34 92 176 197 228 251 292 302 303 343 351 365
3920 12
787 897 996 1268 1906 2395 3190 3200 3411 3424 3524 3608
4715 14
415 504 1418 1460 1557 1625 2341 2365 3216 3265 3454 3485 3794 4201
1554 11
163 165 419 619 998 1009 1053 1097 1208 1421 1507
2723 8
903 1351 1591 1630 2077 2251 2412 2534
427 8
2 88 98 150 198 232 298 303
3872 10
247 528 777 816 1075 1088 1720 3121 3455 3624
3296 14
134 177 562 979 1421 1756 1890 1914 2061 2528 2749 2780 2826 3167
1018 10
45 48 66 75 188 385 513 651 659 783
1420 12
116 189 388 440 486 682 813 865 953 1098 1257 1409
4611 14
286 783 1421 1543 1599 2144 2581 2585 3314 3511 3694 3721 4310 4566
989 11
70 95 234 259 345 385 437 493 822 834 928
1526 14
244 274 286 553 752 985 1128 1365 1420 1445 1480 1484 1492 1495
3863 9
171 714 2292 2294 3017 3290 3526 3678 3843
2514 12
552 920 966 1030 1044 1364 1532 1595 1769 1778 1850 2216
49 10
5 10 12 15 31 35 37 39 44 46
4574 6
575 585 1409 3526 4474 4520
2824 10
327 519 628 1016 1617 1808 1809 2151 2682 2756
3880 13
356 418 452 599 1860 2367 2447 2993 3595 3614 3626 3759 3792
1756 7
16 112 156 923 1000 1107 1521
4532 6
910 1029 1267 1271 1311 1345
4303 8
89 714 907 1045 1557 1880 3416 4119
4835 9
410 764 1064 1438 2816 3098 4227 4292 4645
399 10
52 147 150 169 219 220 233 265 273 385
2036 14
30 111 119 353 377 438 693 858 940 1024 1365 1428 1698 1784
2960 10
859 867 1879 2307 2366 2394 2487 2581 2622 2888
3196 6
102 333 1084 1395 1873 2808
991 11
14 173 203 215 437 444 630 778 824 933 981
2625 14
47 87 437 637 1330 1430 1551 1636 1700 1794 1875 2036 2409 2510
2402 12
17 72 116 419 656 944 1227 1902 2078 2150 2163 2175
628 11
27 224 281 314 365 367 450 500 506 550 623
2955 9
57 1009 1477 1731 1905 2138 2733 2780 2788
3906 10
136 599 675 1048 1122 1410 2076 3047 3524 3749
3212 9
377 625 635 940 1208 1676 2370 2808 3156
2514 14
275 497 694 705 955 1089 1137 1396 1474 1953 2334 2360 2421 2479
3154 10
401 797 1087 1128 1565 1682 1796 1968 2617 2866
1131 12
225 241 257 435 587 780 940 996 999 1012 1059 1076
1010 6
51 357 420 484 641 988
1721 8
518 855 863 1027 1054 1522 1590 1717
2060 13
394 454 584 689 705 792 882 1041 1359 1524 1647 1744 1944
2313 9
132 397 669 909 1130 1303 1856 1961 2310
3431 6
148 637 672 1084 2451 2988
3060 7
476 585 771 950 1150 1416 1876
429 11
5 49 83 175 218 226 273 291 330 347 387
1603 17
63 87 162 283 410 681 801 873 995 1028 1096 1112 1384 1411 1440 1466 1598
3699 9
189 267 1254 1261 1395 2249 2353 3500 3624
2140 11
135 391 559 589 715 1000 1148 1400 1696 1731 1948
1192 12
88 147 163 467 532 537 546 547 600 615 677 954
349 10
12 74 86 123 135 163 191 194 200 274
488 14
3 66 120 150 162 174 214 272 335 349 352 401 405 470
1634 8
286 315 493 852 1022 1094 1192 1444
4705 7
431 529 812 1164 1645 4238 4497
1330 8
156 186 535 762 902 1020 1184 1202
2401 9
277 541 555 610 1405 1428 1921 1944 2250
3369 12
3 106 218 231 685 784 1159 1594 2253 3131 3202 3362
4206 10
289 384 1572 1719 1945 2544 2637 2747 2760 3823
763 6
139 282 320 384 648 723
409 12
89 100 128 139 175 183 214 232 250 295 305 407
751 16
41 96 111 229 338 386 393 411 434 453 477 510 540 555 560 620
1326 10
40 362 701 728 894 920 932 1039 1059 1147
3754 11
576 586 1083 1443 1531 1700 2158 2786 2958 3301 3699
42 11
1 7 12 16 20 21 23 26 35 37 40
