16 98 1
7 12
11 15
7 9
1 5
11 12
4 12
6 9
8 11
12 16
5 11
7 15
7 10
14 15
9 13
5 14
6 16
5 12
9 11
8 9
1 11
3 5
4 16
15 16
1 9
11 13
4 14
5 8
1 16
4 9
2 3
5 9
1 6
11 14
5 10
2 11
8 16
7 11
6 15
14 16
9 14
3 7
12 13
8 15
3 12
2 4
10 16
2 10
10 12
6 11
3 11
2 6
9 15
12 14
3 10
3 4
8 12
2 7
3 14
13 15
2 5
1 8
6 13
1 7
3 13
4 7
3 9
6 7
8 14
6 8
13 16
2 13
10 15
6 12
5 7
5 16
5 15
4 6
2 16
3 15
8 10
1 4
10 14
1 2
6 10
1 15
2 12
2 14
2 15
2 8
7 14
7 8
3 16
10 11
11 16
5 13
7 13
4 11
9 16
499122177 748683265 873463809 935854081 967049217 982646785 990445569 994344961 996294657 997269505 997756929 998000641 998122497 998183425 998213889 998229121
