18 85 1
7 14
10 11
8 10
9 16
7 8
7 18
2 7
7 13
5 6
8 14
9 17
4 5
5 15
6 14
1 10
3 14
2 12
5 18
11 17
9 10
3 6
10 15
8 18
3 13
8 13
3 17
4 6
2 6
8 16
1 11
10 12
12 14
1 6
16 17
5 9
13 18
1 4
6 11
6 7
4 9
1 2
4 13
4 11
6 9
13 16
1 5
4 16
9 15
10 18
12 18
7 15
6 16
7 16
7 9
8 11
1 15
5 10
4 17
17 18
5 12
14 18
2 10
9 18
1 17
3 18
1 14
3 12
13 14
6 15
8 9
3 4
5 7
2 4
1 7
5 11
10 16
4 15
12 17
14 16
6 13
3 16
1 18
15 17
2 14
13 15
499122177 748683265 873463809 935854081 967049217 982646785 990445569 994344961 996294657 997269505 997756929 998000641 998122497 998183425 998213889 998229121 998236737 998240545
