16 81 1
8 12
6 10
1 11
2 14
1 13
5 16
11 13
11 14
5 14
5 12
2 11
8 15
9 14
7 11
6 12
4 12
10 15
6 16
2 6
14 16
1 15
6 9
3 5
4 5
1 6
3 16
6 8
8 14
1 4
5 6
4 10
2 5
5 11
5 7
5 15
2 15
11 15
1 2
5 8
2 8
7 13
12 14
10 16
10 14
9 10
7 15
2 9
4 13
12 15
13 14
6 13
4 6
1 3
4 9
4 11
9 12
8 16
3 4
15 16
12 13
5 10
8 10
7 16
1 7
2 7
4 8
8 9
3 13
4 14
9 16
5 9
7 10
6 14
3 15
11 16
1 10
3 8
2 4
8 11
9 13
2 12
936178680 865259159 420747596 414366174 997099351 363757294 555075160 568345424 761847460 567153173 198965195 689071305 865486878 88761395 366216950 770202248
