9259
36072
263
2
1149
4
69
99
1766
2
42
2761
223
74
158
5
13704
373
13131
46714
24038
94
6
1273
153
123
200
1
304
102
92740
105
244
3221
142
63
45167
137
236
185
69
264
122
1
411
317
320
3346
1682
14152
2473
42875
24
176
87
13362
131
8
7
63291
4451
36
146
2571
1494
126
9826
180
2340
25384
21
126
18953
4621
29575
35
183
248
257
71
149
353
36501
26756
34
36808
174
28046
7
15
48864
131
4641
49
234
43
1
283
209
66
21344
18618
212
136
7366
84
230
145
43
88
108
2
9937
5156
140
86
632
1
40
1864
57825
1
166
2628
6197
14333
22279
206
17
583
44
770
26967
49
112
33619
1
2597
15708
367
42612
17
8975
70
97007
119
344
23760
11
29097
77
191
10656
3
32976
44504
255
18553
131
22
3531
18357
40
881
110
11539
3
258
553
32174
11979
2061
10566
22287
192
6
167
134
56
2
44969
328
24472
402
2033
2
6190
2830
24671
15545
238
19971
236
73006
7871
95489
24
249
31569
144
31697
1
83
2
10076
39222
52
43
1
1160
15515
19181
73
28412
35880
93
1
12687
5606
203
1
4121
8660
6248
24762
90
148
50052
18357
7230
259
1661
13
37
249
1
22699
21303
43078
330
3
1
2188
12130
148
197
27
104
38
179
30
21136
3
86
120
20
228
7153
1
7337
1
36
95
1
486
5326
12
32
44
1
32822
199
26
499
34375
149
6
123
4
202
3612
24615
162
122
10072
18116
1
606
31
483
27
4571
17941
19115
27707
105
166
245
84
34869
39
29
235
23322
32357
2
10
10600
247
17983
69
160
77
22748
18409
26813
608
111
47
4
359
193
12076
250
61
46153
3076
15491
2539
82
2
57441
51
3053
223
2
334
16306
19095
216
22383
139
517
140
45
267
327
1503
19
308
36
44581
26765
38631
32
16582
54
30
271
1
1
1
274
61
7955
21817
42387
40
643
73361
19634
2649
3
704
854
686
5667
55
7999
222
309
64
9951
98
123
785
194
89
7405
57413
202
2518
27
79
450
1
2
19268
375
13316
227
10393
18910
224
190
11499
249
76
15055
2609
1
19475
1
2
186
3
340
162
113
24629
345
21143
150
2
85
1
50973
6970
228
314
4115
78
43067
86
231
1
971
52
20
6841
26
19490
1
3310
1958
1755
29888
202
965
3
113
1
37
1
23801
13485
1147
101
5
13
2624
1
1
45390
13866
61
70
27746
12401
88367
1046
3242
277
13792
11206
40279
1
85149
71
43430
135
11486
64
34
15293
2866
14
33
14716
9361
257
1
28
40726
1
3547
125
6179
1
58
1
120448
111
1
90
73
113
19260
141
88
1
74
25116
218
28499
2441
171
117
2
512
316
7466
51
160
3581
137
1783
3
322
16825
39
3129
298
3
26738
69
43
10318
428
1
1
313
21185
3
56842
54
13162
169
413
86707
15850
3552
2
165
4142
1
216
11934
1460
198
11783
132
99
84
34
28921
1123
300
1559
6200
1422
80
1
84
121
12802
48
13041
14293
146
25486
139
42
5062
28
9796
29
191
20094
142
1
13712
86
126
95
3
158
12757
1
1
172
847
259
3498
96
227
90
352
6448
181
306
2
151
4617
318
9068
6
111
21625
1405
19017
72
28342
219
5064
5
129
565
45879
1
159
132
21
1
341
101
53973
83
87677
4211
184
6933
13164
86
15403
1
206
50
4985
136
1680
134
3509
25469
1
174
111
11615
174
7463
4738
8664
18
252
340
2790
311
21645
20
8303
2644
6948
72
107
229
894
1354
58
1
2486
47814
273
972
29
45887
413
14083
36
5374
7217
15075
12728
102
90
20199
7098
90
759
86
1
1262
7562
20303
70
49
472
49
2
34262
6
13655
154
1809
4283
19860
9213
42
15
15776
8199
224
322
9640
2
79
115
174
466
191
270
165
10298
42560
4697
17
292
2491
1
175
23
133
80
745
87
17605
29534
13680
170
47
181
4337
110
2795
12372
16
1
367
30814
69
98137
58744
70
150
132
301
111
454
296
1
366
2
88
228
154
271
1005
265
32
8080
293
1
77
43192
3
227
171
114
9
20046
10
14
1
2582
64
1
101
2009
2
265
1689
13164
35
46779
977
67501
160
205
314
25233
1574
24109
283
5142
115
14495
469
8047
102454
30
29660
173
3046
4182
288
1
144
64
1
17962
1023
1014
3053
20242
17747
140
12
53698
14043
87
199
34
122
60201
10386
465
237
25
18361
233
58
49
71759
25
126
1
15150
143
13
26140
639
233
4556
9082
2
23986
96
298
2
17548
255
195
17
107
64
296
21
142
3795
18
81
123
52
192
279
121
76
1
46
314
355
170
1
16149
190
257
11828
10355
7
273
4046
324
25274
50334
50
9275
11284
52010
215
125
221
11
190
235
218
27
36764
133
1
79203
7085
105
497
19643
2
416
20732
4750
173
2
10283
146
1
2102
28
242
54272
214
193
31
59
18033
3087
3
11825
1490
93
215
100
51549
13
131
355
28647
35296
98
18456
62
84
39
32478
4
6871
91
8084
6515
3
58019
41
123
141
423
141
8929
36963
47
1
437
13905
101
1256
18230
15599
1
13490
203
3
558
3004
90
14271
862
87
13585
5331
6141
848
2069
50451
1800
28102
69
5097
103
1
142
1
7384
37751
103
7357
120
260
1957
1
205
1
5193
157
67
97
236
31
348
17303
107
181
6883
29920
168
2264
17708
42
1
397
2
124
110
17769
225
403
16
186
12049
96
315
187
3
11651
46915
52439
11179
32
96544
114
21511
24483
271
43323
1
7516
110
72
3938
574
58
2249
11
225
96
13001
2469
81
3
1398
99
74
1975
26988
226
19316
241
23435
11416
12205
19928
201
134
1
143
253
40468
28333
1601
81
14073
33125
6632
49677
10173
24744
98
60
116
116
182
2
14578
203
1636
18068
135
1113
138
160
65
1547
2
63
39
130
22410
43
4389
8680
167
4
152
1
360
77288
461
158
124
100
6887
136
2765
183
1565
339
3
13443
1
10167
56893
25349
342
237
26606
1644
2
61
562
7969
53
1
65
33
79
2781
51
36042
30454
252
129
12627
36
87
2
24605
46773
908
2137
186
6294
93
228
53
49416
300
40
253
11474
6
377
100
123
107
17229
447
167
415
262
1
160
443
30761
1987
605
106
647
2
3434
2
24987
168
17337
326
3356
1217
27
4042
83
185
17990
18792
4260
267
20505
8381
1024
17807
107
69638
159
358
118
9400
185
21191
1
3
170
8788
24168
17773
1
25
13212
443
51
288
154
340
50212
99
239
18340
4
2291
4
6487
284
583
39627
3
166
334
323
3
15560
39687
332
2303
80513
57829
10737
314
4729
17049
11051
27468
2
208
347
2
9457
499
43781
23534
16104
137
1
172
50
55
1
2
26663
130
367
27842
1486
35983
211
1
69
112
12762
9231
1
1190
782
84962
4980
1744
3076
1
11615
7468
2
90
47307
83
33
1641
420
4604
3
10
5193
1
195
31610
299
12678
33319
95
6627
156
142
4556
114
9686
21899
16789
2
106
117
32
424
63601
1
386
25
3322
40
2092
11326
7493
104
16539
325
6727
13
7380
58
16817
498
241
246
237
203
62
34464
17003
4486
27082
75
71688
73
3498
22581
358
242
4
223
50
288
55
406
199
3986
243
11439
3908
1
28906
134
25
99137
40894
26917
36302
144
2
10800
213
58
3420
512
63470
70
355
8561
19887
150
91
3212
4126
1
1
14
119
44112
71780
210
1085
870
6106
24245
311
86
4273
43525
34235
6060
1
4800
3
13940
352
334
887
5952
145
296
223
2605
4690
1
70
57
53203
1
8
4
45
6706
1
5084
2
93
10
50611
189
46089
735
1385
196
5823
31044
1476
16154
445
21291
5867
1
525
10137
1
75
129
74
107
3948
3050
61522
103
36935
52686
19334
1379
267
1
42198
150
221
34
196
24075
144
38112
9
4825
32351
1
63
14581
6725
1798
45
28756
101
214
9611
89
145
18930
1
13931
18247
216
210
15
8424
1
147
3
29164
1713
5645
116
9829
18155
90
1201
1
2266
428
42
40965
91
10765
201
4
43088
6267
13
1
40612
11958
104
68311
1
33
6114
214
93773
11027
1
295
131
420
1827
49731
260
32
17906
34319
2
161
172
4477
48
351
134
2883
183
217
72645
71
285
217
321
75
203
22762
149
12218
3698
146
20
65
11525
17001
3
311
122
25754
9496
492
1773
763
7166
37
56
65
268
44
24249
1
132
63
47
50
1079
735
494
294
1
221
96
458
2
230
27673
21916
302
1
26
91
12133
30
61
187
1846
13683
11169
55131
60
303
2779
386
5274
1033
12961
8
270
283
14
25487
23988
1
57
103
202
261
1861
7331
400
11525
122
26029
219
84
2
65784
2984
54
372
4108
399
11546
460
5619
132
8703
25723
16030
664
56215
53974
2473
256
4668
7794
12859
31816
2
11430
1989
2457
60
1004
52
1
1520
45675
89
1
146
76271
9037
39
117
7500
52
357
341
1
82
14310
18266
11173
43993
2999
5
147
37967
255
7741
17115
9540
25241
9966
26
135
8086
2
28
750
142
55684
200
104
437
20770
23648
1
2199
43672
135
196
13
73
6777
8063
1
87
22
16403
392
7290
19654
229
2
356
3310
6835
294
50217
248
34243
4781
25366
44
14674
44004
18480
46212
5907
1
64
206
157
42
6
265
104
152
84
34870
20998
9547
224
131
1
185
27723
184
4
4
8603
9537
22376
9055
173
12273
1
2595
37686
285
990
1431
18563
9941
10952
44231
1
89
14404
31635
4056
109
3
11214
44640
58353
83
3106
71
8439
359
74076
24610
2803
271
17375
3
34088
183
356
77
388
34670
296
1
710
2945
18
1
1639
11348
192
360
57
14757
148
61
249
144
366
26
58
409
3518
86322
338
2304
3
32
227
145
67085
4
35251
778
6953
4
1
110
13881
20659
684
1
19
68
353
402
19
54708
249
236
313
1
116
1
7590
71355
524
712
30907
59502
10
331
175
70
816
29
55
11492
117
3
9257
4889
105
195
76
26481
84743
363
145
32072
13190
26240
90
12897
22327
1
85742
20541
44
2
120
12704
526
347
3069
2
121
326
229
182
30107
145
3261
227
306
119
52
27136
17981
1381
1
99
180
92
68032
85
2885
225
1792
20525
1
8852
9
29663
26991
13958
17769
12796
22
79
174
15204
1376
325
169
614
42
115
6363
58
20311
146
26159
28276
109
4218
46861
33954
84
103
1
3617
21
78
9807
694
15
55
202
84
3853
108
3757
1
411
48085
385
20241
12059
33055
123
187
269
77
5858
7153
90
7
344
19372
11363
31698
211
708
84
4
101
1517
3
1
186
2
2692
81
10490
60
9
305
7
97
14906
47061
56313
36
1
125
432
3940
9
1
14810
83
87
6458
35678
48775
14858
35
62482
67
1686
29
57
33
198
101
18271
9064
179
7700
350
7005
48
4920
6465
103
54
109470
21
87
183
3188
449
43590
18631
83
55683
126
230
3149
196
26771
338
143
51802
65
7067
318
89
340
201
2
14262
270
25856
6222
64495
10821
25554
44151
1947
17
1492
196
1
148
167
4695
6
21613
1338
7144
1916
2
19089
123
42
143
4044
322
19179
303
39
1827
193
4
48442
2
8280
40
16793
13129
239
20
3
12594
6312
1109
453
69
91
20479
669
141
18482
34
124
46263
26123
29
444
263
61290
4
182
1
43
36486
1
488
60980
56
1
129
1
822
38
11
82
541
48328
30
5
4921
99
2
308
234
1345
94
13
341
146
302
169
4
57
39
108
94
65325
2597
26
280
39
2927
37717
265
2
16351
78216
367
10990
1
759
28289
3
5628
1
5
58
33141
154
56629
1
1
17598
4374
64021
4624
398
70
65
153
78
92
42207
86
49
51560
394
2713
273
57165
178
56
2893
36758
3
12836
1
232
8615
175
16612
1
2
264
155
6176
6
7
282
295
2
47722
11893
1416
2273
69
7180
5478
1
30393
37019
137
235
355
9275
16171
100
236
36363
22
85
12632
1
158
38
11
1279
419
151
27627
5
1804
97459
6099
79
75
3542
41063
1
45
252
3977
35
2482
13535
1100
3091
154
66900
15
145
187
908
21573
194
11995
51
295
50
11
16663
463
183
3
61
85
103
14872
74
89
14478
26610
277
50321
23929
12074
88
104
171
2159
7765
28402
56
2045
4004
179
102
37393
156
114
117
4418
250
3688
21635
49322
12538
18
1
120
1
1521
39849
1008
63
7713
983
32005
9
8129
1
3
133
86
297
192
227
252
3653
97
35
411
222
6
1
97
13626
421
123
22557
22191
13
14011
93
1
440
18110
12859
144
23
79
293
275
191
38
133
333
7410
20
188
29
188
22974
6285
52
37
6740
4433
98
114
1
22309
1
41
753
81
281
4
9844
3675
11804
12466
310
385
1
30844
1956
5686
29454
23219
23676
35971
2
35744
2
32988
56
19158
14673
53
32423
1747
3073
11783
3
108
14216
236
300
106
52
108
6465
5
1
96
3
294
1902
1
49123
413
67
2625
35
315
102
8614
726
38
25137
38791
14175
7708
26725
10183
199
3
142
9126
29995
116
143
5244
737
9236
11309
340
3837
1
123
9956
5385
2
4
111
4428
15757
484
22
324
58
22405
487
7
104
2
197
3933
5089
144
6170
1
66
77
43233
1122
143
71
12673
7500
3100
24084
288
147
165
2222
18671
3445
2
232
339
13
10
9263
153
47956
6
1
32442
2
1377
1
1919
36
135
5458
43
76
5455
146
4901
14758
2846
73
18792
100
2898
259
1763
2
65015
236
61322
12879
149
39
41
118
4
485
23
813
2
203
11682
194
33
1
165
11344
132
2537
3
42385
27
39
27418
177
67
55
13430
84
104
143
25776
44076
47005
113
5570
6229
4
140
7446
1244
116
112
3026
227
28
8809
24811
152
134
210
3679
3533
4041
169
4046
47
302
3
10663
77
22590
112
18825
304
294
8059
8665
5682
2
5942
26932
52
8856
1096
191
144
1130
113
2501
4570
1
4259
227
1
3583
22
671
140
69
2586
250
2856
389
23762
16135
14921
28131
11
557
19
78790
17866
364
335
405
47229
12732
12428
23
10065
24555
23178
7047
67
4578
120
28097
12452
2
133
154
49
216
24700
11478
25375
244
4567
313
220
417
3
193
1918
15327
20085
24651
1449
75
116
3661
4
178
90
1
58567
50813
2
100429
442
93
19785
209
1059
7042
46
59
1
23
70
130
305
366
54
2169
10554
6921
5069
12300
10454
47
293
216
85160
67
1
80
95
2
259
8503
266
60101
14642
52995
174
20813
42515
5
172
210
2
1
138
13275
203
80797
37
74
414
11386
259
6995
54
6635
3606
2522
1774
173
84
19531
2
29467
84740
5777
111
2374
13892
12952
3705
14
240
28
326
12247
5784
71017
188
209
9033
1098
75
34
3
11357
96
50
230
89121
39
2
7513
67812
152
4544
59734
10947
154
1
3889
96
1
185
119
1
6
1
10633
1087
26939
409
1
194
1
6235
325
270
75
19839
63734
387
6170
40
67
11633
35
2
109
12232
4383
6807
66617
1278
407
244
15794
4573
30
26
859
3
15
75
1
54
472
65
10172
174
287
207
11165
25
43054
10626
6550
2
2985
4770
5
8
18869
9567
16696
1
1142
177
43333
104
94
1507
3
198
1937
1381
97
21028
267
25711
33961
1684
102
1196
21519
4
1
56
32928
9
1
194
45
170
1
36
42
129
1
84
109
243
13
4301
23774
358
120
35
5213
42381
337
2
16
1328
65
86
10035
9700
52345
123
36268
48871
34
10978
61047
9147
124
231
17619
68312
3376
2400
122
68693
4138
192
174
5460
15013
242
114
72267
14296
2374
8
22203
58693
70
1
7400
73
4932
55472
70
93
7896
1
95
89
125
1
92
39
361
5142
28187
3
293
324
20484
3
10304
162
175
13432
364
3
12860
31597
16929
169
5144
42253
30858
106
4234
36127
48
183
64
202
379
2
245
13725
1465
1
30209
73
140
12432
139
80161
2
53
1612
4911
2
1
81
3295
37964
1
705
84924
5
41
157
137
14667
20737
2
6
1
170
269
30026
1
14386
11342
35081
1
239
1
2
168
389
8626
1
275
2442
219
1
3954
1341
7049
158
118
1815
10520
218
20733
96
99
93
185
3056
241
235
1
259
378
102
165
171
16361
66
334
28589
34
9127
30
11
63060
7773
17684
437
4596
22211
41
132
79
4169
3
474
261
134
208
6
12074
11327
1089
26
2339
145
4090
2270
243
21578
1
403
19240
12
4354
222
43
21639
56799
1364
63
46
1
100
13387
176
1
51
121
4041
4
1469
24396
4
97
31592
3
3
28341
346
2
11675
504
142
128
65
60
6
62
93
104
28765
86
197
5646
1100
110
27278
55148
40411
13386
5243
32
9256
5930
1
107
3
229
188
98
2652
14
203
7
352
20
5
133
49675
2
1
46309
263
408
15
7
298
13587
4209
5833
1
1
284
1
286
77234
279
180
9
9
28618
18
2
12613
1333
268
163
30725
74
17461
28
1161
12676
12000
272
1
15698
423
106
1882
3063
171
11363
16098
18228
126
2972
267
16792
229
170
219
601
31719
29
22803
150
222
63856
1561
75715
29
145
119
10872
9151
2710
112
234
1
54
19252
5441
235
11955
115
245
79
1
52
1
1
3
5008
52
211
34
245
37
39
44
5279
72
47
59
2397
22781
154
102
300
3
13
15
6057
20333
398
118
382
88
36
240
1945
34144
32942
2
519
8485
28954
30817
67801
2865
24731
6939
161
306
15378
22644
295
606
276
7034
1
7662
199
356
3647
21652
161
1
704
44
322
2129
1
27507
28964
120
233
235
1
9064
11975
1
133
21893
451
3962
15484
120
23682
136
91
2989
136
29
57
3166
50
222
26
13591
27
211
516
371
36
94
171
66
292
9835
34
178
8259
41
1
24
16082
2
209
44
6118
4
392
101
56
421
19107
6
1
1291
10134
3
6559
43
52
286
244
10904
132
23041
961
2
38228
39531
313
6614
177
40
13780
14
23
66176
51911
76846
3
27046
12871
158
14339
279
32949
1
33
81
13385
228
99
2618
292
90
399
1
56651
140
9532
120
7220
1
41895
7133
502
52
90
106
4389
259
270
20
10231
3
4250
1
187
11383
2424
512
22
331
52821
136
6
3
159
69
23
3008
82
39552
77
77
66448
147
29014
28113
70
176
1284
193
131
152
233
216
22775
8247
110
1
3
25
38587
26532
210
13
2390
100
1
3307
322
1376
10254
225
146
634
48027
95
259
43
1065
54
42966
12926
5761
376
8615
174
56
5193
2
373
315
19133
101
25109
217
52404
187
1
42553
12124
190
8
40
7282
266
78362
300
14810
244
354
228
1
87
182
52643
1
60497
12302
4984
47
74
17257
55260
44032
1
31813
29
627
117
277
162
40697
1
25444
3
335
23153
11693
2821
371
86
16665
1
1059
2
64057
17598
2706
1
94
4057
29163
3412
60
47
1358
2955
117
12774
87
165
5
41012
70
75
145
166
40
2537
46
100
3
7451
33837
309
152
35268
697
2
214
7161
53
3566
17013
2218
204
200
2859
7474
345
2
15219
1
1
16
115
32010
16140
181
145
8013
212
188
28
17259
17008
399
15551
45
74
6896
1297
570
223
233
39
15394
266
2178
503
8003
19696
27
8924
317
16276
3
64
226
464
57
5299
87
515
80961
146
178
15288
159
5492
172
4574
1
303
29054
133
119
526
4221
20
10415
2
1
2125
262
179
12
138
8160
153
363
190
4
28851
22071
41
1
17118
20249
13954
210
1939
1047
16407
1
366
1
186
22541
8541
617
163
1
216
10980
194
61
265
270
2877
164
57
92
30707
67
8165
171
3781
9
317
1
14826
7041
35
14083
3658
579
364
49
105
36
1314
177
271
199
227
82
157
91
8765
37766
8
1393
82
69
24207
453
324
223
1
264
15
1
121
130
3
131
48218
19665
186
3069
2
55341
78
81
473
42704
1811
116
245
2
10228
101
185
20
5
269
51
149
72
161
281
217
33565
2
4773
34595
42298
128
274
414
319
11689
57
19912
1
223
293
87
17105
3
135
15127
28
195
2
185
33
17568
217
32791
203
23856
4127
9415
112
163
23607
30
38781
42600
1
341
42313
23
33695
3
83
17063
146
43248
183
4
36076
383
180
21403
43
3
153
128
99
30082
59
53
23
38436
105
3
257
189
41
85
11849
3365
1985
35126
126
10820
1369
13
5921
5385
26
2061
11835
99
231
104
1132
102
2675
21
20944
27
242
5747
63490
3193
149
18847
5994
20701
74
4906
2914
52412
154
11414
366
142
41167
1
20676
19393
405
1
26891
72168
24
1381
51
6617
2044
95
14
22870
1
31150
11831
46155
29
82634
42553
188
485
43486
122
172
140
5
5779
7016
3
321
18524
23067
19845
69
5791
259
12609
229
9242
46
51
66
253
3
7
327
19266
108
92
6230
168
50493
1029
31200
400
18073
22472
246
3290
4813
119
218
191
70
57
165
282
7143
37186
1
69
45
4531
56
1
187
1
96
6996
32417
2017
3
161
2
44709
173
11
1272
29735
207
2
401
1
27
1
177
121
193
11
6501
15590
246
307
9320
187
7415
16106
15396
149
215
42548
181
2692
12001
21291
30
105
6
183
223
279
127
144
122
551
26966
35455
5541
55149
392
18
15
2
1515
1114
699
87
29605
78
41
89
12461
270
18
98
84
241
7030
1
19851
32815
2249
1
349
1423
16346
10279
23
52
3517
1
164
252
51374
4042
1
9865
216
10081
317
2996
20879
197
15661
7879
332
280
50
168
39
10005
26265
9
164
8717
1
4347
78
1814
63394
129
195
2
454
35
4
300
137
29058
265
24367
82589
2
5073
30667
1160
1483
519
287
15571
129
22510
1
60
3854
9479
134
2092
368
165
118
128
36
19844
369
15146
12793
50
206
2833
63
1
23841
4909
357
25182
9
4415
117
7835
784
45
1405
28996
42
47
217
9713
6750
2
21
1
69
690
280
9490
7
128
71
2
12390
108
31236
195
37
48
180
13878
16353
6852
8
155
18044
14592
269
1816
1
22
7827
7466
133
40
37
12
35
5577
153
4568
5260
31113
379
23179
216
2
52
24005
79205
230
44217
191
11287
198
103270
23839
547
3
785
72
6179
63
4436
125
1
1867
353
2
1400
4115
1
22452
4
1
299
6
187
60
16035
3054
3
10015
2094
1
17701
3850
186
826
11523
153
36138
2220
72098
265
13
157
47824
4024
9317
255
22101
2434
99
11401
787
1
2825
9510
224
8
6285
162
21427
38101
33
379
113
359
32662
20915
49
6309
77
6895
202
40108
1
40853
308
2
168
54
58
45
17530
813
44842
1
1
184
46632
69
4942
191
69
394
11
67
1295
191
17422
4073
1
37
21
270
12
77
12811
27037
215
7
2
8238
34
227
362
675
359
81
342
26295
7932
13043
9
10748
36978
358
31552
305
5568
5726
91
58119
18420
4214
44
2
44
30
60
16
1
5601
2485
3534
10539
5422
8156
6955
112
2
3680
1
1
14
5082
46
1
107
34
1
91
4289
17995
42229
26931
871
21907
358
1
8801
5440
1008
19
81
1
134
143
116
19526
80
50472
66610
7961
21354
14529
1
126
196
8576
13338
163
127
38
256
111
259
2
14917
3
164
246
170
1
436
278
149
224
9271
36
69
253
21067
2714
256
57
11244
279
460
2
124
30534
474
197
9531
127
25946
22137
129
6396
9784
21489
16
2
1042
211
456
347
228
67
16708
246
224
65102
196
10559
23487
113
4507
206
321
48
1737
100
166
138
5734
19620
9418
31
15761
1
40023
5
2894
2
6665
216
96
40330
1
3
1
88
1
6096
68697
6
435
174
168
238
1338
4187
156
12358
14758
9
118
6028
26624
3378
279
15265
397
33
86
22572
211
258
64746
189
28765
34205
5
1169
3
52
73
12
21474
2003
58
437
7996
153
25641
85
185
126
738
486
46
5659
51
45230
35
147
335
35310
4057
500
1
291
201
2
22193
1637
8872
166
26324
4
9576
4
35
11772
4879
352
306
24872
54
2722
185
4061
12269
141
175
6561
32
21280
190
37514
204
12
9570
1
26270
278
26821
65179
267
1461
155
2593
545
3114
2088
8
4240
1
17971
49082
10191
3
240
66
2863
2194
22561
119
210
1
2
8556
1695
45126
5196
153
53
57141
1
14064
473
1
2
58
208
199
12
12078
45
7545
6912
3
7136
316
15272
125
65
14118
4039
13869
91
2
151
6008
139
622
26273
78
66483
28
1430
10333
157
42168
2
25569
34
14590
1
17645
192
7236
2607
24273
21405
1
21032
31702
1
132
25779
275
130
14
160
40340
3
203
73
5928
146
4643
3747
16113
67
2
8154
4
56
87149
4
104
2638
75
36089
3
48
309
199
47
474
63
1
245
3
330
280
13820
25457
2
2
393
232
183
164
67283
8792
29958
41
48355
9525
3603
2
3124
73
118
1574
6
6309
5562
2660
98689
51
3485
8823
152
301
10
15245
23
67
1
16488
63
32
111
68860
18744
12562
11824
61
234
28765
176
8
17
26983
8026
198
852
57
33930
343
4938
81
141
17
55
4152
44231
201
167
16999
179
100
1715
52
12
91
1
3
50
3
82
91
142
2
131
338
109
5362
2
81
130
138
313
425
250
6677
93
2585
367
239
40
4
12364
66599
1441
14235
34145
27957
3897
1064
1
21599
7286
16196
20897
602
47
52
25
3
98
24615
7632
126
14712
149
14
240
3105
58397
12362
2
18644
1187
14561
3
1
101
15207
34496
193
42330
533
3
9
63
5596
1
105
27676
174
2
857
66725
310
5737
1
12
2645
43947
4248
23806
6495
95
135
48524
3
65868
307
15021
89
23329
49
10530
9332
80
2
37
31
46214
23
789
60
1
61962
155
112
73
368
1
4190
51314
33
1
82
318
3863
713
61427
4846
186
133
136
204
47052
38
1561
165
3803
2
20271
2
11198
83
452
6675
9800
11811
56
118
487
224
4
18306
377
28
8292
197
1443
12
386
10217
25380
1236
23614
7499
92
4906
65116
491
158
88
28042
7018
97
31073
3684
239
4482
36
197
10909
1817
248
7822
2
131
4
555
1930
120
2411
132
18184
184
4418
753
14879
1
227
266
126
275
35
12498
226
144
5674
5732
210
5523
193
13
78
63423
405
2331
162
362
355
182
345
34
25
419
79
99
3
116
15
2454
172
127
165
1
3536
62
41463
4
14
3196
262
6323
15
362
8032
93
1309
185
277
