54915
274
23
609
157
2691
126
462
21565
1113
5
23
144707
4830
885
128
4
123397
1352
147767
548
3421
11
449
567
2
776
208
5913
835
1121
888
94104
189
2647
1606
46
147298
1958
23990
2102
2804
430
14910
123517
2880
1462
6
46559
616
187072
32415
15
21959
258
43684
45726
231
515
39534
95785
18349
915
688
6250
19438
2893
113472
1111
3577
385
1128
445
1762
5593
134981
136332
130
25679
25698
6715
46576
35248
3582
18
4534
24480
3480
417
775
1230
110
40135
2118
1116
17304
37602
657
1562
668
778
4398
25
58
1870
109
46
2446
24
3908
1337
25848
39593
875
22368
154
189
27
5
157
12515
19919
99875
28889
193235
10587
6160
445
172954
1426
21
1391
44808
789
35945
566
100
2343
228
239
66171
1074
1292
48
300
449
1900
622
333
13
178
8427
41082
63120
861
273
3344
7433
109629
56700
618
1508
41
46069
6907
552
988
791
33
1785
25803
1392
5
16006
26657
291
475
871
910
1716
20760
149596
234
5231
135
25140
3876
89231
104260
48311
88
124
452
383
697
539
31
5947
999
39030
593
248
61161
1269
315
179
1483
665
720
3006
316
9
34708
924
328
3620
146
11032
1198
41
14
13
238830
550
59305
498
733
33
7185
237
61073
826
397
2708
64986
196
1166
48061
70860
24
10
38689
102
217
4638
40346
20
30033
2803
167702
2043
48071
17379
1414
1597
6058
63602
49936
73421
363
3206
804
437
43
1079
94263
88763
103
2787
72327
269
3140
13995
1984
107355
396
2294
1457
207467
5
236
4541
22082
132567
279
1128
1133
749
52244
7713
28303
2435
2409
21995
80
20219
18
124263
1033
6
28
1899
1793
18165
11165
39
18160
26
144008
302
656
14
17036
4233
28537
706
14
501
1462
136
25
129534
1456
2783
61875
82657
682
1272
4220
9506
174
109926
11446
21
12
28
788
244
14790
1049
74966
1866
60
2346
17297
433
3517
150
62052
21933
36616
23672
4207
3351
1641
72218
946
1212
37304
87266
79323
3784
1
1652
2401
4652
9
9
82329
865
2387
5781
73
356
35
1136
175
17792
566
3606
1145
542
572
279
33
886
148
34
111221
921
45216
10694
15
926
1865
74179
1601
1334
50558
19
81
50477
4107
9
474
4
1239
19182
1298
32285
44820
436
9
377
193
9108
124
10237
24
54487
299
603
2221
1554
2
84
547
24
25208
1343
332
1284
1442
7
2380
61256
155
1649
2244
39536
525
4574
18725
63051
7509
43147
84959
139
7
530
287
142
41
22
2903
48467
45303
23
4486
11707
6715
152400
449
699
15994
62045
4415
74397
67224
311
1226
146
21
21
20
128728
13538
2507
56299
21898
6252
32005
233
32353
609
50
114147
883
1405
1765
611
25
43126
57
3859
186510
5
2791
12029
16071
3583
163137
312
28215
3397
436
12135
22360
2136
1372
910
11025
150
2781
27682
16677
36
2791
705
28
229
1496
19089
8
1346
66684
1468
587
1852
5
409
35432
1221
283305
54171
179
3
73442
619
370
72376
55892
16
41772
2620
31
230481
30
1285
35222
3980
57161
2247
7
18426
61593
1747
284
128780
46
28584
14974
2557
2322
2817
216
43019
17812
25
853
1813
15
1174
44
699
175
29
989
143969
279
61150
53759
107479
3934
14
7044
668
2433
346
6853
26589
248
80443
255940
21396
908
1867
8820
35204
6845
6
21
614
100
4540
4450
4254
40143
216903
72573
114
528
3846
14335
2536
833
191
5135
1200
651
301153
212268
2842
328
2498
728
10669
15467
1386
93
44
131
21286
335
3914
341
243
1199
3717
22
6421
213461
757
2298
38666
22028
517
4191
34003
27100
14336
6
20203
5142
2201
27
12554
64567
6
421
19
96262
453
46341
44
17924
10445
30850
2659
49
267
10242
13773
8
377
52
4076
255
3906
40
741
3992
64237
125
187
4749
4615
27667
238556
2108
39220
8
1023
2858
52771
131718
10290
5565
34408
27057
478
662
16
60
411
12673
22
644
103401
25565
1684
143976
28676
49
119958
2165
24
9609
372
174
5528
11029
2533
4
1652
682
732
1257
139502
4971
410
930
1366
376
587
9
2185
88
682
813
769
13829
110693
2140
2267
32
48
3379
19252
2806
3176
3339
8
845
1026
4920
3774
22
212
66830
29
160381
4
625
51233
115
44
5122
174
562
31693
19071
1172
7
38064
20052
55
95990
666
71729
2695
1
68295
4
18553
1587
24
24
11081
528
1208
31239
19461
37898
15
545
32
852
2636
176027
60363
20
2583
1888
2023
1875
2774
534
49
11
42415
1138
21489
4965
531
25368
1895
1382
430
13094
4
374
83917
59
275
1156
170
61
115978
2375
714
9315
1320
9438
8
1010
1495
2107
620
6163
7183
109
10810
2333
5181
35724
1762
46576
66669
74464
174
219
74822
6942
5565
49057
871
177116
3430
1280
8
44650
29
206545
19
129510
788
2369
5017
8039
17
59155
292
639
1102
4059
1728
13963
29
225879
16469
12831
19553
771
199664
142618
766
148709
3267
46604
653
799
1862
243
88551
1420
37110
591
3886
4
2472
4
1066
680
5849
260
15215
18
984
67805
80759
17809
374
29865
2
3521
19575
2477
203
111830
22941
27837
2819
567
2474
820
19836
82627
552
5569
77552
144
63017
3260
3163
297
12950
2054
16913
1045
1601
858
20652
188
25237
229
164
392
226
23375
51
77288
856
21734
3231
104588
933
9836
44557
11680
17992
342
21856
16217
3414
7562
3
11180
10423
11559
196
19
6064
518
1780
36
606
7
888
88
192547
1521
4785
323
27
8832
2553
44025
928
10373
15
17
2046
21
138
134328
37548
92014
75212
1391
7446
75614
243
2974
15
14
22101
225
416
2715
26189
2571
1199
925
24050
3195
21558
6787
3958
83865
59637
30866
996
48
28616
1140
46338
224838
2673
9248
21980
83992
615
1501
1537
99883
4
81
23
1688
8
192
1740
47202
32568
84
693
29
135894
116
580
121720
41181
32906
25850
972
3008
252
314
268
66337
27
2191
3446
708
22
47
8970
33516
122
44405
100295
7
4
1237
37396
524
56
36
16365
16643
550
7061
1657
28906
14960
91
683
118
12
535
1089
89
605
254
55
14565
3534
846
17
9610
824
23579
37
978
21933
11212
1136
957
3524
696
58204
175
28261
2191
44370
147821
79
1543
173157
58
134
121
6596
315
43026
40
9
231406
1094
20
2923
35
87334
47237
37936
136
970
29
174851
930
492
2398
1718
760
3
557
26
408
4410
443
5108
17
93
776
61
577
10717
669
63172
481
485
15895
236
1924
62661
1584
1330
786
452
2880
103
2276
628
81194
387
17483
440
5431
337
15374
805
48809
38203
19
3404
60759
38869
110078
949
42
3056
121515
1102
5758
83174
3546
494
109760
76
579
606
126
25922
224
2946
66637
1117
5182
25109
7356
4
1040
1561
1382
1643
127162
818
188390
31849
6205
25110
4033
28
80919
26730
127409
21597
555
13
23272
41097
1156
766
295
676
2790
36
21943
3899
70
23217
37
726
2656
3469
477
276
229
1795
45
124
56301
4464
7
207
3170
4838
423
24874
52048
2929
63
505
204
9827
3329
686
23081
111749
21343
969
29109
16516
137
2669
7
1241
50789
2553
21379
228
1336
3581
85143
4800
22615
12
2286
51908
31
28
18731
1064
81
984
2037
27808
189
7796
1120
16343
1186
94757
197564
466
28
844
16295
3767
38268
27761
74317
183
109052
47830
9
2937
43274
47692
2369
627
47
138535
82993
104177
14458
58
139579
5199
1003
1343
70
17355
222
108389
7
55922
15016
85
722
78572
104010
15495
2053
52770
406
95
3163
7
152
24586
1079
1587
391
740
131041
27
2254
49918
50852
878
14437
38051
619
26
1670
1239
2414
483
5
35152
70514
178
6
411
10
205
448
8408
628
6
1913
513
41
18
52840
47
99938
175787
96
1944
504
581
142590
4889
843
1114
15421
1526
336
481
206283
2621
1075
42560
14
41284
145
1265
29
69039
42
1519
116654
9
140333
44867
34080
42
413
701
20
24
22722
36161
142272
180303
1255
23
701
1997
85966
264
70679
199
151828
730
4
2791
492
3243
130805
211
1
1402
5
684
32
4458
430
566
14160
15
39
43
10134
8153
24
416
28297
189
5
11
530
122918
622
2917
2711
66395
23299
1329
4415
12
1375
1929
304
343
350
131334
75067
287
377
36
18
51462
61250
35492
52
394
127497
1980
49608
162512
34211
834
187682
826
2057
7958
84
11010
38440
52
51
111
88
49363
93950
347
16
1161
713
368
1056
18
5090
170
85306
199
63036
3015
3964
364
35
9914
97900
1405
208
848
2137
35121
28336
1076
4
22482
5606
90430
9198
11976
2327
17
6
2535
66
1533
795
4232
10138
1458
630
157
157819
1295
752
1606
45
404
29
389
4460
4025
5214
7
2114
14
11961
173
121747
567
673
1100
94865
138
5
27267
2245
10
16
134281
241
466
5561
2487
1173
3941
365
1545
217
400
41417
51
4257
1816
11
53
1821
29071
322
1503
158
491
613
18585
5029
35
591
7
1143
104238
552
47
75264
633
14389
41061
4544
49637
760
8518
41
224
1070
18
2824
66571
852
261
65310
28031
318
98018
24
1815
31325
1282
8
974
20
98839
23
32836
68421
17
42577
27
4621
314
478
27966
76701
351
14
1435
22608
255
59391
206
17
81516
48481
645
48218
81483
1267
2879
181
110532
7100
15790
21140
1600
7
47446
773
1246
1692
3782
293
7
1318
54
653
21739
667
3369
14
13
5669
851
2023
130812
73814
29740
34697
39934
1168
62609
45
3821
386
4005
17
32487
128
27830
10
4
1923
3
42
1085
566
34507
1204
173
3
40039
62572
618
444
963
537
169625
1331
77074
1137
13628
303
47978
10467
443
1074
78184
195413
114434
115
24
307
636
25685
61456
757
195743
18394
1048
17854
496
115149
84331
42454
343
53628
824
3831
34436
13
2269
21
188
330
772
27224
1470
19367
1028
29
360
60098
122140
6
237
598
2425
32
6332
3395
10996
16
22
1560
14063
16345
161164
19629
228
1841
193
91785
553
7872
85873
140
38330
657
81271
2679
93240
34071
11813
21708
144
3053
5289
63073
186
12888
237
286
107724
325
16
46
1697
548
1092
75123
343
24594
485
463
8730
13485
2737
4112
3495
6064
10075
69411
33944
574
1290
14651
1879
43472
29266
72297
631
287
251
1448
25350
5798
2299
18155
8506
44250
80674
2419
12
430
89
2594
47
67012
18956
4706
107
127201
6619
12
92
97476
2434
2108
4048
100610
120
21
228
1212
35069
10
664
32973
1608
4
59778
1659
38586
33
9338
16
12374
18530
4254
4915
1118
504
29
25553
108668
794
228
111982
1555
2570
15
1009
355
20
95844
3226
2638
112
50976
118
1146
4680
344
1100
5460
29715
284
3
19
71
86878
134
26
57676
79815
68048
2981
671
464
102013
46
3451
16
5
21
47
72641
3
318
3433
1237
233
160631
2000
1516
213579
924
63
605
57
487
150337
41033
91012
133
1290
15
713
5
2694
61658
318
216
15881
35096
56163
5101
986
14433
26
680
56071
116
68687
86640
1140
18249
36
73849
468
37453
461
18
61986
81651
42
53348
573
709
1459
601
224
198
23809
77165
216
14
6279
26
17
13
50
875
