2432
993
281999
75720
74886
48773
19635
13554
1345
374267
256
3920
184042
13328
2223
38
1133
253
54540
939
1258
5411
1544
1725
4432
376
1234
140
183905
799
206411
32287
57
5
5338
52164
54
19171
525
192085
98397
380
10324
90694
2
242
12944
6200
115426
1294
1309
37
22564
64
4727
269
47
471
1
51
2194
191008
3304
197164
1262
317
559
155
40
4260
55
741
190
2931
96237
14542
2511
245353
1747
12520
541
13
136852
309
101211
40
2373
98564
69841
1108
3521
1594
1198
748
171
346
2304
40586
28358
10130
4255
167227
956
39
4411
43
16547
3
26600
5904
1483
1436
104947
13115
2215
43
65554
20
381332
22241
871
163152
833
38770
358
2671
276391
231
1794
10190
131
3508
105551
787
5322
146676
8
54298
1612
313818
521
2231
37184
40
47365
33
30
37
76549
187856
195854
28
53
120633
43625
12425
102302
125982
31230
258468
4968
14
73655
465
1334
2739
719
1700
22
57378
31
7731
34134
57886
7038
20012
867
2677
2135
133
39
2712
83646
140
21
2
545094
150
19
64
3300
1026
707
1959
116066
197636
54
45420
7633
255027
723
254071
890
5604
100533
531
577
66074
320
1108
12533
23098
136075
1593
1272
109238
26003
1543
10476
156928
228079
1037
2398
204
140
1960
28262
641
22844
16
762
238970
603
2375
1240
9255
1382
2157
27
2
15
34866
278163
46
34112
697
2042
207947
750
6011
12
13421
404
13870
16
42
43480
386425
1935
16
11
62
2950
266915
1373
19358
16893
142256
1600
10249
15110
2728
33590
91780
139553
40350
1353
149
137860
60980
1159
281233
83563
182204
5749
47336
56342
32
1109
1917
23761
28944
22
1472
34
49915
2495
156
8297
4495
5233
77
28
70383
1155
75138
40
44
26
1545
91
2844
122963
1441
1456
15464
764
1515
396
74927
5547
38790
3711
114
5309
37079
780
1528
60213
430
43353
43120
39107
8519
272
71972
682
48104
1351
1193
59300
19
200
1921
3
7008
44
206
55
300465
1075
13069
45
2636
352927
735
223636
38
1274
4576
741
2709
517
1038
96
310
7056
22565
33
25
356324
70012
121264
22886
50
9640
12430
30
33038
915
299
22
141248
96
25
269
5930
42
1270
50704
81648
19209
238165
7
948
84324
3012
51
38753
2278
113512
4
5982
198260
2430
1868
947
59633
76594
7753
6438
48
4087
10283
42102
4739
3653
1797
108489
1305
5753
48
167
45
406
5945
216045
72
165119
41
316220
1069
1864
10162
18
1690
6163
2822
3
83
53799
4
436
541796
957
34890
4370
491
77
3149
326869
2110
373
3070
206114
5
9
41
8376
2469
899
14851
79
567
19
5
121627
3062
3
21291
15
18437
985
19464
115020
2695
149758
43367
1056
1343
572829
215
5971
586
5865
3173
15
1712
1328
256
4563
18
5336
286887
1037
137181
39911
751
11698
866
1099
2335
7
1000
373
78933
439
5910
24995
294220
68658
2570
392827
938
1820
1302
83530
3302
1335
1351
8942
12290
4
2641
42892
304
1228
1740
40
63960
2244
36701
1772
6491
836
3916
1460
376
1127
76606
1392
47
24248
5041
105
1792
440
9798
2477
3267
413
111051
13
14011
12596
302
98338
4676
28
1151
2006
589
71230
42
2478
1210
1636
1104
3349
829
123787
2228
2941
3114
364
3508
227598
3561
19
11926
3815
1001
629165
66
163821
67241
55
22552
383
310069
77809
155846
784
48825
81
40
273630
90431
1923
10
95
68605
146142
71032
303
326
61015
18
133353
575200
2278
503
147720
30236
1463
56
1075
62
276
26
14
4511
15
18
16
24284
67100
487213
471
24647
14
49678
91
41366
2160
32258
168854
236626
363
2436
104984
357003
1139
277
14263
3177
39589
3031
2644
70861
2955
214
1745
37
153113
2295
48
364937
474
407
180
57378
133541
2424
18102
36960
39
40386
17225
1872
106530
3345
23427
249
32743
235504
12
326160
37
14
38
4776
18
10888
10
820
109599
1144
192690
231
451
38
62
2010
242
1077
2162
812
142244
4
620
235144
24
47375
31019
795
19357
8
819
46
27
225901
256556
85
44591
119493
13018
872
3949
117814
30128
52164
303145
1797
21023
1037
922
557
744
536
29127
864
6849
39964
24760
1063
74
3082
25958
21
646
164660
227604
96
379969
727
175886
97706
45391
588
57420
4154
1174
40500
5763
1979
1346
604987
26
3564
1062
41573
76242
3506
2374
876
3639
84
198127
184268
132541
596
105957
803
2314
3104
8014
1226
3331
223
2436
146055
218
7056
121
5877
1725
2200
125
87429
3940
30
57787
156131
175832
68
1305
859
33
112533
1084
16514
52
232753
21435
3769
255
1441
23723
4886
130891
93613
238
92151
330356
218740
712
11587
2012
109
19688
235617
808
34
950
8
11
3211
1238
59936
273
39427
1059
715
772
2632
1375
135319
115
64029
1779
6810
168520
595
30022
458
104702
75880
68408
190852
4048
4169
206449
496676
141262
190730
81888
869
310
16318
269023
12817
978
33376
4173
359598
16621
157486
39544
2032
1847
159922
1415
900
1942
71
1119
33
8
10024
12982
676
76035
6987
3662
7820
6008
50728
153433
3646
50404
229137
1765
589430
1293
2119
30272
1880
3247
1109
613
267274
3247
1848
51
196
5909
398
243
9
432
8141
5297
1257
3106
489
58172
2855
11852
256485
10493
103651
13
6337
750
10
391
278960
368
22227
1339
3065
92804
3729
52963
6033
19629
1130
720
467
14682
75799
207582
502
229
1206
1048
3949
81178
67173
470642
1711
241164
18103
41836
2105
136746
227040
5143
228
1441
6466
215941
105463
74
5216
1295
159687
44
1762
2890
18589
66
2228
862
474
325258
1085
31543
911
319
83
5957
23
547
51031
35059
1322
1163
314902
660
86822
6
363396
34921
1652
4300
60658
33420
108
1893
105802
5381
19
782
11019
5
78338
68739
10012
11620
64
26971
12780
42475
34462
303318
420561
2872
2116
7278
101
56211
561
84503
5
51306
25340
1390
4
56090
142986
8
30
139814
544
86791
1260
31119
118
8
9286
1231
352
6448
2121
921
502
184638
3450
27766
11
15
75840
836
1376
1746
74010
36044
1541
136
18
371
9810
165749
101865
83
43189
1463
1014
21018
215
5939
2438
26778
739
524
3448
38
3379
4371
88120
1326
5190
2621
268
27724
529
2222
8342
46
4986
442
357
91180
1991
28
62562
60
5170
235874
3379
118541
72
1183
3425
155302
150367
1289
7039
4190
55
24
86047
17360
11
179836
885
98782
2458
11110
228215
18
425
77720
43408
1644
3241
12
503
38
214818
43667
353
339
24501
606
1575
28663
6370
72239
891
2945
57280
51384
326
252723
193532
97739
3534
2634
5058
505
33758
901
114
34
74700
876
579
20548
128120
1431
444
1745
979
640
22
70221
138403
8
9
126704
10856
11
40281
493
342670
171
848
99114
19
83
3280
3187
11
56664
112816
712
56
57
252433
18918
615
25
5
132787
231104
1545
1246
1740
6975
1122
1610
150
4807
3099
158163
10432
13
602
388368
89772
2686
48
216087
77605
210824
3267
536
131
88002
49919
51171
382
686
1510
51925
90
491
154291
100892
2280
71216
27394
566
244808
77766
2021
2614
69293
12670
965
40
8464
24737
55
1989
7353
14464
40333
993
2255
1406
21342
75997
120
243620
2119
58882
1412
7195
93
676
642
214
11
31463
48617
1767
41958
356
2702
30
43299
911
1834
593
296398
4050
6
618
68636
272
1952
108784
2657
562
847
4863
967
20331
162251
173405
85532
3751
7
179
5476
53
955
145288
1448
65975
19
1397
2332
1454
8580
382
9856
3284
2160
20203
376
651
31453
39
299
267427
359
3076
1350
48
600
709
22957
1467
1480
47451
79666
231795
1622
101422
54691
1711
4737
66
63058
152815
543
410
2098
279
100854
22
29
152093
116596
21
281813
1049
58508
227026
212212
465
1388
52207
19088
44822
2837
1597
187947
12193
169997
48023
160421
214831
23
6113
955
151025
488
89645
125091
3548
2197
55577
37243
6
13293
81520
986
19
10
44004
325
52499
1362
7814
79
1179
4518
155479
5313
15925
459
2666
59799
15
1142
8
9121
157118
3448
9
189208
1118
4433
100
311
13
79
67461
346
9
17962
240
370
25
390
2
19747
7351
138976
3178
1552
1937
150310
116141
1956
63205
6841
1398
4820
12495
6525
8481
581650
145098
1143
358
2656
122
395988
21
16894
3468
303
46876
200479
4
22249
24
856
3392
53292
313789
71
10780
101
36863
48918
2441
438
85669
58630
404
45210
44674
277896
212718
18861
246672
8040
108620
1299
94
9606
159015
46421
3654
40
276
542
4637
51727
7
1072
8937
2956
130825
31301
430958
25
361332
1038
501
477
2685
17428
320020
208998
29296
1421
7
38903
81873
454
134859
596
15
303206
64181
38441
43
156843
3576
5
10
2511
5988
258
14498
2869
1826
16551
354
462417
24080
375360
2
2756
4365
1266
1641
969
529
37
45355
9
23
157635
2962
4282
25980
338096
41
1582
312378
5
1050
1528
2340
3382
139653
1708
74
204
3174
908
4882
53611
4
5340
171666
12355
36046
712
9868
6656
2269
62155
299
186
49833
3445
593
187567
281852
84629
113422
729
337
331
53707
33931
2984
5526
366
1017
3684
59236
44
7820
91523
570
7282
56729
2124
560
148462
1849
471
1584
133828
46083
228
207238
2217
49626
144729
1438
112
247856
4568
8237
805
69979
40
37458
69965
4279
222
198538
1125
6514
8477
388045
21
15
821
247
4238
63862
78062
21174
35558
1994
17880
38929
2531
23
21
55023
284530
11340
19244
478
371267
2845
61668
53
212
35
2649
5
1040
206
20465
847
2953
137
31
11372
513953
62415
41361
2123
475
43246
72
88731
61850
117436
240
343
30895
154
40
2901
35365
12382
29986
1843
99
158
293084
18292
8415
580
8976
1847
1368
26979
1632
1871
8551
3425
2339
14395
2430
42
164310
434
5006
247101
55
10
116843
81975
28015
39614
402
32406
33
428
12011
649
208760
37
85750
169052
2984
369
1679
1070
496
24
88373
1059
407
292631
1559
124
26516
89025
146
1489
913
34
14821
4182
497
6119
250
688
29133
268273
6822
98
1384
14760
1420
12
2196
1137
78943
3477
29853
56
303665
23
149212
33420
2405
1634
198510
4582
81
115403
7046
638
157468
6300
63585
2777
47
17953
6
2490
1890
25089
64439
89024
131273
1304
2838
2198
122033
22
73
102094
13
1747
74474
173358
39
3641
297
18334
9012
4926
83634
212048
385526
172655
67454
31
2271
7504
2011
687
912
2464
284967
725
2925
1468
2482
3478
427
91509
20143
358
1640
429
3574
115303
70104
381
863
17
2098
1937
2412
262
45426
17388
27463
778
848
21045
3978
2365
3509
188829
23
868
146
30
88
45513
31605
119668
160871
36364
810
382
3046
98
86937
19266
150847
3492
2882
900
249959
1939
6
68472
657
820
247187
1386
2067
18
118171
320
112055
9924
503
1774
1207
7636
2261
19
11844
846
284
2591
60
188
825
9349
299
3917
190391
2
205
3795
71587
93052
269
65674
237
1951
5643
44057
34
1273
46400
251880
54836
234708
659
58
257941
206
31
50157
365
71
1276
215838
2779
115499
53
1530
1038
1592
86955
30
194678
3922
69826
20
246131
30857
1763
3691
476
1346
954
2124
1032
225224
129326
32345
3224
71779
779
2619
73667
164417
79
35
1294
1675
266358
6177
3495
36630
13867
667
81
14083
13693
48
41421
18
45433
58
72173
425104
22909
843
86
1204
2248
399503
81624
3807
139293
221913
1252
73583
312529
21073
34850
1599
644
1656
2086
446
887
79668
24708
1222
42631
