1560
6260
2410
46
47
140
110
3407
36
1514
1
9
253
112
60
1688
2943
19020
20
89
88
16667
77
6
363
204
5349
248
5787
460
60
3
14404
297
3
58
94
2
1090
3547
2778
2558
46
220
1569
23
755
3
520
71
43
39
1
57
22
2597
48
34
8697
48
1279
1444
21
15
67
1638
3792
2
1
627
22664
2471
8
9
288
8304
11
55
910
286
2
1
6
112
34
8
148
62
6164
8
405
3161
350
4071
1397
606
3389
141
5305
2107
767
3
802
29
1
847
3053
56
4
2
51
13472
74
1
13756
1
1
36
4521
3591
225
2240
3018
70
2303
1969
15070
379
516
3646
8085
2
75
3
389
317
2
2338
3869
4762
55
4803
7520
283
29
37
2252
33
6555
183
1551
485
6702
4
5618
239
9
2
1
2
1
1192
43
8311
16
2501
114
49
2541
1
308
49
719
16
15
90
2054
1
3820
7265
138
12389
27
53
28
912
1251
733
3
72
12
2352
1
1
46
1257
3436
3
159
304
147
58
1
1910
1000
5362
15
12373
48
54
28
3439
9
3
557
1
920
4612
181
45
882
85
2628
40
86
4497
22
3184
32
22
4352
29
2733
77
3
5950
9419
28
220
71
8988
4542
177
54
3059
906
284
3
2
6358
2622
3382
16252
48
423
80
4
2
381
3028
59
1561
5
1
7615
44
512
281
111
72
64
1
33
275
233
890
5
252
12116
1638
6975
332
244
15597
4594
785
113
5152
62
7109
247
558
12019
92
7888
2
1
1
33
248
161
72
50
2
2910
92
3
1246
4397
75
2
1445
3636
109
265
1096
18
116
6
510
504
4080
64
20403
1075
239
1
1
14353
1
2
57
8280
17
80
3231
368
12
4
534
2547
67
164
198
1
2345
18
157
31
19
39
110
3
11
27307
1
24
73
30
31
194
95
3
1
44
955
12726
843
140
7544
29
6698
19
6338
2
13286
1722
81
63
1
8613
9
1389
2
5740
41
61
2140
27
8383
8331
4254
144
1876
731
9
2140
229
249
60
43
276
132
6435
25
70
95
1
2537
3513
50
3068
7563
33
8567
5246
3152
2965
48
41
2
231
987
763
2371
132
87
16309
22262
4278
338
668
8159
1891
550
167
95
16272
47
16255
268
34
2
4
6383
9
27
46
29
80
30
7197
394
5
48
65
13236
3
41
3
297
562
186
2
289
357
1833
27
205
1
18
1119
243
82
581
1354
4
20
2261
4732
81
305
89
25
152
30
54
35
6307
22
6086
13730
41
5848
5814
775
11988
41
9238
2
9600
1527
16
2
42
2354
3
1206
207
4819
53
16
109
7
3779
1
1
3
194
39
14028
5598
3282
22
6977
1
5791
2086
91
2
140
9
741
7143
9
2569
347
8381
29
10730
47
50
80
1
3426
30
10
3305
1667
53
12
1766
24
2917
8664
4146
3554
50
10537
4
6422
500
7542
211
449
1
1
95
2
4856
731
1328
3093
4
16142
51
1
345
3
99
325
14
2940
101
199
40
2
1
2783
144
467
21878
238
1
7765
208
7490
8058
16632
27
200
310
139
3
3
45
1162
3
221
94
87
2
1581
242
16814
1
164
208
2200
12280
61
25
3117
42
4561
258
158
3
1556
427
10118
21
272
4365
1
107
1
1
1
220
468
40
142
228
21
15
253
4711
1
8587
17
51
2345
11
1626
217
13
24
1
228
18
1093
21
4271
1426
9998
3
24
17
30
8451
1702
6511
17612
351
6290
14
13543
7
101
80
34
4062
1213
11
1130
33
19666
313
25
202
241
4605
6156
3
311
4457
208
20
7551
425
261
1
5804
21
2
8
9278
11233
28
3854
13
11858
8
39
5316
46
141
2
1580
1
3676
109
1669
221
649
494
2956
469
166
829
1
13990
1269
2
9957
33
4857
5035
12
158
30
13
2
3
6142
80
425
2655
846
203
2318
24
1375
1
1433
13188
6450
16571
14
189
8
230
7
31
2059
312
26
30
60
89
4
206
2163
260
4054
24
3063
5198
367
570
1
1285
34
852
679
5454
235
197
191
43
261
9
82
125
73
198
4
253
17971
164
97
3
820
93
4
47
183
79
4063
873
14611
2
37
46
56
22627
34
83
3462
103
456
158
289
3
107
7
262
2605
202
1492
4844
19
14433
136
1310
1
47
335
81
3
69
82
55
2
3
4
26210
1023
30
334
125
74
7983
494
3067
116
1
898
1968
218
48
13559
1332
8
30013
4631
59
2742
952
80
1464
12762
4
4
8
55
2570
143
202
14938
6415
695
1259
103
216
210
132
62
2685
18
310
22
1
14349
67
132
75
9136
1362
2963
1353
394
3775
19
28
1905
2050
2830
214
27
1071
5041
2809
65
326
5704
6994
27
115
2785
38
150
4
4140
42
11
5502
878
81
2
2
43
111
7570
39
217
12
19
60
293
575
14
266
150
2011
45
3457
3
14
1208
2502
3
1
757
35
211
207
1
3123
76
844
2
2942
46
3884
7068
3787
150
122
3187
917
5
2
11300
5007
79
6414
3
4839
1
1
106
3158
69
10
1387
3334
1
16
23
3081
48
2477
12022
118
46
99
58
13110
1968
1725
10489
2454
5722
21168
7
6707
3
8955
1
332
1636
21
1713
64
2806
2
411
54
47
2443
69
2
33
87
5
889
246
8142
75
3997
6916
111
40
18
55
691
1
2770
4
2545
13543
5
2
5973
3413
7587
4350
9867
78
1401
8257
17
5
292
246
714
11
4190
289
57
71
1
726
358
1003
138
107
3661
7670
37
1
186
19592
1188
6686
1648
52
1083
3
2215
11358
6181
3
17
73
3540
7598
20
16736
65
364
20
79
1
44
164
3
1333
33
84
29
76
3373
204
2256
1
4579
2741
60
3
2
4767
12
61
2825
28
1614
1756
1251
3244
11814
6409
373
895
223
216
1
3417
5
8546
1
31
65
18
49
3481
13
103
31
15
51
922
358
2735
114
48
304
2
17
16
1435
3
2966
201
100
2
2127
5273
8037
2708
667
7673
2868
64
1
7489
14332
9
26
5107
9
1
6
715
1434
72
6579
74
78
7094
2977
26
71
1
12
267
3279
2386
27586
10510
235
4
1668
508
988
288
1155
1
1426
28
6323
2
9522
41
287
226
16
84
6100
101
2
6977
73
62
2119
7
388
8286
4136
60
2160
25
136
1
107
5666
9
6209
362
15559
4
4
353
29
206
2212
12679
17556
109
315
14555
2
351
702
9
11890
5163
1453
6268
201
410
736
138
650
1114
7963
15
49
238
53
260
217
33
254
6
4
40
271
1344
149
147
6088
1014
18
1220
34
23
2052
13
16
26
17369
9
245
8
1
11
7472
27
1577
11105
55
44
9
1723
22064
3
30
17437
19
28
49
2549
3
57
1771
486
397
8
3305
118
37
6018
147
3
2937
2980
119
42
2628
165
137
15
46
16
2282
1105
3770
24
30
5
188
23
2199
29
1
9850
2
130
5047
21
105
18070
170
74
15
143
129
207
1972
16
19506
430
1
4313
585
1998
16
258
4082
331
1
1
422
18478
4358
55
10665
5725
2520
5864
2164
3
2423
4831
16943
66
41
3369
68
487
457
3450
1
5620
7057
14
17
52
23
3432
26
13347
312
13703
7
2
1
5526
78
5428
6146
2
2265
7858
107
10126
37
138
58
1431
96
155
331
13537
2405
44
263
108
108
62
1
349
124
5781
862
4
1
1
822
342
108
10147
23
1
15553
165
2189
7936
5699
17
799
2975
4616
15
8316
53
52
217
717
213
672
16
86
228
2
65
3611
94
545
273
2103
12
2176
6215
26
1214
2
9
2
5218
10657
2
8
3782
33
1132
40
98
4596
1
25
1180
3857
705
7468
4
3729
1034
3
855
1
104
12095
20813
420
1
466
76
4773
46
17
2
1
13
6692
81
5951
2
240
100
130
1
59
212
17
378
74
28
4
1668
276
19
3909
2236
3153
9
462
4532
609
5915
2970
594
246
16
4
498
94
3758
85
274
28
56
22
225
2496
46
11538
786
1
64
133
605
15176
3532
296
68
1688
494
352
6866
1
19
63
3547
409
5932
1
25
3722
22
15677
12479
60
3
2236
53
10
23516
6227
19
1146
181
210
120
130
19
1253
83
57
362
257
117
1536
2922
231
315
104
133
107
1915
14
6
2
1
30
42
285
53
8725
2
92
76
58
26
1899
1950
21
109
12
227
44
13
189
263
9535
39
3
11669
10755
1
75
2285
8529
8314
31
64
4066
95
8967
8257
66
77
1220
1476
47
11
49
88
287
49
219
41
4325
6554
2299
54
1
629
2
3
8698
51
105
228
772
3520
3127
407
243
29
9
1
1136
4221
1
8574
2166
4212
2406
3119
2
2930
654
2126
30
517
1056
1334
9347
72
796
349
27
18
122
2277
163
7994
10514
262
197
19
31
16
3261
4770
11864
1600
2
6007
3240
342
140
20
1
1960
2508
7
150
3561
11381
736
20862
85
3926
232
54
55
18
216
3366
10152
1318
18
