15
1912
1
278
4018
25
54
10
23
1448
447
659
29
2632
6
1
1068
65
4740
27
349
790
921
1
1
1
65
43
69
6798
270
1579
1561
5
80
75
2546
21
62
403
3845
413
22
1110
51
16
4991
1
370
1
8
374
27
11
100
158
3
711
37
3617
2
2
59
23
345
873
725
87
9
6511
8
36
7
4950
628
470
1
1458
334
5
48
8
23
52
2777
1216
5
478
2
16
1743
3
369
6598
1
128
295
2991
6898
1
318
2739
40
33
1
4616
1678
1485
1535
2
3436
22
1
3529
724
534
2661
14
41
13
41
5
53
22
4551
727
1407
35
2052
5
21
19
9
1798
17
1392
5
3300
28
1146
150
595
38
1
8
1638
1
8
7
6
9744
1992
1763
3
1
5
901
7180
41
66
1
3439
27
1065
3
122
5577
15
1
3186
346
3196
2501
67
6
1
1
7118
121
1
1
351
10
1
790
90
5
328
529
18
2
49
342
5
2
714
20
3
78
111
73
7
6
4296
21
3235
15
3102
6450
19
14
25
552
59
2331
3
124
8727
1
2
2
3294
1
1
39
2
2464
3534
2
15
1
53
23
124
924
494
1243
1121
20
12
1337
36
4131
11
9
1032
63
39
8360
1
834
102
1
1
1
36
417
4142
41
3
1
1273
23
1
4
2477
4
57
2786
6
5025
2750
941
1
64
6351
27
795
1916
11
3778
6
53
19
121
13
80
44
67
14
32
56
4972
29
13
90
90
33
3683
7263
10794
9
531
819
3710
643
1
2
441
1
81
3
71
2800
3
32
4
8690
8
13
86
899
19
24
3
4331
32
5
1
11
875
1099
4
17
213
5545
23
66
1145
9
3
10
1
7
475
1787
23
2
23
3
3198
85
4614
6708
9
2
686
22
318
420
4
15
4423
6761
2
1079
1
39
45
13
4913
1126
28
10
18
9
2
32
4836
1
27
389
1
7798
2403
1
1479
60
11101
660
2
1
17
76
7962
12
13
4776
195
164
186
17
359
458
26
152
43
22
61
4683
2
15
218
4888
4276
17
373
27
6276
40
32
2418
5
19
64
726
1
16
4
1
1
23
8340
1
8
2064
46
4
16
39
233
2
5
1
424
334
1
1
3
7878
1
685
6
1
98
2
5372
38
925
2
2694
11178
37
72
1
6
37
25
72
1
567
3848
1439
869
35
7
27
1
1
1
57
1006
861
1
51
14
3207
138
73
1
1
1410
2108
342
41
651
4170
2173
7
35
20
3
1110
3
6135
9
2605
2000
2906
2
33
168
45
40
45
2055
48
3
54
1
2
2227
2
1
17
1
13
2
1
18
22
328
1
30
1132
2
1320
56
62
4
12
1
30
1084
45
25
7707
2547
407
34
7
581
658
19
1
404
1
19
229
1796
2223
3757
32
108
11
291
211
11
1
6
6
380
29
73
1
6448
1135
594
3
6
1
2822
1441
3306
277
2
1
1105
13
19
36
17
22
5717
3
58
47
4002
24
4642
742
1836
8
68
95
1
28
1
1
478
60
1
3817
4856
7
14
5
2833
110
1738
1147
1370
8
32
6081
1160
76
13
1
2
11
30
24
6828
4072
19
20
385
30
5
7
19
1
1187
62
18
4470
79
4
1409
1
76
63
6899
494
638
40
31
1
11
6207
1088
14
2608
242
36
7837
26
6987
1
12
47
48
1
2723
390
30
4647
1
56
11
2351
26
40
7
5266
44
7495
657
5041
99
16
2363
1
19
36
28
2
4
22
1
29
765
2
3
9
44
18
103
2
12
1813
1837
1
5454
31
21
1918
4014
2242
577
23
1
30
1
3897
38
1084
7
1
4788
10
17
5
94
68
1
1
508
3
5100
1451
8
786
187
10
1
1
1041
696
16
52
2581
109
2
644
840
1
1243
9
10
1
6
332
2451
6
2707
43
438
24
633
4649
88
32
4773
82
1
947
44
852
1608
2
6969
7
13
274
1614
2
162
1
5
21
1
11
1
1
5691
2054
82
21
18
687
21
10
126
35
882
2
9
61
580
6651
3883
1
1589
579
409
1
46
108
1
22
1
3
1726
13
1
5
19
7
54
3
7587
2343
2684
129
2481
10174
65
10
16
1207
12
3166
4
1
1
2
208
298
1496
7995
1
751
12
8
4537
69
42
319
213
1
1033
18
1
1
14
66
813
1838
668
275
1013
1
5313
472
1270
1
864
2
30
29
4
2
10
1
219
2857
3081
695
1740
6591
17
5
2881
397
97
2129
5355
1077
3622
621
1
496
1389
1
1
50
244
4156
1
25
2316
9
2
259
294
7
1
1018
26
5
9354
6
1
1
98
264
24
213
5380
1
305
4
802
28
34
3
18
1332
489
91
10
24
2747
44
32
13
6106
854
57
912
1
4
91
50
6
6945
8161
3558
155
11
1
184
4736
1
4
6
78
21
26
1
11
19
1
674
66
2630
4
38
11
1
19
3109
7765
513
1
5300
75
10
46
1
650
2
489
377
166
6201
5021
129
4491
6
1
5
29
48
40
4651
4400
1084
311
2691
14340
1720
250
11
165
568
5
7
820
23
35
2623
831
1
226
2281
1
54
92
2026
30
1388
526
3
679
108
4510
1089
3661
1
32
8
13
8856
5540
30
342
1
10135
10
178
3804
766
25
913
3100
2297
83
11
38
2149
3464
695
2901
1
17
77
1
13
4539
970
18
1517
51
6
5605
167
2036
5
186
151
5607
14
577
705
354
2681
416
4
13
24
92
21
80
15
1
7
2859
9
896
44
55
402
575
1517
17
2
5225
1751
1
294
106
4
51
253
126
18
29
37
1636
931
4878
49
73
17
1
1214
11592
437
8369
619
388
5461
2894
85
1
1985
2447
6946
11
15
1367
3371
3857
103
53
1
6182
45
6695
1
138
37
10030
27
146
4
2
57
846
36
5
17
42
24
14
19
1
9591
57
6
12
30
47
452
1
400
962
3746
1
114
42
2223
462
41
4799
32
39
1340
6357
1
1225
12
46
29
1537
42
188
1
1
1164
2
26
14
9
1
1
495
351
2
11
340
1004
13
356
10
7863
775
2
27
487
43
1
158
29
23
771
26
6192
858
1
4643
67
447
1505
2327
276
2
5464
727
5
2
5
12
48
2434
75
16
37
5
3023
25
2
3169
2
8
32
10
1633
25
11
1278
108
1522
104
120
3490
333
6058
59
37
1662
36
5253
1
2056
37
2652
1279
642
225
3
4910
3376
165
1
32
26
3269
1315
2289
1
7
1
64
3562
29
2061
30
10
1
333
2938
1637
1
47
141
9
11
144
1
1
4
958
1178
3209
8
1
2
4137
720
2321
1
22
1059
1
17
1
32
4355
28
155
8
12
38
213
19
34
104
1751
620
313
7
1
2
15
5
2800
1061
956
6
15
3227
192
595
109
862
38
5
7
12
70
4727
1629
183
8
1
1
38
15
545
1644
12911
26
11
55
3
432
2701
19
4
20
3
3
823
1
13
20
6068
43
6
10
356
2
101
30
10
389
226
3
13
1
1
22
71
16
55
33
6954
13
1782
27
32
3735
1146
13
1
2104
50
16
3392
12
13
3
110
3188
3715
18
11
11
4091
1285
5503
30
431
16
602
35
6
1389
1906
15
37
2931
28
1348
1146
2787
721
7564
7
14
3
11
15
4
3514
43
1
1
339
3529
1
8
826
2166
30
12
4436
6722
130
2
14
3
13
7
3325
16
304
1154
406
5111
277
73
1
3319
87
12505
1
7191
1
65
55
557
35
15
9
4136
124
61
2256
21
1030
449
37
1
24
6004
1125
1
3
1494
2
2148
2
3554
5
55
32
1
1584
16
2
45
5889
3771
396
27
11
13
10
5
1
213
1
6
1
2
124
9
410
235
3481
26
3925
39
26
173
21
41
1
3
50
1
36
1
10
18
102
1
6590
3500
8
3951
36
1
5
1
88
23
21
1207
1
4
11
7897
3832
120
15
927
2
31
1
1
1
76
23
1367
3
1
1
7248
30
584
2
1
1122
18
379
275
3914
126
22
1
889
9
10
8
2268
2544
2148
52
279
46
169
96
1
10562
693
330
24
4276
1217
1
13
95
64
1405
14
7
84
1
11
69
48
1530
5
40
7
2618
53
3826
2830
1
5
24
658
1407
632
8
4591
8
89
8
56
5231
35
47
972
204
112
45
2916
16
1
31
17
20
9
1
256
27
1
8226
7
29
21
1839
607
1815
3522
2424
248
2
1978
3695
1
1
236
7996
25
8503
79
12
2
763
24
1492
4669
7
10
4288
44
4
144
6
11
3
8
1
22
3412
5202
2170
1
1
329
4089
1065
81
544
37
1072
16
493
30
1
19
300
2
4099
13
1
2
2
22
3021
7
72
7694
2
8121
8
9
2
20
3
3033
5602
65
27
2430
47
29
632
13
12
24
155
1045
14
18
36
1
3450
186
19
48
4575
4702
8
953
319
957
1
5
5
3361
1693
26
143
31
48
1321
1
15
58
25
5174
1
11
1453
2415
2085
79
1
1
2
553
610
4311
10
1583
785
1556
1
3416
6335
116
2
169
6141
4
2028
687
17
2540
4
909
70
150
6
61
4
19
1
10
24
2966
18
2
12
2
58
22
3684
6029
7
168
1319
2
22
398
39
32
2527
16
14
1
1505
3
5715
1
789
18
2645
59
35
35
12
10
41
4438
1
552
569
1
1
1
24
741
67
1
3
2
15
11250
9123
6
4908
31
17
2038
1971
3153
1
22
1005
1
1382
1439
3
283
47
470
955
31
45
1
21
5319
65
7
1550
10
3077
1
2831
3835
41
123
2
97
2
26
10
7530
98
961
6497
5
6
7
907
11253
92
1
1376
144
2725
141
22
1
8
2706
31
34
9
4722
1
8
6056
1100
2
59
49
1154
1439
211
9701
59
3
4
33
3
926
1424
748
1
288
1727
1
5
2
17
31
686
19
1
9
23
27
46
106
521
1
1
595
23
1672
1592
44
290
65
17
1
7815
7
21
2189
119
777
951
28
1
7661
73
691
13
46
150
33
4735
61
2
8416
8
1
18
2368
770
12
551
26
276
70
1
1
2458
2312
2
118
2301
2
95
25
444
2
3092
214
79
28
5426
43
141
784
50
379
2912
141
36
670
891
2398
378
2
48
35
5427
1
48
92
21
90
1043
19
4230
66
19
491
1
35
52
32
1616
1519
8
9
5307
22
1
3204
7665
1
1192
80
715
5
20
3
6
7
93
17
2359
79
2675
1
1
2047
1
11
252
3236
1088
4807
48
5967
5
10
1
430
1
1597
4347
2
4
2780
24
302
70
3
33
53
35
13
35
3
1
4
34
27
74
3448
2116
1668
15
597
21
1
4289
3143
2125
757
1
1571
1181
11
86
150
1
16
12
4939
16
153
1196
5728
1071
44
1
1
44
1563
14
1
37
1195
1
1546
580
29
27
1274
5569
5
7
37
29
1506
993
1
16
1
1
2
1
5
18
99
1478
19
2
3
22
20
1022
7
103
2
2530
237
7
2640
315
7520
35
24
113
1715
6749
9715
7
919
16
12
58
175
38
62
12
1510
27
998
7261
62
3255
109
2232
86
393
113
18
31
228
1
12
4
56
50
5421
8911
45
724
3
587
11
1
8134
758
952
2144
12
8
3104
575
162
31
5
29
13
102
2603
1
20
183
478
1
107
1
32
12
7
38
4154
430
28
42
46
4
1349
5087
12
6
203
1908
4204
5
1937
1
2908
8
1357
6226
2396
12
866
126
22
1
1
328
426
1
14
232
7
4
22
7
25
1289
389
3163
477
1
1
88
29
12
51
1047
124
1102
21
14
129
82
5741
5
1286
2390
3
1
4098
3271
20
5
170
1
25
793
1
67
21
12
4015
529
15
763
9131
1
6147
122
228
12
117
35
32
1976
1
1135
32
424
17
43
150
19
1010
590
4
1
26
287
2
2382
1
183
239
15
25
54
6
27
92
52
43
84
30
77
4275
6951
22
6
1
18
1394
1
7
5484
37
103
6002
1
4
26
18
3
1
5304
364
38
22
412
62
294
17
1
75
10
1
1
1
3
3
335
854
4117
13
388
7
5953
481
2
15
3225
46
1
3
2633
541
5628
16
1
7
64
1307
3745
2272
161
5329
144
6352
27
70
2006
32
1329
2758
1461
34
33
1146
12
1
553
4159
3
4245
19
15
207
2233
10
22
297
252
1408
895
1607
358
195
665
5
18
5
21
23
5
5654
2137
21
2
34
502
407
1
7
51
44
3
43
5110
484
369
1
705
19
16
120
1
37
328
11535
6
102
3595
4501
27
13
1
1236
7
18
88
537
1
7387
917
58
161
220
45
59
7
1
2
43
1031
1306
1
1
1527
2
13
844
83
20
1975
51
5
39
10050
842
27
34
1
52
9
1
1
1
15
4983
3
809
34
58
1806
1078
16
5
2
525
2
110
7
53
48
27
712
1
13
5
14
1534
1
3529
1
112
1440
3890
32
697
13
29
60
579
29
3
38
1
121
488
1
1
3
3394
2837
376
173
1
1319
11
8614
357
4030
3
714
6508
1
32
9580
195
70
731
41
31
2475
174
1
156
1
5
415
21
101
948
115
1
58
26
3
2825
71
4184
35
1
436
5
1398
7
8093
1297
2278
1148
1
1
714
5
105
1378
4564
3368
796
8937
2713
9
12673
3
30
59
2671
46
171
8382
564
1
74
116
49
54
56
1
69
1166
9525
1
128
760
195
1
67
1377
275
4
113
2
16
10
398
33
8
11
451
915
580
11
13
42
23
22
14
3
48
24
6082
3
239
1088
179
1239
32
123
14
336
22
54
1130
25
1706
725
1110
1107
18
7346
2583
13
1638
1
426
22
1737
4093
26
20
33
39
602
2
49
674
137
1111
1
17
2386
1259
1
11
2287
1
1853
94
1
1
1
612
18
2
9
216
2333
5
1138
20
18
1619
2488
1724
883
44
1
5374
3
113
12
345
27
38
3231
2
666
3
10
11
149
16
1465
100
53
2
9
1152
1
6512
1
11
1486
1147
19
797
15
153
34
98
32
3
1
19
1319
8485
27
472
15
117
5168
1
1
1
22
1
18
56
15
1
1586
9384
20
508
1743
5
1426
8
4451
1
56
38
1604
1
7
2112
76
949
3592
1121
1
15
6
9943
29
1
1
82
1
1660
1304
3693
15
1
26
3089
1
1
2
2
365
74
1
14
37
5939
4246
1
201
1
61
2441
1
1317
1753
46
7143
259
590
12
336
5863
4458
4067
62
3889
2
6
2
1552
2278
1831
34
22
1536
646
24
512
292
479
167
1548
13
18
30
5605
1
43
816
236
1616
19
167
2985
68
1
24
3921
3
2019
5595
2011
16
363
5
9
33
3984
1
6
2235
76
1
3
988
1
25
22
1
51
1152
922
620
19
10
28
3467
13691
20
8
5
349
950
1
12421
1462
18
1182
21
64
14
2653
1
11
1462
93
11
1
19
1
6
1
15
38
1194
10
6058
853
29
4036
36
1
11
26
1195
2
1241
1
16
2
1
1
53
1
3251
1
3144
3051
1
2
215
24
56
8
2
467
3551
6
16
1
1
4
7
23
41
50
82
4357
443
1251
33
1601
1106
202
640
1292
80
5035
1
1
2
62
29
22
187
18
56
43
1
514
22
1
3
1
357
83
1
1172
38
46
42
304
27
6
1
6
312
773
5
1
76
57
23
1666
1
9
1
20
305
3098
60
495
1238
92
8
4
3
15
23
1415
26
8
1185
2900
15
9
1795
967
3398
6600
3307
4380
1
6
3
150
433
487
5
1
3
1
2420
13
912
13
24
1848
3
1
387
1798
2
1297
6
1776
1
84
1
2939
1
4538
21
348
966
3384
1
6125
300
2
600
635
126
3827
1026
677
177
16
17
1
85
1
3310
1
38
24
23
758
91
1596
8858
1152
3768
22
7834
41
778
66
2855
5
1
494
59
64
9
4337
8
1298
258
10
59
1
5
18
1733
23
1140
4493
666
45
3
7456
1412
25
100
484
3493
5178
2688
422
42
42
1
2700
63
35
626
11
663
183
2
1142
22
1712
14
20
15
1
6
8
9
15
4
103
10
35
2311
7
52
53
35
82
105
1060
148
55
1423
68
7246
1
2
11
5247
5
13
2
2026
37
3
1994
49
669
41
1379
27
40
2133
9057
540
343
17
50
1
94
1
704
2
26
3
15
608
15
22
8956
2
13
1283
1
7
1
1235
890
5366
179
5
8
1
658
2153
8
501
68
1
159
888
5367
1
1944
6
2
2126
11210
19
1
2
6
3354
1
88
1
1273
2613
3
726
29
1
1588
137
3063
4565
1432
7
5
6
8
9291
33
1
35
501
1
40
2588
1
4496
8433
11
18
34
522
1274
5
27
57
12
763
31
5
34
1350
86
25
11
1
1188
38
2
1362
1341
6
1
27
7
13
70
2558
25
17
24
111
30
2126
75
1
112
12
1156
12
31
1
9
3
1
39
17
1
4672
4
91
5
3938
1
46
180
91
93
49
664
2624
34
69
127
1
7
46
3844
220
29
1
14
10
2
11
4
90
43
7
5580
1352
8255
1988
3581
807
1
10
2
1582
825
1
15
41
3
104
3
127
88
20
3097
4088
9
2240
7
30
6
106
71
1333
8752
39
7069
1
1
32
18
2602
725
26
16
18
1
1
922
1574
4104
7322
38
721
1
20
7428
36
3823
2376
17
17
59
1
1355
88
718
1
7
1893
24
2204
730
2672
65
3
61
382
1
28
9
1
22
4204
9
7
1
104
947
63
98
3
6187
1
8650
367
7660
55
87
96
4105
9020
42
1
120
3010
2070
12
175
188
13
47
5926
1
2
2
26
4654
7
782
91
13
7530
23
5
1754
1
261
5934
21
23
29
1056
75
20
11
6983
1
36
5
57
535
1063
36
626
31
3976
2
1
44
3903
123
8
3
27
3
19
6131
4949
5
36
1
120
1
633
14027
57
3
47
1659
15
19
46
7242
141
40
30
1
2
15
7134
32
806
1902
127
44
3102
96
42
286
12
62
3
139
345
45
1598
844
111
124
10
33
15
32
3
1
20
2148
601
282
1
3016
26
5075
1
7387
2
1290
2979
31
4
2774
4
7
7
53
24
8302
34
1172
1302
27
39
13
2045
2
85
1
14
704
112
9
20
1922
36
94
33
1124
1186
26
15
936
8
1247
7
512
5285
108
3048
26
1166
19
12
61
1386
24
1
4218
16
44
15
2480
1134
641
72
3350
4
2703
19
3
22
2191
4495
9435
191
1
13
1967
241
1
1
152
1399
13
1
4672
18
8175
61
6
2274
5723
1626
14
44
41
10
3392
32
49
1
5
682
9
49
5133
1801
1
13
1348
3
2884
4179
4234
15
1
1
10
1451
5578
3641
179
18
7
19
15
1
274
55
110
4060
1870
1224
11
85
2268
23
1279
14
1
67
4864
25
2
536
13
6
7
84
52
3
3
5593
84
1346
26
3181
60
12
1606
3419
14
2
1634
23
1
514
6169
6
3446
7
7
1056
4797
22
29
6
216
30
4349
11
1
1994
28
8
125
1132
309
688
4
3281
815
7468
1
1862
20
37
2648
689
1
47
3
1
1083
6
179
9
42
2
3
2
1610
3325
60
60
21
1
2
780
1
8637
590
3
37
87
36
1
2
229
1853
29
146
2
12
1
3
8
269
5478
20
90
28
7
2
50
25
29
1
17
478
6
71
3684
7730
5
3714
3
2177
64
1
1
34
1484
2
466
10
34
8
1354
318
1986
26
22
213
5222
2897
299
1
4370
2407
9
54
459
44
1362
1
44
31
75
1008
1937
29
33
4
1
1302
1086
85
594
3097
4
4
44
42
2
1710
5
3
22
2585
762
249
1344
9
1
1594
2207
1015
45
2830
5
3
5
167
9
19
6290
7976
946
33
39
10
350
74
13
23
167
5991
1
6582
20
12
1
26
2
14
10
2598
32
16
5
2051
507
11
1
10
5709
3
4
12
2996
7
1656
2258
10
49
165
22
84
1
1
2
5588
7
46
1
11
46
13
864
59
310
1
125
7322
3456
1239
106
9
52
14
12
7
111
34
6
1581
1
4
191
7
6554
19
5
1
12
12
1
9
6214
1
1
2297
1
9
2205
1
1015
56
5229
1
6
9
5582
1607
6105
414
6519
21
548
2917
73
33
16
591
47
4164
18
710
1737
16
4192
1
880
406
3643
97
6
399
9
447
962
125
795
108
1
369
37
6
50
54
375
21
170
5
1
2
3
1453
3
10
4729
7
18
5
11
38
15
183
2828
1
2931
1
6
10
440
1428
1
535
8
30
2221
12
1
40
263
2523
1
2
119
24
10
13
4309
5102
2
1286
3
10
8
45
6880
5023
24
154
7
976
112
11
10
16
3
11
1828
149
2706
1118
453
3106
34
2001
1
6
2748
33
870
63
1887
8285
9
25
26
503
61
71
166
2
1995
1
9
1
33
10
1201
5376
293
4515
2735
815
7
4
17
377
4105
2924
29
29
31
1
84
12
7181
12
4
19
65
42
727
155
39
24
2
2004
21
1850
742
3
104
70
27
25
346
19
324
2036
1
1823
2792
3314
1587
11
2
13
4076
68
11694
5666
11
20
5
35
995
12
12
4357
2423
619
7
12
5212
45
577
360
5214
1
3863
28
100
69
168
2
2212
7
8
13
18
133
8
5
15
2
8
1
88
1
1
1
31
55
1276
117
36
685
388
1160
2182
63
4259
1
11
26
2818
251
22
1
28
35
8
7
724
9
17
512
16
74
136
270
15
3293
3785
11
2
504
3267
108
1
299
37
1
3717
6
11
15
3905
105
8965
21
4779
3177
65
26
888
1
73
2
15
15
807
60
29
560
128
171
521
10
250
8
37
1
420
1260
11
116
1206
4875
29
1
1
525
20
45
2
5
1
12
3
37
3
27
44
5314
8472
1
375
509
16
4
59
22
8
1211
1
1239
1
2342
1
5
87
822
756
3
1
66
894
693
5
5596
6742
9
7
3182
9
12
95
74
10
1998
1433
320
687
415
1692
2526
1362
5940
3
229
19
14
79
5
3
2
2
206
1
1011
2054
5
2419
1055
975
23
9986
13
443
1763
4
26
4
46
68
52
26
2076
57
939
178
1641
79
26
942
8
1
247
1776
2351
20
2
2711
1
29
701
498
1
974
133
1
1759
2
2
2584
367
4
1
2694
186
3
42
3
920
6
55
1122
18
9
4136
18
19
9
1143
1
570
27
1
3267
1821
48
3
4729
329
3
4
2
61
1200
5245
2311
2184
2
9
4215
165
1
8
40
2935
31
59
4736
1420
5
147
38
1
14
19
27
188
38
825
340
17
9
9
46
3195
7283
113
61
140
2
29
5651
6
32
675
1242
17
719
43
68
426
372
5
348
8
707
6530
539
5414
2329
8
13
286
20
1536
3
40
31
9
799
16
1
6
1145
60
2558
2
125
1
14
3231
7
5
1
36
113
1146
1614
102
1216
3
3592
43
51
1406
1
1
15
3307
2081
31
24
1
37
1599
1
1269
1176
5
1
350
3
43
34
7060
5363
1039
12197
43
1
4
72
2053
2
169
1
3136
1
785
82
574
700
6
928
22
10
34
14
182
8
23
7
17
1828
23
5
2857
11
800
5
1
1806
19
183
11
21
5
1
482
3145
46
5
1
9103
1
1
1097
3845
1418
302
2722
2
165
1367
306
319
2
68
338
9767
3150
2695
48
26
39
112
96
67
50
1
424
131
10631
1387
1
10
380
418
1
376
3205
3
62
646
3
1431
1
2
1
1
35
28
12
1
170
496
3
1125
4750
1
4
1
1281
70
3
2877
2856
712
389
1
137
471
2981
59
11
12
354
15
65
239
469
1
10
1
1071
9442
126
22
544
7
338
5
667
6
12390
5324
1049
17
2
614
489
34
24
5
9
2
1409
14
13
3036
33
92
35
280
14
42
57
142
235
35
54
226
13
2
2
7854
4
11212
140
10
6282
1
89
68
26
9
2788
244
3
6869
1
2
6
14
11
9
8
3751
39
2
15
3
504
21
32
68
1076
3109
2344
2
9
21
2623
2727
144
94
605
232
1014
2776
9
48
1
403
8
345
10
1
385
6
29
107
637
50
927
28
73
5
6
1
258
13
722
1254
2349
387
349
21
1
5
2009
1940
11
3659
29
611
11
7
11119
4
1
761
9
3245
10536
116
6
70
10172
1
3469
2184
84
3136
669
29
1339
21
377
20
1811
377
1
55
1
45
49
5
1797
5
16
2961
31
3909
13
1417
5
290
43
4
3
3
11
1
3299
7009
1
45
30
112
42
7
10
1202
23
54
3755
5
2
2395
1
309
31
4
88
21
11
419
6130
8
114
1
200
26
57
1
2
4589
1
2974
11203
18
104
142
6
554
16
1
537
473
5926
18
296
103
93
2
151
36
1
3
150
1
1510
17
27
1
1
16
108
3
142
491
2
4187
1173
1
959
20
314
20
3512
6
31
180
1
62
53
1015
1
204
25
46
15
78
1
295
61
