300873
632
5530
32
311215
1112902
1066
356138
4393
496733
51154
745789
49367
792
40322
31
362
979608
436310
8
146
730817
1229
6611
3
214
1511
3943
495
9
2957
1314
17
24
7
5924
635
3895
551974
56213
322
78321
3524
1184
916
1364
558148
75
539
124240
1905
2071
5562
865
1356
52500
26
231961
2110
1470
3538
708
2128
797800
211689
1874
131173
534953
2070
3095
1530
810
2480
618220
530721
429
110533
2638
122239
14855
104
8
19
22
234278
14001
535982
359623
45665
159
6849
143002
30
2617
40
5369
1106
2770
12803
1580
508
220687
18565
2778
219148
314029
5306
6194
15
10
3298
1706
210170
1845
1896
265049
488661
12
1368
48434
376
1694
37079
117061
3429
620812
5962
1302
3058
3705
27387
428629
597082
769
190621
4913
58579
172829
1712
404
123003
1633
593561
2657
257782
1589
1121
941
32496
1725
67304
164838
6539
526
335251
137437
304
205537
3490
11
1
652175
520485
28
3014
21336
788429
551720
26
18
194601
891
7713
263419
59504
57537
3
4
24277
192
766
1113
209476
12
3079
4927
1094
2781
406539
519292
3192
380809
202546
2954
281547
345295
5539
546994
1239
444791
2371
134274
290
681
28
1340638
2342
20
3
139016
18644
398157
464
802145
1465
594325
1298
34163
1705
361
355536
434
1244
732271
676
553345
1682
1663
274496
832
101295
3806
71324
15
4152
211
211
7150
38934
6300
1012
40672
280
2914
294341
1278
8
70262
8125
287
3268
1410
1575
5939
856
23234
14
92388
110039
267
47
1969
1636
519
7
221
2413
3223
1815
562
476
939
61330
15828
321709
97369
5
10
330
7780
952
1844
3921
210030
585687
5352
346
1131072
2548
178726
6
65928
5
77121
1719
633
4821
215081
23
235396
312082
155312
173387
2627
78026
156212
636
4492
202002
1059
307924
482335
10
354286
426
5246
1223
1
97184
116765
57978
953
40547
79921
174985
640
23
2583
1457
371
13
184
220960
225894
707
1145
1177
427350
28258
1896
2045
14
72030
9
3076
2062
206616
3751
274634
146658
870
4713
2093
10250
789392
3530
3954
225
21724
93776
2395
16
3066
50974
2423
706
352073
8
369
977
1944
1186
20
223903
1712
94891
89716
672
297657
71
785790
313639
107061
2463
15
913511
268838
1018039
13
1527
124861
7
1425
1155
1487
266115
390
310
2346
225036
584
186449
2536
54957
905917
164809
1755
211
163188
1015742
649732
1331
2169
11615
159034
11
2405
552
105700
5509
113112
2155
451816
614
1581
1152
3330
176
676769
878
537532
8
132
18
207379
692096
2555
7930
241669
588876
28616
572889
216142
194673
37
4560
1821
36980
6574
651
2371
1826
5440
155617
266
20956
6
68
1418
281986
5522
3206
3654
58469
1180
7
2960
2409
50915
13501
540212
1973
1026
688854
269059
91941
57440
633607
337784
926
85590
1802
343422
6290
5610
4903
252
868023
4355
9614
74808
6850
5940
71508
299304
40
1360
4157
1259
1933
556008
20
1027
1204
362362
221859
2415
987
95572
2467
214830
372290
275698
147772
377
338082
1677
604
114133
4262
15739
3712
33
1892
1782
6461
5
688
305288
1655
997
607467
22
1541
122986
23
892181
1638
5015
127179
217392
123361
38745
1816
139844
3593
2734
531
1738
4438
10
1349
226115
48412
1191069
9
708
133603
7752
228736
19656
656
23
1557
1079
2754
1159341
7442
398822
4032
1930
2141
104166
1338
95823
307168
651
95
2365
445
3634
48843
862
68226
532
3399
7141
2285
972649
17
2127
4818
21409
527
229
250672
11
41630
329911
13
433795
4189
2543
30590
37885
1553
24
9735
4876
22
158585
113057
3525
531
9770
267103
72648
74393
1024
127063
3129
154
5969
2955
2364
14541
169080
575
10231
3169
7523
6
847
233102
105965
80299
1441
1373
6574
2897
179
2192
520231
46820
3325
6548
687125
407102
2685
833
32
321
334
7001
4945
210625
4777
400201
1673
3944
6
28
17
7
7395
931
10435
2549
2525
711
328324
2075
7
927487
6165
304746
910140
27
668
4491
1878
24470
184
2
70184
54802
163905
419
25
46
88920
542324
86074
8
301
35147
29801
1788
1375
2696
3473
270749
355815
99598
172550
2335
2531
80854
13517
3549
17
11160
73800
26091
662
2315
309575
465
27892
60410
2945
134776
3659
621450
35884
6461
5
802
32523
7
326053
890770
14
17
474690
691890
33
3953
73931
9
979
723
433411
130537
612390
1671
1839
179663
204746
442945
451
5347
369474
746
1806
111740
83666
498590
25
265
1471
308
523
732
131251
863
2695
1388783
494
115079
2778
2621
19711
531405
19720
1292
38352
109
3410
583455
45
7465
990
179
409848
218767
1775
2160
1755
423112
8
70251
67659
529634
284265
2308
2923
160951
166925
1193
786409
4111
509795
85888
1030
101
1202324
165302
133177
5092
1081
231841
224959
5752
2913
21
1199
2289
6823
27528
202776
1751
65721
58929
2648
463591
6
651
462103
639
7
624288
2539
6641
407113
955515
292112
765453
1081581
2499
96090
451
5202
247474
139663
308162
631297
60541
138027
170569
12141
7426
951833
4791
144
94552
7
1114
284336
149131
2326
71549
3605
2338
3483
724
2294
805652
3615
907
5218
1954
955
1382
8631
32
87636
35844
3788
578159
5
693
325
535
3
17609
3083
5047
194588
2
530
444365
489783
7009
3108
8
339618
68866
221588
426
4735
9429
212003
57844
1848
10296
459914
1115
556316
2107
424638
40576
35
2824
230
6
6181
646582
145702
2649
30268
141477
1090
631727
1161
58066
523818
3495
54900
916384
65020
218
3371
1361
164288
20694
3554
30
510836
2558
335325
29829
149
121029
1756
123226
533
2105
128794
512
1490
11
360642
5
402847
204472
49812
24507
109785
112033
585
9828
87230
103874
66479
520318
91484
97315
2759
3395
633608
662693
21896
20
329
1157
471
624
141963
2591
260337
2434
1371
1109
91720
634
10371
2578
3
287844
329
20310
228
4043
110
888504
189778
359658
342
3846
871
10720
944
1372
82028
4953
120
3632
12
22997
6920
91
59680
2197
1565
4
7932
13
3267
3751
380
89
25
12
298761
101634
706
144848
229237
20079
3707
3379
1993
890
7
515
528038
110352
286
139708
153548
2691
1259539
20
41528
54608
840
159908
168483
14
1970
4753
128672
10178
4
258943
169983
23847
177572
1526
158581
206122
21
71
108403
76112
111081
73950
643
1053
557
17091
16853
25
662675
2831
638
4979
219865
36
1857
155443
253549
13
2005
18549
34
54
185101
1219371
3791
890428
3
1612
370
1050302
249613
1416
633088
1707
82
2830
20630
185
715562
16
925
976
634
3738
8257
4723
1013
2679
467556
134
993
19
43
375988
5833
4268
200385
5
116469
115948
27881
728
732068
2092
348060
35
2905
29
670
1474
1
341
993
45794
280
3597
1050
1933
1815
2767
1613
1458
1659
20650
5082
49883
4253
820
1753
228526
313
2014
110064
46825
1470
2513
387995
4972
55
3916
819
1055
82312
2001
5
7
565150
378406
38943
83159
19
9690
20
1708
481
4826
1270
14
20
864
99378
2536
68684
299555
97013
703764
802444
187
6
449
110534
860143
25
8
548200
567628
28
22427
343158
2
372
2262
19
1186
579
81867
1329
38665
982
499
147067
572
4503
143
1302
331196
25
264
232091
1648
1126
182871
3
121815
271858
630
316464
11
372615
11
3677
881397
248959
2421
28
217
748
10793
5090
317
253157
424
413351
602
857
191868
3497
1687
466
2333
45034
229
325305
187
78816
346
13091
12097
3151
104339
288420
1058887
388
2133
1550
292535
969021
1347
3174
1614
203
22495
15
3770
6165
283447
770835
6662
415
102449
7081
3040
411
255
2417
4073
194047
209621
5
18
10
186552
788829
857919
458
618
31
4285
20
4633
65618
14
147
893071
220039
2859
6
487560
151583
6124
3
47960
1250
229116
532708
2347
919148
1794
682
899
108223
370
2660
20188
18
137505
49275
785486
1704
12236
987
29
170735
288
8747
292913
214483
5760
4086
1160767
26
658
233081
3068
118338
4022
1604
6
15
54189
1734
1484
13
1311
1058
769
260
858103
191878
23
464
166376
26
1177
130463
4199
3677
1852
4605
241520
2697
454576
30728
1044
77242
113
4264
6643
667
450
3890
581
3
440
527
192896
820829
1267
364922
1077
5714
112183
3965
4534
34242
4611
821068
243472
1645
29
31
406
175
749
1950
35599
2170
1408
44268
9
3738
68
2705
2279
372111
10
247695
303731
80526
3615
1059679
31085
423724
396654
3150
7790
878850
672
141833
4360
33122
29
3254
2056
120595
382097
862
181
5003
501108
154481
7215
45882
1605
2974
80220
31
1456
12
24282
4759
920860
11419
36052
27
85934
1118
216
163397
4030
21
215461
4617
2056
161263
37479
592
4
2140
2127
20
30
3106
15
2987
3150
11
28
552
3
790
3016
385114
13182
19672
421
9
215847
7107
747
1039
5904
84223
926
888
391390
3804
2917
15
239386
1
10386
1488
590499
1275
423
1146202
9
262931
19550
21
3662
4696
24
544
118475
644
88377
1167552
6
1096
145
935
5749
29055
501484
80
984001
6
1434
73306
129952
524
4029
591380
10
29
669
1
1795
9016
694
3818
2557
920395
832
757
5962
671809
2579
439
1830
51299
457758
27863
2985
3547
118
810700
310612
584
5971
1770
4
66
939
461
1349
13606
93960
120902
461
2839
295658
6443
233327
281220
118819
9043
94164
506
2738
3002
541676
12
471
98874
64254
1
982568
6
880
12
2847
53519
255584
2245
336
591
29404
251690
80416
1238
2246
39346
497
127077
1244
27226
2105
4791
463299
19
110681
443382
79340
1115
394187
333333
2800
331084
1578960
851185
8
1253887
375
708250
12
243
404195
1761
253
906253
574
1563
2209
3
121786
6716
1861
259560
3416
316016
184529
4398
70164
1287
1046
316638
2875
238118
224390
2414
22878
47872
882
942308
1177
2910
957
266849
8595
1226
32
89956
367685
644
25368
27774
322555
25821
927683
3809
1616
109609
2045
2031
1624
2879
881
74910
9641
227825
10
1528
8606
7
1260
995
81885
113659
5495
154474
324427
5908
272645
175
600478
3059
406
333593
458312
220
4916
184324
6
15
72379
97188
10
3167
15863
301618
414408
5516
3097
1219
1963
1515
5759
349827
15
4
2230
543955
347231
678
307475
3
159280
284986
81305
997
823931
12
44254
273202
22923
6027
3503
23762
2098
649
103145
2507
81975
57489
110
234977
2555
1431
75433
100
234
201067
11
472
569
31230
4364
2079
123
806
171
613
1191086
3874
473459
896811
6814
562
18
112335
744
352161
57886
1069
49148
713591
1938
769
662091
66183
228
1620
5343
223857
5
612152
1792660
12854
5448
120902
23
102580
118921
761
24
1581
5607
3946
420
24265
285341
67107
104569
310654
7
311
96456
45219
22894
1388
245
37083
2016
620
331507
1200
67724
117520
5515
19
8857
90689
1367
680
1406
2160
488895
1330
18
571
84610
4080
1373
7688
349734
1200
433928
17
647204
403261
245307
436692
2911
68626
162059
617
9170
696
636
381
3
18313
2969
6
215
87103
381712
1554
113873
1297458
2182
260242
1346444
39
1313
323966
177067
37589
2956
3148
307
278987
5
417338
277213
626664
147506
58615
89791
7
2169
20
177136
1374
31693
1284
258491
305638
136
1208
268314
505
162509
629
1198
105027
1660
5342
146057
23603
219
664
1993
170376
6
130781
131629
4
69251
28703
596
6480
1072
794
3890
10
304553
284730
57754
112858
411
9
418896
521343
323347
13
336448
254379
106617
183
432603
369004
1071
248631
41809
702656
3018
7
556666
517371
383
11
4190
239939
321581
1785
607499
213
2
2692
188614
684085
529301
1377
1928
921
260017
3344
658732
2585
2957
3116
258057
514
105
1172
10862
269
3048
726
8
234386
3181
2883
1541
3743
262568
142
8894
5
325
394
737357
1844
1507
120058
5
303
35511
195
14635
134071
729971
17
57321
53343
998
424662
137333
794
3245
2
106
328956
99176
641617
364
4790
103183
419
6796
280090
509636
236613
392590
884875
383023
12
1677
1971
3320
97797
3129
87985
239889
861
4524
231107
118876
655650
126348
1914
1245725
8
1086
127652
272
583793
2067
29
11
473098
5337
45700
69
186
721
11
347
105809
1216
437514
10
3618
39247
696193
24
1452
318470
2463
3798
224851
37
849
114444
6
11504
6005
135377
479839
23
5929
211834
268
3151
2696
747549
5517
61
291902
531326
349
636668
79944
321
65331
269
957
3158
5162
459
356728
2624
726
271
639
2189
1325
20
142948
4589
1
190660
640642
48676
4
374627
3
383854
282824
1485
1876
3036
82
1991
14
298503
426
3769
8544
686
15540
1199
418931
509
1173
1271
255541
3289
14580
1575844
9
17
147177
5053
1619
11
6
870
9029
6
5723
4864
181967
15113
513791
321368
37
3887
41600
136300
4496
38
461257
2249
2481
701833
62572
218522
133599
437490
3321
938424
4352
10522
2
164053
172152
433799
933
1066
390
33
157251
74560
1440
464
72200
3611
86
89
72798
26261
289868
430
2
2245
1025
62078
279324
162241
252342
627
8
1576
43550
82
44007
238178
55822
800175
3029
13479
7150
88051
24
985
69435
2258
837666
53824
16144
747
775428
114844
4835
1066
14580
16028
1021
1527
33950
192830
544
51656
80
362
1248
139
2337
3768
1209
4108
15
3278
34478
48237
11
53228
82894
2313
1709
274292
1040144
3473
117
3012
9
1206
50167
801954
2306
3816
279739
1300
123
197229
1708844
1200
96498
772
4443
358590
88860
5
14688
12
275
10129
445
3995
639436
9
3726
102349
39131
147446
63519
1140
697605
396957
182988
63439
398
121
3442
4177
52
5
4411
42222
10737
660
819
831640
1347103
488945
191
265970
404163
105
7796
28104
908
47432
10317
471840
1512
1209
1743
29
1729
35859
1951
181015
1871
7
937
32
521
886
1311
2141
10
917628
1819
20
14
919285
69369
212641
5206
1022
551
6256
102284
5683
1201
449373
80448
2395
448
3405
36311
4
1074
12
82402
87
753
95259
427
44
227537
2286
2
1190210
395055
18
1
4
2032
94949
1766
131
14
949
708
9
6
785
373336
2235
4794
2343
1004282
839975
8833
6
1049
665
22711
219480
1407
2901
5697
19918
33
1767
258
3914
2881
3210
67112
977
1862
700
117524
329977
851
2745
23
978851
259
50
1045
601718
61047
512
4253
1558127
139769
9129
251526
183437
275602
13
8718
2820
827
3077
37058
1007
906
580
663
421288
76
107519
119662
157056
2315
441486
55429
1391
2282
1311
803737
385002
5517
84203
6054
2342
21
300805
760
6027
1234
160
810
2060
5991
555085
925
1486
2742
3
1845
127695
1942
19
6789
1341
2650
1392
1251
12451
357986
11797
325313
2391
100472
1362
431962
22
2297
105
509
221371
1266
210503
1984
58458
3
14900
475
204226
10936
4
730951
3687
33
6
1146
588835
2965
32968
147054
803415
665
1355301
596
2131
506
2440
26
622713
2341
5875
1295
47117
62538
776954
7910
2216
700985
205788
1267
2894
10
13192
107914
210560
6496
176601
3614
6680
296270
412872
635162
4351
147462
220900
3335
450154
2213
177194
53
193850
18
1564
2818
11546
11325
5023
18570
15
427143
957163
6
447
153375
28928
2
1296
3749
307
1178
2428
385
1126
57251
2936
306205
416
2967
248581
2588
350
3286
1351
575
3326
487960
22145
4017
112285
291
1678
393444
233339
1599
86398
36413
50322
334
179789
5701
84580
100960
19
1955
27213
816512
101619
11901
1341911
262425
852
768
80984
156634
5012
1064
25544
535502
11350
3087
19099
9126
50382
4462
5555
1170
27271
715
365
37470
295126
1210219
1415337
8
4781
77
3563
299961
357835
23
644
780
8082
150439
234046
163556
164624
26
1169758
130046
38851
29156
2785
75701
4799
2738
7
153738
37
189417
2531
142
8
173
25
88490
32
572664
330
708
691
8
29138
935188
4959
212878
119138
5103
209769
2789
945
2999
2130
1818
5069
3585
2576
67
8
197384
309127
135558
635400
820
180974
208769
6344
14833
525
1515
2273
877
1993
49422
3554
2057
1164
3779
1830
10
373111
90521
6184
73628
5539
1223092
243925
127023
273754
7684
15
2880
5
12
1003
1852
1
854020
1401
90846
222362
373179
633974
139713
1992
489
307
2699
488970
481
212
7444
3093
211
1969
760295
1317
3829
456
3200
443509
2336
206
1597
79
26051
1409
1227
116167
4592
9407
262820
447
1028
11141
243909
844447
1366
430
872
46
794
309417
525424
1071865
1264
135036
241
305
1521
46334
13
10162
54922
3170
29759
2
229919
1035
441
105410
1156
89611
323
818
136311
3
1662
2127
250264
1317
447216
12724
482
108
3359
152921
5199
15244
413
1441
199402
25
1804
414828
1773
2182
8095
21
11
774
3831
1398
7
819
2393
2548
228047
793
191804
303
146396
2168
1239
27
106469
257166
533439
2659
1121
1644
26
21730
88879
267335
6130
528178
3055
17
322
2022
23
7
106204
103924
511
67407
1517
3702
5437
589
717
212027
36281
254009
16868
444996
1441
526974
496
11
2207
3966
3068
384
444
1580
1865
7
3515
49533
2496
5744
33589
2357
707
453038
4430
222671
1678
20998
1410639
1335
12
2899
4546
1325
723
308
290938
6
111756
8
1123
997186
1450
303
2735
441964
29187
336
111776
7
402877
404188
183
4
3564
27
65037
110
1616
368416
5312
26
476271
367168
240
169645
102
366853
3265
21142
204484
26200
193120
1043
181342
202872
1024
262692
380155
3319
210
12
511036
63970
4783
1404432
890
14
1283
2508
1511433
695660
760
77099
281
3
108578
199634
415065
1417
990
10
20
17
2358
10
304
129294
80329
1560
19065
84159
34384
53703
1826
8528
684288
3942
22385
1408
138
33370
79088
97759
210
41
1751
1177
1518
102538
1559
172423
285742
156786
13
3650
119
1001
1375
371901
356018
9
10287
843
300987
88505
310430
2626
659168
4838
30071
189770
1375
368
166046
30236
236852
1513
1765
147148
10
268
17050
3138
8
38
1350
536862
76614
1073
99037
1616
476597
670
2087
2496
333379
8
198821
34653
153365
171998
264
744
2183
4701
132281
449780
7
406889
489860
548170
1115
1424
223410
368716
2805
1441
7573
340461
14239
116
177248
5
11671
2
315591
5
10
953
774
1241
116722
364559
3631
848315
88857
9
24570
237566
11363
469177
26
2751
159
17
521238
200562
313421
19
40637
165
146982
6549
198496
31
709
1678
3166
107809
147138
68390
323
114272
590
495908
342308
90803
16
720909
247554
529306
4008
6655
37
391820
19
1680
1
271742
836
33666
40404
699994
737
2295
365
7357
16118
11
530
38170
482
121
1759
418
615
628244
84595
114750
30511
5
9
934858
50384
243245
1569
2488
250968
2444
16485
6333
6332
807927
35792
2762
810
1423
2279
217205
50670
967094
227843
114614
1148
76685
556499
2599
1398
533
31540
612
16
7911
7036
4050
2053
18030
121400
460694
10
2005
328
730755
1151
1896
1679
31
2633
3306
293789
1134
8290
450753
6032
664
1226
313624
199448
2694
2753
3033
19
1307
1731
4660
20
38177
160682
2611
19887
78702
408394
619916
348216
419485
279921
26
561
337599
2682
61522
15792
647149
3075
315254
2520
197221
34871
478
15
6192
236382
101
3132
294811
24255
106
10515
66032
11
438
137197
56602
10
34677
1709
2623
5542
6050
1440
2095
803492
270675
2794
212247
885828
59700
401566
16
1998
556836
18
632
2908
1512
1438
1268556
3945
4170
8
6428
65972
2566
26177
1031
1032
2720
66738
559
720
13673
4257
1933
732
440425
1829
86481
146955
44090
4887
120896
302836
382703
794304
50857
133988
362
920
14534
835
19270
1099
87862
936
412
65958
6279
236
1035790
371797
1259
5838
12
3
1671
315475
1239
1275
864
1303
25975
8188
281826
5638
24027
366826
116
38515
1327
243608
2703
145463
9194
454982
310286
1201
206872
247483
135352
76684
13585
2808
649
2009
691
495752
178331
279109
667882
106
6179
2252
478489
4048
235990
8
130292
1250
4128
6838
82323
2024
4
8003
2582
3028
24267
470241
10174
168646
5433
1581
367822
976128
1884
454185
430394
6
58843
8761
39115
2956
10374
1003
355
89
224
66379
443142
640
768
1538
13
53909
110
264
355398
2
45
39
175214
17889
2215
129480
75889
803
20
163713
289
12
2707
176145
92
337442
2195
397696
4251
4175
1602
9
34257
124044
30
573176
275014
994
29
485
528158
1857
6530
142
258634
1890
680469
6
265023
7161
156231
1934
805582
48409
98
1204
22
205571
33
366
23611
888
2292
2236
695
641379
71
4
11773
18048
316436
5187
356012
131437
970615
78102
833459
5963
659544
405
22
274651
450
5080
119
1505
10
1224
354686
34079
1648
3853
289438
3922
96063
11334
1252
4787
137
74915
3632
84
879834
84
81940
109258
711
7
8
33
244231
7713
1567
280055
1289
19892
131687
407300
37759
13
939754
19
475414
4269
100461
1812
1464
251108
916
165
13
1646
115832
4212
51538
37164
3546
350741
1018
468192
109016
157990
2364
134144
146841
190826
1368
270965
50
125238
106118
3316
636
11
201
1936
1408
1468
59981
4331
1136
9271
2583
363757
2695
2404
53425
979
10
223055
11037
1810
239674
579785
34
13
236762
4285
2599
69
1997
1652
56729
478028
912
23
198
191819
90377
67
829
492528
4844
2038
1176
1631
1114
2065
27550
916
29
205326
3292
2148
428102
18
2
291897
278569
1394
12306
523
122378
27
2174
2537
923
1227
292
7190
40
109267
74
1211601
4260
880
145249
3100
95060
1990
666613
76640
4720
64005
2927
15
189220
351574
202
105792
185854
1108936
874376
126313
587
11
8
166000
986
60279
633416
5735
102
186985
13
12
43283
3
36
41498
643
10
3664
646
1862
3643
75007
1097
179595
4866
243
117427
571432
165460
57124
54966
11
325706
63841
2114
435407
8
162955
131006
32345
542062
69302
2875
861702
37661
241
10575
583
719656
6
1881
433
95427
256369
1721
1112
1781
2088
4125
6747
2795
606
73990
4846
125
170483
97528
24
102125
777511
357
998
44217
25
3899
261525
1446
1002
6230
240
264
4334
561
403201
109757
132178
139
1951
89960
962858
610
961
1034179
21
326454
45
616572
15070
1860
782
50758
246
3984
6116
504
25
2151
11
47635
879
19
2868
44515
5256
1255
479245
120912
106
1462
327719
2433
7
1434
260095
11
211605
752509
1623
171
120438
132
529578
3102
166574
227068
2842
9
32328
103023
7773
3928
2289
392
5
15528
551
173
21
281
74361
169399
715226
1725
155016
270
131
6401
2210
151508
1244329
528015
5
69957
168188
1735
72011
4
1920
2257
795772
1653
9233
898339
247983
295845
11
717
49
27
794
1017
48844
4955
423459
101620
255
4023
46570
1821
939
262043
990911
2966
17337
12
3673
1247
4845
651
2
6105
869
939
5
1746
11
184750
1618
21
778128
59632
154663
86222
558
880425
798
778127
117409
4324
10
602513
1063
105980
378
876971
402715
185502
2664
5948
1097
37
22
21615
15
49055
2010
7104
703803
58698
129000
212110
607
4315
205
11
30
176163
4048
7324
1255
1211
1122
565148
392443
459291
817169
168321
5322
1166
202
164150
366883
3330
212
1338
1039
4071
1495
3423
48609
4596
70374
5242
530783
51328
3166
13
221575
599
1441
292740
10
7240
260627
677706
299
478500
873
1805
1096
471497
2489
6455
17
938
366
327206
47876
3621
2696
5239
3212
1407
8739
213903
424
1510
90841
4247
572534
55537
106335
382675
32385
466814
11
27
758341
29
41392
10477
116998
371758
4274
45279
3656
2609
748556
3088
1946
7266
707
177782
967105
43125
11
544646
4465
52130
28622
6562
752
7172
3906
52680
1869
6624
22
14
1211610
414139
7
18911
74514
160
111738
1565
802
271
2216
96129
1388936
9068
491066
3873
912
45
1431
204928
87211
357
4
81167
20
1
232034
886036
614
511
153703
38947
1120
29
1477
3530
1062
79
3991
3870
712
2763
56037
141
106722
1646
549744
162136
18
235986
340442
48653
97632
187141
1841
2127
5395
1846
3965
4065
34469
69384
4883
1117
3543
276531
37640
20874
819
761434
151174
5276
333015
6485
113786
506931
5016
450501
76440
343610
252722
760
511021
605399
6
1692
1380
337
253673
739904
177562
17936
5205
886
3169
29
4
234
145946
494
965
5
295694
124981
29
1367
191457
628
549
1091
22512
5506
2634
107404
38315
11
99976
1465
15617
771
2170
1203
167009
447
1578
2944
550
419298
1195
296592
1259
192066
135
110
498279
1258
3547
33
90063
650
233944
174
214
582855
296
26689
9129
1889
6916
109054
667
378
1163
53
491422
781
5701
4103
384427
66934
696498
190236
486860
630
334
95972
542457
3205
3909
1538
217
7445
1044
2495
1135658
122446
992
1279
1072
138
1202
906758
668083
71357
107870
340615
156929
309
1632
9
5864
1140666
21
211965
734
3151
1306
24
928
23358
34529
616
5205
83945
1914
265558
33943
3578
1090
150270
67707
202
35780
821155
26
3433
1332
1744
257886
410
7966
205058
559
1029
5
232
8
2509
589071
651
1721
871
103478
423719
1188
446384
298487
62684
41679
30
2989
280
46109
119778
22707
103903
261
3280
100913
13
385137
172950
47060
1068
926
4
725
25671
971
6
160961
2274
381874
108352
20
537380
379353
811793
6
10
75002
9673
636
29952
136198
19736
461471
9
2538
204
2108
1870
62661
187811
123182
68990
60413
324
13
450699
24
3344
5
121
16
43531
70177
764
39293
703244
8089
217276
1617
885263
658260
673
295536
4
13200
823
215195
10504
1754
2582
621982
722700
1354224
159741
432
45
2632
20
167
6563
787
107490
533
22739
4419
96864
8
2124
493
13
434
874658
1167
10044
4289
47787
125947
736023
131400
64758
976
786867
926197
4286
10
5
257
39853
176
3234
4460
4870
2268
63
362516
23
2112
1459
483673
17
1716
197138
498591
20
1274
153850
224320
85887
408288
220857
1371424
17606
6
412
425611
282
312
1487
450596
342
1181
110
13267
2485
71008
209
6
75960
19333
1596
66881
237
3858
424
125044
151539
119
1841
85223
22
670
1345657
21160
72159
11
689
59
287
445
1136
59819
141556
585512
129
113910
151908
960
822543
653438
19
61651
441
35555
1184
13
932
22
59443
1486
12
991
252
1242
4318
26
73717
1813
4
8189
452577
72
23208
288
788
10
1666
6506
13
227959
98453
12
56624
144133
1958
3623
1055
422778
497951
328916
488171
69267
128
49910
54397
13
21170
176218
351954
70344
2057
1517
4517
1477259
21
190640
130597
478922
181
2599
8
282362
454
403
58328
3780
9
316016
4424
2
305861
6529
1960
279556
10016
56263
4855
7
987
1941
1366
164948
456
3547
6023
1318
3080
95092
6539
712
3194
585
9
61244
627
3425
200929
1425
18
182295
61868
80076
688
494
1388
88882
42226
851
536252
438185
4
637
2084
44635
568521
310
3531
3556
9614
51858
484
816097
433992
2430
3664
337441
57729
142
28
22501
1451
30
332
239936
2941
704
8
212
17
1010
351623
302
1280
12
507
207
2
144049
10
100197
199022
2769
607059
50271
74078
4124
1343
18203
94060
296949
1397659
925
93213
422
45989
90413
5
186661
244483
807
93938
13342
264244
24
5
215682
285010
215
2037
66661
39
767618
8
230469
601
666
23
9
1129991
753
9165
918
2641
218436
9401
1423
6546
529
373143
3840
255
351760
1116052
1369
5602
440
7
22
422
5678
77
2124
172372
172066
63007
4904
6187
2048
1390
214280
173922
566
1332
78
843085
48527
347
10455
503
821774
47471
2603
8121
67231
86110
4166
78190
1078
137514
2389
6
180070
7613
480590
139160
5663
161
1830
5443
2098
1853
163337
276
274
25792
3083
610
86458
607743
793
1119007
4326
20
52010
114184
3914
3444
5
4690
381566
1181362
288430
733
21
5
2025
72891
157749
4094
55220
611230
204
101493
1079
48884
78203
3767
5
40866
905226
3769
48175
11922
7
259657
888
102030
458722
615
1415
1630
11
730
953965
3313
268
184
465290
1314
606
218996
181199
747
1819
418219
329514
27709
1205
151996
2765
15
33154
2476
716
6899
23
34140
10
10
8
1047
1884
47429
106
284
62451
98287
18861
8
6932
26273
1423
1549
14698
259
1154325
1060
555
1622
3573
27690
1052032
314543
527371
6228
160281
6
477
1390
253849
765
69597
3138
116165
53
1431
40716
544313
2343
10980
97
26013
62079
2482
1517
849
2706
18830
648150
2176
4246
3622
18306
199606
8
118057
975
803012
1180
87
3864
114449
1705
161151
17971
120617
13187
117566
5182
1852
969
385371
1244
422868
890
3208
4231
323016
2092
3812
644
222
2186
179480
163554
606
6881
653
515161
24
12
1263323
763946
100
2310
6119
32398
475
1496
19219
277
8565
674841
36
8372
4266
747719
65203
236
740010
2401
181831
926000
477228
238434
4625
38904
9277
134441
608393
15
2415
7
154326
274786
669
323647
388912
43387
41114
547
7551
862864
52641
291
5519
114960
231478
230501
8186
1370
608440
212089
85449
1132
38407
169863
1751
1054
2125
15
919
173621
423
871307
253538
36903
4030
56265
461
978
340908
3539
97428
14
259
624959
1368
26
12
246697
5333
2756
4784
494814
583091
457
95189
28
2410
2878
1214
129261
17
51122
875
1070
305221
10861
1452
666194
20385
1243
31
549
551
25414
17
21320
478
832284
108431
318
11869
160831
576
746
755
456
429575
29228
101
552217
13
5016
3504
2886
6656
73721
64910
3763
346353
172
103985
271197
732
818
2435
209407
179
398
338513
573284
447
1279173
3488
11
584
83227
166
17
894
133
407026
6
598585
184617
272
134
13
749
48
14091
6478
46589
1255333
127397
421
793
8910
1
2795
3
47
