6755
45675
591910
11700
123
3761
23829
411342
151714
1596
813
487
52643
3980
944
924
434747
43853
4772
74215
105
126239
276780
1445
2618
44353
578809
345458
1666
50159
23112
43675
46
4169
344199
25
264771
1774
278654
2267
3819
2
383
2759
93149
403711
79358
870797
205709
2469
1755
12
1726
1337
82845
42
3024
349349
12
607
42
138344
1827
198510
36825
7212
32
2234
20
23354
181243
36667
12373
362513
146
16447
2560
123
134933
1
15
3544
118
4007
155794
947
10
5672
1630
1419
2488
533
1212
1972
1599
3229
99
521503
32096
996400
226061
97
2457
84606
176
71532
146
66
100250
3289
673
38
317640
129163
178064
3
1679
418853
499
9
6593
7213
2235
1366
773673
521
2255
3531
37
3768
5
1412
592
190303
5
335533
9
66
1460
3156
118533
2674
437
654
4045
1443
2
9
61975
3236
177
643284
385686
141076
376
978
194507
327593
17
10325
537
1064
27325
46805
125175
110854
17
1205322
28
58420
3707
23
507266
30175
275866
1944
52
4360
11
281930
25485
302382
19376
105784
903
149577
1091
74124
124191
1698
3860
1791
797
735572
177084
1329
1271
293476
191534
49974
851
157
25
12
5771
52779
1156
4976
16
660431
64190
603182
17038
43
175715
136499
1689
1903
1245089
3199
1762
16495
59258
211
29128
2919
309963
2610
305781
4554
895
2049
845
11
302
4146
367
85457
547
170273
271987
2759
14454
11
1400
1364
501539
312032
71823
179
855
166737
205951
1
4
132528
5
1900
164556
1176
5
136408
25510
273669
3909
30
6101
8684
352622
821948
1174
468
133438
220839
404092
165419
55
907
7239
2593
267
16
65
582582
100257
4785
17
449
4
110448
1606
172438
22
503506
375
573602
27921
253429
144
128090
6747
181608
42679
24
3022
2420
1440
27761
1
6528
259558
91691
2983
42250
9
41
76301
860
266946
1998
1121
138
1
143681
13833
269251
727
1679
209627
130092
676
52
29922
2639
984
165359
329
210
355
18
29
31
585
72038
438
26515
1330
3966
7866
601
1
390391
16884
34
390
130
147475
17649
4515
1652
2382
104219
255
3
56925
199417
130258
5
10
852
1990
193147
155657
1183733
22
171325
221874
12374
765
85333
259859
39847
1727
404
56
2545
30835
189103
521
809
560506
55235
17953
3
2351
206127
1153
554663
311
960
4193
1970
13077
731
5019
402
1170
117
106321
17634
794
92368
144499
20127
9495
155
8548
306007
2095
34700
610
291619
4
1425
4502
463
449125
198434
51703
178210
395
3044
1464
1252
1776
1812
5376
24
879
47
238486
6010
2806
2155
31
781
3554
14937
441
60049
176
1057
7
347
362333
25
269
29118
320
93562
4
188220
265110
319
49838
1795
7776
5199
1
19
4789
4568
6391
748894
686
6
386858
180244
194771
2497
495
66749
25
904
171
53
1424
881
329969
4213
9
1932
63522
15069
2605
643
4570
522
36332
2981
1172
2070
69063
142806
1572
30242
3626
4862
4515
188205
138171
1069
65174
274062
112
115585
4228
284
47541
5242
331705
374133
815
345
50573
31
851
1353
1569
13
320721
504
1500
2279
3109
119315
28657
412826
17403
744
3954
351
3372
23
138211
35
313412
382286
93750
12
695939
1950
19
889
88120
602
120456
905
510
38
1153
20017
232439
2644
6
77831
67670
130058
3342
7370
1106
1381
1477
149341
77237
96491
4743
31
5842
548
245
2492
632
1405
820
530
100244
70
621529
373769
1042334
88358
512587
2263
1151
28
375415
589701
2855
763
405
388167
2545
259769
82944
100
223236
1153
1088
7
49098
212021
133436
104
237037
126676
253
4708
3
386327
109964
3280
3327
4
300
1391
1005133
1124
306
3693
121
1037
20358
4062
12
1511
319473
323
609
109012
222
35188
28336
879
213
9077
392626
798
41
1499
1598
1919
244168
37997
1789
2121
12590
2749
184
12
4884
303459
80732
2413
2297
5
1208
5929
185948
273947
4209
927
96785
196184
7
565134
93072
525988
1427
24584
253603
4315
889
1235
228732
809
29
2092
391781
408
342
36356
274
55173
136855
5147
682709
3802
15853
10559
24
131415
48888
5
4331
10
93133
2033
5363
6929
91
258825
1815
110153
3091
490
939
90505
305912
546094
361321
2413
436
58
151168
18
75408
72391
197
165711
582188
23184
566416
1525
3065
293901
18
201491
3018
753
2958
31363
829
46808
11372
4827
28
1955
1310
46289
1469
141393
252581
333024
5266
89714
631
1183
3156
48318
38674
293
436
5276
3639
155348
1355
424
3077
138519
16986
2249
12
611
62730
13655
1873
20
2576
4998
361883
5838
584947
11176
114986
90271
5762
397
58234
7714
207797
18
15203
2
503350
147334
2007
6578
50
160
52289
325676
6444
344431
549
2261
589
3284
64
2612
2734
1294
1557
7094
20
1821
150769
1890
894505
77254
296280
361602
877
47000
40067
6851
3580
936
1495
393
151007
37
133398
211082
61742
5530
41
2583
1217
868
2876
271
2266
962
3378
11908
8281
73224
2845
13
758
55
106595
287548
286364
338
285265
793
109589
28547
1540
21
3152
1318
115
1498
14
32
4549
6498
5
7829
30679
10
327
115078
1105
202458
161500
499
216
702
1886
109147
29221
4
419160
1608
1353
6427
615
44436
164377
40598
62982
236
304048
18
387391
250263
1215
13
2537
182213
1337
31
259921
26522
1228
222102
45
167
6680
50139
1496
35709
214451
3547
1158
8
425613
467880
191930
391690
44210
702
31044
146499
2919
201296
26
2469
3334
1230
9894
859
164530
21
36
35
3
626
3159
452
1091363
9
4007
186972
488
373
559030
330
342444
65
23
609038
801261
2726
29
3437
14
138563
370821
7
215146
102
3034
117253
2789
17
307688
1419
43657
5069
6
611
454
81633
80763
26
249403
1632
442943
5298
1492
1637
545
130307
151242
462369
92650
22858
101810
328
40617
12060
2385
31376
3
633
279
3940
2163
211986
17207
134472
4993
904
46
1552
4
512012
1213
55121
360
78467
343616
741
1360
2094
38675
957
3020
121026
6123
3713
529023
265
1
255563
2215
2731
44
244522
94767
752
24667
4507
51794
1154
4354
1280
2780
8161
195
1304
2614
1192
2436
806
1027
109888
8
5549
17
263499
3975
2914
2590
4
113
4100
277645
21053
21
114307
538233
884
1249
42294
7651
670453
9
24
1249672
726
437
4112
552437
359
43165
72957
1703
281124
308135
99711
2912
4239
892190
21447
21
2802
81872
36252
964130
30
86
334851
1241
66
78202
2373
2520
753
85
1506
179201
15
491
145441
628733
663
2933
178446
901
6689
805
2734
5687
3639
209391
70669
24
65770
9
3795
3510
288899
3249
5921
251823
3465
552365
80137
26
155736
657
106
38230
305
15
1247
66
15
4767
15931
3381
3309
1361
199960
1523
486
1639
6536
1959
287867
89525
454
3130
72142
348295
92
68607
93504
7
1190
230
199154
197047
42
78631
59597
409356
487
291961
2579
637
121755
154857
21144
1450
3805
9
12243
157
2915
167138
10
464
2835
2314
102012
404
1370
7744
1355
2361
526995
161823
9180
266261
3665
158697
127002
73743
6699
236
1713
4902
158284
393212
188369
1142
601
1
4
628
242853
945
1470
739
602
2979
47
56
26557
716
3594
398
197
3877
5302
178808
118724
55465
610304
3
2173
3120
8305
2511
184315
128929
493848
44741
9779
41256
41109
5069
4602
9618
9
1348
67588
167388
47016
21426
20
662
14999
216
38697
9
709
2699
3192
118242
486636
49551
4790
126585
4994
359
33
487272
1968
82258
240700
3200
401
685249
2948
19
861123
137081
4772
2224
18538
1771
191995
121091
1125
191923
178294
516
132
162
19798
420
90254
65637
96227
392777
29
697812
50876
814026
1127
96426
93
12
6671
1058
523750
327073
1
3877
573
160570
412150
149868
230
3102
644
2872
381840
32
2067
66120
4117
6
400921
124024
275150
799615
2896
7
470902
41742
1645
118644
232680
13
1625
171971
3698
55
1386
324759
10426
25919
24644
5806
2348
387413
467109
776
8776
21631
575016
2830
266164
521055
172654
974
70316
45
32757
2216
71742
61411
174
272835
61202
233752
40101
2785
1243
1774
664296
17625
1873
25
602
121180
71211
214
59
170082
2336
71562
440
237
5179
1069
2194
3
52305
116968
789
239760
255151
41578
1656
2023
54
22090
1761
27609
20991
4938
10
3099
560062
54
2498
458
259922
4
1285
963240
1504
709867
120
19
25079
115489
589312
28193
259214
680405
199086
654
472
492859
13609
2924
27593
100039
1554
12
417
39238
821
18
225048
445760
889
94614
22
283564
1372
2283
4225
420
742
2174
61816
2161
141183
429
5197
1493
100881
35
1177
31724
2466
636
490789
94040
280
561814
1866
676078
23407
6386
2449
992
36447
36
407649
358
733
25
4057
3023
1847
55
538
7099
6585
66233
2933
2551
11
8
2324
790475
231
67733
3
3010
8282
222
459
91412
4592
509
3065
1121822
269173
22
4279
771403
256552
162649
33188
6292
1513
25603
1201
697
1027
2551
1514
40
1219
35
294001
1136
882
14609
209613
456755
581384
1625
126936
34
456877
28
98621
25692
1679
94546
217
1606
5330
8244
340706
37026
179804
3412
431935
21436
3678
117
451
52908
503041
326
7522
205
932
4397
87870
35
19
81
204988
142605
45377
11
482042
582
207368
832
1820
3
389304
207858
117465
346
110524
1355
65455
352930
10
93301
130161
531
55207
10637
1244
46581
443158
989
495
552415
2814
2773
2390
375296
360308
346717
3521
38
2461
1
1930
1601
428429
212059
21113
1496
192336
910
2670
1654
3088
180
117218
624
39520
2428
2361
1296
212492
15
56974
171744
1859
17
134588
570
21
19776
778
51334
112
30820
7
3427
5652
1683
398
443641
1503
25295
131
340
344208
744
318836
14570
181186
59
94720
99775
413475
9828
56321
7087
1454
442459
96234
978
33
26
698
19
804591
9
3145
4958
1952
280
29485
8317
528279
2776
495
80540
37
1327
1053
3770
1007
9
2790
8063
2324
25423
163656
180433
2016
328551
859457
440
16
299
87
4
21373
1098
132155
2827
1086
61879
2920
145435
13688
2935
653
1364
42996
9
1780
795542
235095
38259
19
1065
417
361883
10
4412
23074
590656
94936
212
1291
4646
520
182415
2784
5952
276779
649743
19
118969
3
297013
20
279148
38905
5084
139035
475
189320
93
212
500148
360734
3
283197
4
32767
3147
2838
119519
545643
265
411208
923
386506
830
42656
8661
297880
109869
5
533
22708
186499
7456
35
2106
497590
75
2858
2231
1718
53
37890
305254
1813
746
1937
2503
131638
31489
118371
489
286989
81808
274140
395873
248
96288
1925
2540
177976
814
480319
2315
1190
1368
27326
985
216336
7287
133
4504
3
14
44628
274248
903
9
6591
24685
3
1824
1874
232
5742
17
715
18597
33843
244063
2207
2815
2979
270267
498
3843
310321
37397
32256
73500
1970
392
2603
554
2099
7602
264673
3733
1216
1500
599107
274341
1623
21136
1084
16334
1609
403646
65316
795
795
4813
567
133287
5390
122303
1452
793
265154
6
132382
28
313
1290
692
805
953
5160
333
21
5331
88467
6
25
17265
2399
3276
13
36
899
1050
4300
749868
10
118291
597
4415
527725
104
417
10
195153
16
214677
89838
13161
121180
2501
43
9398
109570
687
3223
16
1037
213295
502
17284
53251
998
14
705303
23
3985
1208
1548
174
668075
37
65560
5
1049
36
84527
492023
366951
336
1187
101054
12
200930
15543
699
46
11566
34
1718
8
92684
292115
33
27886
142867
101309
915833
264291
133
406
4060
5938
3243
492
541
2054
1494
2127
2201
154460
123
995
253830
324156
101936
4083
12533
96326
19602
1776
676130
122
417157
254280
727
267917
96
315792
7835
218
80424
1958
58276
11
270739
33
1540
16
1594
69762
2637
598231
591
1176
19938
42988
3687
2166
43
20100
593607
1048
74
88048
6444
178826
64029
397379
22011
213752
355392
286
35
1156
724
1485
6234
760
89303
3
2455
39126
175894
64594
60774
61
149393
379366
2135
19
52
2823
13615
83103
1426
2254
17828
1486
48152
740
1919
614
6279
50170
4392
159744
62130
489
4571
15
832
310105
3849
284583
6543
8
249821
1326
12
6950
1649
11
1769
35682
298
768
1080
140608
2661
3455
38351
2557
54674
2217
22298
143871
1261
37425
1075
3619
161261
58168
930
4427
26266
335606
14647
2132
95007
238945
157615
140598
92652
1489
1144
69192
404663
1336
92118
1706
57440
341919
1206
317226
36346
676892
28980
2948
3289
11033
79435
248
4
18472
238270
474855
38639
209
87802
35
3493
13
559
236679
359909
877
450
125
1377
25
298100
1792
1684
640777
15117
2440
26783
10
106258
83804
211832
23723
2761
591
13
223
2251
720
102
36179
315036
1433
130086
2631
6895
1493
188964
212135
60057
386
227647
156
902
6446
602
1351
382106
7586
1207
1732
1031
584511
471
87341
4065
1648
10542
3022
2262
102073
3
978500
1666
1405
404
12932
27
151896
134
191
34
217923
334
2542
607
884
248052
1379
8
3392
15897
1519
2896
28178
67382
149607
346520
127682
4948
16478
2823
381356
287333
957
61206
699
252
24
761
12
18
202890
4271
782
4540
166074
102933
188
257084
7761
3698
1262
2099
593
72248
2221
171
9
6882
49
133097
7
138463
637078
12
11
7381
1193
3550
454621
1012
2846
3889
8
121
1210
46707
148
12589
2676
196
498
428259
353866
10689
2164
324949
2269
160262
15
538215
191130
25
2080
376929
1761
39729
1445
104951
87206
1197
2583
1259
1622
90947
24414
4777
46
859387
1477
3400
6
1616
2320
67784
22758
405921
610
41
2845
2953
2104
747
75159
617996
1537
443
1288
257
558446
235865
87362
1113
374
477
48
14820
460587
17
1463
998
3492
3356
23
2400
3865
159188
1039
1
4172
321
14
1410
6655
729
2053
59561
2464
1143
16
132279
2623
1612
499749
650
310103
111910
1168
103031
71
198395
34790
589849
246136
1245
73
75176
616786
26
298
7
23902
2176
202963
58668
824
114619
22390
454662
33005
79
759751
5977
1863
4651
102
441
1301
63048
796300
1811
157364
41706
67765
49882
3892
693
21002
135539
2835
7
851
34
258155
1235
292
1565
642683
22
1165
9003
5
4
3113
79613
811
17674
1626
185822
720
654661
1029
79128
239829
1608
16762
566
112594
195869
130818
2820
1772
37107
2255
307157
25134
978
259
643575
3022
11
251
9127
416237
4441
23
61452
3547
3188
401889
651
57
137585
61205
1
293892
1164
1142
463219
54
220
202239
2100
276517
14164
12
1864
970
2328
112548
2230
11438
2128
211988
4
7629
277435
626
16184
676185
102950
28
117651
130
110
3
4949
37226
17018
262045
41
365341
48244
315355
4516
1836
24033
33
36
3594
36
67350
11101
28654
881
13
1115
1979
261
17
1011
55212
8641
26
34
83246
1198
3560
494355
26907
302763
125687
2123
1134
20
2448
23513
1952
6946
1328
333
18339
336
13
523
377341
2673
1516
205915
4297
160455
267
383
84153
20363
2697
343294
978
124109
673958
7229
283608
5798
1736
501094
821183
277750
3143
386064
3158
822184
675
159
54
307089
185890
103174
146333
243351
5929
4917
3
145633
2763
308714
177
1992
257
15
2473
1531
316526
171966
1376
6
31686
1903
38738
102309
44
500
407494
11688
3590
3962
41612
32137
157
432148
358845
1483
545
2519
3463
289
8
1881
32
136717
110352
8685
13
623
6270
71931
2610
36041
273459
6677
46297
2547
519083
67826
3683
123807
266864
330
992
19
653
146156
127131
105345
67
76187
19371
363
55
448699
12755
6614
1491
379050
51238
1115
9
29002
32990
415007
244226
25046
3
3573
67125
250536
752
1897
36
34
61848
140456
884
26925
2135
5011
65
1046821
3487
1166
11
563811
724803
5062
3188
1248
1546
286154
372474
39
8
1434
10
195
27
432352
366117
3070
3428
475118
44495
219
5
541280
103811
152177
38
26
2605
138102
11941
4029
4332
2428
581421
16050
96
132
26708
83399
953
6705
65118
15
126
830
3848
33071
81772
6
8
38
40901
483
1135
326
63799
34011
2
6034
146
195
382
340787
1865
79224
150786
9
2154
94793
101236
210961
179375
4
261591
52069
201020
2142
1008
108342
492
335435
291
13352
208451
7125
3063
688
51
122400
680
14483
271
498968
147044
243046
285462
274
297376
553
10925
1
166
75915
745
184766
17
3995
631
1930
20
438
395572
8133
60042
106675
147369
25
1021
250501
5668
18
721
48744
150618
552054
317983
1253
467512
168159
79330
2038
90854
871
1361
281846
19
31
3879
5643
493830
635835
6
1473
151768
41717
6032
251973
126225
163
105787
1163517
813
715
130
498013
6446
31
798221
3663
85578
116855
339083
2757
784
100672
137378
325724
62759
60889
3596
174
2652
398
3227
104
613
646
483246
1974
683
3141
52254
206603
9591
294583
213069
129031
83313
273
747
385513
510282
6228
191783
124041
59
15742
277707
2841
1
1511
227
2313
524175
665
288673
79660
1736
1361
5914
2720
431056
5
1499
5179
148367
223191
5000
1528
849451
384171
8119
104211
488005
253
19903
164704
174126
14431
573334
4725
23421
79094
583
4160
429864
128728
30573
3743
28009
3319
3846
1110
539
1241
710
180674
61940
566
32
7210
426177
1062
261141
204531
1869
238284
11222
68186
15859
6
300
1
160
317427
8701
681148
3849
44842
10
680
681
15
1272
5405
1703
656263
125
293457
82212
818
111145
34
42192
286120
135299
940
58432
4474
1311
263889
190
5284
887
554185
849
1359
50458
761
452927
130525
225633
207186
256946
8034
13
259
63310
3106
730
975
72
9799
114023
3309
1519
394
5391
8728
997670
4620
113
135044
377788
1
381
561
16611
53731
764
