5067
755
547
318
38
1759
44
1398
51
1
271
21
683
132
10444
2504
4703
1
19
40
14
21
20
1
1
32
1038
22
637
480
6
1148
6
82
3
9898
16409
4836
1
2
4645
3443
5889
9
61
1059
2184
1836
2198
6363
5482
1416
1
1
40
1077
5725
229
1
5
1
1323
1
9
1619
36
1153
19
1
50
5634
1333
1
24
276
871
2475
1
3893
57
7
1937
1
4330
5401
2
31
8778
5
274
1864
8
1
2
4
4590
17
4779
1
99
301
1
7574
11
44
11119
9358
18
1
39
6167
53
37
19
848
2
153
277
22
909
35
35
5
1262
2841
13290
1611
4235
1
1
5031
84
4526
18
1
28
18
29
2
15
27
5897
44
11
11
10
12
672
3833
1
311
42
28
29
3873
11
7
41
87
2003
5028
2
8
216
2151
1
38
1
3377
219
1
785
26
5
12777
2
8815
4144
1
23
16
563
2468
22
492
45
1
896
19
3394
58
4043
137
2306
5648
252
18
2
3566
2
462
81
1
19
20
1
12
23
17
67
641
12162
3
1464
447
447
1409
9
1
192
2
3
35
18
76
328
46
3
1293
4
23
1
5
650
5398
48
1
9
346
1
910
10209
27
2
2
3177
3
16399
1195
24
1071
1496
78
33
10
7
4
1
2122
20
247
9321
9
1
7
3895
14318
4003
5
1
17
77
1
10
2933
19
7
5785
35
139
6
1
9
83
3
23
1
1377
32
2127
14
4439
5
134
223
1
1862
2028
1821
1
3021
49
59
72
9731
4536
53
270
3384
23
1
5
1
1
357
32
50
1
2
9
2830
14
27
228
7
167
15
4329
1
74
545
90
31
1
899
23
3105
1
2616
11
8319
1
57
18
35
728
782
2
51
2973
12
1
62
5906
23
4
37
9238
22
193
13
1
9
9
1
21
29
28
4
5700
1298
16
72
1076
1409
7613
609
10
1
75
9
238
2
5853
49
1233
4876
1065
29
5285
5531
25
38
11
1831
2
3518
4632
35
41
19
1
1
5
53
420
821
6
1413
1863
41
5
29
1176
1
1112
1348
1
1
85
99
58
32
347
2
20
17
1
32
3344
49
568
10077
1
58
13
2730
29
6685
4
61
37
108
1
2
1981
4690
31
2997
2
48
6663
4693
8736
479
10838
837
10627
109
16
128
7847
2226
20
457
19
19
12522
4285
8388
23
1
11
1
6825
590
1076
7
10236
15
204
1
18
310
1
1
14
9
1
10
2829
23
2854
1094
1
32
4204
2
1036
1125
9995
1
973
1009
296
558
8720
74
7
46
13490
47
3
6692
34
22
53
8612
37
4626
747
16
11907
2
1
10
10
7
28
47
10961
6
10
454
2349
2763
16
3
1
5030
21
1202
5
3741
29
13
320
6933
45
2
12
6
3
4153
30
1
1283
18
1581
1
25
44
136
52
8
9
2
6
2
89
27
33
19
4885
24730
2107
5274
562
18
25
394
3469
11326
1857
8491
22
639
12693
28
1
4672
1
1
66
713
344
479
731
1
1386
43
1240
184
820
333
6452
305
15586
18
6191
29
1
30
12
16797
280
16
32
2400
602
173
2
21
80
16
1
23
40
1414
47
10
17
8
36
1250
1
208
12
1
1780
8
3
1
32
776
70
1803
33
54
26
1264
1
135
16
1
5042
58
29
43
12570
8
5223
522
9501
3
32
14
1150
1
6676
2
5120
5
2
1
6173
20
1
49
23
524
20
1
1
5691
1193
6497
5157
4369
3
489
19
2642
1
1
1
1546
270
1
2167
2964
23
18
6586
3
5485
184
1528
354
1
6074
1979
10692
3355
36
6
423
8889
3358
1
330
21
229
183
14
6
21
11
16
3
138
11
47
6767
68
1
9
11221
72
1
4
318
52
4570
3891
87
7
29
552
40
215
36
19
55
15
20
77
5446
4
9172
11
1
793
17
6802
1934
1
12522
112
1315
5702
13
10
7
45
2632
1
79
9
1317
58
10648
579
27
24
5522
3
16
3774
5586
3
74
329
44
2
5
222
3447
3073
540
1
4442
17
8829
1
3188
33
854
1
1341
90
34
5037
2920
13500
63
15719
9
63
625
7114
114
7411
44
14
1
12
1008
420
11
4519
9
42
5003
10
6726
25
19
4
758
1
13726
270
31
5084
62
21
4567
12
298
2737
1
70
10
25
23
298
1
15
1
351
26
43
3
3124
68
28
1
3100
1653
5729
1
50
904
40
1493
12
3
1
153
2306
631
1161
276
8
14
9157
190
73
33
16144
37
24
5019
15
12
14
33
44
24
74
11
484
11
8823
741
635
591
3050
5905
2
1338
513
18
2862
1560
91
2598
17
17
65
16
31
23
47
2
3402
28
3
1884
6
10
2330
1
6
479
17
4519
1
25
2478
23
8056
1428
1
15
1
2167
27
45
5
27
1
12162
42
22
21
9
6
7
16876
1
129
25
31
326
12
3
2550
1
226
2916
68
28
13
2102
3486
883
3
12513
10793
7
104
36
34
156
28
41
8
1
40
1886
15
10
1152
1263
25
1281
671
24
50
154
1
44
517
1666
746
2383
306
3
1
2078
1505
47
1
1
6
6920
3
9845
7
4
2046
1
6
1
1
25
20925
644
1
1483
13
2
81
1
1020
1
1643
2162
1183
10
442
12816
4039
4
22
1
6
2
503
10370
397
18
9
1
12
545
2833
1
7469
27
316
8
10
85
6132
1
673
853
6
7
10
32
4141
446
410
1312
391
7
34
3298
43
10722
878
2
22
10
4271
18
5189
157
39
106
2092
17
3335
21
48
30
739
6763
2
20
215
2772
13873
17
1
19
1
1779
1
1
913
3
1247
1
3
6
2
9362
2
29
957
1
1303
1
1
5
47
54
144
1
16
67
13
1196
7
47
4010
4334
4651
16
247
30
706
1214
16
9989
5742
16
27
5826
2881
8
12
3701
1
1
3976
167
9052
1024
97
1
5
6245
60
6
10
902
15
5
8
56
34
1
2
419
23
348
1259
8
4527
3093
51
3307
55
16
1
12
1
17472
6457
110
7107
17791
15
16
1
3129
27
4
984
1674
5373
70
521
331
1
2823
1322
9452
2281
7098
99
1
568
9606
7954
34
6
15
1614
52
14
5126
207
21
2731
1
57
283
6255
3767
1
2
21
73
17
1475
4
5971
63
14
18870
232
108
1
60
706
12977
41
36
143
858
21
7
34
23
1072
1
17
399
5001
1
304
2261
1
15
1
83
1
7998
24
10
18
622
7752
976
73
13217
1890
3531
9564
3909
5709
2600
134
2870
1
34
6953
17
1973
5
358
6
371
7021
1
11
18
3
16
689
182
16
3171
4495
47
68
267
53
54
4815
536
1
146
1
16
3
53
41
574
524
166
80
1
39
2415
6423
30
425
33
7
3148
4783
328
5
27
1
5
1
12
2737
116
31
2701
4800
3
11
5330
1375
4388
12536
30
38
7705
357
66
3012
1
35
5090
450
274
51
12
103
3
1200
1119
3
3286
25
1
13
8
1
40
20
1
563
96
309
4
1
5
4535
3386
1
7858
14
1
3162
1
449
18
10535
3
14
45
8212
2
1528
18
5
7735
3
8880
4105
3
1232
3
3610
10484
2565
5493
7
1
12
10292
1
6321
17
2402
10
10493
154
20
9
1
20
5
307
43
917
53
1
19
7251
3
80
153
319
10
105
670
7292
1950
5588
422
4
18
10
1
547
4680
27
40
29
52
96
313
10
7091
7
4
12988
14
41
3639
259
1
1143
80
27
3
5599
41
52
5
44
37
1
19
29
39
1
13
5172
129
3575
22
38
6461
1
129
920
28
28
13
761
164
8735
17
8650
337
786
6439
2102
1295
914
1
35
1799
1
9
12
1
7
63
19
1041
1
1
23
23
1
166
10
3872
10
9497
5816
1
1192
3074
42
2
3896
3685
6517
42
12
46
2
68
28
14
17
7
105
201
165
153
2
467
1
8
30
14062
7
11
33
50
6121
1
38
7
38
880
996
9505
9
1
1
9185
48
4514
3365
42
24
45
39
31
3227
9
40
28
506
3800
12
3894
1
1056
9
8508
1
1735
79
1223
1
37
1
1
1
3709
2634
1585
42
16
2496
1244
76
4639
1
1074
159
617
8
14
49
70
7
8
15
4646
10
4376
120
23
6888
16
3804
1
2373
5
27
17
1
1588
18
5
8
47
16
6
64
7472
14
6
179
94
22
9
761
2
3065
63
1334
2
3
9835
1
6005
37
8108
1
3517
50
9
1
191
2685
18
5
3884
3973
2
4
1348
31
2
781
2
62
1779
8
721
146
13
6
26
1
2390
86
26
69
117
76
45
1
8406
1346
52
1
29
25
2
2133
72
2
10872
4166
1004
4026
7692
3029
50
4148
10
2845
31
7463
865
1
6
12
36
20
17756
8355
7044
1150
1
3027
8882
511
58
30
2
1245
1023
1
6838
62
459
18326
21
42
1766
8
306
96
642
1
75
43
2
10
43
1224
40
20
2272
8
111
34
214
1
11637
985
28
75
15
17
3145
6069
205
1221
1
447
1063
1
1427
8
114
13578
351
33
12123
78
682
3392
930
136
213
277
15343
54
72
7
9
4
24
6500
25
25
4555
9
1
5454
72
1658
17919
1
26
34
13
3317
1
14387
4
20
1
1133
66
24
1
435
789
5
3631
27
29
6838
6308
61
1799
2
21
2225
192
1234
69
787
3
28
1106
74
1
2672
25
5364
68
10
5
77
21
7
6
3178
1102
3943
4111
2703
90
164
24
14
1
318
6783
3947
680
3
2
4
55
1620
2
2853
3696
34
552
38
11
4465
574
1
6701
17
2733
3
29
319
27
1
1538
2039
4271
1582
64
34
14
67
11209
1
777
19
4165
16095
46
134
11
13
94
7177
51
1269
1096
742
1
124
10
94
1814
11
7
1
1177
75
1
4835
13
7774
4151
3326
37
1
6
954
8
15
21
4
1
13
13
1
8
16
7616
14
10
8618
86
1
4814
1150
365
2710
1
2207
1415
2228
36
1
2724
6
8943
1
1154
1
1
19
3781
58
5128
5169
333
165
43
1
65
83
11
20728
11825
2694
48
19
2756
753
6576
3
1561
10896
29
1
25
3040
4114
29
15
1955
66
1447
1
129
3260
10
20
12
450
9210
1122
30
25
4945
49
852
17
44
25
1101
2
1
157
22
1
10
10
1892
3620
4950
71
158
33
2
17
56
469
1243
30
266
2185
174
1
1
1
27
19
745
20
9
5
36
249
1774
1
2057
5
2741
25
487
22
2440
14
1
830
944
1
11286
89
2
3582
1
49
16
17
10
1
1204
2
352
37
9811
47
21151
52
6
25
195
43
2162
3
37
3964
2451
1218
2
35
3088
555
11941
246
28
30
3
5241
13890
12
1
7891
2
55
9021
7795
8617
60
7072
2642
18
528
33
11
11
5419
621
6014
4
4436
554
1235
5191
1964
3
15
9
1
6
12
12
1
80
493
13
3
25
898
47
2515
52
9252
1186
1
46
3751
32
12
7
16
6152
2898
6376
14
820
2051
5
620
681
19
29
1974
3
6315
5862
31
10513
3250
5085
60
412
33
94
3535
23
8
2367
1
3126
113
6077
1
1
11505
51
2
2903
6511
1353
7
28
6
17
2053
1
508
1
5705
1
3
4289
54
1669
474
9
1
181
1
570
17
42
396
1025
32
1
700
6142
22
2621
1577
1920
328
25
15297
878
452
907
56
39
134
1
5181
79
473
1
4
6
27
5931
1
1
828
2570
336
822
4705
5218
5402
10415
438
7
3342
40
1
265
901
62
1761
41
9225
54
13
930
20
329
362
24
928
1
306
2
7681
16
1
9
1
321
1
1
2812
3119
8
9
60
5
3783
65
2981
6348
41
15
1522
592
3
1
21
46
14
1479
1
1651
1
13
2647
1
2256
5
105
223
4112
11
34
12
9842
51
1
5554
7
18
5632
5
448
4075
62
2
62
4628
34
9
1884
61
30
5766
11240
60
28
20
5082
41
22
602
11198
34
36
9
35
4125
58
25
53
984
46
19500
2745
3935
21
1508
766
2
5453
274
1
4029
5
4666
10
1
5547
2429
1
477
10
1
67
20
22
4
22
927
45
1296
1
2472
61
7
17
4
1
2
12
23
13
9
53
56
2
1
8
7
27
7
38
12
12
24
1071
1858
445
28
8
20
72
44
12032
774
5
74
9
196
951
4
23
68
683
35
4283
1
4696
7
2
3361
350
86
1
52
6
2
47
9
7229
532
26
1
4724
1
7
2
37
5211
23
1007
17
9
1
1038
2
13
15511
21
184
13
476
1013
95
4267
23
1067
2889
1455
42
101
10
11
14
6052
22
3632
22
30
18
1
67
1
10984
8972
26
2801
1
1
20
70
7547
1
674
5
12466
13
1
6
2123
2250
4
1
9
10012
1107
1841
50
32
1
2758
17
2
1
10
2481
19
23
83
48
14
1
21
54
945
6410
51
2441
1
8664
1788
154
1
10
819
407
5017
1
7
6
2563
35
14269
17
1
7
125
288
1
30
2
32
2219
31
1
59
35
27
1728
2527
3
5622
1483
212
10
10216
279
7921
37
17061
1674
10
5
52
369
1
68
4688
2353
1212
717
1430
32
1
3
87
14
30
3277
45
17
1
22
84
18
5402
6
4580
658
20
41
34
38
447
6
6
26
42
3238
1
69
1402
18
4567
129
260
34
26
7007
34
29
1579
6464
486
9
634
1
1585
45
2950
60
1043
24
1990
5580
68
1
52
45
23
19
5
43
23
1811
2
89
9935
1
8298
1
9
1
918
686
839
1
9484
20
9
5
21
1
16
46
184
195
1
1
10
7
4019
2
9
1417
3
61
6
16
1929
34
9
38
11854
51
515
1671
4
27
69
3654
4330
401
245
1837
603
2192
789
1218
27
12997
9
15
35
9779
1
4630
316
17
4186
25
38
5824
12042
1
50
22
944
30
51
5360
12
12
2714
1
706
4269
9284
85
1
5430
9457
392
67
1083
4579
2
4722
907
62
31
1199
6064
1941
838
1
9668
4280
499
1
13
5
15
5152
9173
414
10
1217
9146
1767
2
23
3
13776
4
23
15
139
19
1
33
4855
85
6661
2880
2979
2
1320
60
11
5763
505
2428
16
656
2617
53
3622
12
12527
79
1101
56
200
44
1
5338
1396
35
4682
1209
75
4062
3903
19
17
2097
1
3
2757
1367
2622
11727
35
16
8
1
63
24
81
17
19196
27
1
1
34
1
885
158
33
1539
564
13
82
4872
1506
8154
15
5
1681
18
4173
2
112
1
6
3340
2758
52
27
853
147
223
31
1
4201
37
21
47
1262
45
16
24
89
671
6467
28
4739
1
1441
1
13
7544
40
12
3
1
311
2427
36
414
3708
646
1196
1
3961
58
11
223
41
20
91
2
181
51
5
14474
16
2
1
34
1
11
1367
2260
7
5898
8536
324
918
83
2
357
446
14202
1
169
425
1
2397
6660
5287
971
3454
725
47
2032
24
28
1
1
1
1823
12436
23
12
32
1
2914
1599
815
2298
25
5762
27
1945
39
1966
5501
4676
1
5559
258
47
1513
2
17116
13
10
1247
90
7
2
4546
19
11
3
570
1
53
29
1
662
11
42
9
165
41
27
4033
2724
61
27
41
3
4767
31
10
8783
1
26
107
177
527
47
4
59
1
1711
353
1
7846
1133
2026
1
1
54
8495
502
2
4364
300
8
1
39
1
13328
888
107
1737
1
44
2315
10577
300
21
21
18
2
929
6534
78
4639
757
2388
2
1
252
23
58
8485
39
1
485
246
203
23
40
48
1
829
5944
29
22
3783
181
30
15819
6
8
63
999
21
9587
2576
13
1
10251
3
913
20
50
4704
14214
17
1790
1
1531
12
8617
67
41
8024
219
18
120
1
14
13860
3746
21
11
7158
14232
25
4509
29
1
1
7114
349
5
44
307
1
1299
21
4313
12
25
9
30
57
3371
1700
60
4255
1933
101
2
2385
3700
159
7562
891
25
57
16814
19
2
2
47
32
20
1165
123
1
5567
61
38
1
264
14449
550
4
22
3455
243
44
61
41
114
849
2580
11525
4011
1
1
1437
18
647
11298
23
1
1
19
3
13964
6166
4175
39
13
5007
25
3626
26
4747
46
17878
1403
1790
50
381
388
11
8
956
14
21
11
54
588
65
3877
19
3850
4
67
1
1297
4627
2
2
1
18
9365
24
971
36
37
22
3
72
71
6278
2
3541
14649
2253
78
11
22
2227
26
1
4558
4922
42
2223
1480
13
10
6212
74
1
106
30
1
223
230
1
3500
1
16
1
3
1106
1247
8
416
74
4
1190
1285
3
237
4312
480
4159
22084
70
15
632
81
898
4528
55
2262
326
286
19
95
1
91
2267
16
3127
23
466
428
1
26
8393
14116
1081
49
86
2817
552
6162
6349
4361
15265
41
176
642
51
699
5129
18
9650
2
1391
2
1644
611
1
1
486
2552
15
5926
63
58
26
8
39
26
12900
46
3764
3452
25
55
47
20
10
1
6927
1858
573
10
12
492
69
1641
319
848
6703
11958
6
736
33
3
149
73
19
35
234
250
3611
5
32
1
21
64
2882
37
28
605
1026
38
13
2777
1000
1
1
10
1
1
550
7261
419
4
5218
11
114
7
7
27
2
20
1
33
84
10314
1
8
34
12
28
7660
1
33
20
408
1626
39
1
56
864
1082
3154
3249
24
1028
1
10
4
2
2345
1395
347
1364
7
10966
6
25
201
371
1
67
1
38
88
12880
5
5
25
133
35
2109
70
1
1215
4
70
2593
682
1074
1
12
18
32
4987
60
2392
9
7951
36
67
435
22
56
13167
67
108
63
62
104
54
11680
10369
1839
46
529
1140
3
3
7
18
1705
5
1778
389
6
974
1
6275
39
676
2111
810
430
205
3844
54
44
10
910
18
270
65
643
973
840
1
4173
68
11
17
4465
25
2
1
41
3
7
2282
18
48
4815
2
175
15
7314
30
1
1
2
2737
4695
3
1
16640
1807
3714
1
10
4010
84
73
11
1242
6
1
1677
37
28
3027
3218
8315
3404
5
6562
227
2647
5778
6510
100
1791
16
53
447
22
5636
651
1722
34
361
1779
33
25
6056
6445
28
47
5526
22
4
113
802
1
44
192
38
24
1488
12
5662
484
5666
14
3748
2676
1
8170
3059
9
2882
471
1613
26
1357
2812
55
2576
3
11
22
635
13
115
48
8207
14141
3869
1
1
1864
3194
5563
1923
5321
11336
5
8
2989
203
661
32
37
27
56
101
9853
644
2108
56
52
21
19
20
8
1208
5285
30
2
2604
15
75
39
1
46
704
330
16
26
130
226
24
75
20
43
2892
14478
6
65
1303
978
11952
418
1648
1
10
9214
9
90
92
145
4229
1
45
20
28
7790
101
32
44
1283
1
73
1
1
9
8
5630
44
9
39
1
1
38
10
5675
7
3
37
63
35
14
1902
215
3625
198
4
8
486
1
11018
1
32
68
6661
12
41
27
1
5198
51
22
6835
37
2091
1
13
12
1
201
1526
14
354
449
12
6
57
11753
51
2
921
2
4
44
1101
1
10985
3614
3301
1
1552
6220
40
64
37
25
2293
494
39
5
22
234
1035
253
6
9
7
114
34
6
6
17
7862
7
5001
2804
1084
1457
6570
226
2100
3026
4286
87
1
2406
2156
49
56
97
15
13
5936
9
66
1033
6131
29
9
11
2474
30
55
6111
49
49
51
51
8
14772
9834
117
6402
1
1
25
1261
126
41
46
1
4
618
4476
1
6677
24
6
1
116
2034
16
367
1
522
31
693
17
3
21
1
2
1905
4578
1163
16396
3808
24
100
1763
1
1
31
31
52
153
35
8176
521
5
9
4
505
4201
3
1
17
63
26
8
23
94
3
12
14
20
35
4
2510
194
912
11
217
9637
45
467
326
26
3917
8147
2836
20
25
48
7
6
6
11924
5960
159
2
1
1129
82
22
4102
16
8396
6
15856
44
19577
42
33
34
25
2312
4243
113
20
6307
870
9731
1
4268
3608
3
7
13427
7894
16
4
2
19
48
450
17
12
2759
25
1
5666
14
6316
10
3343
8212
2259
5784
147
1590
470
42
1
7550
4217
469
12
609
3377
6797
16
49
1
16
13
3131
3414
21
4151
1
2
942
2046
76
7315
5
2212
6
142
34
2189
1
1
4957
8
19
1
51
15
5059
27
37
2394
1213
1689
2
4
92
116
3169
13
13
38
1383
789
54
311
109
8
1017
1989
1
13879
1
1789
63
76
4614
1
5600
6
9670
1064
7746
5
7
6462
5
11
14
25
227
6027
10
2
481
5
8
26
31
145
51
50
1389
2600
3
1743
1
22
37
3
7166
1987
314
3253
2425
18
7
24
6098
1701
13
54
8569
46
113
38
9
1151
35
61
20
3872
1
9
1
2450
26
1
9
88
1
647
20
22
67
1
78
7936
3
40
3
10197
17
1
5
31
59
2363
3
1549
1
2341
44
775
18
1200
822
6
27
1
4946
12110
1457
59
5
1460
21
26
14
12147
167
11
2681
1
26
1006
32
69
7394
1
4763
5
53
4731
1
1
2
25
1
1710
7
689
32
75
6211
11
20
1
7544
77
3503
63
4
1
17
2490
6
5
34
4806
17507
2838
994
5
13669
181
47
1879
33
1
1
19
1832
2528
25
38
434
5
24
5
18
1
1217
934
7
51
25179
5
3380
3694
1783
471
25
1
1477
35
1
1235
74
3433
83
10172
13
5427
1224
1
14
100
4213
567
70
2
1
3925
140
25
1
23
12
17
2268
29
1
5581
6445
28
1
8
537
2369
68
67
5358
717
1680
3
19
13956
2
855
1953
199
6
2251
52
9251
730
18835
2899
70
16
57
1482
3196
1
3973
583
7935
1682
1
3
20
41
6305
37
4717
2108
56
29
15
3823
285
38
251
2
3
1764
1204
20
13
1
20
48
5897
19
1367
8311
1
1
36
6182
13279
1
41
323
30
30
805
3488
5222
37
1065
55
122
49
55
8398
1410
756
1
1
808
37
816
1
1
7
2116
83
7
23
1
33
13
2879
1317
41
3092
2561
48
42
1992
1
7692
855
1560
1
28
10298
7
767
1
1
36
59
72
1200
4626
11
14
1
3411
12
10
1
984
48
1109
703
13256
1
5
3231
2
14
209
63
318
43
5
13070
48
1132
7187
21
72
1
607
500
22
296
1
9
17
14468
102
13617
943
20
2340
1
43
7224
40
35
52
621
8
11
12
13
12
9896
12
49
246
10137
1573
4107
25
32
1705
2
12615
30
1749
366
41
1
3
6
601
622
30
13
99
79
1
2132
33
1
7
10675
8
1
1234
8303
3
28
15918
33
1
5
58
3
6
952
19
30
13
4
66
8743
14338
5837
26
51
5997
1
7679
940
70
40
48
688
1090
22
1731
11
1486
4252
5
1995
1187
4793
5107
15
3
23
13
12
2950
73
2796
2155
1
10
12730
51
21
45
4121
27
480
650
1
984
1228
7
5789
13
1
213
2333
4779
8
4565
1136
24
4
39
5459
5966
1984
7
119
5603
3122
6586
46
2
1976
1
8
18
463
2304
10
1
597
13
9
3
23157
3
2438
2185
3690
105
192
4779
1099
1
22395
183
6
47
8609
3362
1665
51
9
11564
3459
12
5227
4
19
26
1
13
14
47
44
52
43
89
13
16522
41
52
14
6217
12364
41
660
6
7791
1
3
20
7835
1
45
496
2904
8155
35
1093
17055
1380
29
40
4251
93
77
1
6937
94
1
894
3925
375
11648
222
3016
24
1
3475
5467
8
28
1
35
212
19
2
1331
16
6026
834
388
19
2612
7530
58
19
19
27
469
1715
543
1
2881
8032
4
7
723
3131
4071
37
15
2
29
19
4444
1
1
39
4998
2457
4540
8
1
2
89
7902
1762
2148
23
5
3
565
982
2929
1069
6501
19
4079
384
7205
30
3349
3
8055
1039
36
201
19
2154
266
1
34
6923
2
1
4762
53
5260
28
122
88
24
7
10006
91
1
167
36
5
1
3562
16
6
6730
1
3
4
5
3960
651
644
4
382
1
1295
10634
26
3
2781
1
4518
2
5542
4371
1
165
2
4409
5583
2281
124
1
14894
646
20
193
658
355
19
3658
425
720
3245
9200
7256
4200
7987
64
10659
1
19
632
9
1
1265
22321
9
3
6123
52
71
15843
4110
4
90
1
18
1
3953
264
1
5
521
2213
3246
10
7167
1
4373
1185
20
4135
58
457
3
7
67
10554
1
11
5
20948
11
78
498
53
8
39
24
195
168
1125
12958
1241
2541
18
8035
19
28
53
4438
8
1461
27
5977
60
43
2
6
16
1032
45
54
46
1
1
33
2086
1
1
43
1282
10816
51
13
865
1
1
30
19
3625
8694
12
1
43
1
25
41
3
296
1
11
832
73
49
6564
140
8
2299
1145
1
1
11878
5226
1704
10
4
7608
47
74
34
14
11
1
44
80
28
164
1
1
7593
948
6721
1
1
41
7399
1641
1
35
1179
1
3
5075
91
11
1224
5431
2720
264
180
3941
460
308
3584
8120
2
3370
35
10167
122
18
1904
17
15
15
2402
326
1
21
4
4
7
7815
5
1115
22
979
1
2185
17
2740
22
1577
30
2297
13
2590
31
13
9
43
907
20
12608
15
394
1
978
2080
27
46
11420
16
9
16
29
1
6
1662
7377
85
2889
1511
60
213
9
11680
25
8
7
57
8878
1278
59
20
4166
1
18
1865
16
4692
