984
15
775
49
82
1
1207
692
1675
2385
1
582
396
486
257
20
3
18
40
4
156
1
17
217
1438
28
81
47
272
22
1
51
58
7
2058
392
19
148
1
31
18
100
24
166
264
2
1667
15
219
158
40
1075
69
48
451
166
215
717
431
135
70
476
1
133
1820
62
16
491
85
995
1159
7
60
234
4
396
14
6
162
24
869
79
46
16
229
8
3
110
28
12
1735
15
75
52
1
3
1308
16
857
449
1496
120
335
13
126
1
1390
30
800
35
1
124
119
341
413
950
32
107
1274
963
2
23
8
2
65
606
41
112
986
5
65
124
670
5
99
15
154
1191
3
231
619
37
63
939
22
1421
1225
55
238
28
141
17
1
175
1
82
760
18
135
2838
81
41
11
4
60
6
10
54
39
662
767
351
49
20
119
2252
14
29
153
9
632
727
224
52
26
8
158
2
32
737
99
19
4
2158
495
947
249
1179
15
66
577
1849
106
793
532
47
2075
275
24
6
152
1267
321
1032
860
112
47
112
784
28
27
9
7
94
1
3
8
19
10
2
16
30
134
8
482
55
1
479
514
44
183
411
42
32
29
18
93
23
6
69
671
2
287
103
1065
353
11
22
10
22
552
158
12
1890
77
2822
17
9
120
4
74
1415
535
577
741
26
72
25
20
51
16
1181
16
6
87
102
533
577
2544
31
820
1024
24
81
19
3
253
242
5
33
5
27
111
47
3
9
349
417
1382
501
17
6
105
58
10
9
102
73
2368
18
2
25
1156
87
29
107
151
127
173
443
80
1297
209
99
67
21
19
5
18
86
4
15
64
1091
1193
737
55
6
111
1191
171
5
2351
101
986
881
1
673
4
1
38
690
51
27
29
73
8
26
934
407
9
1710
12
46
890
59
25
15
179
250
11
8
784
55
34
324
141
3
158
391
4
40
675
22
4
161
13
158
62
47
15
84
48
96
1789
4
36
13
438
1511
53
49
189
1045
12
1
74
717
8
58
142
8
18
103
108
565
197
1709
429
73
222
15
1431
7
4
5
17
3
430
1445
204
170
1161
18
7
54
3
202
42
39
24
1
1
10
38
119
166
197
258
87
105
221
14
1
80
8
34
240
430
34
37
77
11
13
115
5
2180
438
24
25
1119
49
3
242
20
10
661
30
51
8
162
64
2
1424
163
54
212
1
915
30
66
814
45
3
1692
349
1570
333
37
22
1
81
71
1413
75
991
8
704
75
211
1287
654
132
34
4
36
154
1891
233
13
15
32
12
75
188
53
39
229
11
34
1113
99
133
169
2
159
22
28
8
60
81
7
224
217
82
102
117
946
1845
8
27
18
7
173
4060
113
145
293
28
71
211
81
275
199
168
130
515
11
34
7
89
3
1517
593
97
1203
164
405
2735
370
316
1614
2258
2
3
475
25
3
1293
573
39
12
2026
20
9
5
158
141
2300
139
65
65
79
42
77
121
168
1356
624
822
249
1325
6
930
395
324
24
14
21
298
24
8
29
15
91
30
2616
1792
19
209
11
90
38
6
2556
56
3
1020
118
104
1
29
182
57
853
81
10
58
18
58
28
15
271
2
1617
53
121
2410
66
62
421
898
1432
9
11
2913
8
268
21
658
17
1129
1189
2809
8
719
157
24
161
390
525
692
1632
11
538
291
231
3141
16
1529
277
124
79
130
1237
106
1365
72
17
2
1815
10
1334
2610
912
1361
153
61
1
38
2548
8
7
8
17
187
2
3
1077
26
68
3
1234
9
111
6
11
22
8
512
526
221
6
30
225
1
12
36
1403
27
20
5
14
3251
62
27
5
119
60
105
22
126
277
3
52
237
93
185
5
24
1656
274
202
118
28
785
1538
8
114
400
30
1512
1910
56
10
76
43
110
537
12
539
96
1421
1547
6
12
682
32
11
24
36
796
264
611
82
9
1088
207
1606
225
127
83
252
291
28
23
109
1
153
6
27
4
3
16
3
143
113
17
2
21
88
1
13
6
852
54
12
11
501
141
4
6
82
82
152
7
18
16
17
10
33
20
37
3
66
39
105
561
144
40
901
757
7
556
320
61
27
106
14
5
2297
16
819
493
31
13
28
28
71
13
83
16
97
15
64
44
575
8
24
462
229
120
1
193
857
5
3
170
20
11
224
12
158
8
66
624
426
49
23
2620
12
1
2
5
678
252
88
122
1
16
133
13
182
147
84
573
48
144
5
12
490
85
92
168
59
721
73
21
1
1
570
4
10
1090
47
57
26
46
15
87
633
402
17
417
392
108
54
597
1513
24
23
65
805
21
32
14
950
3271
115
5
1179
8
108
1217
1617
393
15
120
60
169
517
318
110
16
36
2635
10
159
105
4
94
2903
1488
5
27
298
1648
3
2
84
12
27
17
30
18
138
291
2
130
161
388
6
1089
189
1936
74
37
1117
35
21
2276
69
685
2805
73
55
38
82
133
14
181
359
75
43
189
876
165
363
55
28
32
5
91
162
34
36
3763
666
414
108
3
40
5
515
191
73
513
38
24
60
38
46
5
34
108
1455
202
993
352
8
26
11
37
68
11
1205
1023
3
204
600
1991
102
3240
53
163
20
623
21
690
40
22
43
128
43
35
462
28
34
547
311
1308
3
174
52
37
805
107
39
62
5
42
27
12
22
119
238
145
117
11
136
55
84
23
157
22
1728
195
7
56
13
30
71
513
2095
1055
124
130
6
176
251
95
48
5
65
5
28
380
2
7
191
22
115
60
1923
37
14
348
610
43
761
7
2425
2
339
64
220
780
156
18
3
870
160
475
99
7
1251
571
771
3923
532
67
5
610
128
1
1
11
5
477
5
42
121
537
82
7
722
624
83
2144
487
14
642
2
125
1292
142
10
35
102
912
81
28
1817
37
156
17
31
19
274
87
537
18
7
2725
848
6
33
180
400
1344
760
18
171
51
221
58
35
5
2012
37
114
669
22
12
75
26
2
104
6
4
170
138
421
189
11
200
9
86
156
13
53
66
16
3
122
1
337
167
10
152
952
62
24
223
4
74
19
223
80
122
252
4205
22
193
889
106
1445
1810
203
9
1518
3
232
141
773
132
751
33
58
252
210
5
66
22
153
57
46
8
52
2498
25
9
41
217
14
50
15
76
15
21
320
7
269
9
54
3
3
41
85
40
26
2
145
26
31
655
93
5
337
1136
330
723
9
126
376
107
209
47
525
13
1081
291
96
176
576
92
85
13
1
253
57
64
215
122
10
151
82
3585
27
3
57
31
46
261
756
824
67
16
153
193
83
30
50
99
33
127
600
15
16
851
217
875
87
286
31
135
236
63
29
205
47
1612
153
23
344
97
23
317
131
4
126
100
843
174
21
29
44
12
904
49
88
2
113
65
149
4
232
129
248
385
90
707
4
139
7
19
1602
16
133
48
121
35
1681
1185
97
1390
74
1943
233
18
493
1
11
1
882
7
83
3
601
6
37
1512
71
618
4
143
46
745
570
59
44
2
82
716
875
67
78
608
457
51
7
24
1246
22
9
1406
53
3598
42
33
34
620
3
596
116
1675
54
2221
295
483
1382
208
81
95
126
45
113
136
21
4
152
177
31
152
73
324
43
7
329
5
1
11
84
1192
298
101
17
67
88
6
35
2319
171
3
25
113
345
6
4044
75
1331
4
379
11
1125
1380
19
6
5
36
72
34
218
11
65
3257
38
6
640
97
72
655
2080
78
6
9
372
30
89
29
932
45
159
9
171
415
17
4
59
11
359
224
2800
266
4
77
22
220
33
159
811
500
255
155
18
3
1895
14
1205
17
16
34
61
92
2
14
183
68
47
354
34
12
3
3
115
117
1057
269
4
7
5
366
659
26
2176
15
1182
1
1709
210
73
6
9
666
260
17
8
72
233
805
41
95
27
2571
6
69
85
171
36
6
88
181
436
1178
192
950
5
111
57
644
24
12
44
153
81
425
874
149
10
31
946
3
65
1
2141
142
6
30
12
411
2
948
381
128
332
18
3515
887
237
389
89
8
24
143
61
3
34
783
397
992
731
534
35
2
487
98
868
1
3
660
257
49
168
67
3
367
114
120
199
37
99
362
27
2050
27
7
676
26
53
760
26
8
206
134
151
56
578
38
2
1022
45
839
12
73
2412
985
541
65
200
85
3
1998
768
1704
1448
5
267
6
8
18
67
558
1460
226
23
157
3
113
236
29
897
982
29
3086
26
571
423
192
83
22
1
16
156
42
15
364
57
25
1953
26
97
1
74
12
82
43
119
186
115
2122
7
1037
77
5
57
27
50
47
27
272
104
125
1884
94
97
1935
372
37
138
2
278
34
27
252
59
27
44
1234
109
3
49
16
22
3235
55
937
109
1240
72
528
39
1179
12
290
19
152
125
1600
2
289
66
344
113
8
1
29
61
3
1547
63
20
5
18
1
191
23
25
15
45
7
200
178
123
49
22
12
482
1288
178
29
621
61
1552
5
15
33
292
29
2
5
1036
13
330
12
1569
24
301
586
192
7
91
116
217
1051
2
85
121
242
349
99
164
59
12
23
699
55
546
156
1941
5
1204
452
545
677
1
17
20
346
120
272
51
98
1
21
8
1105
105
58
39
17
2462
11
940
282
73
88
13
3
24
316
27
64
140
1
215
110
38
8
36
1678
238
1264
23
8
3148
144
849
5
111
925
65
22
76
54
113
34
127
8
41
566
663
177
159
497
31
36
1
278
112
28
239
1208
55
110
1751
98
680
43
96
38
421
2
260
5
1047
171
1835
6
13
281
8
4
23
48
7
3313
43
1
7
313
1309
42
10
9
67
102
147
29
2412
182
1102
79
876
310
1652
18
14
13
442
449
2
35
1063
29
169
505
67
175
142
14
2051
10
3
67
8
5
455
1250
4762
59
2
721
2
128
29
2036
51
1345
103
6
2
52
234
137
62
1413
29
2867
19
113
1332
22
1182
36
540
474
1590
10
91
66
2861
4
22
12
5
11
1505
324
1341
35
296
19
27
1391
134
215
2959
198
516
68
629
42
19
64
1
1102
10
1
36
675
2
454
25
181
2588
75
81
44
41
111
7
48
459
35
134
446
151
372
73
69
33
310
609
2
16
305
1546
36
1
2580
163
18
867
1624
17
1115
90
2629
11
110
1349
1631
20
11
537
467
30
222
23
56
35
567
1
80
61
632
229
1966
30
128
25
11
1
55
22
333
96
3
2488
184
108
470
149
197
14
1688
74
237
3
124
649
159
34
155
51
13
11
118
26
5
204
18
239
61
26
51
1259
109
10
3
74
5
34
1
35
7
210
990
1
464
3483
5
90
203
1360
461
221
362
337
5
296
2099
490
493
142
28
376
5
2
121
116
11
751
2372
160
240
47
16
35
74
63
724
119
1045
2
10
68
107
80
2
143
595
12
3
66
1079
884
435
27
24
19
339
18
238
547
3
16
18
372
33
72
155
159
487
23
1
282
18
13
18
5
34
4
848
2492
2
400
437
44
599
131
1223
131
62
5
39
845
790
14
19
171
441
13
134
31
153
90
951
35
1695
4
746
2
7
41
204
79
158
551
465
3
5
246
31
1699
343
4
11
16
1140
18
1097
12
259
70
29
5
12
6
77
331
6
76
1
781
3
97
64
623
121
3014
7
11
5
218
180
3
70
169
127
1014
2
36
84
203
881
116
1490
1014
115
75
38
88
7
126
875
1
24
1582
16
119
48
94
19
75
65
928
80
168
75
16
44
3
676
86
3
55
71
1539
7
369
36
132
1000
723
13
27
37
715
4
43
148
2
32
8
4
83
597
20
850
56
311
18
444
58
33
164
47
27
58
39
1075
1
199
410
50
13
51
57
54
35
27
1
549
190
21
1
446
3
4
1741
26
163
92
47
12
78
1987
284
71
82
109
2
1785
15
50
62
2605
18
1164
6
3610
334
9
13
297
92
415
90
2214
8
5
12
2
18
306
43
657
962
768
26
1226
88
123
3
6
113
645
19
17
346
1011
5
873
21
11
1179
3
31
962
1173
746
106
41
49
5
254
2620
19
11
304
161
130
63
104
146
1921
2
117
105
727
18
39
13
5
43
3
5
978
1053
85
107
990
64
1685
126
7
148
184
928
64
126
164
73
41
1032
58
45
121
169
7
7
11
25
73
3
33
3
1030
82
497
1
328
68
46
261
443
109
384
14
6
1216
59
747
12
102
10
2453
129
35
4
3
76
3
1
46
412
71
2
124
2
32
175
204
30
19
13
46
49
391
777
104
972
40
101
3357
1174
58
50
18
37
5
51
7
2576
5
98
5
12
2208
45
49
507
864
51
345
54
6
133
167
3
82
854
86
87
5
491
904
2625
125
89
84
1460
60
68
197
228
1
309
66
31
10
603
16
1640
38
1731
143
28
7
8
318
52
10
86
3
5
746
79
31
61
138
1098
1768
156
2543
7
4
3037
1061
6
968
6
878
23
84
1364
88
261
19
43
612
55
15
111
255
85
37
15
15
57
139
134
388
10
449
55
21
23
223
11
186
38
42
187
46
181
68
4
3
299
22
57
2693
232
18
10
62
215
44
23
1
206
67
541
1590
1902
60
63
82
23
493
75
1143
647
356
2
266
32
417
1396
70
40
162
125
801
13
17
16
2
94
39
276
883
1242
60
21
49
177
1
107
1634
77
6
1488
35
100
982
1808
441
493
21
543
85
21
134
2097
15
87
1327
1
360
50
152
40
191
362
251
13
83
243
4
2422
69
619
7
1457
26
40
272
60
38
19
1
3
3
72
54
1677
420
137
52
179
11
2171
8
79
158
32
75
7
536
17
8
6
365
918
32
104
4
4
1137
455
3712
286
103
436
83
8
28
93
25
49
319
275
7
866
220
123
52
34
38
1
400
59
1
38
141
1403
143
186
827
7
484
17
343
126
164
1760
49
1
17
13
132
201
911
302
44
126
506
357
39
113
269
70
28
39
2
14
309
45
153
19
77
9
6
4
53
57
664
286
99
592
1
44
395
713
29
5
3
111
282
3
1188
155
5
1444
3
398
1323
326
31
69
340
2347
382
97
6
51
58
540
1095
15
48
680
59
92
97
44
29
270
1084
14
36
30
129
16
353
161
1297
16
30
91
3
17
7
62
8
4
216
5
26
83
641
68
4
14
1
145
3
1521
148
1351
1658
8
122
99
1598
63
26
451
435
18
21
7
4
1510
887
211
10
1569
598
29
62
79
826
901
979
1563
2043
75
253
331
20
718
31
57
494
1195
185
6
5
66
17
29
85
375
516
7
1560
5
158
2857
267
39
47
1315
168
7
390
21
25
133
108
4
99
93
7
4146
1102
281
2
25
235
65
439
15
663
839
14
20
2
9
528
448
147
567
15
22
420
24
176
427
27
238
16
128
16
2
2
78
37
12
5
102
1766
46
2
132
12
9
158
12
8
844
62
233
33
102
19
162
59
7
2153
71
178
49
125
314
245
1585
1229
1529
831
73
16
74
102
1090
841
6
381
242
14
12
24
3
783
5
204
40
324
1
15
10
276
205
52
59
1540
138
51
3
3
6
738
262
3
688
2676
155
152
136
16
271
1551
84
194
83
80
11
34
6
19
75
533
49
25
1529
2055
62
12
323
18
773
127
2
161
3
327
65
72
2342
680
297
9
2784
6
150
496
29
182
34
8
992
151
754
99
11
1384
352
39
51
11
82
127
32
244
7
192
1
23
1949
356
274
1176
3431
10
134
1086
1
224
52
4
65
55
830
25
70
147
67
89
3457
94
150
1376
120
207
12
1833
155
18
143
461
101
158
4
1102
2349
1192
35
1713
32
18
41
56
12
6
243
9
534
241
13
211
123
44
57
1301
41
845
23
137
76
357
1
27
799
2566
77
690
80
3
10
66
57
32
61
2192
11
26
44
406
356
3
19
113
16
1210
90
100
133
30
3
1161
56
242
16
79
114
5
2
23
58
16
7
3
727
1437
53
129
894
4
271
223
152
688
20
24
22
3
6
12
68
1636
21
88
79
32
738
25
1779
124
69
1096
41
945
40
8
1136
234
102
13
4
10
927
1639
88
278
50
1706
8
44
1470
432
125
1056
8
46
117
391
1357
40
6
210
73
8
1412
383
182
26
210
61
242
36
64
36
1072
8
18
63
51
15
54
46
98
1032
1619
7
902
26
2203
2
12
101
619
183
38
372
2855
2
49
75
27
23
31
43
147
974
11
47
12
1
6
22
114
417
19
302
76
13
35
1399
120
21
101
4
186
105
10
512
53
38
575
2046
69
174
115
10
55
21
145
6
46
3
19
324
179
980
128
119
11
17
447
2109
13
85
56
81
14
173
458
6
49
37
125
290
41
21
54
1249
80
151
39
8
58
133
1196
36
5
1177
26
112
14
1751
576
286
45
177
9
62
57
182
28
4
1328
455
161
262
847
64
4
19
122
3
100
33
207
164
7
17
75
3
44
63
1875
1390
110
317
68
3
24
102
6
15
36
107
132
13
29
1429
10
17
10
23
15
92
198
13
79
388
644
131
1223
1542
1073
170
4
61
135
17
11
3
333
267
592
701
38
1
1
89
2
839
32
59
434
52
6
401
69
25
75
158
26
80
90
1564
18
6
22
13
1565
209
40
322
177
1586
11
678
71
144
1031
1013
18
41
803
1488
7
7
226
201
7
3
10
16
224
5
365
21
188
110
117
9
2445
5
27
4
35
516
41
82
80
32
53
3
48
21
148
679
31
922
286
287
46
51
843
1903
26
190
727
174
363
71
96
19
1285
767
50
105
65
131
82
12
112
21
2
44
73
30
712
27
1252
134
68
1371
39
42
13
326
22
20
253
1951
35
35
122
145
46
1980
500
459
7
43
69
20
3
954
83
87
57
170
111
13
2374
4
13
17
1971
69
370
29
841
6
214
17
12
79
155
26
34
61
165
491
2
112
173
12
90
12
274
600
279
174
15
50
137
57
99
55
5
305
7
1309
321
4
17
317
234
2095
1189
302
51
25
136
28
33
55
7
11
158
87
441
96
9
166
76
32
19
501
9
1553
54
2077
79
18
62
84
258
63
25
7
2106
21
613
90
5
13
170
76
185
27
3
8
62
432
82
74
25
654
821
30
56
23
245
60
2834
1
227
278
859
262
188
679
28
80
20
2
12
164
44
364
792
58
30
83
12
1
18
25
154
436
720
64
5
82
73
11
487
22
150
416
133
143
76
47
81
1173
80
304
146
90
60
57
5
14
306
3455
275
1160
573
637
3511
900
157
73
67
136
2
71
71
48
1
19
1217
795
690
25
156
228
604
31
386
403
2
7
37
2078
48
1747
99
32
924
64
51
61
2519
246
694
344
248
78
4215
113
148
141
537
41
11
192
55
219
77
6
129
38
746
278
188
5
5
37
169
47
3
68
46
21
696
20
83
146
32
228
909
41
1441
99
347
21
36
1879
2
186
7
3
30
13
110
141
30
730
35
155
3
92
28
36
69
280
1520
42
197
1964
58
153
2441
52
52
75
35
26
506
57
1547
42
188
33
17
1006
938
222
38
18
782
4
60
22
71
33
307
77
71
489
62
2
1205
246
18
97
223
29
271
54
47
32
202
314
29
36
4
148
128
2033
88
592
55
1846
6
2014
104
1
78
146
15
2
3
323
11
5
19
1894
1
2
11
35
3
146
1824
18
115
155
173
513
2
92
28
197
57
200
194
5
139
15
597
294
58
5
66
14
41
1413
57
8
53
6
869
25
5
366
85
301
130
4294
973
277
96
6
1
49
697
181
59
22
2
9
27
1750
23
1388
16
1228
6
599
8
1699
15
118
356
455
20
2463
8
88
2966
141
2
12
238
45
21
1842
3
12
37
676
442
509
86
278
300
6
441
5
714
73
10
17
48
36
572
89
224
90
493
37
545
21
503
48
256
28
25
390
115
26
752
5
901
1008
184
158
9
3
130
1002
951
221
3
28
120
70
188
127
78
537
129
78
8
198
34
640
34
675
242
5
28
61
43
240
93
26
1641
705
14
54
1567
147
6
17
87
5
31
1261
74
2500
125
1
812
465
37
461
178
28
29
1090
1091
15
587
338
66
13
83
316
93
184
188
3
6
38
3
1929
104
12
174
436
25
44
8
44
2
66
59
16
169
11
141
12
720
74
19
158
179
3
2
60
9
2
74
197
13
53
15
1498
1648
57
19
143
5
124
155
156
278
42
9
6
788
98
89
142
15
128
951
648
92
621
4
680
146
5
284
1739
4
2
2609
127
32
88
121
193
12
20
73
15
253
50
128
11
272
129
156
133
251
37
3
138
185
213
1611
3
5
122
12
32
145
10
12
275
1866
128
29
15
660
318
898
4433
37
30
152
1419
10
616
191
7
7
2
2
219
18
249
2
148
37
126
792
130
368
11
569
49
42
38
1125
589
1
500
41
285
4
160
2016
724
888
87
1
26
108
59
197
128
303
651
3
245
1857
37
17
565
61
128
243
191
10
10
4
869
701
77
143
15
30
456
71
1067
7
181
125
2761
72
367
1351
2
6
135
153
41
32
427
6
943
7
3766
2
9
15
97
7
4
251
662
28
4
627
609
77
81
27
75
22
1668
23
30
154
25
92
47
1623
23
36
65
210
45
44
233
67
882
13
648
11
98
86
5
88
17
72
58
793
88
46
1877
55
184
86
30
330
961
49
110
199
16
19
76
21
2837
4
171
18
134
131
3
4
609
26
608
130
50
371
16
935
3
797
1
147
8
34
22
4136
20
274
68
22
31
1739
10
3
972
117
257
51
1498
243
11
3
900
819
4
391
45
658
112
4
59
7
82
3
140
1717
728
39
3857
870
198
2
268
1395
2584
236
257
10
10
48
1734
77
33
37
1048
570
514
7
13
3
9
2450
40
103
520
12
59
30
352
20
165
2
3
121
925
36
138
101
3
154
33
137
4
1242
3
832
297
2480
20
5
637
84
3
572
17
1299
1375
302
20
196
3001
175
452
4
644
2310
81
2961
696
25
29
3272
155
704
9
3
6
22
677
9
11
21
977
9
411
9
2050
41
48
1295
35
187
2779
346
57
37
115
77
20
31
156
123
6
1400
74
1
52
259
143
55
58
635
30
139
35
193
183
17
1029
2637
24
126
109
39
774
11
139
6
55
491
20
146
510
45
61
908
84
10
2815
217
88
7
812
111
14
25
24
1414
892
5
55
1735
100
60
6
250
34
21
85
163
483
1175
104
7
843
4
26
158
41
23
1
18
11
317
25
54
36
1
24
11
68
40
694
133
263
60
3
1378
43
85
38
84
73
30
30
18
137
1186
89
36
151
1007
639
1878
5
1204
533
87
40
137
253
11
4
49
214
3292
94
1582
159
24
10
4
9
25
4
1747
1533
1428
122
1388
213
74
120
548
28
65
16
178
126
28
71
100
35
31
657
17
14
818
274
1073
649
50
41
57
127
945
922
167
125
667
36
694
66
382
2222
440
54
144
16
25
737
2599
518
1455
122
98
66
3377
2
32
20
96
3047
3
189
425
33
159
391
4
3273
124
2
231
943
245
12
223
123
2094
496
1413
26
514
113
1797
112
94
19
235
933
3067
34
1118
33
10
9
5
16
64
350
19
38
56
77
62
27
217
50
30
4
17
3
61
18
137
7
49
83
36
24
262
395
209
73
25
753
6
8
186
11
102
2
759
317
112
53
49
129
50
28
2226
46
1797
37
12
249
684
399
2200
2
24
24
1544
34
4
54
74
842
390
68
44
110
279
1120
11
47
3
4
51
13
161
237
3
52
332
9
2352
1806
14
1633
36
59
120
15
180
6
3
11
1862
1932
66
36
1235
1121
437
67
56
6
130
193
1
8
204
31
95
29
1066
101
35
7
56
19
1123
346
56
101
1315
18
815
1510
