5
425
4
24
215
47
1
205
3
42
15
9
57
8
123
27
14
4
26
13
12
29
72
30
10
150
3
19
75
90
5
28
13
257
13
70
652
50
40
30
2
478
24
74
78
35
54
346
137
13
25
68
12
75
99
21
61
69
36
7
29
11
48
3
545
7
107
37
40
174
59
10
58
61
20
72
19
148
55
10
6
77
25
436
61
143
80
11
147
5
90
8
75
254
6
152
531
324
15
191
7
39
29
89
41
220
221
18
10
141
7
158
154
9
1
5
43
28
71
252
18
116
30
1
31
55
84
97
111
272
163
81
23
25
138
25
94
149
15
105
80
11
19
81
75
9
32
48
86
369
19
545
59
137
5
5
43
180
11
29
1
59
34
333
434
51
418
39
164
38
178
35
38
571
36
13
249
12
94
16
71
58
16
51
97
99
317
14
93
97
71
87
194
578
24
36
10
59
185
222
106
86
89
4
127
115
3
180
18
3
71
24
137
46
21
241
434
11
40
1
62
85
120
56
230
727
8
9
37
50
56
158
220
17
27
242
8
46
111
655
50
7
54
10
147
43
206
14
192
88
167
324
6
45
60
325
15
300
30
76
264
12
177
459
139
5
13
142
366
16
4
511
11
5
65
48
67
422
75
389
99
39
186
40
42
63
219
41
55
104
255
25
19
24
17
20
33
93
30
32
1
26
309
35
1
141
154
60
59
32
270
247
50
257
12
15
34
84
288
3
104
168
165
3
7
96
7
50
238
170
234
128
5
7
91
49
59
47
50
72
17
32
11
41
7
30
87
54
546
75
271
33
28
29
145
305
174
138
64
70
3
14
218
46
11
267
531
24
8
61
2
158
79
162
241
136
180
14
6
312
574
33
13
46
20
120
59
486
44
42
189
447
14
2
359
34
108
9
17
3
16
7
508
12
796
427
6
44
62
166
8
35
1
22
15
286
12
40
45
112
583
57
59
2
18
190
45
11
41
28
168
55
26
142
354
30
106
396
13
2
74
202
105
265
10
99
140
51
3
194
16
13
36
14
35
18
17
38
51
287
79
2
126
138
493
258
149
967
596
47
85
53
529
13
20
21
64
54
222
23
117
598
26
16
20
34
75
19
9
131
186
60
451
7
1
68
44
15
50
84
24
4
102
285
88
3
185
23
35
97
170
92
17
311
330
10
22
34
411
311
133
35
218
156
259
21
391
19
14
355
593
378
357
81
80
12
10
493
135
264
4
99
25
333
108
7
46
33
10
80
52
92
1
94
15
135
255
15
92
32
85
273
61
158
29
161
15
5
184
30
45
218
52
204
70
42
11
63
53
32
59
124
4
4
17
24
123
164
12
15
6
30
23
157
35
617
6
227
21
84
6
2
41
127
26
9
2
26
603
10
35
202
208
110
78
185
9
9
10
306
424
149
41
285
45
11
17
32
49
35
158
38
29
722
106
60
75
423
112
349
60
4
36
126
156
39
14
40
6
89
4
141
202
26
93
975
2
66
62
193
129
42
84
5
62
125
43
8
121
91
158
16
95
18
25
215
23
254
134
106
8
104
42
6
122
36
20
157
29
231
156
5
100
55
79
23
128
44
82
4
6
238
72
194
1
54
758
40
471
26
316
44
24
66
15
4
20
53
148
93
47
23
97
181
4
12
36
39
18
51
82
266
178
64
143
19
20
130
13
4
28
14
20
66
61
81
15
127
292
123
9
53
5
167
36
364
15
37
62
422
190
34
56
2
41
567
48
2
13
11
17
70
118
205
43
23
3
7
139
344
385
8
30
33
10
353
72
6
9
520
39
114
38
183
20
285
23
12
22
6
5
330
383
347
78
43
100
23
70
229
4
7
37
4
38
43
111
411
162
62
116
18
55
92
571
3
562
235
411
155
239
48
424
3
42
125
20
56
10
4
103
30
359
10
55
8
24
23
16
8
15
12
3
30
15
100
8
51
53
31
118
101
9
49
30
67
161
77
7
64
27
28
10
34
468
59
163
6
8
161
20
7
260
16
2
32
46
16
81
127
43
32
14
6
141
46
18
107
37
3
341
10
66
48
39
65
91
130
58
12
49
1
499
10
177
81
60
9
111
83
31
10
89
63
39
20
21
413
107
79
12
293
334
19
72
203
228
7
217
475
64
6
180
84
71
2
5
93
224
34
126
241
146
178
34
1
12
35
186
37
106
64
6
57
191
33
94
57
334
77
16
89
70
150
68
15
5
386
160
70
96
237
94
144
187
4
180
102
167
184
47
28
275
15
54
27
505
175
30
87
23
3
36
21
1
639
49
46
259
9
30
236
105
27
74
24
4
9
254
184
12
118
100
3
70
241
34
42
24
12
225
56
4
23
51
22
134
269
3
2
420
829
104
155
101
78
41
67
13
74
47
3
168
24
76
40
22
4
30
6
50
110
157
47
41
36
93
25
370
5
361
32
63
271
46
724
5
167
7
257
217
3
43
353
67
268
26
47
98
77
30
11
21
348
108
35
44
15
30
89
51
821
177
25
58
37
169
73
301
61
213
150
90
336
76
18
5
325
251
15
126
148
16
27
48
90
363
7
379
114
2
127
133
348
164
60
101
15
60
158
465
14
31
29
7
193
100
34
178
42
96
70
32
83
1
68
172
194
272
22
62
103
239
426
8
44
27
362
355
56
258
16
10
29
18
4
74
115
3
462
10
75
51
5
287
297
108
43
324
58
15
91
7
102
815
81
144
18
3
1
11
199
14
40
1
123
76
11
143
370
344
7
40
33
130
14
503
37
9
128
34
8
49
28
46
14
19
35
248
126
200
86
14
59
36
148
11
25
192
99
16
26
30
45
33
8
50
332
196
72
8
96
9
17
308
15
5
313
41
14
1
12
34
126
137
11
44
470
242
235
23
76
15
41
9
37
21
19
35
24
125
294
8
26
93
4
27
18
71
386
42
183
43
64
188
35
14
226
309
58
9
15
101
13
12
5
9
6
8
13
15
47
14
19
379
160
35
294
152
81
56
12
127
19
108
74
151
170
37
35
262
127
81
24
90
641
138
79
4
89
65
10
33
277
21
9
5
88
289
275
51
81
79
30
28
47
257
641
13
65
24
3
84
99
22
67
356
196
173
16
37
9
18
346
61
242
55
83
173
109
9
409
19
23
34
28
119
213
170
10
66
113
8
316
34
34
316
27
75
34
280
156
74
143
109
79
122
44
117
238
15
21
489
7
78
15
118
50
4
134
70
23
10
59
43
30
206
26
234
51
10
81
8
139
5
119
10
564
30
4
118
154
10
400
882
73
25
27
60
10
4
259
133
5
19
334
185
7
57
49
78
96
1
84
12
114
38
292
25
24
20
399
14
387
21
6
243
67
33
277
303
15
7
49
79
90
8
25
216
12
20
170
44
49
3
118
33
158
21
48
113
2
39
129
13
73
1
16
31
7
6
148
26
55
24
122
255
103
267
630
140
110
13
42
301
54
76
26
21
213
36
58
286
25
11
90
72
61
30
31
2
3
48
20
118
181
22
286
33
32
4
309
85
33
30
204
17
162
105
304
35
168
105
105
67
108
350
3
99
16
545
94
8
14
30
8
69
17
84
171
11
19
314
32
143
25
59
168
54
172
13
12
49
139
33
14
6
92
33
26
16
44
385
42
36
20
15
115
52
1
185
26
174
98
271
86
34
65
277
114
53
13
34
9
341
12
101
292
95
67
48
227
57
48
16
260
25
76
98
53
50
246
14
15
205
709
137
67
215
616
17
6
399
151
47
51
30
26
283
87
147
87
5
119
380
79
28
42
48
36
250
24
129
4
8
309
3
29
69
620
5
18
220
22
93
14
28
86
5
16
244
103
723
49
345
99
63
147
39
12
47
114
5
19
122
100
37
192
78
6
149
42
73
15
37
22
233
8
203
11
7
278
33
51
190
138
1
571
122
33
30
131
9
137
197
143
352
31
181
5
86
31
149
52
42
113
97
50
763
41
93
73
158
53
21
74
85
4
26
30
21
44
79
20
612
39
4
251
140
143
23
363
136
31
166
54
36
588
34
103
78
9
18
415
23
16
60
74
13
79
101
34
203
294
15
47
15
88
203
70
50
103
1
383
7
1
52
266
16
7
22
6
19
30
22
22
29
159
206
171
10
46
638
172
19
36
767
15
135
73
71
5
18
130
27
18
165
16
105
31
43
66
61
17
1
20
157
57
32
24
219
2
50
158
57
107
59
104
21
58
7
78
3
325
146
54
30
128
90
33
165
120
8
29
124
36
218
16
26
122
292
9
78
21
83
12
8
29
178
5
448
10
64
54
32
248
89
24
70
6
17
14
52
73
499
14
8
350
19
3
68
178
430
56
238
450
496
59
169
144
233
395
38
6
336
482
73
71
10
27
16
22
19
23
73
430
40
43
204
236
538
109
110
42
70
9
204
373
34
80
396
185
304
13
44
2
51
30
20
5
14
457
126
69
26
6
781
73
63
24
124
24
19
91
30
27
26
255
17
92
4
63
68
13
119
130
56
4
4
6
12
25
91
108
19
12
148
13
54
78
23
58
10
29
14
66
25
46
581
37
17
20
22
30
61
227
248
165
6
254
232
40
62
14
11
76
4
12
2
220
94
154
38
12
4
648
2
121
33
101
3
91
71
2
39
10
98
224
17
105
149
58
309
186
202
1
30
66
36
16
6
9
5
103
144
47
18
62
14
19
17
58
649
76
5
1
12
170
52
55
13
52
71
43
304
21
4
71
11
618
675
484
14
144
178
36
14
96
139
52
27
16
286
127
44
19
42
189
2
19
9
372
2
13
37
17
56
4
4
2
4
19
56
4
33
52
29
26
17
81
23
23
17
99
10
9
61
4
305
401
71
20
26
12
7
1
1
33
121
8
33
26
19
99
87
433
352
52
139
18
20
15
70
504
429
42
157
93
19
5
29
113
116
28
9
114
115
45
157
275
84
6
24
4
514
15
1
19
69
76
46
336
18
35
248
244
236
297
9
13
66
110
14
54
286
10
298
2
146
15
1
35
96
63
15
188
7
1
122
5
187
45
117
109
45
56
428
249
25
8
1023
101
5
27
12
162
5
422
44
348
55
9
214
242
2
12
434
589
552
53
16
272
131
234
62
228
21
54
22
69
19
11
174
13
40
42
119
54
177
12
46
58
321
111
92
493
162
31
70
536
114
7
158
109
25
6
54
34
11
63
482
17
19
32
123
53
75
30
52
13
111
22
22
69
4
23
97
12
247
8
309
189
248
46
8
402
51
76
50
462
53
8
126
27
226
7
25
23
13
42
167
40
133
79
24
17
48
26
209
42
46
6
26
11
12
87
70
245
1
438
29
54
13
115
7
382
323
111
30
294
90
16
61
37
71
24
133
182
51
16
901
167
42
462
499
71
31
57
21
62
7
71
149
10
29
29
72
23
1
10
45
438
20
90
181
129
81
10
6
146
223
55
36
25
220
3
216
49
122
356
20
28
11
2
81
15
5
21
40
10
36
124
48
18
129
2
10
145
94
5
243
56
238
15
230
7
78
197
45
61
194
24
98
29
67
136
85
258
70
12
278
39
7
13
99
170
18
122
249
452
23
14
334
23
26
304
53
841
146
17
19
38
156
43
143
151
106
17
102
29
58
71
63
185
92
29
18
23
82
67
336
269
11
138
30
7
323
150
32
35
59
44
44
4
9
815
113
124
184
44
42
9
392
104
130
28
31
38
140
27
91
83
7
72
189
80
222
45
131
183
24
33
7
489
380
26
93
361
114
61
122
10
303
292
88
3
389
75
24
48
43
478
443
36
84
3
2
178
661
38
54
83
13
206
843
96
8
63
41
55
52
5
297
59
138
17
141
15
17
48
77
1
9
41
126
89
26
56
48
125
93
90
25
35
37
79
27
334
96
14
20
4
127
30
50
139
344
9
157
2
10
101
33
56
134
115
92
40
303
144
510
46
99
6
4
7
65
52
34
65
452
30
23
4
374
296
23
36
13
117
16
84
23
21
31
60
11
136
111
64
48
57
54
426
120
76
23
768
125
16
122
28
30
8
186
293
119
20
93
21
9
31
132
29
10
304
20
85
84
30
69
21
275
1040
31
13
15
151
7
95
36
64
36
24
82
240
56
183
395
135
22
291
171
90
155
5
106
47
51
122
61
168
240
29
119
8
8
67
29
42
37
9
81
253
46
39
36
5
17
93
16
38
6
70
28
289
28
19
208
99
180
24
131
94
2
140
175
31
56
9
224
41
33
22
109
50
10
39
19
60
90
6
60
64
8
147
27
32
24
190
103
148
145
27
5
17
198
417
1
35
7
340
25
240
16
124
36
599
63
473
53
29
137
57
458
2
32
185
102
85
45
137
22
360
7
65
665
70
247
2
28
273
11
3
38
46
106
282
25
5
153
8
76
108
74
244
23
296
51
42
44
29
175
204
7
263
210
10
369
34
6
20
248
340
101
136
80
27
150
124
31
66
65
507
89
13
75
112
49
26
78
88
26
23
17
17
234
6
28
67
95
29
121
28
73
243
6
1
32
28
192
81
12
49
61
6
64
2
114
53
3
15
48
160
18
102
56
479
14
34
98
63
42
92
33
87
28
307
474
10
12
90
52
185
31
229
53
63
70
20
252
28
1020
92
54
11
443
56
312
193
1
114
310
31
161
158
110
137
53
249
85
28
131
351
7
173
5
14
127
293
283
16
280
26
128
157
11
87
63
2
60
25
35
169
42
87
107
15
31
131
6
178
1
9
7
246
245
107
1
665
66
58
6
133
25
412
57
57
1
8
79
406
74
733
64
130
62
92
165
3
17
12
26
15
288
346
112
18
133
1
1
85
6
237
33
31
51
79
8
45
6
4
124
67
196
424
50
228
85
34
8
20
8
30
10
7
214
48
2
5
256
117
123
238
7
21
231
20
122
424
219
23
49
5
9
125
205
29
39
62
8
83
53
54
104
14
27
28
40
161
70
25
2
47
32
909
216
858
25
24
26
95
17
22
76
156
182
432
67
77
64
179
120
24
39
197
271
65
119
23
234
82
15
10
70
98
62
442
33
27
7
108
24
28
69
172
37
43
599
50
34
575
226
35
112
202
77
70
34
15
431
10
79
8
2
90
44
81
17
36
515
68
7
59
130
49
5
5
27
33
680
91
15
13
1
76
35
211
90
34
8
508
42
106
212
302
31
12
6
83
30
8
183
195
10
47
58
507
30
127
6
131
35
25
462
66
29
14
21
566
5
392
1
79
46
105
364
59
154
25
52
126
26
15
44
4
165
9
80
41
470
1
70
828
6
181
61
46
135
48
34
531
4
33
117
55
8
370
58
153
3
12
26
4
74
74
237
253
364
51
24
49
98
25
37
14
110
97
224
13
121
155
67
13
43
59
43
53
123
4
49
87
7
78
15
3
21
11
16
72
35
198
129
124
28
52
43
8
67
141
16
304
364
10
191
63
86
107
255
43
11
8
5
173
56
46
646
16
95
472
197
307
319
52
59
221
36
6
275
288
145
5
120
19
16
83
21
110
20
62
28
1
164
1
157
37
81
5
3
146
8
115
25
26
607
38
126
18
136
223
25
327
15
9
12
11
47
97
206
15
14
136
28
342
5
78
2
133
11
10
3
12
77
45
404
257
53
355
264
99
226
36
50
122
77
1
27
1
163
29
46
31
32
149
183
96
10
36
55
8
3
29
98
96
91
14
63
32
20
86
504
27
284
77
53
153
166
23
391
553
262
27
322
173
1
100
181
5
20
14
130
102
167
34
28
20
24
221
67
177
257
242
34
123
26
17
265
34
16
7
75
58
53
45
2
210
33
360
14
103
15
13
12
19
20
129
92
1069
6
164
71
14
184
28
23
28
33
51
387
6
14
27
31
182
31
38
56
81
9
173
647
40
15
16
5
7
1
17
29
63
35
161
13
519
39
63
58
11
10
114
67
202
11
340
2
38
103
61
311
4
84
215
494
15
32
101
35
62
42
62
182
915
75
75
118
21
13
11
55
42
58
144
54
11
28
99
30
373
18
10
40
5
710
10
13
31
83
20
73
148
14
104
151
7
33
9
144
38
16
17
2
1
10
135
43
22
22
72
16
724
60
113
40
21
57
152
59
112
107
73
21
69
99
58
76
35
10
20
147
310
25
48
98
3
533
237
147
12
283
464
65
52
258
125
115
121
6
19
30
25
7
147
18
84
31
14
82
186
177
60
424
9
251
7
148
187
290
32
10
126
568
20
113
47
41
196
24
553
47
77
265
17
152
107
16
39
15
6
6
15
63
69
88
43
3
4
125
3
210
5
13
73
17
48
217
14
44
188
168
108
250
31
27
80
11
126
228
48
32
88
360
11
20
3
37
732
172
153
24
20
46
9
414
403
50
70
185
86
9
35
377
101
16
6
7
14
241
4
282
47
68
23
28
215
99
26
400
32
30
15
22
763
132
64
29
39
5
18
104
42
9
8
73
75
36
86
63
71
155
9
31
46
1
103
105
81
62
5
18
487
121
78
876
71
6
42
42
47
41
20
14
6
206
25
79
27
101
164
103
4
206
7
35
67
10
9
98
31
65
303
272
21
524
77
9
142
8
14
122
104
41
331
404
60
27
456
52
118
23
178
358
415
10
96
8
4
41
564
58
43
28
38
92
32
146
49
22
140
50
254
7
36
591
132
41
197
283
179
23
87
477
186
79
89
84
12
20
348
538
16
17
151
17
148
28
44
23
183
75
4
88
103
154
36
22
168
35
166
45
23
2
24
29
42
37
37
8
931
48
56
180
119
107
109
282
130
455
96
69
39
252
43
57
114
2
7
54
97
541
7
99
7
148
62
13
32
56
116
56
25
5
48
53
3
469
19
104
14
94
7
52
817
39
403
42
23
57
33
78
14
478
666
234
87
192
24
61
21
18
3
129
282
87
87
19
23
17
482
12
43
145
5
176
30
6
292
69
299
19
18
14
88
31
172
46
532
1
7
7
14
35
153
89
89
167
591
158
58
5
246
19
1
171
12
135
128
49
1
22
168
401
27
27
3
47
230
30
17
13
22
11
149
1031
6
19
48
108
522
50
55
29
239
37
384
13
291
238
50
189
48
585
259
483
20
1
12
75
32
30
19
186
6
202
60
25
5
4
1
146
32
356
324
92
79
2
170
102
4
24
319
18
25
89
234
10
90
35
11
36
35
607
51
602
85
71
22
8
223
508
32
279
5
183
33
28
9
533
67
39
61
165
14
46
114
215
29
93
99
18
72
17
40
1
13
243
65
69
111
11
17
76
146
21
90
23
69
5
77
22
149
9
41
96
44
7
18
253
148
35
92
19
60
2
636
380
98
19
15
76
24
163
77
181
16
11
196
35
47
150
24
48
18
157
242
11
67
67
720
2
8
77
223
36
52
210
8
27
41
70
4
10
2
71
617
339
11
128
61
93
45
12
82
54
62
8
24
14
3
80
265
29
98
44
82
11
65
107
57
246
35
28
990
39
103
4
89
120
200
54
12
2
66
90
2
54
51
7
5
185
6
12
48
12
144
38
106
194
22
10
118
101
6
34
11
11
246
163
41
44
151
24
10
8
55
49
10
72
13
3
362
72
68
71
39
55
40
137
15
372
35
106
253
181
13
82
132
22
13
17
297
45
78
106
11
28
28
3
204
16
107
64
23
10
196
25
159
3
25
104
65
96
177
170
196
39
65
63
35
104
42
33
9
56
30
62
167
19
106
3
145
15
6
73
175
36
37
384
111
9
17
36
51
133
133
18
45
161
24
22
59
2
18
19
42
3
127
28
173
3
82
51
15
20
12
39
52
185
5
1
290
77
40
337
39
68
59
23
40
7
33
64
12
111
29
106
59
123
63
88
60
118
57
66
11
266
127
41
172
28
7
15
28
95
5
138
587
21
98
116
18
117
7
14
81
47
58
7
181
4
326
62
14
261
52
205
12
36
122
11
3
84
105
58
98
33
284
97
67
41
61
477
48
780
127
181
512
156
4
267
46
22
1
140
20
33
5
585
79
144
63
19
35
4
61
15
73
4
40
88
45
152
47
19
12
73
375
74
25
18
7
48
10
35
334
29
366
27
105
117
78
102
142
2
19
281
49
191
76
89
4
14
115
167
442
280
134
6
259
18
96
269
49
84
28
23
144
75
92
16
33
35
11
341
269
142
34
8
26
13
10
54
13
289
177
25
232
286
118
20
16
71
167
113
32
2
26
699
17
102
57
4
391
34
423
245
6
35
45
20
78
75
11
22
36
4
52
178
13
254
208
136
138
4
97
20
451
3
12
154
106
5
25
15
115
92
57
12
193
53
14
6
613
373
24
9
4
23
137
47
164
248
16
54
3
27
431
29
11
32
265
515
973
26
21
15
18
7
215
267
128
100
2
212
103
11
36
616
92
19
259
5
127
575
9
9
40
45
270
135
47
130
188
10
10
87
4
52
9
4
7
34
724
6
183
31
15
128
149
15
6
69
3
56
168
17
1
1
24
168
3
88
62
6
11
68
202
28
33
592
609
12
8
55
12
52
20
15
151
106
28
38
7
62
25
147
31
194
187
47
142
21
32
2
317
492
75
19
11
426
248
100
7
107
12
36
194
184
179
16
30
12
274
328
13
120
8
54
686
162
5
10
479
61
38
344
92
24
81
17
79
119
81
474
22
17
103
31
56
18
2
283
9
439
57
37
98
3
703
31
267
68
47
480
3
11
53
243
792
31
62
136
7
11
453
79
211
318
23
111
4
5
43
451
4
81
46
113
42
5
104
84
199
21
132
171
476
75
47
242
74
344
119
41
64
36
31
45
11
72
121
337
330
22
36
13
870
335
38
14
4
13
34
257
32
20
21
18
201
29
28
11
22
4
100
116
216
8
44
18
373
8
24
42
138
25
5
69
24
10
11
635
19
109
496
99
371
18
28
75
38
36
56
194
35
150
139
318
93
5
37
35
31
12
47
144
215
26
43
13
5
140
23
54
1
17
168
77
1
7
25
8
124
41
52
137
137
143
163
12
160
154
77
25
79
128
147
26
22
564
41
171
7
484
109
65
8
175
48
179
29
116
25
8
72
130
46
1
267
252
4
103
12
32
337
16
9
81
59
100
283
201
1
23
20
176
11
38
391
60
83
131
136
97
61
23
11
77
99
145
27
120
235
2
205
37
15
152
3
10
110
140
123
167
57
45
89
50
127
14
23
146
44
28
8
89
59
57
206
80
30
127
21
11
15
38
4
20
64
28
40
17
16
300
123
588
58
73
19
25
181
32
22
122
7
10
21
87
21
209
179
91
3
208
25
31
227
180
145
44
5
305
135
21
76
506
93
8
3
84
260
