326
52
181
2
201
667
78
481
45
279
76
177
38
170
1111
228
10
1268
130
33
437
109
114
103
78
234
21
62
31
22
18
52
15
6
1
200
159
411
362
15
1
245
30
28
46
51
12
289
145
6
39
201
80
38
7
246
33
378
41
61
788
29
4
263
16
234
166
298
29
148
19
8
82
108
22
40
77
78
119
12
291
152
198
107
3
2
408
59
663
21
33
966
167
429
146
10
71
49
89
107
166
351
50
261
171
8
207
408
251
15
8
40
10
41
182
90
12
351
210
111
1064
488
217
321
519
20
94
226
115
53
28
115
394
92
111
209
195
14
156
13
14
330
260
174
86
63
132
8
868
25
21
43
4
37
115
53
73
75
807
585
25
617
175
457
112
345
54
1650
72
82
175
6
270
84
315
26
877
243
2
119
4
58
2
180
10
77
26
5
11
36
701
422
3
28
164
782
74
194
15
25
6
94
43
84
247
75
172
37
45
7
62
665
276
690
1029
24
184
1
225
139
134
202
136
7
32
277
1065
17
62
149
382
1
1068
398
870
7
418
127
7
83
17
52
322
204
29
193
250
120
54
34
367
103
180
162
945
329
13
23
65
329
49
51
134
381
8
91
186
8
5
84
498
33
3
639
123
55
66
203
118
83
168
239
221
21
179
35
11
219
15
163
1900
211
8
95
29
306
24
384
66
60
5
14
124
9
6
407
612
56
6
694
47
8
33
26
4
12
31
69
53
18
10
10
175
28
60
5
16
93
53
55
620
428
182
326
69
27
70
491
12
51
220
18
8
4
2
569
991
80
827
12
60
169
1766
25
1062
23
12
381
24
21
60
38
140
99
243
7
44
336
18
67
633
1047
29
168
6
71
231
24
744
763
206
271
46
30
1121
21
149
246
253
142
23
10
84
111
79
14
15
571
308
7
14
86
92
25
180
157
21
271
22
101
667
113
76
22
178
10
208
556
24
11
52
134
141
5
150
38
457
415
86
6
269
238
66
5
1
82
256
210
7
18
114
504
425
1850
90
56
537
53
603
174
591
8
24
198
94
166
2
8
152
97
26
32
31
24
18
6
222
47
35
165
67
35
302
121
61
115
57
171
15
89
43
729
23
55
43
1039
50
667
1
30
6
20
495
96
54
33
197
30
38
25
63
952
321
3
179
6
6
64
37
23
7
382
250
51
46
28
145
15
1156
31
81
12
3
111
30
346
9
23
31
969
2
296
2
1072
154
9
18
219
2
24
68
756
4
2126
275
1530
11
39
51
126
107
36
11
11
148
24
362
427
1728
157
375
165
571
1196
236
156
65
3
110
125
732
232
693
51
19
31
103
145
56
184
65
32
32
1153
56
495
51
70
113
2
1501
300
52
32
37
386
80
11
10
1409
12
134
144
486
49
155
151
112
28
49
63
181
502
21
903
42
433
113
336
166
46
821
50
2
73
1234
123
29
295
770
77
122
43
275
269
212
6
901
28
58
319
846
25
101
261
28
434
1437
140
36
222
90
160
165
44
538
110
104
114
608
38
107
514
7
47
9
105
18
91
503
151
15
8
38
21
11
8
43
90
673
96
180
36
12
40
364
74
11
40
28
189
7
131
36
130
246
164
10
18
36
164
92
259
758
5
42
119
46
292
141
243
34
156
24
56
7
26
445
5
211
158
230
92
29
255
11
65
264
334
35
36
7
67
38
35
272
55
57
6
141
55
12
10
195
762
1886
111
29
117
65
24
847
60
22
130
414
321
159
77
554
100
12
34
91
21
64
12
22
41
108
684
25
232
548
44
113
22
42
162
21
164
17
4
539
103
56
39
49
1122
1
129
13
47
6
134
12
6
42
147
82
26
290
53
13
91
49
26
115
40
28
572
207
270
153
247
14
1329
21
4
69
77
726
87
2
42
57
22
30
80
1083
256
1098
20
3
351
22
2
267
75
124
95
2
386
192
35
46
491
5
410
355
202
212
7
47
15
473
6
969
420
620
31
45
98
11
87
64
41
22
55
15
159
208
21
3
86
31
54
19
721
132
97
1498
165
156
259
162
5
436
49
235
34
143
9
141
132
575
142
8
12
101
8
23
17
77
3
331
148
236
155
3
65
25
42
19
151
114
35
106
58
3
111
23
75
177
28
2
2328
429
95
112
159
670
315
15
6
97
10
151
63
8
576
78
376
10
11
76
228
177
18
6
4
748
1073
58
24
5
46
29
268
398
24
332
113
252
33
206
65
721
35
23
14
89
31
922
621
11
8
136
16
12
492
47
97
33
40
238
33
222
29
49
128
43
9
4
159
48
128
281
155
300
58
16
140
9
7
109
1514
187
306
28
19
186
12
831
359
170
599
4
32
2
57
42
22
20
45
269
17
13
91
316
792
18
44
77
21
60
302
207
131
725
236
130
10
71
23
9
61
2
81
67
40
103
71
518
98
30
198
167
199
12
345
176
642
179
10
222
197
1079
43
7
7
308
9
121
139
15
132
63
6
158
287
73
1041
41
88
2
53
79
23
144
126
391
158
18
9
86
59
83
10
197
36
58
592
397
8
67
113
1
13
46
336
7
47
23
15
196
19
100
303
163
935
14
1445
11
8
290
147
685
138
54
4
77
110
1077
94
37
16
282
1586
147
255
776
32
185
260
89
112
7
63
303
5
36
143
13
35
56
43
5
49
211
62
7
104
1822
331
10
24
143
16
5
19
1030
503
1427
13
22
25
16
9
149
807
10
20
62
80
312
13
87
6
395
494
160
24
1094
44
75
18
987
876
96
27
591
159
98
407
144
29
179
287
250
138
294
1
138
9
29
112
56
27
55
83
144
84
354
1258
520
303
152
17
738
207
59
90
39
24
150
37
988
14
77
87
145
39
13
906
461
114
803
15
8
105
269
9
549
67
141
2
31
11
1484
40
31
57
563
86
427
6
44
89
428
202
1366
137
243
7
25
237
2
109
144
33
143
318
53
148
29
684
26
29
67
197
2100
492
132
1804
2
3
26
104
54
6
46
45
1
488
384
16
346
188
118
1
657
95
117
764
5
7
43
51
9
45
96
21
182
6
2
17
132
112
232
13
145
91
17
19
163
5
96
10
20
16
24
84
6
63
26
17
243
235
27
147
147
696
22
18
212
49
34
1321
124
54
111
184
194
342
17
7
79
354
340
102
45
174
48
90
22
122
15
166
8
154
7
36
42
17
168
339
24
1
201
136
261
548
1200
122
157
123
551
1523
64
35
65
59
112
10
90
32
15
814
23
301
7
95
644
66
31
255
201
27
11
131
60
2
767
160
18
103
60
69
72
369
32
186
32
60
630
52
36
42
261
131
275
62
334
22
1233
10
25
50
169
25
572
92
846
113
34
59
42
8
12
654
843
28
208
205
25
7
91
13
265
22
277
25
93
1418
67
305
8
984
462
130
150
198
15
108
153
824
352
159
11
135
101
117
49
86
17
327
24
21
217
3
199
24
1514
138
266
8
236
226
24
18
131
790
281
150
57
26
33
13
21
174
3
3
370
7
469
678
71
165
6
592
273
67
528
325
137
36
87
184
42
290
12
4
365
3
32
23
10
293
1777
18
945
280
74
1003
327
15
1294
309
7
88
44
37
21
697
56
241
30
28
30
701
95
62
154
7
349
9
193
143
88
238
83
32
396
647
20
7
7
30
145
120
25
10
8
424
67
80
11
434
4
202
6
443
11
87
101
4
175
196
98
11
313
19
8
12
113
669
228
91
109
88
261
90
4
191
14
51
639
19
13
149
354
19
277
34
454
359
190
39
43
90
25
18
101
486
96
11
26
583
22
87
34
87
607
104
29
202
116
196
480
613
36
357
47
21
709
8
93
45
139
286
119
20
8
8
36
845
132
34
80
271
34
942
38
35
46
24
58
119
187
11
776
14
144
1053
375
62
10
133
21
144
73
33
218
249
3
229
144
188
170
199
209
183
32
132
724
17
280
15
158
16
62
9
28
950
30
43
19
353
93
2
31
11
246
573
94
1679
124
144
587
36
142
248
78
798
248
7
825
599
22
235
28
583
157
820
21
2
127
56
475
102
20
99
87
7
205
15
163
673
46
218
42
302
730
10
9
413
20
39
34
50
77
47
35
40
4
827
126
43
12
102
26
170
3
64
1645
3
170
19
41
426
122
304
417
187
22
58
66
16
275
24
228
6
110
117
33
97
705
90
3
18
24
349
6
45
74
10
19
275
20
1
133
31
89
12
99
220
184
150
279
32
2
1
21
144
112
134
188
435
12
441
250
136
152
194
78
104
59
169
90
103
106
200
626
22
164
69
61
21
104
363
387
280
67
65
8
90
81
104
31
74
233
33
8
13
490
184
82
14
43
59
32
14
11
267
17
530
104
73
73
58
1056
1073
367
78
2
24
86
49
36
350
77
88
27
165
43
111
84
115
48
126
22
777
2
90
977
69
82
136
241
49
7
212
380
15
399
31
8
23
31
1065
613
25
11
949
119
107
113
75
2
5
1
441
616
59
22
640
22
88
154
6
745
78
81
26
4
28
666
107
9
1255
2150
239
38
9
25
16
29
16
286
299
390
12
95
93
674
36
3
124
296
226
298
37
19
58
23
144
671
58
103
167
163
42
78
16
94
55
15
11
1079
35
55
9
736
2
5
2
34
250
212
108
535
12
18
59
136
336
633
21
31
132
11
44
181
21
87
72
197
861
9
322
274
31
83
128
22
100
74
179
1300
22
9
47
2
78
156
38
335
999
35
81
60
126
221
174
511
788
110
29
30
13
1166
313
4
175
201
41
11
20
138
4
12
123
199
205
41
103
47
104
10
81
64
7
19
3
23
247
890
51
228
17
8
79
6
104
305
171
17
50
95
21
148
69
789
71
92
32
20
246
70
288
328
9
172
116
68
48
715
723
4
262
149
9
109
241
378
165
531
60
20
58
17
57
985
1152
27
87
294
19
24
28
30
73
19
92
45
67
15
81
196
22
9
551
91
114
642
6
62
339
255
64
113
26
62
14
12
54
439
51
124
13
2
184
183
773
51
686
38
105
864
37
51
32
65
18
19
133
11
10
12
30
8
26
142
39
128
6
56
9
23
892
207
45
9
39
179
47
10
141
23
237
2
26
5
158
2
53
32
37
58
20
92
34
207
309
7
41
738
464
73
67
6
469
363
2
305
2
33
136
43
6
12
44
27
144
197
20
12
240
96
105
9
43
236
47
109
44
29
15
209
127
71
47
55
51
11
29
18
41
626
111
133
3
158
279
93
513
66
2
806
419
3
7
23
50
53
246
64
132
66
559
36
13
159
37
123
86
356
31
276
145
121
83
30
23
150
69
5
62
15
12
197
261
160
434
205
498
54
14
485
272
8
216
7
15
9
372
53
106
213
717
93
2180
161
16
44
2
34
705
2
103
897
147
7
246
77
180
31
31
1124
22
33
18
848
6
11
104
6
4
6
57
3
1012
372
454
656
5
129
34
44
28
2
582
14
69
22
58
150
941
19
25
77
265
38
123
42
91
390
1155
52
4
15
132
13
114
339
10
8
8
8
36
77
789
19
926
1140
261
5
186
151
13
81
23
30
183
20
30
219
303
132
12
19
45
412
297
56
46
56
143
30
85
25
46
15
475
1268
213
28
20
222
99
9
19
100
169
621
3
6
93
85
39
1
52
629
83
57
76
25
148
44
13
104
14
28
95
291
82
553
31
105
19
281
124
635
132
10
9
23
6
86
39
28
125
80
19
51
263
105
68
1135
116
42
150
138
159
999
235
455
72
241
49
85
998
71
115
35
6
27
33
17
229
18
10
119
19
567
216
42
5
28
41
85
43
104
58
43
42
853
12
12
24
7
33
124
220
66
96
1695
2
140
330
101
738
24
187
19
9
32
4
143
573
8
6
21
148
234
27
150
28
3
155
3
83
370
97
1050
39
622
19
46
158
23
45
20
319
247
183
81
47
74
173
9
7
26
377
38
212
964
566
33
16
11
1065
109
14
18
77
31
335
6
263
239
496
46
11
140
95
157
30
130
10
30
4
32
113
95
558
37
63
226
36
1652
22
9
710
22
8
33
531
232
119
22
959
102
17
208
14
27
14
221
20
1038
738
104
57
217
11
33
10
46
794
8
629
76
11
534
87
37
89
268
38
100
181
6
10
168
63
7
494
6
72
9
517
169
836
135
539
77
41
8
1282
38
91
556
109
906
89
26
165
130
308
216
232
748
8
1633
53
589
81
21
38
982
42
18
40
150
69
10
467
220
66
36
64
15
7
21
135
3
37
6
191
74
2
35
314
4
62
27
12
87
8
48
448
28
389
22
8
90
73
34
13
121
202
78
47
212
3
206
122
32
93
78
42
1023
19
71
41
24
283
145
77
38
227
56
50
158
103
8
37
9
58
5
49
8
1371
17
64
1101
55
376
27
129
45
204
59
1150
34
79
9
200
1129
146
17
1
60
21
289
32
1130
59
92
1293
2
70
156
193
365
108
13
379
55
62
24
105
799
11
43
140
82
17
248
141
6
14
4
140
153
10
2
107
128
47
35
32
9
2
44
167
16
203
66
80
57
19
71
59
98
55
111
293
563
101
89
137
319
38
63
97
47
54
7
755
61
266
35
415
14
239
66
23
32
8
169
18
11
51
53
160
328
28
91
1
203
49
67
106
23
88
88
73
26
3
166
46
12
811
11
111
28
14
37
11
621
521
3
137
15
5
667
22
103
98
10
21
21
54
140
167
12
39
32
584
28
86
43
350
6
82
41
23
198
436
40
74
103
8
79
13
50
114
54
112
85
64
4
22
27
4
67
18
131
19
26
52
2
1
364
244
231
212
16
35
657
201
11
3
87
468
22
476
10
295
18
155
84
97
46
10
193
541
8
47
144
13
384
97
37
150
6
238
21
149
55
52
131
1
1275
234
152
70
4
290
25
73
83
19
224
35
79
149
63
557
106
41
69
7
15
56
6
68
706
66
1534
153
42
81
9
183
192
894
152
6
27
55
11
25
32
41
82
3
41
84
149
3
33
19
324
82
171
35
38
176
2309
71
193
106
1505
152
30
67
207
843
27
152
91
25
5
77
107
52
666
158
115
49
112
17
33
28
136
409
75
31
26
456
17
39
188
32
1
132
67
82
4
16
4
205
493
26
328
417
696
164
10
957
475
64
171
912
399
216
14
84
44
10
1143
788
6
127
49
38
46
8
133
2
14
68
4
137
5
458
144
105
43
131
213
24
63
285
275
182
68
188
10
49
396
613
35
232
60
731
14
24
18
18
504
80
732
61
7
13
1296
76
21
24
1
1029
475
78
193
5
37
15
105
78
25
67
443
346
58
10
234
45
163
432
7
1029
83
250
24
36
43
342
13
1518
210
193
13
217
19
64
42
17
170
203
19
28
519
65
84
29
35
10
51
70
1798
206
91
24
4
16
44
12
1322
89
153
7
15
33
164
4
211
37
164
1
16
746
60
132
21
234
880
14
619
60
7
42
621
15
76
117
579
17
283
54
3
125
17
159
63
48
12
383
59
52
27
13
103
109
204
179
137
58
72
887
10
83
29
7
65
52
372
127
15
5
288
13
33
251
104
82
466
961
115
100
66
1706
95
51
42
131
4
2
94
50
243
52
46
66
27
51
162
125
357
169
50
40
24
124
41
30
105
105
276
34
254
223
1106
25
17
95
76
16
1012
163
28
63
157
137
17
95
61
16
61
9
4
2
104
137
301
30
300
9
50
362
324
33
21
17
181
3
168
12
52
293
481
7
154
82
7
315
49
3
77
135
2
11
19
12
4
24
23
40
11
64
65
76
38
497
81
69
65
5
156
209
174
238
284
127
131
315
67
1218
86
91
123
28
62
127
129
14
18
13
31
223
155
7
112
40
61
260
372
37
1074
376
12
107
502
77
1073
33
108
140
981
523
34
50
486
4
11
154
411
174
40
874
152
53
1102
1587
52
8
96
9
52
10
25
3
67
4
8
221
121
163
17
21
228
102
99
9
32
5
12
348
94
57
1241
8
77
43
1839
701
33
77
86
269
71
13
1373
1412
241
103
123
48
535
172
17
837
214
185
66
26
1040
718
400
62
247
48
37
44
159
145
24
68
48
210
378
18
35
6
180
283
684
50
59
349
11
11
12
198
93
316
73
226
76
108
9
213
21
5
9
38
26
14
158
97
319
519
23
49
124
101
18
30
68
164
11
1112
4
4
13
134
210
125
21
45
51
990
965
28
344
652
497
7
39
24
31
94
230
35
91
201
8
24
146
17
148
28
897
30
44
31
357
313
155
50
50
99
72
956
54
7
805
57
74
4
10
26
44
6
52
177
56
46
374
88
745
356
378
179
16
11
58
857
19
8
104
640
65
110
439
1364
12
16
944
4
196
178
788
138
246
7
147
188
78
20
94
501
62
17
206
22
56
16
31
1
1
138
514
101
111
155
62
197
4
40
376
24
17
344
97
87
417
319
143
72
31
48
163
124
253
951
26
400
331
225
15
462
28
6
27
5
1073
156
2
16
643
166
574
130
2
68
716
372
169
180
47
11
31
1124
352
19
246
12
65
121
14
137
19
23
19
9
240
135
16
69
532
279
14
167
53
36
184
516
232
17
20
154
18
57
484
53
29
217
340
11
1362
1471
20
7
365
144
130
188
89
186
403
60
25
149
4
178
6
23
238
13
15
87
10
39
96
73
603
335
1191
603
111
26
57
76
18
105
226
67
117
63
16
79
39
23
47
10
96
5
890
63
117
5
44
46
423
250
109
341
120
1
194
435
164
106
129
54
255
29
19
13
339
130
51
12
181
24
22
313
18
107
263
17
59
162
6
2
83
29
29
282
1230
14
19
716
227
313
293
704
5
182
269
155
242
156
13
4
4
10
72
43
31
117
23
472
16
7
56
495
311
4
1384
19
212
25
156
85
39
48
57
69
30
322
40
267
24
42
5
2
5
50
147
6
145
108
19
137
243
107
71
17
51
72
3
110
113
227
53
12
216
229
197
61
570
320
941
52
136
46
343
100
347
1210
30
13
13
94
100
90
116
12
29
35
11
114
22
131
2
124
451
28
26
24
162
20
96
162
474
39
151
152
28
259
22
78
20
58
64
24
40
19
206
62
286
101
109
3
17
176
121
25
85
56
57
28
18
30
300
71
63
3
47
82
123
532
14
15
210
20
157
513
32
179
79
27
52
375
3
54
153
97
78
376
3
46
14
29
242
220
23
324
21
132
124
256
15
631
293
115
163
105
27
588
31
79
79
127
5
10
145
69
382
6
572
46
43
176
864
71
22
331
23
7
592
255
131
2
202
9
133
26
19
51
193
112
160
108
107
106
10
166
130
1139
112
26
132
311
100
20
81
12
14
19
116
273
55
236
387
16
16
8
18
14
47
376
102
440
73
20
9
295
59
6
280
3
244
5
39
222
12
9
3
79
284
26
172
81
253
95
139
195
52
17
59
1202
221
210
118
7
229
565
202
42
119
16
396
54
7
27
48
20
196
268
187
409
796
5
39
28
336
17
63
96
13
3
675
146
31
52
145
268
349
660
63
264
43
30
99
205
31
307
164
48
209
6
7
69
191
354
32
56
137
202
5
36
747
178
58
50
383
30
55
31
88
448
160
232
13
1
26
13
9
27
119
94
1133
21
22
105
34
40
744
197
168
25
40
43
222
73
72
20
769
749
7
40
175
106
68
10
44
1244
62
39
4
241
152
14
30
16
239
1286
165
24
198
985
20
54
168
354
158
1155
66
271
1099
1022
37
306
975
503
29
55
24
43
10
1
19
15
28
53
138
16
84
100
24
516
16
1279
89
99
115
24
38
113
1
82
431
22
249
168
39
268
93
143
10
376
27
32
177
717
165
1807
725
25
152
64
376
5
9
69
12
91
1
104
327
284
355
18
253
373
61
212
388
156
19
98
333
183
59
56
35
29
55
17
28
22
17
105
33
84
16
36
592
26
47
366
48
31
34
470
6
33
549
17
72
69
14
765
72
1222
15
507
442
196
11
48
315
30
284
95
47
271
8
386
13
1496
22
6
262
704
31
31
38
11
10
77
211
289
616
16
412
541
88
50
103
18
51
21
210
57
41
11
34
33
55
173
255
85
21
12
3
21
8
366
71
172
8
8
243
5
21
22
106
45
76
57
325
40
13
52
42
90
4
33
6
45
6
69
85
204
11
487
607
69
71
40
36
120
124
7
29
139
71
7
28
885
172
1030
32
133
312
26
15
127
567
10
51
124
96
866
260
1
473
48
129
74
55
15
233
1599
715
9
347
369
3
120
23
94
250
16
77
335
494
37
15
248
331
57
638
341
7
3
4
129
55
1084
23
131
42
77
178
247
21
91
359
65
22
6
453
11
918
8
90
29
1107
699
111
2
111
219
316
19
223
1452
412
95
198
483
214
90
187
198
163
105
305
112
597
8
48
262
94
146
61
13
90
226
585
6
13
1228
28
25
6
26
510
18
14
60
18
338
555
94
64
3
539
21
116
60
236
52
71
29
578
23
80
64
1219
7
164
48
19
17
11
1810
60
391
2
679
51
10
44
69
353
71
122
204
8
122
273
1
103
68
8
78
151
122
13
544
23
205
32
79
27
295
14
23
36
517
173
47
123
469
71
3
74
576
68
378
94
72
42
100
322
53
284
16
36
522
36
40
94
1054
42
66
225
33
340
13
164
75
8
348
102
4
299
19
47
105
8
77
19
22
11
37
26
11
49
16
1066
919
34
27
144
7
79
38
10
144
292
213
276
27
92
71
67
923
17
188
88
556
25
333
23
89
79
177
62
343
7
559
45
10
74
87
62
144
253
22
16
34
75
161
18
145
12
16
1214
39
39
219
158
97
424
5
744
63
31
42
308
183
742
28
9
5
231
33
325
605
17
29
17
215
32
876
74
974
192
2
12
21
300
7
137
105
716
2
308
12
32
161
61
213
147
90
685
310
41
28
109
41
171
941
3
25
330
16
544
20
19
24
12
32
103
21
280
10
11
22
250
14
74
132
13
820
18
18
92
69
35
756
96
89
1515
305
229
50
59
104
234
2
35
100
785
44
136
159
44
381
81
133
974
6
268
118
76
152
49
123
239
398
60
330
175
268
895
43
39
383
16
7
95
7
308
176
822
144
21
211
19
27
373
74
365
25
1
75
27
55
885
46
145
307
823
68
36
1040
20
69
9
7
32
54
8
192
30
712
60
119
629
7
214
4
191
1516
354
8
225
327
15
43
3
121
333
22
44
141
975
500
214
40
102
129
548
42
11
251
183
17
1884
258
48
57
53
769
846
215
511
52
27
566
30
19
107
77
911
450
1160
8
1370
486
40
52
27
9
39
1223
32
23
65
608
183
7
609
57
67
78
7
64
67
28
76
59
44
116
98
76
42
15
50
28
15
113
27
50
39
430
180
8
321
50
988
59
133
1548
145
4
793
18
740
19
273
9
84
156
486
17
164
104
861
505
130
57
14
60
131
17
10
23
