500 4 500
IICC
ZOVC
OOCO
CLHO
VLJV
JJJV
GGRK
GGRK
CCCC
CSWQ
YYWW
JLAA
SZZM
YDZM
YDMP
NNHH
PDPH
PBHR
BBDR
CDDT
RMMT
VVHT
ACNK
AFAK
OGQQ
ROZB
RRZI
IPDI
TDBV
YDBV
YBBK
UBKT
FJKT
JJRR
TJZT
TTET
GTEE
IXZN
ICZN
CCKX
ADGQ
AGGQ
LLPL
LLLY
LLKY
LKIZ
LFIH
ILYH
ILBF
QQQZ
FCCG
FFFU
YVVK
KDFK
FFNZ
KZDJ
KVVJ
HVID
HHHD
RRQQ
YDJJ
UIIJ
USXJ
USXX
ISFX
IYZZ
CDDX
WHHM
VVMM
DDOG
SPOO
IWDD
MMOK
BBOK
BBKU
BBJJ
BTBB
BFKZ
GFKK
GFKM
PFKK
VPQU
VFYU
CYYI
MJAZ
TTZK
LHDK
LHTT
ARSL
YRSS
YLKS
XLKK
XYRR
CYGT
GGSG
ZXSG
ZSQL
EEQZ
BTLZ
ZTYY
WWVV
GXWS
GGWS
CDDD
FDPP
FIIV
BBVU
YCVL
YGFL
WEEE
EESS
HBNE
HKPE
ABFX
CFFX
CKKX
QGGP
CCFF
CTFF
CTPP
XTKR
XDRR
LZSR
GKKR
GMDZ
SXZZ
LDDE
FYYE
FXYY
ZDSY
YYLS
XGGS
CJAC
UCAC
VVWC
UFIW
CPOF
CQOF
CKZZ
CPEG
CPGG
CYYY
CYRX
GCRQ
DHHQ
DVNF
GNUU
PDDD
PDWD
VOWV
VOOJ
CKKK
CLKK
ILQK
IHEY
HHEI
LDVN
NNNN
EDDX
WWPN
CCNN
CCSY
CLSX
ALXX
ASQO
CCQO
LLYV
YYYV
YYDV
DDGO
CSZZ
ALLZ
OOTT
DXXY
GVTY
GTTL
DOII
HUYO
CUOO
CJJC
AADC
WIDF
ICDF
WCFF
CYRK
CTNK
BTNH
KIZZ
FDYY
FNNF
AQUU
CDDK
GLTK
CKAK
CKAK
DHHF
KGXX
GGFX
NDFD
GYYD
LOAY
OOSY
MIYY
CSSK
CDDD
UUUD
NUTT
IZKZ
DUKB
UUYM
CCAM
PPPM
XXXC
WXXM
XAAM
CFLQ
WFMM
CRFI
FBFB
NBLB
DLLB
SSOO
CSJT
CHJZ
CDUJ
CDXJ
COLL
JAYZ
JJJR
RRRU
GSSU
CVDD
CVTK
MMKK
JSBB
JSUD
CFXX
FFFO
CFFO
KSTV
KSTT
BSMF
CAMD
AAFD
CXSL
CFSY
NFYY
NSKK
CFOY
COFY
CCWY
UCWQ
GCVV
GTTV
COOR
CDDR
CPIX
PPIM
WBBB
WWWW
DUZZ
AAZZ
FUUI
FFIZ
CUZR
CUZV
CHZV
QSDK
QLDQ
IDDQ
IKKA
CCAA
FFYY
ODFN
VDFP
VVXZ
VVXZ
UUGU
BBEU
UHER
KKBR
KKKD
YEFD
YEGW
CGWW
WCGG
WSSG
GUGG
CUVS
CCNE
CCGE
MZGE
HZNK
SSNY
IIYY
ZCCY
ZCCY
HWBB
HTUU
FPPU
XTMS
XNFS
RDFF
UDMM
UBNG
RMEG
MMEG
CEGG
OYAA
CSKA
CCCA
MMFA
CCNN
RRIN
QGYY
QGGG
UDFF
UFUL
UUUY
IEMH
CMMY
TIIY
CAAA
CPPA
IPKA
CCKU
CCKR
CCUR
CXXS
AXSS
ABBY
VKKS
LGGS
CCCC
EECC
XXXY
CTTY
CKJY
CCKY
JPKY
COOF
IDFF
IDDG
TCDX
TIKX
TGKK
TTKK
LTUQ
RTQQ
CQQQ
CKXX
XPPP
CFFP
WXQP
WOVV
COKK
CIFF
CNKM
OTKD
OTDE
KGFF
KGFF
ABBB
AFFB
BBCR
JCQE
BYQE
GGEE
SAAD
XCSX
ECXJ
WWJJ
PUKK
PDYY
PPVK
PCUK
YCUF
YYDD
CDDA
CVKY
CVKI
RPVK
PPKK
PKDJ
ZVDJ
UVCI
WWCI
NNCI
NNCY
NRKY
KNZZ
QFPE
CPEF
NNEK
NFEK
SSEK
SSSM
CSZZ
CWEZ
CWWU
CJWB
UFFJ
UVXJ
GVXQ
QLNQ
QLGY
NKNZ
CKCC
CCCC
LQCC
LQZZ
SQYT
LFKK
LFKK
PDTZ
DDTT
CEVD
KETD
KTFQ
CACQ
QAXX
CCCC
YDAC
XDAQ
XXMM
NZMM
NNYY
FGWY
FEPI
FFDI
CFDQ
CVUQ
CVUU
JDFF
JZLC
QQJC
HSJR
SSNN
KBLV
KKKV
CVFF
WZYA
WZAX
NDDX
CGHY
PGZY
PZZM
MTLM
MTEE
AAXE
VDSA
ZDVV
ZOYY
AADD
OOKK
CCQQ
UWWF
UXXF
BDAA
BBWK
SBBK
ECBS
EUCE
HECI
EEOI
CMOO
CWKO
CCKO
CCYR
CCVV
PPPF
YYKD
FFKD
FFJJ
ZCOZ
CCHZ
YLTJ
YPTJ
TBWW
TKUK
INKS
NNKY
GCCC
GCIN
ZDBD
CJID
CIIC
NNFT
SPFT
TPEU
NKUU
KKFM
LLDM
WWDO
BEKO
EXLL
CXZY
CYYY
CCCW
CCCW
370 4 379 4
23 4 433 4
265 2 353 4
414 4 415 4
383 2 388 3
128 1 154 2
33 2 442 4
396 2 435 2
129 2 474 4
99 3 407 3
248 1 447 4
7 1 16 2
349 1 355 1
44 1 496 4
147 2 372 3
420 4 447 4
18 2 26 2
175 3 245 4
422 2 423 3
91 1 339 4
328 1 363 4
51 2 366 2
101 2 383 4
485 4 489 4
66 2 391 3
12 2 18 2
349 2 468 3
411 1 413 2
174 4 176 4
211 4 395 4
378 4 378 4
169 1 410 1
272 1 367 1
345 2 439 3
333 2 474 4
105 3 230 3
280 3 429 3
65 4 167 4
407 1 415 1
38 4 46 4
64 1 364 1
169 1 176 4
266 3 271 3
149 2 471 2
33 2 433 3
199 1 456 2
133 3 133 4
107 3 332 4
90 3 102 3
250 2 373 2
402 2 405 2
58 2 290 4
300 1 440 4
44 3 351 4
170 3 261 4
403 4 464 4
185 1 274 4
458 2 460 3
190 2 424 4
113 4 231 4
289 1 295 3
429 1 435 1
77 1 256 1
500 1 500 3
106 2 369 3
228 4 361 4
375 2 378 4
481 3 490 4
170 4 405 4
13 4 437 4
196 2 196 2
77 3 287 4
212 3 220 4
159 1 257 4
69 1 72 3
213 2 281 3
334 1 339 3
3 1 162 2
143 1 295 1
221 3 358 3
110 4 237 4
66 2 454 3
82 2 302 2
19 2 24 4
38 1 112 2
238 4 241 4
90 3 212 3
205 2 468 2
241 2 467 4
133 3 141 4
146 3 395 3
228 1 468 4
89 2 94 4
333 3 343 3
465 1 467 4
264 2 446 2
239 1 499 4
113 1 116 3
80 2 372 2
26 4 213 4
56 1 172 2
4 3 14 3
155 2 201 2
212 1 219 1
96 2 127 3
332 3 339 3
141 3 495 4
327 2 331 4
275 1 465 4
231 1 480 4
95 1 101 4
319 2 324 3
303 3 312 3
466 2 473 4
156 2 158 4
14 2 18 4
373 1 379 3
220 1 221 1
368 2 373 3
236 2 470 3
68 2 413 3
167 4 168 4
141 4 351 4
388 4 398 4
40 1 198 4
44 2 83 3
300 2 314 2
83 1 96 2
423 2 431 4
40 4 146 4
308 2 309 2
188 2 307 4
69 2 128 4
336 4 423 4
260 2 263 2
441 4 447 4
256 4 355 4
391 2 395 2
222 3 227 3
98 4 211 4
104 1 375 4
207 2 328 2
422 1 425 4
130 4 231 4
247 1 442 4
109 1 390 4
496 1 499 3
101 1 377 4
20 1 27 1
72 1 138 1
213 2 478 3
159 3 352 3
354 3 363 3
45 2 290 3
284 2 304 2
62 4 64 4
85 2 320 4
499 4 500 4
175 1 439 1
112 1 333 1
279 1 279 3
113 2 464 3
17 1 237 2
234 4 482 4
117 2 367 4
279 4 455 4
158 2 364 4
173 2 256 3
44 2 406 4
426 2 449 2
150 1 151 2
31 3 418 3
21 4 405 4
193 1 193 2
19 1 326 4
500 1 500 4
113 4 469 4
117 3 138 4
72 2 193 3
147 1 499 2
270 1 450 1
139 1 359 3
83 1 148 3
134 2 199 2
140 1 156 1
59 2 93 4
44 1 48 3
42 2 52 3
198 1 385 4
377 1 379 1
459 2 460 2
394 1 478 4
147 4 181 4
64 1 70 4
398 4 476 4
380 2 408 2
215 2 336 4
212 3 304 4
352 3 463 3
152 2 326 2
144 1 154 2
230 1 233 4
387 3 389 3
92 4 100 4
228 3 236 3
142 1 149 3
91 1 255 4
75 4 154 4
37 2 41 2
66 1 449 2
223 2 227 2
389 4 390 4
455 3 456 4
45 2 47 4
396 2 403 4
420 2 421 4
16 1 227 1
171 4 308 4
271 2 272 4
277 4 393 4
10 1 356 1
75 4 394 4
136 3 142 4
371 2 372 2
341 3 343 3
25 1 262 1
286 1 490 2
80 1 488 1
224 1 229 3
60 2 116 3
187 4 303 4
148 1 361 4
65 1 72 3
157 2 460 3
372 1 491 4
39 2 251 3
238 1 241 1
53 1 379 3
57 2 426 3
139 1 483 3
214 1 300 2
335 4 375 4
65 4 156 4
51 1 56 4
159 4 298 4
246 1 255 3
472 3 481 4
368 1 376 3
39 1 100 3
211 2 220 4
21 4 175 4
112 2 252 2
156 1 320 3
383 1 384 4
345 1 345 4
30 1 37 4
146 3 441 4
37 4 39 4
234 2 304 3
139 3 268 3
15 2 18 4
183 1 310 4
410 2 422 3
191 2 441 2
86 1 157 2
229 2 233 2
165 2 173 3
135 3 201 3
263 2 302 2
259 2 267 3
13 1 213 4
74 3 82 3
165 1 178 1
61 3 275 3
439 2 448 2
117 1 117 1
321 4 325 4
121 1 496 3
192 1 209 4
413 1 459 1
143 3 247 3
359 2 495 4
50 1 50 1
163 2 171 4
11 3 224 3
110 2 116 3
105 2 345 3
260 2 394 3
93 2 494 2
48 3 235 4
48 3 303 4
437 3 477 4
59 3 124 4
189 2 286 3
107 1 407 3
23 1 225 4
362 1 365 3
359 2 493 2
80 2 313 3
124 2 361 2
394 2 397 4
166 1 499 4
498 3 498 3
159 2 159 2
72 1 75 2
282 1 282 4
4 4 495 4
394 1 500 3
213 1 377 2
223 3 298 3
458 2 468 4
250 1 311 1
81 1 87 3
58 1 68 2
63 1 67 3
486 1 499 2
31 2 500 4
91 3 428 3
356 4 484 4
281 3 382 3
208 2 211 4
94 2 472 3
399 2 401 3
447 2 452 2
62 1 374 2
401 1 409 3
113 1 313 2
143 1 448 4
1 3 58 4
34 2 43 4
31 4 350 4
93 1 101 2
67 2 149 4
307 4 317 4
402 1 448 3
65 4 278 4
196 3 380 4
121 1 382 1
26 3 32 4
226 1 393 3
41 1 46 3
17 2 125 4
38 1 403 1
331 4 467 4
133 4 404 4
213 2 215 3
94 2 158 3
212 1 414 2
213 3 306 3
432 2 474 2
240 4 350 4
291 2 489 3
78 3 162 4
220 2 221 4
378 1 388 3
136 4 188 4
118 1 418 1
207 2 473 2
314 2 324 3
328 1 344 3
142 3 222 4
205 3 430 4
401 1 480 3
109 2 127 4
302 1 432 3
67 4 67 4
188 2 192 4
64 4 72 4
133 2 488 2
215 1 344 1
191 1 318 1
79 4 133 4
316 1 461 4
230 2 457 4
252 3 496 3
420 1 488 3
205 1 206 1
74 1 80 2
313 3 338 3
255 1 264 3
381 2 382 3
157 1 407 2
312 1 312 2
246 2 377 2
343 3 498 3
262 2 375 4
235 2 494 4
391 3 398 4
69 1 461 3
127 1 298 4
39 4 418 4
38 3 48 3
218 3 307 4
120 1 334 1
403 1 434 4
88 3 136 4
134 2 297 3
301 1 307 3
75 3 138 3
192 3 353 3
318 3 322 3
384 1 389 4
119 1 144 1
269 3 275 4
230 3 233 4
8 4 380 4
110 1 172 1
318 1 323 3
243 4 356 4
27 3 269 4
214 3 224 4
134 1 154 3
340 2 380 3
178 4 252 4
135 3 273 4
89 4 99 4
147 2 419 2
51 4 212 4
90 1 92 4
31 3 40 4
244 3 290 4
224 4 446 4
59 3 399 4
243 3 250 3
175 4 249 4
156 2 160 3
293 3 406 4
482 1 488 3
438 3 445 3
290 1 297 1
33 2 207 2
300 3 447 3
103 1 107 4
105 2 360 3
19 1 21 4
349 1 434 3
15 3 266 3
114 2 446 4
52 1 70 3
419 3 421 3
57 3 476 4
134 1 415 4
75 3 164 3
384 1 426 2
27 3 240 4
102 3 329 4
209 3 411 4
35 3 319 3
261 2 482 2
258 4 336 4
167 1 272 3
224 3 225 3
159 4 407 4
237 2 456 2
348 2 450 3
314 1 428 3
159 1 193 2
131 2 286 4
121 4 121 4
277 1 284 3
188 3 192 3
363 3 369 4
193 2 426 2
407 2 409 4
350 1 442 1
255 2 427 2
158 1 353 3
286 2 423 2
146 3 483 4
463 2 469 4
9 4 418 4
14 2 449 2
332 1 483 2
16 2 137 2
171 3 214 4
164 1 167 4
388 3 439 3
321 2 412 4
248 3 253 3
135 4 207 4
252 4 381 4
163 2 173 3
95 1 184 2
342 1 381 3
140 3 311 3
98 3 102 4
353 4 394 4
295 1 378 3
335 3 468 3
471 4 480 4
74 4 84 4
392 3 399 3
234 1 415 1
40 1 219 1
192 3 198 4
26 1 348 3
5 2 379 2
283 3 312 4
338 4 495 4
270 3 272 4
