15
18
37
38
6
155
138
18
8
107
7
25
51
82
9
22
28
71
5
12
45
132
159
1
16
130
13
3
80
59
5
202
22
5
1
39
14
1
30
2
231
3
21
66
4
3
9
18
14
43
166
11
61
131
19
49
12
1
27
2
103
83
250
37
122
177
116
79
32
6
43
26
169
37
8
24
51
64
25
36
88
11
17
9
4
131
168
4
211
333
7
22
23
57
12
56
95
112
66
116
6
37
102
113
50
50
31
6
39
21
228
81
1
37
21
57
20
130
3
13
56
18
51
237
241
18
29
17
14
18
18
17
1
23
141
9
137
30
29
10
84
61
106
4
29
2
139
160
48
36
32
4
7
202
179
45
60
22
61
13
127
34
15
96
2
17
28
50
28
4
24
8
43
121
7
94
33
6
5
5
39
33
185
45
153
79
44
19
108
5
13
19
3
53
24
8
5
53
52
15
13
113
1
27
7
14
22
5
17
27
30
5
7
9
45
84
393
3
78
37
207
9
15
1
4
185
36
75
4
206
9
117
6
4
17
5
1
30
150
197
5
30
299
13
11
140
24
32
66
155
82
132
322
2
19
118
19
21
33
236
36
27
9
5
4
18
6
5
45
8
22
6
44
29
5
23
94
7
6
26
7
8
7
80
97
66
157
14
197
14
5
41
10
71
8
25
103
1
34
7
29
40
141
46
323
25
1
39
34
47
44
91
22
2
19
20
7
4
5
6
65
20
9
18
6
32
8
1
58
45
13
50
75
9
42
6
156
16
1
5
7
25
29
351
14
15
50
3
23
1
24
15
42
13
25
4
10
8
7
57
10
55
6
6
4
30
13
21
35
14
55
35
17
94
5
2
116
4
33
10
142
30
93
26
5
30
14
12
4
141
120
2
26
23
37
143
68
50
14
22
29
68
1
31
178
13
44
5
334
110
6
8
170
55
24
7
202
114
120
6
51
1
5
30
150
26
130
10
71
32
16
12
5
183
13
4
9
10
24
62
42
149
23
18
49
216
14
285
49
10
69
37
9
178
145
8
10
32
8
126
29
6
120
3
17
105
34
40
6
136
250
17
9
13
109
47
77
32
66
32
33
21
7
43
1
29
46
236
25
37
56
8
33
19
7
53
27
5
9
24
4
130
31
4
159
131
8
22
24
105
14
27
24
11
105
35
66
66
45
9
75
10
85
30
9
11
15
1
51
14
22
22
17
22
60
10
80
21
62
27
342
5
144
4
3
24
224
47
4
1
6
44
22
3
140
18
15
77
57
40
186
6
28
51
100
10
160
46
13
185
26
95
64
6
6
14
103
2
38
8
44
122
42
13
5
5
41
64
131
179
31
93
40
81
10
97
15
6
11
6
45
2
33
14
203
23
5
43
22
23
10
122
3
45
5
36
26
6
6
26
301
1
125
34
16
8
13
46
8
76
4
22
5
24
11
22
41
44
33
143
2
5
19
7
4
2
4
209
4
89
17
31
9
16
36
3
30
202
13
22
7
64
60
45
3
12
15
11
17
102
39
79
11
9
10
229
1
10
3
6
96
25
10
14
10
42
237
93
325
46
20
32
289
7
84
19
93
55
68
2
31
7
49
18
85
5
3
13
2
15
28
68
6
9
6
19
42
524
101
18
54
41
20
17
16
4
112
35
2
152
21
12
166
103
1
76
69
5
67
2
6
38
42
37
56
165
26
7
13
188
16
39
68
85
31
2
6
39
60
131
14
64
8
3
145
80
14
34
26
17
19
29
58
36
116
56
125
133
13
17
12
21
6
15
22
53
18
58
12
14
203
16
68
28
92
7
125
18
2
31
49
286
64
65
298
29
86
82
6
52
16
84
4
112
3
7
63
6
2
1
43
15
149
49
12
101
99
220
60
17
9
31
21
275
162
27
119
73
55
12
33
7
41
38
77
4
13
6
29
23
310
76
11
20
5
153
7
260
31
3
130
29
4
4
73
2
5
16
9
57
10
17
40
17
173
5
2
82
11
5
9
44
37
16
9
11
5
15
128
51
21
5
249
323
16
357
33
35
3
26
208
2
7
32
13
3
61
13
35
59
72
3
47
99
9
14
6
3
187
118
1
90
1
158
29
32
44
6
156
64
23
4
6
5
5
3
44
41
292
109
32
90
22
14
123
59
232
12
15
506
9
5
30
31
37
103
21
23
108
7
7
4
211
69
16
41
5
57
9
48
35
24
29
20
332
26
249
38
151
1
20
32
29
327
78
49
59
30
5
116
37
52
25
133
9
1
74
54
28
33
19
25
82
2
37
14
1
45
198
1
32
3
93
5
33
29
71
7
20
61
2
15
119
2
45
27
48
12
23
60
25
32
15
21
138
25
79
12
12
34
1
42
115
31
20
16
133
151
6
157
51
40
2
107
112
10
11
6
45
246
32
32
79
94
125
78
200
2
228
49
79
168
110
23
75
5
33
15
98
36
26
59
69
120
5
9
19
37
37
35
131
277
27
43
32
6
26
12
8
19
35
6
5
13
55
15
13
22
56
139
3
11
7
14
15
83
27
1
26
1
49
49
9
100
13
141
47
23
309
18
342
15
228
114
9
18
105
68
36
27
88
25
136
12
8
1
5
14
9
67
7
4
7
45
4
50
43
12
2
97
59
496
17
5
13
13
14
32
195
4
255
195
45
9
24
4
54
37
90
7
1
91
29
6
11
9
1
27
128
19
75
32
70
3
5
6
36
7
54
23
8
23
25
20
35
14
131
36
144
175
7
82
9
56
4
33
106
38
10
19
5
42
17
34
29
3
84
23
8
21
53
3
13
34
4
5
80
43
40
58
77
12
7
41
25
57
11
43
18
40
29
4
31
43
51
82
21
38
2
125
125
93
38
16
8
295
12
12
84
28
19
48
5
240
33
7
41
124
39
17
1
45
92
7
10
160
60
7
4
169
31
177
2
4
50
14
12
5
67
19
16
25
3
4
184
8
1
8
8
14
1
5
30
59
370
7
1
6
11
54
112
29
14
145
12
118
7
21
15
122
4
30
5
5
2
7
20
12
14
119
35
17
152
3
9
17
499
380
7
2
119
35
113
27
4
35
154
52
67
60
1
15
14
372
8
14
24
25
88
95
31
35
35
66
49
34
250
46
21
2
15
16
48
115
64
48
56
13
31
2
21
123
12
8
43
2
13
43
9
42
84
127
216
36
8
180
284
7
4
9
96
32
14
349
63
21
37
2
20
4
38
10
4
59
44
37
61
20
9
5
14
6
12
132
212
44
45
14
28
233
185
137
9
136
149
167
139
136
34
21
63
38
105
73
10
16
90
11
32
108
12
26
8
131
70
11
160
10
3
37
29
2
6
30
54
123
6
31
1
19
334
6
20
6
5
3
11
3
9
36
4
178
116
25
18
86
16
129
45
15
44
10
10
7
8
87
5
10
16
75
3
12
6
242
14
10
9
1
21
59
12
65
2
10
4
79
98
58
16
2
11
7
96
19
66
116
11
13
16
6
62
111
200
136
217
51
38
27
12
343
7
4
211
55
25
44
3
14
1
15
54
294
32
10
13
39
15
2
98
8
7
26
4
52
2
77
18
1
112
4
140
5
232
81
41
52
2
32
4
3
127
3
1
122
22
14
10
12
11
274
87
12
46
40
59
85
76
2
19
79
2
12
60
14
53
7
155
74
53
39
13
10
77
45
11
37
14
10
175
104
49
14
21
28
40
2
112
99
191
147
17
276
1
13
6
107
124
55
35
91
24
99
1
94
102
28
49
30
98
31
2
31
34
23
27
18
20
2
27
8
70
28
7
34
36
25
3
61
171
9
25
51
21
10
270
6
7
45
8
37
30
21
13
44
16
97
20
16
6
70
195
66
153
155
49
33
6
1
197
291
60
278
38
15
76
167
105
140
42
60
82
35
73
55
26
12
458
17
110
14
76
9
27
89
15
32
182
194
379
35
26
13
4
7
27
272
53
17
4
34
168
14
75
35
221
51
6
28
4
37
39
6
17
12
75
21
69
9
17
47
5
45
41
34
33
66
27
1
22
5
16
4
8
68
13
22
6
165
70
25
65
19
7
158
7
46
22
13
8
43
9
5
33
31
21
87
82
133
5
186
20
20
14
73
123
43
163
360
3
6
49
15
1
110
64
22
101
21
39
2
8
7
99
6
18
32
129
48
21
20
209
8
21
23
52
359
12
12
4
74
30
39
101
8
45
92
141
35
10
22
53
10
9
3
18
12
34
77
35
6
18
6
20
9
9
104
2
31
83
5
1
26
4
27
38
135
5
17
14
162
35
7
8
27
73
1
78
256
70
65
21
3
178
7
228
12
7
62
19
92
226
29
3
364
21
135
203
4
34
117
2
24
5
168
2
15
29
107
108
42
116
51
43
82
19
7
90
4
47
67
110
26
5
39
7
34
21
31
10
6
49
96
4
81
22
16
11
26
363
80
13
13
7
79
19
49
22
222
13
1
103
80
19
541
8
13
15
21
5
8
2
62
128
20
4
30
2
114
57
48
8
3
215
11
27
2
416
19
16
4
229
83
55
21
14
30
2
14
76
15
23
110
111
85
12
282
21
9
28
17
46
5
1
21
6
55
21
21
106
34
44
3
32
1
26
21
5
197
13
217
36
351
51
9
9
42
191
7
15
1
27
45
5
64
40
83
4
41
4
78
15
4
62
6
6
71
26
34
17
52
45
350
7
9
202
60
102
97
10
42
293
134
65
32
86
10
1
14
9
88
255
139
17
11
4
111
9
6
11
6
6
13
3
12
73
79
29
441
43
39
29
79
4
44
1
15
20
2
25
231
104
1
7
39
144
9
52
203
6
20
98
4
75
64
481
11
101
24
41
22
155
8
20
30
1
153
68
4
72
19
2
23
83
182
13
6
364
2
4
3
94
57
10
40
27
73
11
7
37
39
32
33
16
9
137
99
18
63
43
9
55
72
101
92
3
6
31
367
23
2
39
56
49
14
18
340
7
6
7
9
3
12
21
6
25
82
71
18
301
65
5
5
123
4
10
216
106
2
15
194
17
55
9
48
7
202
21
34
15
39
3
33
116
21
5
82
128
11
7
6
1
32
7
28
16
77
9
70
57
11
169
26
1
5
114
52
8
26
58
15
187
120
3
5
108
188
6
114
17
187
307
20
32
2
59
188
19
26
2
94
27
31
51
13
16
45
48
147
25
13
29
81
38
16
49
2
47
4
430
29
12
93
32
36
54
86
14
6
39
4
195
76
34
5
217
99
91
7
55
6
291
28
3
15
5
2
40
67
90
245
43
141
55
64
8
27
2
143
21
17
89
75
7
3
16
14
27
67
10
100
18
18
8
5
75
43
53
11
35
2
97
106
82
55
38
55
40
48
2
131
10
27
42
49
7
5
127
140
41
35
93
5
28
342
36
140
4
320
9
100
24
12
9
7
11
142
10
59
4
217
110
8
8
9
4
60
56
28
136
11
25
148
18
2
13
10
106
10
3
3
51
46
27
53
97
102
41
9
37
4
89
75
215
41
33
18
2
12
2
4
3
29
16
49
2
175
31
35
1
37
26
57
3
178
25
42
1
157
156
11
11
6
7
2
29
12
87
12
28
2
137
21
8
126
140
9
7
59
3
75
4
17
13
2
2
12
18
244
39
18
13
65
9
159
6
197
6
75
19
15
82
77
39
81
15
338
234
111
43
5
5
2
42
3
2
45
17
34
9
26
12
5
30
23
108
137
18
48
8
93
40
42
91
17
4
18
91
34
9
94
1
155
12
38
88
19
112
14
3
96
3
51
43
36
21
56
11
4
28
68
4
19
7
31
13
63
1
20
13
21
13
18
37
13
5
200
355
16
118
4
128
17
9
12
74
13
24
21
40
90
30
20
47
6
52
5
24
12
68
14
5
74
60
30
18
2
5
5
12
134
100
7
10
39
35
436
144
51
35
4
26
2
72
131
10
45
20
67
3
24
19
215
12
2
5
4
16
12
38
12
12
70
11
34
25
14
35
27
12
78
3
46
9
8
6
5
7
48
5
6
252
41
8
10
16
4
214
17
119
20
7
2
223
39
80
1
29
79
2
94
64
229
4
2
5
52
46
14
17
79
6
19
117
2
8
33
4
3
5
67
1
8
11
9
23
15
17
58
8
72
36
37
43
10
4
28
3
3
19
117
16
35
33
11
139
12
20
9
38
8
6
127
8
20
255
13
143
68
8
13
78
150
18
82
88
5
11
2
26
19
120
1
36
85
64
54
172
11
45
7
9
35
12
106
5
8
47
21
98
22
4
18
156
21
67
6
73
34
34
14
25
93
28
36
124
60
23
7
30
34
29
24
37
30
6
8
48
52
3
7
23
8
3
15
124
12
1
146
13
13
180
24
11
31
152
178
27
21
106
1
124
2
46
18
15
6
5
68
108
74
66
8
66
28
59
13
14
13
44
7
154
3
25
27
1
32
5
44
39
249
10
57
7
37
2
360
69
101
16
1
44
45
42
11
144
77
7
51
3
3
133
4
69
18
22
149
11
2
3
27
29
18
3
53
5
23
132
6
25
23
147
3
66
49
43
43
105
2
297
248
9
32
102
90
261
4
20
132
172
5
14
5
4
160
7
94
2
42
147
96
16
118
20
11
16
22
1
268
84
67
23
2
57
71
87
40
80
28
3
2
280
7
6
5
44
76
48
83
5
291
17
82
85
5
55
9
26
4
96
40
11
1
234
14
24
26
6
156
39
93
14
13
2
35
2
8
57
44
155
29
29
110
34
92
58
5
124
5
43
64
7
285
4
25
35
14
6
15
4
23
1
30
39
4
14
43
2
2
27
3
52
33
319
45
3
5
10
135
9
28
42
29
15
58
5
4
72
87
10
9
171
9
14
37
151
8
7
11
51
4
53
15
46
2
13
4
5
62
436
67
193
7
4
2
136
8
62
243
20
77
2
17
28
5
3
155
86
28
21
25
46
8
20
92
30
62
17
7
34
152
12
9
9
193
39
3
10
10
3
2
8
80
51
50
5
12
1
182
4
19
78
23
122
10
32
26
54
49
34
29
2
122
3
180
3
24
14
6
222
5
9
9
56
19
6
6
58
15
91
65
4
31
10
13
31
11
8
9
15
26
44
34
130
102
1
204
87
21
41
25
30
43
12
9
27
92
7
14
32
97
18
185
9
13
60
29
38
116
5
25
6
43
2
39
66
2
10
33
64
63
4
5
3
18
8
20
140
22
56
39
25
121
15
37
2
57
34
39
45
33
81
1
33
9
46
21
90
22
215
1
19
77
11
80
56
27
55
261
120
9
146
112
306
44
133
2
23
11
267
143
78
11
262
89
11
6
270
8
98
19
100
20
12
210
116
33
46
9
1
42
4
4
81
16
138
18
38
23
219
9
103
25
120
34
18
151
3
27
13
5
33
37
12
1
53
20
50
69
20
28
8
128
49
88
45
233
17
58
48
23
15
270
27
35
1
5
201
113
22
50
10
119
16
137
11
105
13
136
18
77
11
8
4
12
81
107
10
298
57
15
42
21
29
8
2
89
76
31
1
9
206
19
291
15
29
4
9
4
39
129
2
10
46
2
2
154
21
101
55
39
2
96
51
21
139
101
53
6
29
1
56
238
47
28
8
17
135
23
11
33
7
187
129
84
14
4
113
3
40
88
6
9
7
202
143
44
15
28
51
82
34
11
6
6
283
12
62
125
7
22
125
177
40
214
9
17
11
14
6
134
198
260
13
232
198
115
2
20
53
9
61
41
113
462
24
5
62
5
7
15
2
30
18
162
27
19
132
6
32
9
9
2
8
115
7
87
36
23
188
2
8
17
8
11
10
57
320
8
166
51
14
10
10
104
11
164
108
63
28
211
77
78
106
13
4
94
4
79
298
2
2
20
70
33
1
2
88
25
11
12
77
50
69
11
30
31
98
4
3
8
25
40
153
21
3
1
12
168
187
8
66
1
30
15
12
6
36
26
228
52
60
107
15
8
71
141
55
51
3
40
10
83
23
32
9
10
11
25
2
14
34
33
8
10
22
227
60
8
41
25
1
164
17
10
23
52
37
9
16
34
53
21
314
223
7
137
65
2
7
16
11
22
71
110
76
40
127
2
13
5
6
6
3
7
41
38
102
3
8
10
16
90
45
34
14
18
36
15
71
11
10
107
34
1
172
44
8
210
35
10
261
36
13
2
17
21
12
39
12
6
27
144
15
44
50
250
127
439
13
17
61
36
24
17
17
36
3
196
12
34
7
1
366
24
19
159
33
62
86
12
57
30
107
51
6
23
56
16
39
18
75
19
70
334
1
2
9
11
44
52
15
51
62
9
20
42
132
40
69
12
31
22
35
36
18
23
29
15
347
7
13
9
1
156
53
17
12
59
29
26
172
139
18
18
4
55
42
75
59
78
74
14
56
176
22
3
4
69
12
273
43
51
26
183
28
11
5
48
20
223
21
46
15
28
2
14
104
229
53
38
2
397
29
14
13
3
5
5
8
8
39
31
61
12
22
19
62
22
76
6
45
12
12
40
41
38
8
35
70
78
155
7
33
44
94
2
12
29
475
34
34
182
18
14
2
6
23
4
6
171
31
219
234
5
31
4
16
1
72
159
30
29
52
5
172
42
54
76
69
41
8
19
125
126
188
5
17
337
45
182
3
17
3
15
18
47
6
142
11
32
18
93
157
97
12
58
68
91
32
31
32
44
18
173
12
497
132
14
25
11
10
3
62
37
31
7
18
144
29
146
10
171
24
2
27
8
6
142
57
20
77
49
66
98
45
15
16
164
14
3
2
31
8
209
32
11
159
187
41
24
5
244
36
87
2
13
26
18
4
164
81
133
6
13
95
19
14
10
24
165
15
10
44
268
57
77
73
3
36
21
2
15
56
33
9
26
10
195
18
5
5
22
178
224
128
64
56
13
25
7
9
5
16
69
8
143
42
26
30
253
10
18
8
123
71
3
5
11
178
4
141
46
44
133
44
89
4
27
13
23
6
87
3
1
13
12
89
72
66
230
2
3
8
72
34
94
28
80
2
33
63
12
17
28
96
5
10
39
11
16
52
2
241
3
59
253
10
72
13
92
15
31
20
10
9
12
280
43
31
26
35
21
41
83
9
23
30
33
36
38
22
41
34
41
5
12
48
67
86
160
245
142
2
33
26
3
38
216
11
59
13
3
77
159
2
131
27
4
20
37
10
10
56
50
3
22
11
79
38
54
4
8
56
102
44
40
11
15
59
10
9
53
30
147
132
148
10
3
92
16
23
176
15
13
7
38
184
187
199
14
17
31
191
93
11
149
7
10
11
12
8
68
52
5
157
4
151
163
123
15
30
12
29
7
17
7
22
13
12
96
182
12
138
23
11
160
35
6
106
45
15
7
46
27
23
107
44
10
56
20
100
138
36
7
1
75
23
10
7
22
543
15
74
9
49
5
11
16
35
12
38
10
2
37
5
52
129
508
38
42
7
15
11
70
294
14
2
76
20
42
16
173
9
88
21
22
139
12
8
10
203
23
11
3
48
186
37
33
30
140
200
1
23
175
6
48
15
37
43
56
16
80
7
48
60
10
3
32
193
20
3
30
39
52
41
5
29
46
2
13
84
13
3
69
6
11
3
94
176
8
1
42
406
138
252
62
187
48
52
3
28
19
2
12
44
15
314
16
77
61
5
54
41
13
39
52
35
97
11
141
393
276
10
4
25
33
14
89
32
86
15
19
22
26
13
56
13
73
22
73
171
149
152
213
11
5
8
112
6
24
31
75
25
11
45
16
2
345
86
22
133
52
5
3
108
30
7
36
11
3
22
7
17
380
18
45
147
84
54
132
30
29
29
30
6
3
31
5
26
18
32
50
93
32
13
207
8
10
23
13
4
14
94
39
1
63
7
11
38
10
3
13
5
10
75
20
62
1
27
34
35
8
90
19
12
12
10
7
6
264
44
14
11
35
232
9
171
22
64
9
7
18
38
43
82
39
70
8
7
51
2
2
375
4
47
20
15
35
64
3
23
6
25
1
109
8
26
19
12
56
89
50
23
4
13
12
70
20
135
154
2
110
156
3
18
1
18
56
6
12
11
3
16
134
71
118
37
202
10
1
110
112
25
17
19
24
24
162
10
12
1
124
5
57
6
8
45
2
163
243
1
165
4
34
10
68
27
1
44
2
12
14
23
16
2
47
75
60
5
20
118
6
38
25
38
53
10
6
58
24
32
24
139
146
102
67
1
35
53
10
2
47
19
34
7
47
52
15
25
65
4
42
9
18
21
34
27
15
129
4
16
5
94
24
5
23
6
84
10
24
11
7
7
55
4
15
2
3
57
9
3
10
7
29
83
190
55
93
52
30
1
17
19
16
18
19
26
16
1
16
22
1
8
30
43
6
63
27
39
23
12
12
39
95
145
7
6
21
5
162
14
27
40
88
2
5
7
20
8
34
35
37
176
20
42
18
17
10
3
28
19
13
13
22
126
16
74
374
118
39
8
81
6
366
23
50
6
20
13
30
2
23
2
29
29
110
2
161
17
24
57
14
52
12
2
10
145
223
24
23
211
12
198
2
3
6
2
18
115
19
94
8
13
226
44
27
20
1
145
19
103
23
23
38
9
40
54
7
317
32
177
64
27
157
53
12
110
42
8
25
19
137
4
15
68
72
11
48
62
10
120
3
37
19
174
53
17
7
6
313
12
9
7
73
178
8
69
104
14
30
27
43
2
21
53
73
10
20
183
41
7
80
21
19
30
7
35
21
277
28
8
31
24
14
1
8
75
171
23
50
10
11
1
1
31
15
71
75
13
25
77
4
98
12
251
40
96
31
42
329
83
50
10
127
9
9
18
195
19
61
15
19
246
36
5
77
11
321
264
30
58
1
10
70
66
10
2
10
9
115
3
25
328
9
24
53
28
396
111
12
11
13
30
9
89
5
6
105
3
137
33
41
35
55
105
29
55
86
74
3
1
3
6
117
26
6
35
2
71
31
39
32
8
89
27
42
27
278
359
236
69
57
3
109
88
26
10
7
25
4
31
122
190
140
31
64
113
10
142
4
187
60
33
257
5
37
6
74
19
19
37
50
16
56
84
49
44
42
214
209
143
10
9
169
12
22
73
137
30
29
96
40
1
11
44
45
61
22
174
70
65
11
2
245
58
4
10
8
6
16
11
92
182
141
31
41
10
105
33
16
22
2
96
48
41
17
9
11
104
56
190
104
9
2
17
113
162
11
38
107
2
31
4
51
15
8
8
11
114
77
6
248
7
6
225
115
103
47
398
20
63
36
10
118
7
4
19
4
24
60
17
118
26
14
5
28
34
30
49
28
