4606
6981
40
10341
28725
14076
59
6
107
370
6213
11136
19822
45440
626
2
712
280
5411
139
16667
475
8965
14
17526
162
146
334
3447
390
13771
222
167
153
14044
863
804
34
449
1086
12042
179
635
3210
7423
36
8061
56
1836
146
4173
9
32766
11838
3181
1337
4057
838
45921
763
864
12649
3630
178
23
732
3728
19
5345
12705
29840
10
4507
7328
401
591
616
1218
203
2954
577
5434
154
11683
399
146
7951
100
53
24
932
321
1609
459
28084
220
331
28550
4325
9
213
879
21
3912
4059
2052
49553
934
4
20371
3705
69
3437
16
2717
19539
240
22
9109
799
24022
11295
26
1062
3059
77
244
32942
10
97
25
11681
23871
911
13661
89
2126
5
7293
290
255
3031
37
554
420
764
10
16
296
250
12928
1302
3669
8
1277
31
1721
16
628
2
2928
2430
606
867
526
9
257
649
209
16
12
862
644
10270
169
8
1022
1612
20384
359
6371
231
40
165
316
46
8343
2878
5
5
864
159
115
231
21
3708
704
331
1261
4351
7469
165
939
471
17
18
67
274
649
19724
10
10496
13495
202
22
8875
113
1241
8207
725
175
681
3
22131
415
272
429
117
1351
8761
9738
108
33124
