1
5
676
3327
2
1
12
1
988
2618
1
7
565
21
2054
351
2
6
9
810
671
9
46
12
35
1
1413
17
969
1
5953
71
2754
2
1
25
17
1702
2
3140
152
1
2221
9
5
1454
4
34
1658
85
2
18
22
30
2
345
103
188
39
76
3
70
58
2
2
817
277
135
13
5
88
225
186
3071
29
2122
29
2059
3
18
43
12
51
507
5865
37
2491
9
652
4
407
4
586
31
770
3
12
5
6478
65
26
30
1675
441
2
4
26
33
8
919
181
49
19
32
918
1478
1
1
555
359
2743
13
782
44
4
955
20
60
1
27
1
46
29
1
865
37
18
87
134
8
355
1
305
1190
1
14
49
6
236
21
2641
1
1715
2183
61
123
1874
47
35
16
14
6
9
1
1
22
393
1319
7
24
1466
1
72
2
69
16
716
5
20
3076
19
2376
1
7
397
4
11
20
1009
49
5
1
7
1
1
57
3
2
644
1
178
1
315
404
2919
20
26
7
793
2
3032
55
43
409
4044
406
136
1
16
13
808
83
99
15
12
1
2
628
111
354
21
69
19
24
472
19
11
146
16
2213
10
534
66
7
1167
813
1
30
2
813
6
1050
2
22
3509
93
3
28
2
294
2
656
3
1
4
1525
20
62
562
25
62
5
1
30
2
28
46
1
8
16
3
17
36
123
1
235
34
8
57
1156
2
60
442
559
559
40
3081
1
27
4
58
48
473
115
258
11
1
288
635
956
7
5
301
1
45
1
43
26
20
272
759
1189
626
1383
79
58
95
7
350
16
579
1535
32
62
25
993
1201
67
1734
189
4
1986
45
6
7
1
3970
1
371
3518
101
17
27
4
995
1717
7
1196
6
10
3227
2
7
2
1018
327
10
46
24
1
111
1947
183
35
185
1694
378
1477
3
51
3
145
408
24
53
9
2
1
1787
3666
1420
268
1908
152
382
18
1257
5
14
3
16
2115
99
239
113
1
25
5
22
18
442
271
36
1041
1673
16
43
65
796
5
221
15
606
2
1214
13
51
1313
851
38
500
1
12
1
2
19
203
1089
15
7
156
1
4590
2
5
2
93
2
1
43
13
27
1285
25
87
945
767
9
21
198
2278
438
1386
72
18
2
1
55
15
5
16
512
2
1
527
177
9
1
17
7
43
22
61
9
17
23
2244
21
10
7
807
2
1503
797
27
1
13
11
24
28
33
2034
41
327
13
333
274
64
103
16
135
16
2440
46
1
1
10
1029
683
32
864
41
815
329
1
11
6
1099
73
739
1
531
691
6441
975
53
1378
1
28
78
23
3679
1419
1968
310
9
3
3636
579
11
1794
22
25
3
116
6
14
4077
4
2330
1277
1320
7
1647
2
2720
2170
47
450
1218
2
1426
1
1
5307
334
118
1557
1
12
17
1
3
368
525
2222
10
1244
21
2
1830
7
20
4
663
8
1649
1
81
50
23
8
17
19
1
238
6
252
5
15
72
2299
17
1
1
19
128
1129
30
20
993
1778
8
1
23
265
1301
10
19
880
36
39
40
11
48
21
262
1
5
31
8
6
1
18
82
42
892
41
6
8
31
1417
27
20
42
7
21
10
993
2
1
23
2
141
4
23
150
15
58
13
15
29
1482
182
11
2
441
1355
1
3
5
2
1
746
50
40
86
19
12
507
17
125
9
4
847
1315
41
5
15
6
1
2712
25
2237
460
1247
949
1649
2340
1
16
67
38
3005
1
366
13
1
2433
1207
1932
2050
927
334
41
1
43
1
4182
24
1
17
2309
365
40
552
64
1037
1
12
154
10
309
888
955
1282
679
26
3034
75
6
22
402
2
12
200
42
1
28
10
262
1
287
858
1
1
27
1
22
3
441
81
7
5034
12
1
70
39
548
69
3
798
51
2
1831
1003
3835
745
503
871
41
1
16
1115
6
416
2
45
32
38
1113
6
2
995
260
78
4690
83
381
6
2503
20
2
6
25
10
103
68
225
25
21
344
146
13
3
17
1036
51
1
576
10
277
221
243
336
166
36
3
10
3
3
1736
14
230
1599
26
955
255
33
70
10
21
18
22
1
36
287
72
564
429
1451
633
114
30
320
36
2
1111
21
47
641
15
1110
1495
1993
7
15
10
662
20
252
156
3
1
1
1441
10
3
51
2908
18
33
10
21
1
1
1
2507
7
898
16
16
1
672
14
1300
99
319
22
64
3
20
505
15
18
2
1222
1
52
396
672
7
7
52
16
3
15
1034
899
49
14
27
28
870
103
24
36
78
1
1
470
37
1868
26
43
10
15
21
171
395
74
332
1
6
80
1839
8
5129
126
2
1
10
2
19
43
3491
7
1
103
4435
74
24
897
37
1
1473
368
1
162
65
2394
4154
69
205
33
69
186
20
443
12
834
4909
1
21
383
2012
5018
130
1893
8
