196
14436
51
26
107
570
94
6407
143
394
421
5
17
11180
21816
22
37
121
61
190
149
899
19
167
11241
7
10308
5
829
6308
150
5
623
408
963
7494
251
88
1693
11803
11
57
8403
1309
15932
11112
475
8
618
83
65
13
16674
1092
5446
18
15731
1103
3581
1260
104
15183
1841
1405
1189
90
33
12
169
13702
143
326
3
1691
163
9244
4405
152
2920
1
56
3404
31
84
71
27
40478
32133
8514
423
11218
89
66
12
373
3676
20339
9978
328
1025
4599
2554
1777
917
182
953
120
576
283
13526
314
746
123
14126
21382
12
411
108
7784
611
277
56543
31205
3
1784
1916
146
12
148
52
11695
297
28112
23
5979
160
36
3393
410
5785
259
2053
15126
201
36
37
31
60
536
423
747
34779
8094
8408
5580
10622
308
131
172
612
9
4534
187
3508
27
51
24
3037
157
41
1475
4494
3
16298
1219
4
1244
973
23850
1549
4711
14
85
230
315
1
255
957
6386
2163
85
18
10064
2214
244
308
2368
8209
1
135
9686
201
3921
13
4864
2088
3868
202
12
5
836
8820
4252
1
530
9
2876
31217
446
213
159
129
7508
631
21120
352
423
356
700
22784
2
310
704
251
12869
71
31
53
478
726
379
1437
238
104
9385
6392
99
519
219
27
9837
35133
360
15332
1532
1408
423
102
49
6
18666
941
83
976
10498
13
271
192
5474
9724
38
62
597
3370
11
372
4964
2686
676
330
12276
181
2988
69
206
23665
1326
12
1993
1747
172
1120
15717
251
1939
22
22672
1213
807
22171
21
775
542
19990
8
122
8704
1153
447
36972
90
896
541
17
91
45
129
3483
13572
102
47
483
722
6
2231
3610
11042
38
2
13759
264
289
204
221
604
18
18
422
488
6446
13233
2173
1717
1
763
36622
15300
252
2959
135
1883
7161
99
3730
13
397
6648
188
324
6432
885
375
1724
39
26195
155
28
29048
973
12
913
13137
23122
31550
1258
1740
213
24848
6562
193
5716
13
455
9
1130
231
888
9265
960
21
168
253
5427
1420
928
10
905
455
367
84
348
209
612
56
207
579
710
191
2622
68
154
32875
38698
306
7943
34
21029
353
2623
7621
12459
164
818
9
38
812
1031
26
1348
1931
3774
4152
10645
400
1113
1461
127
82
18
6177
5560
289
4508
17485
193
4209
2711
327
25632
2
171
1680
116
828
607
402
2
8056
4261
15127
5834
12680
305
624
54
5549
790
45736
4503
29033
707
6
25103
24759
11339
109
15539
391
3231
759
202
508
139
381
63
11298
20124
1728
512
4241
915
2854
81
126
426
1290
8
7203
197
1820
880
2359
38
28925
5400
10063
8
241
395
249
12716
1683
17
5312
30303
7047
437
22
10
426
487
20
278
23
8485
476
20410
135
5
111
4797
1
39
31769
206
712
2968
1
1744
41264
76
50
490
1461
250
22874
4390
2
40
18744
226
17629
121
79
7658
325
19
79
1988
8481
36301
7873
18
438
6521
371
156
19
456
326
158
18742
13
232
4880
3498
30
36093
9022
59
21
922
807
348
3162
56183
30419
27
36842
346
8978
13914
416
427
3972
1740
4703
3222
119
743
227
79
5987
28
2709
11374
36353
327
35912
172
8
9608
546
13123
11
47
221
7216
5800
32520
1063
3155
907
19303
857
605
262
1237
910
5550
496
8297
40
16772
209
87
3671
1634
9548
328
192
151
28
7
48
3358
81
45
2733
386
12
922
725
11269
45
259
763
128
1376
126
147
2019
270
9525
8
34065
26
5789
16480
889
17
668
63
14791
130
302
12756
3
370
841
8
507
367
296
44
18
704
16
16348
32664
706
22
755
119
710
14
41
6
3288
20439
14335
610
251
277
291
15
25574
2176
218
1109
48908
12311
15480
273
215
1778
558
229
7069
4
7763
24808
2663
64
393
8262
28878
352
848
1144
333
50
39742
216
5213
175
417
23017
197
276
5829
5281
2666
1
40
17
7
3897
377
1441
1109
72
32
1478
1964
1966
2462
244
13979
2103
22564
17592
95
209
459
9134
4075
21
9
224
1354
19221
1228
128
166
89
1853
473
4855
944
1295
9649
14
977
29534
5704
12930
97
629
17
1167
11
5880
18
38168
1
5
27
27
318
40606
196
1550
27492
3694
18609
659
7052
9032
362
12
17432
59
965
541
4
116
2597
145
248
76
61
76
133
48314
16772
525
3737
8
6477
87
3770
11
43744
2892
343
108
34588
285
16498
52
3860
3741
180
9
138
309
11982
8878
25034
20419
25004
17
643
107
390
9694
239
7155
29
1244
168
4461
1429
46
12811
286
4914
697
4073
16215
731
12
278
128
1538
15
684
21316
2142
4378
132
300
261
1020
15
1079
307
15
19910
683
19
16886
20239
75
311
12
98
21572
458
13
785
97
126
20
63
193
12370
1277
135
17530
42588
5
46243
510
242
4836
10810
6610
1586
220
5454
12862
5481
177
2
108
44
9576
2928
133
178
15228
1980
22668
1167
268
298
1988
959
1801
36
2
4065
11807
4
5892
196
5
128
1217
131
12
63
337
685
1669
1263
576
901
12433
37679
290
25
1298
262
61
21873
19
4968
148
201
27116
406
351
1112
6110
186
179
16
657
1750
1918
1778
4003
23973
8
12335
2979
13593
16593
13
8206
25
4
93
8566
533
17548
6
