413
262797
247511
87300
509811
2734
773
2697
2905
1163
1032296
147053
2
957
216
131389
1595
18
1463
3831
183369
7
23773
4494
1091
3674
5783
80091
630
1990
4937
5373
3263
735051
411
45365
3477
286605
1484
1111
42675
338
473351
720
36193
13562
1956
30925
121491
126
29762
77609
1562
3595
21
257387
61074
1209
66511
5035
765078
704
299644
1324
198
63
106016
241082
691
478
2810
6462
3785
2061
422210
54907
6022
1690
313420
85180
542824
3899
449526
7
139
3166
393073
1319
701
76
3217
24
122340
151403
442823
37114
163
4017
55475
3
169
290662
199693
11892
3710
17
16
1562
1847
134084
18361
1197
956
598
27
3257
179514
292715
15602
6245
877901
2516
10371
3089
266577
19
148558
778
1141
1133
544779
513
2696
329345
1040147
13
14007
5
40806
25
18129
6
28
3359
217796
60663
486985
595799
596
168561
32589
3444
142
1648
65811
61873
485588
1088
409
14
34912
3202
2927
754
335495
882
281645
146554
514189
170
6725
4
2958
501501
6318
196219
21
31
232
1061
2122
5519
4244
1561
3037
949
34
575408
156411
3919
66
1743
7
577
137432
6143
119986
451
7658
41
4279
206423
1375
12194
176
1371
2436
53642
79112
44870
2269
83731
1963
184449
97899
96557
40
128987
2568
218150
2261
17
97443
3983
261692
2162
1479
6041
110
162477
2138
125210
4295
3202
658717
9292
338003
37284
692
3692
30220
67307
174823
448
219
929
470462
142751
124144
1119
2928
2821
219538
165760
399015
39008
624975
698
298
113717
106607
4315
425543
220030
133341
10215
23756
12443
52222
372998
39570
197977
242095
3482
50
327
2
92982
1116
30
219124
146
63911
1880
1996
1431
1042
1134983
32718
24647
2845
40
7968
74155
7085
1252
843
10
46206
46061
2499
104224
5589
6785
28
113784
276
2782
491150
1753
156596
15
342
2715
27285
32
5238
1367
8
326
557
841
291675
165
1796
46289
1370
232
3624
18
3923
1066
114655
640
5261
120963
41435
7199
130375
1160425
60
595
308785
551
58
291205
17
2526
62495
248
302193
103873
146771
4961
965
104034
3063
660275
35090
142214
214707
1418
4991
157262
92467
552
3087
574
245925
730
29
2470
188323
11
16465
77223
2781
3
414
8
473210
283323
270
544
2336
1178
220367
26958
799
411185
68324
3637
79373
559956
475250
123435
183133
723
41052
57690
1063
2411
6376
789
22830
74064
2340
15
2474
7
686
2119
3815
28112
203099
727201
7351
20390
698
13
10647
12
180770
1431
600
1222
124379
322
311
159335
182645
279
1513
63201
403
274791
622578
54740
189606
83512
1361
60838
155987
8
978
2103
31
198
131
1986
328315
3
208444
31
650
69071
929
943
334299
7210
256460
3484
629
58144
6
569
48563
169
6
224406
100
94683
708
265422
33061
2981
19
212678
157
93072
5311
758395
64802
62314
139060
2
4063
1076
558027
8
61962
440537
672
390317
3679
889
627833
5039
119103
239677
407
780
337
3756
58843
44
37390
302935
98901
138413
4530
7137
4483
630
196861
14
2
819084
24370
24
1015
215733
2544
16929
1220
329472
943832
2986
136414
32116
45751
241506
43918
255493
23687
2872
395245
37138
163131
734222
4627
351671
454711
4063
44067
8
2425
4269
214
5734
1393
2947
1647
50639
11142
76230
38
2141
2220
11
26
1006
5285
381274
2403
19999
22345
1264
95499
170297
99439
514801
4113
416
2712
1684
845267
2135
65048
2242
705
47
71702
173211
15
4526
3764
1278968
2580
323525
425771
304497
2713
231379
821
26
416
22
595
970
7313
4325
54995
827
80064
19148
12
438954
2154
8
523934
2428
5128
497013
257
2615
131493
26374
6057
274
50
201037
28
2959
43
1108
26
973
483036
189262
2231
121274
776950
3428
1908
752666
231
5827
1883
65289
4
236591
628430
3894
4778
356
511105
358
1483
4408
138025
176
476433
412672
690151
1960
741
1838
5115
783
940
12
2173
2045
1589
387165
41
11
7
294391
199
3568
6503
69137
917395
162832
3941
239189
3736
1662
291238
199
1938
3468
4295
1917
34
354
100226
52792
183265
1934
240726
300
1290
56160
45166
59
10
30
571223
129694
217
653
349225
194
18
117
75405
422614
323616
8
37239
450
279058
235
94766
1454
1368
38477
65
6
193842
15355
5531
513
6
352970
3980
10
144767
4
821866
133017
559397
334
47565
8
212203
5640
41348
2877
16835
235392
22135
16
60687
66837
11
7128
2744
7180
8
2716
531
6333
1379
173
423267
219764
2854
1141
1373
3644
431371
277425
121560
3026
3741
5
672
146
182478
12
168035
1370
179082
5308
18
202726
1119
7
15965
1550
23
5369
135185
2131
40490
131
341341
34215
112014
271303
22633
125939
275728
10
173159
39
3
2625
35035
261
754
733497
74151
740
5632
2486
513965
864
10407
179
5450
10
1628
4844
571710
367228
213279
1924
89928
170225
88503
260496
624
273442
340
2472
608
3083
374817
300488
5754
631892
83462
37623
49
12592
44
251
5384
82664
1400
40
85253
77065
37
250448
80888
1297
963
4384
86
30982
2486
348
1386
241
162
569
789
24824
150130
85885
225
30917
244491
3831
217563
5917
470
137321
62174
396
1855
23
1060
863
4994
135874
4055
27842
3567
1629
127682
2026
4450
580958
210233
147530
2590
387
1743
44677
38
54220
657
3618
647338
2
1449
367343
4440
368
1042
3420
1015
8287
6028
303701
3767
39
10
3328
3625
9770
2840
213693
866
751
104521
822
2711
13
2098
274746
70678
14
163
242
2255
214
17
12693
129771
180
3669
561498
28365
147
10809
210394
635796
1203
2775
292453
4846
3386
71768
7488
259826
40391
5
3339
253
280
1481
127628
1577
36
169876
2750
218193
307638
946595
366766
2518
18
3
8141
146
61395
62
87851
340
62363
26592
263787
2130
1391
43616
30182
4467
5257
46968
2732
16119
4897
4090
18869
402
45615
115702
744797
5974
4019
8907
1066
686162
70921
24625
2606
651
525
4
34
2142
136667
690
1977
266094
377
175
57164
89313
175051
1737
16
13419
4688
251505
173724
1809
5447
42
4109
2
197741
411433
43
371775
12
33
241511
1612
492
845
1636
70819
18975
43147
25
3309
1791
179186
1141
1189
244313
11
403388
103113
6138
2263
335679
3823
63165
33552
233856
1113
4205
1297
165415
15
333287
200915
11
63079
1837
6231
105504
5158
21
7854
914046
474
393383
578
549417
456067
96790
610764
5416
269767
7260
536
125102
35602
169334
240
3030
332703
3948
73564
1218
156484
2099
43552
75
336023
6848
33470
566
289157
1200473
239550
5343
2902
890
2976
62834
54550
50649
685334
355639
5296
25225
18105
2873
50375
38
283473
187626
735
1809
1399
286
5495
5892
1328
70856
118055
452718
213782
30
1312
857
32
756
171
210665
19343
2567
1300
6
641
573
109988
4524
33281
69
539018
8232
637
36318
348947
19891
534410
157
1046
1569
29
4920
1378
7612
7351
39826
85848
6139
1958
691
329
161752
166596
420962
1118
15
805
3783
146169
44271
249205
1765
1410
19453
2929
33828
29058
20
936
14990
197
4738
3928
108
16
2850
853
252775
17168
3577
173464
5526
238012
3627
48052
72575
280717
59084
454
226006
66
472445
3173
70462
40950
12768
139997
16
1022
4515
874
4616
11
857
1
2481
57
44252
73806
556
10
56804
267389
654
50
27206
11
348298
2382
896104
31044
197633
309801
1272
69
293153
3727
203186
1407
267028
854366
2459
430045
44
237172
9007
287311
491421
2955
78124
53960
725527
116923
3433
5295
2
1020
113568
1831
782395
4161
5654
26
6442
188537
252180
3417
188
2387
2342
912
408
1231
46661
3031
80192
29750
251
564
483193
268357
51
548
3436
2467
414493
798
165
35
472
31
11
350684
1645
35
2008
248570
367972
204939
528505
508245
1153
64133
486222
206318
4004
80889
775
20049
6312
2252
4302
3553
480
836
5937
4173
122553
7213
1198
509645
160043
2331
7
105446
382884
143603
5180
52
4
5145
3324
17796
655427
1181
593
36017
5061
2051
122240
1935
68488
259958
16546
45197
297482
7592
545109
3620
190440
17
35683
3304
84634
34301
89676
1243
36076
15912
1
45314
5006
198299
52497
126552
1524
15
971
409
3701
10
471
2931
560
12
111
4255
272
110
546422
231573
359780
360616
2430
1138981
747
4019
6931
20
79081
170752
971696
6
3008
921
5653
1498
84765
168416
9
27
5194
113849
1872
1085
86577
37667
1026
12195
3892
4247
5239
333
5788
62004
236
399
581
3944
485
782
1331
372
1485
2376
187
17896
294878
4
18
236110
1526
714
645253
158264
1268
2632
181633
1723
461983
663
4016
103151
176813
173
35968
51613
43
32
52
1792
741
804
3263
16
21681
33474
3130
618434
837
590
322
261234
493
451058
193404
868
210210
6325
19
8
618324
39
3405
42386
610046
1196
299827
17617
1504
128073
4888
48027
1896
86212
19
778521
154348
76
125436
1171
635
644385
418623
4036
28
3357
887583
60468
9898
14313
43667
2322
408190
23021
900
219629
202140
185
19726
621502
1190
413482
391669
928
89646
79
337856
257164
5030
44790
5858
782
114241
452
30472
1091
209
3077
1439
906
308
9
774
166191
682
30
431
189
125945
385807
424804
863
14773
206
687240
694
3650
424655
240423
4
51
769
2962
10
2492
29314
176441
3754
44727
1087
72638
1884
663
545
125901
2678
291956
1224123
1945
1092
56765
113040
230968
197609
284
19017
237378
25677
12857
8
2191
1364
86
124475
128195
63
4
818
156090
234085
189730
2646
2375
361113
1104
2349
105034
536870
5751
1500
159
45819
55191
36215
57420
123377
597
143815
509
86
3342
25
1150
841
190576
2434
229075
66171
131114
238
11
1180
6966
2994
547
9286
84600
133665
1394
2530
7088
309520
4285
24
1928
66729
1163
41
394053
551635
1877
109531
16
2377
982
313514
5627
37104
470860
520172
32598
14947
145
6
3000
1827
53678
44
1048
89510
95803
981
4780
112283
98
152137
107611
1866
5647
2548
348613
75276
684
7178
4260
16
963
680
2455
140884
128
7724
13480
318278
2877
2460
120336
2899
5315
289265
2941
379202
353
10
3355
4743
1057
140184
357640
448961
1515
9
268
7116
2821
85
79180
2537
546797
162578
50151
154347
4228
20
399
5072
1823
2939
337
79
7041
8319
205496
1664
6878
20
220947
2219
62183
1243
297762
573631
152520
105589
560457
2749
618
161689
3009
4127
1834
17456
2976
128939
156138
4173
285635
8121
1380
970
30808
993
35
51
1307
456359
3262
116670
123
13
671
6107
558229
70736
37694
1644
764
1797
383811
8
31
970
137
43
2768
8843
33431
337118
92875
1618
983
730606
30003
215537
8022
1703
306671
61375
347388
3564
1578
3687
37782
294
2377
1675
344930
718529
5640
5867
288629
10158
264
5788
650761
1774
12
17837
3323
1030
1578
30817
27
22927
1693
972
270503
19
305662
912
3757
207
208924
531959
25487
10
1956
1388
1436
11
3409
30
2285
625932
46207
757
2233
6331
1102
2902
81649
799
130382
3913
7
1951
876
105150
753
281338
247213
771891
291904
62
71586
209704
6782
4641
1812
905197
4334
1541
129125
2732
323094
396
32
1452
1565
3076
196524
296075
1
36040
400388
418350
96622
316162
1191
232
225369
12989
7337
101
508181
69584
402
133075
60050
3310
5995
376282
17738
59928
430256
2054
3565
41958
26844
2816
2064
3695
1123
123850
395
367179
298493
35658
1038
290077
2607
689
30
7343
398189
579683
110996
90427
217884
4474
93372
58
3380
6620
939
60202
178
603
97936
118622
21381
25914
75751
20310
2
178
21
301759
506606
126
3633
1391
2708
390054
2730
64878
583
354
211027
134
716
97318
4662
2426
92517
3637
334013
1521
5005
6361
1092
4404
1235
46
5
761
8
1287
5742
16202
458
63
8
1011
2113
15116
18
498273
238
132
2918
259
532880
71
1075
423469
31
86147
18712
4304
217272
173393
687
2833
4202
4220
13
116292
132291
102072
517085
552
179435
334
9
1656
3491
429949
477047
187
2631
920
74758
728
3318
259810
3842
192598
33
4970
138281
85459
205
99311
720
60913
271033
52
151
2405
41
447
4321
7955
180
9209
6797
1591
2189
7
1803
4
4065
25473
1238
240881
4322
9
66477
46371
120861
265154
65
4335
1766
257572
16
8560
6586
3057
238946
258073
1730
379735
870
1963
8730
6537
1085
44899
460
120421
812808
354939
734660
25
380
658
196
567
23242
67981
109038
240904
1357
980
2116
23755
32681
67516
209959
1022
8
276252
14
681360
215148
315
19629
31
26
1704
751
15
3864
1658
1800
11
4435
2312
83558
17
258364
1735
8992
131585
3
33
568
650438
237
4897
1205305
35266
130567
1327
105377
26
87
184877
8410
20
11813
95786
47314
2760
315360
3467
9
1275
290809
14296
832463
25955
3048
150
3664
339146
1291
801
272610
840
108866
151767
5981
2058
14
206697
949467
223925
1653
344191
1957
71598
53
70746
2852
535926
6382
341
8
243
34200
12
636
28
52
11851
95333
3082
14140
119971
397747
1281
592901
427
59
2131
178561
1264
1224
124812
16822
1856
213377
1166
2017
392229
269
2441
125155
5
33682
40
33
3796
1339
4175
60191
788
223
9708
45486
177
699143
79172
641
5
98960
3414
40994
815
38747
26846
138991
2230
147654
4895
5
5725
807
328295
83
3112
3748
1162
259
16
896
369
5
43456
314
141699
89315
2056
2588
2769
7922
4213
1046
1594
25
1977
3
90690
169736
4
1803
227821
113143
411554
1083846
2318
396208
1593
52
7593
122275
39
2141
33954
861
611878
184380
20945
7
54005
1777
174
1886
2942
22
1831
845
4
56193
73415
72011
2174
1583
139983
1013963
130412
77508
876
2918
197490
872
261736
10
694
98586
1165
352606
1817
3167
13285
6950
9034
864213
109576
127112
4870
23976
3117
1602
197862
376659
436
1898
3267
29978
196247
1124
3916
515694
719
613
305525
545587
274755
405055
21352
743
11
184637
120344
184563
511
102185
1609
30497
127782
6989
465450
41919
13
315
1078
12
946
4941
49224
17645
46624
2746
101740
44
420
4824
3833
2025
1306
3315
143154
1479
94
530
458235
2290
850609
5777
872
812
1
1036
8010
12
12
1257
100583
2145
223000
843
6123
3308
37721
677
31
563408
44
1042
2452
1849
2917
86443
3728
367245
4127
104887
53852
232226
178578
55467
116037
7105
8
238762
52
90545
824
54337
55582
189
153
8987
231083
856
129242
2211
391
54829
183328
3044
678
144005
300473
485
5138
119612
125238
901
2964
2670
522
40564
45709
31656
269177
2518
293
275247
218
552
60
117328
184058
1104
624672
11
3024
88792
314
10194
5692
5225
91183
2507
620587
344
818906
740
289751
120874
23776
186145
7965
223592
340
217513
248182
72878
5392
706
63
240
63562
4344
915
196
1079
10658
58
2020
108127
501712
286275
15248
279899
46837
27
14080
33739
112366
1274
261636
33
43854
614
968
68
22571
153020
17
5674
4563
92678
8910
1841
35169
358
479086
17
800
1373
416727
2213
116344
113650
3974
95994
59097
416
3734
192249
779
293907
95094
7966
454
48278
1004
416583
22309
302171
34
1792
231269
2250
78597
84512
1508
72808
241135
2782
37670
3908
6
1998
71508
51758
1961
38957
31747
1014
1430
2146
4306
8030
114917
4307
103929
488430
54972
1334
1371
2549
75170
2928
764906
16
6259
7
433
3861
39515
5723
1365
191528
1533
694
2887
36346
167272
120
86556
4630
5
298
5
250550
16
2221
2350
28844
2265
2212
28599
279824
566152
3150
4681
87608
135603
1976
1377
21523
3265
352322
204743
230001
2146
23476
587254
3891
7058
876
4365
24095
23
1811
1410
1496
478
2733
265
1067
155
35875
414823
87679
2121
385
329330
1942
39900
169024
1608
43157
3337
1318
55
911
2185
21
13
4449
521
755
27
257058
1018
9
185322
5745
37
314
3582
791
5137
397014
113
29
1813
7
3284
199356
738
5844
14742
32841
321
61245
1327
36173
2422
184
20750
2614
57171
17
222257
4113
2340
166148
13
744
959
83375
160719
4674
95101
21744
631457
839
17596
11286
538
958
3771
5123
347779
664
628014
104839
799
13
44386
504
787935
410147
23730
445
82
256722
340
2276
34416
180
105896
153260
268
3037
20
997
29
16
24
2543
5474
1712
7
99208
889
5187
7864
2606
776
12693
71012
601
2104
11593
1202
427288
7
1284
11420
362
23
588973
224505
7653
8640
259
51936
55460
1534
1834
61205
27395
2410
697845
699
5762
155622
4802
1785
28
34860
406911
53
3501
94239
183454
976
1743
184
343
216610
364825
339459
2577
252997
2810
266790
1055
166796
236705
150360
1162
15
22211
7795
1260
18608
68246
30
31364
303
2914
82781
614045
33846
830530
91315
173918
1108
8312
537685
2781
286833
22
4932
117196
2984
21412
18344
561800
1465
375686
18701
4973
418
986
2201
3588
750
1456
2510
5187
12
50
107642
1883
184244
1264
4027
488558
595930
898
201
2371
192456
2006
178
3782
34548
1303
66180
25
216181
4327
327443
164105
43
5213
885
334
43131
323131
590
2207
9923
2132
359338
2275
251886
1170
350
306885
191696
48019
1940
4
513
3665
3787
549849
517
510370
2439
29464
230
338126
81595
1471
660995
218527
1665
28
15789
4
1445
507389
1398
596
333325
67771
1924
31
2036
5166
1505
22161
2552
48
1175
107
284
20592
208879
1785
167
356594
840
870
465
628520
3001
2373
4117
2555
3806
422
345
1607
2951
9
4575
202
62303
1184
692
28638
21
294
9
170944
62856
1679
4392
46293
7
27747
38308
548160
275871
1055
1698
1389
405627
15867
260164
819
9796
557
362
76
5
75676
744745
6590
43802
446912
135
4138
11
281329
33073
41994
24930
78143
942004
3270
5378
2350
518
977
250481
193211
4237
1084
805337
35
634
