59034
177590
1792
357447
349
46104
6
201
1305
587
49535
163
7
165
16651
13624
1044
2257
103
1381
64503
1607
187796
44002
2121
2906
498
10065
660
1861
21998
371
167
424
276582
17756
3
62
1546
5
44854
59945
217336
51343
7050
14592
52797
56624
57925
73744
126004
5
167961
38015
157321
1247
100017
141174
68575
126335
49897
233
687
29136
5
334
391
116
468
681
682
190
1150
234
1954
98205
8489
21
13
403
6
527
681
34640
5
116272
1544
14
12
1973
1827
56875
323
8
23326
2755
75228
1125
825
134036
221
18
56242
9
1051
69963
8153
1045
1
475
9
102569
57
29828
140876
514
1428
294
8437
10765
50976
1902
80
66103
2847
8
20171
2395
1538
3003
1269
4648
52
535
32831
44896
245881
52358
204985
21971
189315
25311
806
6374
2333
89417
907
209550
4972
2431
67123
558
537
598
125863
200
9383
465
134684
1104
31159
534
763
1830
2173
1648
73591
79
414
392
267804
191176
11
340275
450
1298
1499
1288
267905
400
88631
241
66073
17854
164
20377
204426
461
15
1584
255
1043
7160
601
24157
1801
12
603
45283
25704
12452
230760
9
111275
198
941
7
39240
98584
1821
19430
75931
12852
11
119645
178
4
255249
220
191
82433
16613
168
64220
336
4291
240
166563
5439
1429
1331
433
1592
838
128
916
2859
1326
62
645
66396
1653
15118
18564
145675
248313
720
15
457
1518
284
3830
1229
1173
390
2789
23931
232514
393
1074
529
2316
58611
2784
361
5138
2527
108217
2211
103
205
8555
24407
8
239
409
37113
19812
98279
379
679
49690
102941
8085
41744
18351
1887
69935
856
1
833
61
27
39387
132354
457
8
334
15
57805
116669
79143
546
43272
25
6427
176
585
446
194
778
238
240726
416
28305
152
59619
84747
1361
2229
327
21690
7
413
124
6894
254
2309
2883
114938
22225
37181
1085
132706
114633
191500
2081
101633
4921
619
33428
8299
618
25618
13344
68889
2
126967
57484
765
15
254
84378
276256
612
98348
1163
1646
47371
1958
257799
12498
934
9
2787
68
66234
374
2444
26923
697
52971
45902
36020
7152
1011
8
123321
3382
1766
897
106656
314
1011
50
867
71
135
503
21276
472
4973
8
1235
800
3353
255575
1028
81439
884
30433
165
357
304
17990
991
206543
516235
127163
1382
20
14
4
1557
1311
29238
371
59
8
40284
75007
52286
1041
18438
263018
44030
606
465
18198
2460
130393
32420
4
144278
816
1530
1485
10075
79771
33770
67247
2993
3331
1184
1003
5165
29671
4
347
544
70
168
567
485
1422
411
110541
244
30739
31805
104
74336
753
1999
194
28471
52163
1338
5
1226
344
53019
9465
12
1756
25263
588
9020
42988
137
8609
2441
32187
33515
7642
117874
103
298892
33102
1995
1263
86704
177
1737
67
2326
622
47913
1943
688
835
1377
1434
15852
12979
3131
320
1865
216083
23758
66249
1811
467
956
47318
69
17692
76
948
1025
312680
257
2064
4871
569
1996
39
51125
12531
699
4
13285
919
116843
17
26381
682
16649
1570
311
94109
86
306391
130
36374
70389
24228
8
76
651
52783
4815
507
9470
96589
6068
91446
14464
11
784
10599
47
3
8
5060
211217
37
1433
1529
227647
2673
128877
135292
34790
13085
774
16
176
70451
16
12048
1
495
21126
82804
7
4
809
78587
18
7143
93435
785
3
62403
2192
485
140
1535
75836
37310
618
1055
2970
1552
171
320095
5
250
37
135
42943
339
124292
1732
1070
994
3163
2637
1547
251
3767
41674
1074
58370
1302
26600
18039
103704
161862
51664
623
161289
1459
4
2417
12
1135
1600
891
6
10213
341
240
64381
1613
237574
956
130229
421
2152
3815
156446
374
228578
88617
57254
2830
817
358
79944
75405
72500
3495
225
741
81890
1355
363
394
21
6268
3
31363
1197
417
53750
984
109
879
65445
94
92391
2728
646
428
48851
282861
7
14107
156
36939
12838
119950
96
1178
2562
10290
178622
3184
380
1154
145604
360
769
938
10
26848
1813
8414
17017
5557
927
257
144493
432
60798
24137
51
17647
677
3637
38835
986
2156
882
7383
10
783
2655
4
134
63605
70956
67352
576
1177
91833
147091
2316
2081
42228
7
127335
16692
1268
4992
131
436930
128
113
388
29878
1007
1980
43
1038
10503
169
7
4978
1759
46892
527
11251
139143
11697
33
445
1044
11881
730
1434
88460
101667
26
50726
806
30395
42307
871
4443
1681
6
287
5056
324
793
134446
107
1976
200300
11422
288
721
170887
6
122027
27
41
8538
75433
129
2294
96190
672
232998
2525
2327
378
18724
109053
112757
74275
5192
600
1189
7140
65999
1171
169
666
31665
1912
822
9
208
904
20314
86687
1921
153535
32174
42093
98786
59392
1813
173450
91212
717
12899
20349
4879
482
1263
1210
11540
5
1110
223
136934
403
1004
530
10
65876
134948
9964
529
72
823
628
120511
8
155427
960
541
2
97118
2037
83
716
26174
123320
6377
160
3999
32681
546
1061
3564
203252
2535
157514
131
57089
23457
231482
9666
13924
139179
211320
21
1164
17
4
729
353
198221
404
339
53135
2113
4601
50280
379
919
19982
1054
1466
369
793
378
995
68
2197
55967
1529
198575
1089
965
2
609
7024
98423
38563
1369
295986
568
916
2610
172
130
876
370
72495
43982
1965
1081
50348
217033
81386
1805
589
34997
580
596
387
10159
1318
348
81735
1140
260
38537
155926
13708
6
19
121570
1586
12714
20
510
936
1343
21438
85565
31513
4
1434
47
1037
346
14591
453
1171
2606
21
1833
69205
16954
3
152744
1033
3
8
796
16996
18
171
7
203
20553
1260
9
16
3
1821
1667
33436
1623
756
9
669
48786
110495
135210
14443
793
18
12358
629
1482
1554
90622
407
187991
1103
2003
118054
1942
36999
7603
73235
366
20395
176765
8675
115275
948
1077
1674
860
527
1430
137
6
1363
268
259393
810
26451
38242
6266
10848
103726
110
201168
45399
5754
780
46392
1179
1143
17921
84834
58
330
321
2782
962
4
11078
1701
28876
276517
7859
14
107074
6
5435
8323
118
43201
151
181
3441
70048
1876
362
797
1932
3974
16
300
861
8367
18946
9
288937
17184
17652
215
15
256453
89699
5635
1154
41715
781
94
92
14
4021
13
981
46587
470
12
554
43294
8
7
501
47129
1085
4
1772
927
10268
1708
12176
339928
467
2099
93198
61935
70207
67648
1614
80434
77
664
117
36972
339
27565
2
51798
49225
188273
43612
510
711
228
4531
294
2482
15432
486
77
18548
719
148595
329
1923
78406
126250
21905
197963
169
1305
767
200418
2521
60704
147254
35714
5821
530
675
17446
11941
55699
547
63980
430
6870
17527
18899
927
238
268
2643
6848
162091
8
364
39757
20
4936
273
904
230698
378
64207
2358
343
403752
8118
2044
10
10223
86837
48830
28795
693
4155
857
130
311
9650
52276
59067
2593
521
117760
26137
2603
1597
428
102377
714
4828
93446
10
2840
6384
1197
23805
19988
67896
1302
29505
1198
11523
255532
21143
6241
5
12
39742
270
28180
112600
141164
29959
16021
81491
36501
10731
66044
2176
949
131368
8
201
311
134900
12728
2237
39
7
2114
1861
49781
30788
472
836
641
15279
51
2764
82069
1190
7
37
1353
383
12889
967
573
2
10
181061
206
317
26
340
31670
29944
20905
293
2999
8
13388
14
29351
12
47294
77
101033
3
292
25229
250751
1284
1692
3389
32728
609
54429
295790
43683
528
6
212
874
106969
2980
70850
77774
4036
27
5
1386
60659
180386
1053
1381
872
1824
6
17813
3309
4214
197433
3296
242
723
114165
126
724
1358
8
8454
848
129919
1243
9133
44204
23
258
7045
804
4935
155532
215
922
294
33538
6606
308
3224
13716
94
167965
118690
143
29569
13912
536
13
2321
473
7
31884
1454
41135
44289
81676
1292
14866
56862
39076
305
20387
42996
129
2030
999
8615
85966
463
2208
43938
12752
3177
7224
4850
43
891
119305
720
32107
106368
97261
14115
1074
285772
1781
887
92619
467
393
462
122398
760
29104
1504
741
490
157939
732
6337
52354
1412
143940
15
194
250
2
175396
58490
787
1314
677
1068
1251
76706
72880
175243
96855
16
82815
2
15
77661
19
3287
4
12193
32128
4
1476
99496
965
1615
233
2294
898
1202
2361
17971
361829
535
32478
527
124
113133
125
14
3670
3667
1876
428
2074
639
88
19
2523
27694
114963
1607
928
17
2126
1555
12556
1004
12
2111
358884
1268
35945
185
22931
1076
78527
189475
48
187882
102202
1467
2103
518
1183
965
105
573
8
437
181
6410
326
87768
25460
361247
483
14786
529
515
744
7909
2885
220752
889
201041
49751
959
343
43824
19
415
13545
104106
169764
193636
20
241994
203961
1757
1609
192560
1005
92367
1367
61659
1333
130013
10844
168
401
410
10
152767
763
92
474
1001
712
324
5
1517
128809
123305
725
134
1809
7321
344168
52887
354
199635
16
2569
7
647
29584
2337
27707
2188
64195
564
1187
2956
19481
426
12041
773
1078
1675
291
239193
150
321
2916
62617
171657
1318
1513
111866
17133
71875
609
1050
83
1188
54855
47321
7113
408
80709
422
657
50787
165859
1778
3
6480
2676
198719
29
90
140
17083
20
30806
297018
869
24485
19878
13431
44339
22036
60211
1355
235451
10
539
13247
41
18506
52813
10491
12788
6455
4
855
11476
40190
1953
1135
34084
22664
26
334
280391
274
2283
1239
924
570
1161
37833
180
676
73858
1500
1438
1117
321
114202
245007
1130
3401
391
108138
7990
22519
622
315
55522
777
319
7533
14
3011
856
1523
3866
119198
302629
36805
372
11
932
197785
50
73968
1178
1909
2597
89878
535
27960
13374
244
5
27
805
1998
124075
55197
6377
6
332
728
74128
322700
455
501
46805
61730
19852
41019
2932
13
1355
1267
122137
154864
482
1686
47118
198528
24944
17894
36614
13
1790
6
95413
1011
1308
87038
51862
184887
135
9
3318
3165
121009
7892
85865
29625
60
166599
43297
182602
1453
1432
555
161378
64174
1246
7
421
874
198
47231
13686
14480
16037
4480
116074
40299
259
196
666
1315
29842
1003
805
1272
3366
128552
3
327
6659
9749
168
341549
190810
1166
974
52170
15
226295
921
14971
6
419
45150
1165
53
28450
45611
19223
205086
85617
134859
574
22842
1499
374
3708
24521
185
265
69
5729
2930
606
627
192
104369
31038
110
12278
38638
13908
50
30081
36630
107451
6100
461
383
8
1025
537
81261
115282
25704
571
29169
170021
78806
3
92873
18
65421
236
87
117
1925
53512
537
9
8969
123848
676
617
106503
26929
1025
435
822
430
22256
553
1930
1806
49948
42051
25074
2416
930
2113
15
76389
197198
9
3
111027
333
1534
17784
1330
400
20
93097
79396
86295
1204
2
39648
231444
299
5055
8
266
683
7
1
268
31988
2235
586
140
48177
1565
38348
48714
478
14
10217
233
3753
8
30507
9
499
2582
1541
175
589
15
51041
933
26212
363
620
22
6
1282
5062
85349
18507
761
150
565
215221
703
2
229
168
1411
133369
43741
239758
32855
13
965
283
26098
21791
330124
1195
535
90274
131415
1422
112
5
6731
40819
318
39849
12
38
108414
862
8
59969
1512
9149
242
35022
41521
672
34481
48818
692
79679
1061
11
15619
117024
135857
377
1568
31759
5
184633
5
15657
11583
2270
2742
744
6
395
117580
610
7
1796
3
13307
161329
2015
1186
55311
943
710
4952
23945
17452
9485
1701
147
50654
21344
17
486
4
1732
1497
1125
113
2700
682
484
23001
20387
50
2115
12169
1096
652
89
920
6530
1094
401
15
1072
1715
248
713
447
13
40047
11
1376
21036
160987
74
1968
469
32711
715
2171
1312
294
57728
14
115908
142071
18
367
35
1094
1680
1139
689
73083
100302
411
38142
11
2192
275
7
184
51
586
50164
75479
90563
44199
54452
284
32463
80344
1860
21249
3247
162397
55959
5661
935
775
859
961
19421
888
72964
6336
1178
944
1636
9663
151328
2409
1
1991
1517
1030
204
26337
162414
2622
427
546463
204210
68314
5
59469
6157
1108
916
955
7715
4
313
190083
485
14
435602
2702
1228
1076
47631
1481
1464
8
215
1858
928
119894
141794
55332
99
589
4788
13333
20261
5
1078
105
6450
447
940
2102
16485
290
3633
217
16
7442
945
6661
64564
151
105336
483
12
60958
28469
322056
706
185418
29
14538
21
242
115909
83555
7
2971
17
914
822
54379
167802
9
753
7
631
27152
810
9
305
58326
18952
326
412
7638
498
138274
1283
343
166762
515
72603
28
164460
24584
1839
615
1758
329
2
694
436
120295
41153
20523
218
37090
203
1010
443
12
93030
109535
793
552
20624
57117
138625
56991
557
5093
1194
701
105460
77028
2223
151363
1097
149372
84183
52061
8263
76184
315
72870
687
584
919
167827
17721
13131
1042
182995
351
821
115005
117
18
137
544
39044
25389
1788
99
137986
456
31956
283787
167644
87867
14594
1576
7467
108808
647
11343
300
262
323
442
56728
1130
5
107216
698
940
16765
76597
642
8
476687
1717
7363
11313
98
53012
962
126892
470
1619
90044
44309
49728
14194
60
2267
79
225
1272
142943
203
3008
34227
2
61951
106568
144108
11
317087
10
41446
2102
138078
26842
19050
778
75545
107
1147
108256
126248
83819
48004
2335
6
87432
7
35081
86523
12
886
3173
14
9
2987
894
2776
20522
763
11706
22
633
170337
1560
64497
1040
140
382
7959
138751
21298
6
85
8
253393
1231
18086
24174
2833
18
990
7
1280
21806
2035
1813
117323
682
189197
391
786
74034
29866
528
1727
493
19433
229412
1071
263119
70917
85
1136
19
8
9879
16
936
15
5
3250
62
5
305
55217
53860
63758
79924
131474
38510
1118
31769
16
38154
513
501
4
34957
38505
25043
229
40416
2356
241913
4
978
524
1052
71
102334
13
362
6494
17
127226
1269
150518
1239
58172
1312
1317
656
294
8113
593
6
16267
948
48157
13
4833
86902
20518
600
180
13804
828
395907
281
1221
239239
57814
355372
560
6
584
45865
112390
544
40659
37410
11
717
146238
56036
1050
10376
17
249018
562
7
92291
195796
17932
51
77749
481
6
3312
360
147132
180501
503
40066
93667
4
13
19247
344
206
777
976
249
2107
54726
2187
8365
56843
86
2
3095
90762
148659
2070
581
320273
30
125
13
15568
33585
4987
933
36635
132
319
103751
39119
1556
984
2338
376
77557
1057
37131
320
72060
107396
1142
65
61014
1499
1367
176
745
660
2545
8577
1558
181
142822
172778
201
58233
1159
19198
429
6931
1364
363
3735
5
481
1107
10182
1921
105991
141758
739
349568
11
62852
30899
4019
43744
783
1431
24896
257
9
8686
9
1427
47084
1313
46895
987
230
8
475
69123
46041
84636
60573
945
198
7518
10188
83835
56025
25777
1201
677
153
69
1592
126
71136
1754
85327
3233
15115
367
8
17940
1
1
5423
391
1445
187934
176
6
253
475
2334
262
86628
13425
38938
2008
10323
3628
75297
316
151
308
173282
9
3
943
442
270441
259815
91930
3
398
744
62313
1783
246177
302688
2197
85860
32890
137925
777
32649
2601
934
8335
1812
4
1597
60582
11
240
790
33161
238
1860
104032
238
1704
534
151342
7
54886
2372
53557
22582
103135
14
33023
1337
21
94288
9920
13092
2141
177
11
525
27033
1835
30404
8455
19051
78202
1011
1
3667
51663
2001
526
301
36165
6
1446
24
64857
1413
120105
38158
177
146
147
345
1620
496
267
87956
1948
1486
30
36118
5
3297
10180
2613
686
7
115
28816
73743
29049
87771
234
98
269
29446
89504
373992
179
44557
453
291
34
130
583
1712
1344
106056
73689
149
1667
1084
39570
2576
231
1464
7767
5556
83803
142885
30660
92604
157632
42009
78107
12
101
72408
8
119
245973
14
1254
52681
1150
74667
73560
4
427
2001
16161
1477
891
24814
2792
108459
538
14039
10458
11
6422
423
412
12
7
183
173230
1612
1317
27697
968
53126
80107
103
40
1011
1877
62297
335
196370
518
121855
193
137650
10
832
4121
2292
50703
273
95160
288146
196
369
790
158174
181310
161981
20340
758
26
210197
1465
1287
159799
18281
7211
147947
203500
8
7
15
11
47305
12566
7
1170
2148
260
140941
319
1
1061
12
47050
1172
1135
11
601
40824
61205
152
26
7
27894
232
357363
92159
2250
891
653
87669
473
3495
229315
27900
281
197398
17
661
995
720
937
33856
43164
32653
159975
2003
162128
432
5086
1419
2045
45009
10674
44615
15
1018
54583
6
36084
2086
1328
75270
415459
877
413
83612
243
190
171
474
10079
113
51480
6074
18808
361
1025
610
178
863
17778
123616
106880
243
80
1108
42427
779
249589
769
15019
628
719
20453
139
1859
55327
2975
20
1856
7
927
5
1746
15261
468
397
1933
28088
81599
2459
984
96
220
1171
465
876
277
12
27675
62098
2
61
19737
31622
39433
72176
187495
12
37630
904
403
14
2592
844
87780
417663
