914
1060
90
398
7805
1183
141
14682
8064
708
14062
15502
8
1587
550
31978
856
22391
166
63066
15361
4294
324
1818
60581
54563
10199
26718
649
191
442
584
849
67
60784
3767
451
74850
343
393
1066
118
12445
41160
408
30959
3120
4
39560
590
442
9082
539
65198
1051
34935
91
44317
849
4
150285
1
233
4
104959
43669
1350
72702
144273
311
4
2912
11
1009
12040
112
10398
10976
102
454
93275
51
1019
65
94
59841
343
126
81
19
29831
77171
3876
1129
5
970
8011
150
20706
658
65
12312
10
11092
614
311
37959
2252
1121
662
485
8203
137305
756
16201
7
147
5
1147
735
6
2
2445
11186
34786
168
8323
33318
72672
558
5232
191196
55067
59910
6405
1
27374
710
50948
23526
307
612
549
6
6795
485
4233
78
10002
9231
63433
797
462
79597
15658
613
92872
684
1565
2554
929
558
567
134
190
207
8
6
526
103
526
1
41428
12427
785
40068
1487
9554
155
37262
18016
1330
114
7
83
144
235
5
10
27797
28093
178
230
43
287
15
86282
1314
69
1480
39337
2006
1268
2
13248
632
103
11
25536
451
34263
9436
42278
155
3338
405
1735
1569
5
3
412
12
58
5204
14985
10
99
409
56723
27343
259
5541
3633
376
8258
47
251
5221
867
8
3437
12626
6
731
13660
661
16653
201
437
306
1006
43422
26661
1
5145
64
209
3082
531
131
235
76794
45893
53794
18133
15
32105
734
2398
863
33666
334
836
39
69
30429
274
1204
6
358
77
55
6
55
2867
5
525
1482
75789
134
62311
20375
19193
8282
11462
679
74
9518
19759
7
9886
52
722
24278
341
1171
559
159
26
187
777
45845
7
367
68313
888
18
202
32064
726
999
17956
8
459
467
5350
112218
418
62
28
850
451
17385
526
63
76099
70
2325
22723
59
80695
87
831
18115
17112
12
9596
432
143872
14299
855
45828
19634
4
489
7
672
48058
153818
9792
39068
29333
4863
8428
509
557
6
2
1108
20109
272
1459
99957
197
18876
18473
6
3
143
163
515
1482
1080
26674
1420
869
302
193
531
3
591
19
420
1017
8
58468
554
14595
1573
8148
6320
3
5251
173
77473
140
555
837
329
76903
530
379
121
483
5360
791
3605
439
641
26865
265
40127
14
12808
2414
14103
4586
247
3
11
595
12849
6562
13
258
811
308
680
23399
2
18708
5787
480
357
30775
8617
23956
7
1045
2178
1231
806
59628
34505
9
1164
26874
216
17766
130035
41
269
1290
122
25968
7056
1
22859
1557
3
648
5179
62908
370
4513
174
11864
420
137266
1007
5963
444
314
334
25144
1282
328
276
8672
43611
169
66
600
9
34907
249
18516
656
63
36552
391
1579
4
38101
16090
5
67019
26139
79
17
11177
581
49101
834
104526
126
755
2435
787
87296
530
171
1397
3
265
424
1633
288
745
23949
6765
245
11068
22347
800
9
9
77483
31307
18389
1235
232
3014
205
355
767
94174
359
77333
182
25559
40344
913
3
1064
9
25473
22590
455
1261
4346
34046
264
1
15009
494
1450
3406
173
538
83345
3214
597
6913
672
27082
384
720
537
78483
1117
221
1043
16844
470
41893
131483
92
15
106407
14
694
485
69
661
24919
846
12164
2594
1067
1548
1049
597
82006
30238
7919
4663
3266
18
664
193
153
3
316
6
48
5
47106
555
1317
11442
19810
422
6
41
8819
883
48778
4679
472
39785
1017
2394
537
20663
142
256
6221
163
51826
426
26
233
42
451
19692
912
779
1224
758
8
31014
13674
439
10562
1346
257
3667
703
29
9523
458
2705
28377
432
6432
966
80784
50657
1125
40963
6
594
401
1017
44176
307
13954
157
415
4
1005
24648
115
260
8
567
619
118
422
1432
3544
34975
1179
173
1
204
11291
4
671
204
179
1213
3
385
199
497
523
71598
3733
634
191
2
59429
81
8
599
37361
211
46077
123
1222
49487
829
150
413
1027
10
35
5
32536
3141
84
9
106
12257
25279
608
8
237
647
931
5
8
767
493
191
743
63
679
8
34880
429
6681
352
6092
13
46099
107862
899
2416
12704
67449
80339
16578
585
46353
12594
13582
4
1213
38000
5990
661
69305
29947
328
1128
548
1801
23330
645
276
51803
5809
6551
856
12708
467
533
69123
13655
804
3
1
704
35105
4
7
12500
578
1300
1
656
531
5213
414
3895
125
13726
428
6015
484
434
61117
20188
6
738
363
1224
380
7349
27764
40818
176012
55834
2992
39600
5
130
54639
37311
1019
37510
146
397
71656
6
1646
33323
1139
149
262
625
14
846
334
667
81506
28149
10664
31812
354
7
71003
1235
1304
65605
682
540
1106
3810
833
6
271
268
71392
8
588
64
24494
20834
51
6
581
27723
1299
986
76
753
681
1551
636
6
189
25644
327
11680
91764
996
128
3
21556
973
9734
137
147
9
2370
88213
72
55
113
54
17895
593
298
56
2
220
95832
105
965
128
1061
1148
13358
27078
329
391
36442
3
31623
58117
15510
15
336
8
84866
115990
27456
67703
35964
1033
63436
105
130
5458
49080
7729
467
273
10943
5
545
102048
890
1449
87728
681
13499
9
12
2785
38794
4
925
44654
16732
878
11596
1197
30649
48236
28659
57
520
1
8
15650
261
3
760
212
100
125
34305
7
71356
1011
20930
4
56833
9723
284
1210
681
10
66699
6409
40964
554
12499
3
20624
6963
6122
5
870
142
8134
281
241
22455
295
18614
735
116
7964
314
407
2508
268
127814
7
14
1054
25975
10
306
652
1717
10419
15
3
48
5
32143
8771
456
1023
1686
33843
41319
42350
7016
455
2242
232
810
1063
563
35504
21588
66125
159
136
626
18201
647
59853
2231
2790
11272
24439
14100
16958
2654
11488
18823
102727
1023
15153
110
773
180
4408
242
665
6399
3
7
8656
119262
7593
29510
10
342
72
339
959
161
119
832
6122
11878
219
673
137400
41286
920
25732
34047
894
3882
873
92
567
365
9114
53881
220
584
6
30408
11
141
53086
768
11820
10450
893
12
887
51452
3767
131
23222
5514
218
86
39461
7707
2504
30
11
18527
192
29679
39167
125000
410
31406
47260
24858
1026
533
8499
12392
8685
248
13
17592
492
100
6437
3
1217
73
28660
37
5
1561
671
54567
879
6
594
51
27380
69771
734
12427
5366
8151
824
778
25321
29242
5699
3
423
12
105807
85
129540
417
27819
41416
674
17240
7
48357
1094
1344
3
68
6
2131
805
432
1142
5292
25654
90
365
14480
5
1241
132
32171
740
3403
443
79388
1201
666
7398
420
43458
1484
8
102
98
474
97507
31442
1463
118594
16
10
71
499
822
5
37475
58
39262
546
287
12193
61146
15594
1088
25670
91599
3
239
147804
425
56126
90
5
151
527
18894
8162
7
449
9121
26673
5954
486
7705
452
219
30904
682
91071
539
63827
217
25
123
15493
73656
1393
1344
17722
16531
7
5
4
12
35002
28338
11921
147
941
594
373
274
9
63452
9
1318
10
3
6
1503
52894
42862
73081
517
2127
566
9
24
175
3343
354
53682
588
299
5188
1360
237
1375
12
767
743
587
168
290
984
26030
1200
67440
13913
13339
793
612
471
1107
171
4783
2
78
25194
4
536
1115
5
433
262
344
143
52969
68152
9
16712
1095
112
7931
34
28581
29
18519
174
28
139
435
778
5
43009
4
1008
4
2933
4
8200
30
25089
9680
3529
34799
1797
52732
7
248
4309
31706
553
686
1554
547
713
61536
1098
3975
51320
1388
480
6
855
292
4
70
722
19153
781
408
663
526
8
6839
871
169
190
10708
134
421
58294
28092
14870
2
28632
7
410
816
373
6651
8
3312
643
9831
725
22388
311
3625
32625
69164
2511
4
21989
663
588
409
7
9
6
10494
3
45657
10046
35537
4784
67476
61
60
2883
337
31522
44883
100544
1577
283
203405
595
4
166
959
219
949
398
280
7
2632
50449
9391
1
12352
722
12835
29424
5843
153
206
25471
38289
14595
17
207
156
145
493
878
1362
41942
36379
4
1614
121088
3947
43199
272
65
15330
139
12276
38763
61
467
13951
398
179
97
6356
44736
58505
449
97401
125175
6
153
16026
48295
449
13024
512
5806
13564
883
529
108
121534
390
1320
252
546
43
43155
7
12780
97850
13080
29758
9
6805
172103
167
473
21664
71
362
810
411
197257
173
868
4
912
1248
51925
144
515
1514
324
10305
1004
15
13795
33268
49649
1246
17926
314
57596
759
8583
2436
40628
78
67
639
5
8
486
422
444
1776
7
494
61208
7
681
6306
45306
23446
1149
405
589
703
906
1336
887
2934
395
111979
47263
26350
177
523
788
436
793
171
60976
39914
3636
1237
12
35988
41155
2767
99395
375
4268
79452
778
1332
73841
499
13188
20980
6
125110
384
361
71444
12680
905
2586
17544
8324
4956
223
1365
8132
18619
661
9853
38874
76315
465
4042
216
701
8
60437
590
420
532
4896
133620
158
46482
19533
130
2859
707
313
1872
1593
10
31507
25718
45140
84
580
11
3
7
10404
6
506
65
53938
313
338
39077
105
6
25601
120
23179
226
1055
16922
125329
607
359
4791
24530
1215
174
59
920
2367
12238
12
27066
971
45846
47828
6
8491
5552
85225
448
303
347
412
482
9062
49873
33064
336
15
758
32953
1136
101
7
1050
15
251
25550
272
16
1232
571
792
53954
17119
156
12589
541
74063
404
98
11135
323
4339
1575
242
4
470
10467
5
1694
21810
674
73972
30178
491
434
66567
25280
470
84094
10006
2
626
55034
11761
1229
1
89
16950
14911
50013
1321
57462
2459
524
163
595
5200
443
603
762
110
150
707
63511
4
64659
932
644
79126
116609
48127
725
19858
6546
8
7526
357
14
974
84
279
29635
124126
418
3
256
1048
308
56365
679
142
541
330
37963
415
39600
5
848
3
122968
41200
4440
125
585
75036
12
130
60425
694
16126
75439
494
35862
164
1122
725
188
770
18
231
581
62
151
328
1032
5
31694
246
4
258
67861
67610
16675
5
55
45173
1475
7440
566
181
231
8652
694
202
5
974
15072
706
1026
116
25077
23424
35478
603
53
11297
13
115832
17
58
28044
3249
64
259
733
5192
355
598
9533
136913
3479
136541
44130
268
5
21249
44958
147
5
502
13044
17
367
140414
117
50780
80691
1584
50458
88
845
14454
832
291
757
5484
7
565
164
43906
28525
2
82
42376
76
54
6
594
473
15669
116181
1380
460
675
388
628
26380
705
480
515
9579
260
100989
267
937
20173
620
6668
54710
7621
6094
34434
427
30517
27943
69476
20019
30677
10280
4777
2900
214
282
693
152
65779
27516
24804
4064
13697
2
100
83
57
467
8253
146
75219
861
21873
3
8160
3772
567
8615
1139
148236
60
7
3
3
3024
7
42
339
70
1059
345
33759
17774
17025
393
1292
28216
79841
38
191
62954
23250
29882
769
9
28693
194
3750
13
665
341
6
1
288
1387
5101
215
10
924
12
11525
4
46311
84089
170
5
22755
752
1
17
358
52453
307
4583
877
88
1291
326
9
569
14674
43
68694
384
26815
561
305
6720
193
704
1225
161
41
519
6
125
93
146
659
23734
138
519
190
259
1020
502
309
244
5
16977
56686
566
34799
8616
90
8
1349
1403
754
858
8
64361
380
364
10802
586
1077
8928
4
3088
26418
4908
563
39097
176
552
9732
130
137
4
495
797
81903
26742
12
513
338
21919
19571
156
5
701
6
391
435
232
92838
26067
131088
29532
341
26191
419
443
7315
38497
83412
1093
498
53039
467
4345
67162
73326
13715
11757
79288
46756
2530
659
17683
542
1187
39
39332
28224
5
26003
38152
5863
171
37981
96798
18
1271
850
370
39552
8475
63714
3930
39131
262
15105
48
8284
11
14127
170
286
4
182
4
729
682
460
901
104261
531
69586
1042
27635
379
15963
577
24233
17143
628
478
13898
37200
601
146
51
134
54465
3
197
170
46795
54
10255
1417
274
4485
1918
471
13677
59199
4623
11951
19735
132
6259
22081
937
554
90094
37989
281
9430
392
1039
33
1012
28207
9718
232
246
10
35264
1713
1104
2
6704
33535
11
1162
166
45
675
53
553
1410
78
1329
744
738
727
62729
591
5658
10
2
5245
71
202
4567
5
840
16439
61235
22304
5
1140
7794
9603
92
12063
120
10018
34937
42687
49599
27685
507
397
15377
77271
7430
13467
43
7138
345
3
10
40890
1099
29958
15936
21772
7848
100
10638
383
609
1902
8
294
1434
103
87
19069
206
1709
179
11527
15995
26110
274
295
619
930
116077
1660
76085
85031
4497
42059
3521
635
40033
504
19483
29561
88751
5628
1070
929
19855
75158
6275
337
199
2
36473
164
33846
73476
11857
1178
4515
77243
1231
73
727
6
346
60622
31101
463
222
680
513
15
243
408
25891
398
45023
255
290
10373
2561
103898
59701
743
212
492
605
117700
119
308
205
34940
165447
7
6006
214
335
701
15907
21
8
1785
1529
1073
84
290
1445
24631
511
13
555
680
280
633
132
512
9
4685
33
4424
43434
290
11985
936
34459
41047
70076
302
237
594
35068
451
138
72406
568
586
97599
477
1078
4
475
11
45300
14270
51339
45635
20342
2874
296
308
8
537
902
20765
26203
64
93162
74618
2217
219
6
8961
180
1025
245
400
419
33
22216
4108
250
1536
557
589
142
355
414
323
51
3623
663
4116
4
81030
152
3768
22744
881
4669
346
3476
665
391
8
503
360
5
16991
904
11
644
7
4
637
148
31217
236
118
999
394
52021
14259
8518
60811
388
44672
2
706
4035
73489
1448
17342
941
517
1882
2542
12480
166595
59247
122
7840
2018
33451
137
15629
22746
31033
18783
279
265
202
435
13
7706
167
5
540
6
43342
16927
363
458
233
941
1042
12436
366
23
153
597
32378
4402
12
82244
1360
1158
135
1019
1
276
22674
174
814
1746
485
3545
994
6
18127
1365
1221
333
621
1704
1697
22171
5219
1522
35681
551
4
1077
721
18671
12
7
32740
7
4
29223
20801
37481
91
47
136315
1941
1117
308
15198
357
253
1797
2528
98
382
18286
114
875
110694
27762
15
52981
341
734
2
321
29663
355
103
28889
276
393
48
144
660
1270
106
459
148
50064
16048
3
293
4
7743
135
921
3
91553
9
1187
19596
2
217
16309
870
49385
28805
1583
35
27941
413
160
388
24828
4
32470
717
52536
8
1055
122
198
435
1386
985
9843
13
14520
123
351
7204
48365
20722
141
144
7700
780
44
2806
338
24652
567
9680
9569
1038
1130
1514
557
3
72
250
5
990
1084
3765
5
45306
242
8667
709
605
64453
56460
170
1437
11430
775
429
3159
13273
30
803
43352
14407
4
530
276
76
126
195
456
10568
117191
5
142994
288
729
55806
2
833
2100
12
87156
2
29713
3
206
677
89297
1121
2
24
14210
607
3055
542
44658
5
506
30999
340
477
28575
1687
31816
1129
188
7604
13
1142
6684
61159
217
69
19126
273
46191
3
65
22719
2696
812
4121
5739
10599
12324
34699
547
4144
781
216
9483
10
300
5
6
258
37
20414
1354
33347
4717
194
136908
325
7325
13
104
91739
4
1077
49784
474
9090
5141
29045
57
1281
3530
5671
2
26132
32412
91
80
20532
5
422
2693
16240
35507
18734
10161
369
960
4
8
392
10999
524
832
15
752
92555
1094
939
765
3020
69750
6253
9793
5897
75288
12
10418
270
14174
65624
312
99
218
2
163
23057
41910
76
282
50230
234
356
30221
384
176
368
147
14597
47
3
370
244
440
43189
394
221
19793
858
1
24770
284
24910
485
8218
21620
105
403
921
77
728
18
6
1068
5046
43288
78544
32
153
17673
708
7513
188
42
10
545
15139
217
7208
87862
30899
1586
274
379
526
35424
8508
97
274
165193
399
1211
3
5
1434
42553
677
77924
2
54
86
11975
101
9360
43654
55618
97
6
1034
46403
20244
535
98
27781
381
607
470
216
8
2086
6623
539
465
2
150
71
5182
141590
1621
755
574
85023
910
44967
40704
4
568
6360
5420
212
421
800
19
16059
751
6
695
19189
4821
1891
898
59063
136
24074
53578
42863
242
12438
557
616
7
1767
1007
4
25660
41942
7
5
21030
60107
25834
347
11395
35470
616
94
7
569
28
20361
