87
2
137
647
1706
13
419
43
1600
341
168
11
406
21
427
6
54
116
4
4
1339
194
295
80
1014
965
32
1625
2782
13983
149
2432
70
659
633
1230
3
3182
8364
41
504
5150
834
108
213
421
3711
75
173
307
102
15
6
17
314
33
4271
188
125
152
295
582
942
115
15
458
11
1124
106
226
96
5682
6
313
1227
5579
845
45
26
47
1680
850
20
215
41
183
172
6
67
25
92
106
76
1187
149
8
9
23
1252
9903
5609
22
35
12434
2098
18
3833
287
559
49
6
8
6230
34
19
4769
145
5
313
2
8
962
435
81
1125
442
755
300
2915
3
77
1715
48
1426
44
5938
259
14
40
2136
14
1718
2749
5
7
276
7
299
1030
120
809
31
118
10
184
188
13
9215
19
1986
3572
2160
1858
105
835
1443
140
59
92
15
7286
319
650
732
273
10
1872
2656
6186
129
1413
193
2235
1495
1734
179
1370
210
340
873
259
388
639
107
188
14
290
2420
96
226
214
192
68
167
443
202
78
5650
107
4
297
1387
38
19
9
30
165
1211
632
271
6933
119
232
3
140
231
7
185
8748
1177
1085
438
117
26
62
700
253
201
30
978
8
200
50
596
550
156
1193
242
288
32
137
147
6552
171
6516
3417
756
1448
506
178
6
2334
1530
83
1067
380
1269
284
7621
1084
36
223
1128
2352
18
9
280
1478
131
20
5
1274
46
18
379
67
12
182
163
112
568
2257
452
16
3598
180
44
332
41
109
618
18
1538
1328
3619
90
377
123
7531
633
25
15
9
1042
105
159
19
4900
1
1386
1417
183
166
770
60
533
240
112
448
1860
3490
5957
275
74
1291
2810
1853
592
48
624
453
110
238
1315
236
835
543
565
5396
111
316
341
209
142
1753
226
228
1753
145
969
12
144
2165
123
68
8
10
125
187
3247
137
19
3899
2172
148
250
10
368
744
21
103
145
245
45
125
108
39
145
165
708
1344
337
3769
795
842
155
44
42
49
1985
363
1093
100
199
331
125
377
1
364
1965
301
289
2
9
36
784
454
188
11
12389
24
146
5
6
71
2985
19
98
186
2944
158
165
2628
7858
1813
94
5448
131
535
223
292
551
969
1968
13
315
1450
7333
5082
9
16
109
4157
312
2
59
1236
3354
143
239
10
1838
110
11
30
173
59
29
47
173
137
9
700
1463
119
5227
89
54
899
65
603
147
261
187
2636
94
5739
20
139
7359
323
45
3209
175
1281
225
104
1046
1343
6
