50 50 5000
RXXRXRRRRRXXRRXXXXRRONRXRRYRRYXRXXRRXXGGXRRRXJRFRY
XRRRXRXXRXXRRRXXXXXRCXRXRXXRRYYRRRRXRXGGXRRXXXXFRX
XXXXXRRRRRXRRXXRRRXBXXRXRXXRRRRRRRXXRQRRRRXXXXRXXR
XXXXXLRXXXRRRBBBRRRBRXNONJERXXNXXRRXRQYUREXXXXXXXR
HEXXXXRRBXRRRRXXXXXXXXRXJERRRRXXXOORRGYXEEWRRXRRXX
HXXARRRXBXXXRXXXXXXXXDXXRSXNRXRRXXPRXXXRRZZXXRXRRX
ZRRXXRRRRRXRRRXXRXXXXXXARXXNXXRRXXPRRRRRRRPXXPXXXV
RRRXRRXRXXXXXXRRRXXXPXXXXRRRRXXRXRQXRXRRDRRPRXRXXX
RRXXXRQFRZXXRRRRXRXRRXXRXRXRRRRRRRQXRRXRRRRRRXRXRX
RRXXXXXRRXXXXNNRXHXAXXXRRXXXRXXXRRXXRXXRXORSRRXHXX
XXXXXXXRRRRRNAARRRRAXRRXXKRRRRXRXRXXRXXRRORSRXXXXX
RRXRRXXXXXUNNRRRFFLXRRRKKKERXXXRXXFRRXXRRRRRRXXXXX
RRXRRRXXRTTXRRRRXXRRIIRRXRRXRRRKKXFRKXXXRRRXXXXXOM
RRXRRRRXXXXXRXXXXXXRRRRXXRSXXRXXRXRRRXXXRRQVRXXXXM
RRXRRRXXZRRRRRIXXRRRKXXRXSXXXRRRRRRJKJJRXQQRRRXXXR
PSRRRRXRRRRRRRXRRRRRXXXRXXXRRRRRRXRRKXRRXXXHRRXXRR
XSZZRRXRRAAARRROXXVRLLRXXRRRRRRXXXFVXXJXXXRHXXXLLR
XXXXXREERRRRRXMMXXXRRRRXRRRRRXRRXRVXXRXXRRRRXXRRLX
XXXRXXXXRRXXRRRRRRZXXXRRRRREEXRXXRXXRRXXXRGXRRRXRO
XXRXXXXRRRRXIRJRRRRRXXRXXXXRXXRXXRRRRRRXXRGXXRXRXR
XRXZZXXXRRRIIRRRRRRXXXXXRXXXRXXXXRRRRRRRXXORXXUUXR
RRXXZREERRRRXQWWRRXXXXRARPXRRXRXXYXXRRRRRXRXRRRRRR
OXOXRRRRXJZZXXRWXRXXXXXRRPXXXRRRRRXXXXXXTUXGXRXXRR
PPRHRRRRXRRRRXXXXXRRRRRRXRRXRRRRXRRRRXRXTUXGRXXGRR
XPXXXXRRXRRRXRRRXRXXRXRRXRRXRXXROXRRRXRRIXRXXXGGRR
XDRXXXRRXXXXXXXXRRXXXRRXXRRBRXRROXRRRXXXXRRRXQEXRR
XXRXRRXXXXRRRRRXRRXGGXXXXXRRRXRXRXRRRRXRRRXXRRERRR
RVRRRRRTXRRRRRRXRNXXGCCXXRRRRXXRRXXXREXXXRXRXXQBBR
XVRRXXRTXXXRRRXRRRRXTRXRXRRRXRRRQRRRREXXRRRRYYQXXR
XXERXXRTYRRRRRRXXRXXTXXRRRRXRSFXXRRRRRRRXJRRRRRXXP
XGGRXRXXYXXXBRXRRRTRRXXXXXRRRRFXJJXXRRRRXXXRRXRPMM
XRRRRRXRXXXXBBXXRTTXXRRRXXRRBRRXRXXXRRRHKXXRRRRRXX
RXXVNRRRYRXXRBRRRXXXRRRRRRRXBRRRXREXRRRRROXXXRRRER
RRRVNXXFNXXXXXRRRXXRRXRCCRXXXRTTRRXXXXRXRXRXXXNEER
RRRRRXXFNXRNRRXRRXXHRXRRXXXXXVVRRXXXQXRRRXXORRNXXX
RRRRXXRRTXRNRRRRRRXRRXXRRXXXXRRXXXXRQXRRREMOORRRXX
XRRSTYRRTXWXXXYYRRXRRRXZRXXXXRXRXXXXRRRRRMMRMRRRXR
XRRSETXXZZWXXXXXXTXXRRXZRXXXPRXRPXXRRRRRRRRRMRRRXR
XRRREKKRRRXXRXXRRRRRXRXPPXXXFRXXRRXXXRRRRXXXTTXRCX
RRXRGKKXRVRRRXRXRXRRXRXXXRRLFXXXXRRRXWWXXXRRXTXXCX
RRXRXXXRVRRRRXWWRCXRXRRXXRXLXXXRRRRRXXXXMRRRXXXXRR
XXXXXXXRXRRRRXXRRCRRRRXXRRXXXRRRRXRXXXXXXXXXSSRXKR
XXXXRRXXXBXRXXRHSXRRURRRRXXXXRXXRRXRRXXXXXXRRXRXXX
RRRXRXRRRRXRXXRHRXXXXXRRDRRRRRXXRXXXRXXXXCURRRXXRR
XRRBVVXRIXRRXYRRRRPRWXXRXXXXRXXRRXXRRXRRXNRRRRRKOX
RREBRXXRXXXUXTTRRRPRRXXRRXXRRRRXRXXCRXXXRRRRRRRYRX
RREXXXRRRXXXXXRRXRTRRXRXXXYRXRRXRWXXXXXURRRRRRRYRX
RRRRRRXRXXRROXRRRRRXXDRRRYRRXXUXXWFXRXXRXRRRXDMMMM
RRRRXRRRXXEROXRXXXRRRDRRRRRRXXRRRXRXXXRRDRXXXRRXRX
RRRRRRRRRTRXXXXXRRRRXXXXRXXRRRRXRXPXXDDDDXXRRRRXXX
8 1 12 34
4 24 8 25
38 12 50 28
3 5 3 48
43 43 45 44
11 11 26 16
23 41 47 46
20 5 44 13
32 34 32 40
42 24 45 41
43 13 45 13
29 36 43 37
30 7 40 27
8 26 34 34
36 7 37 16
24 16 37 21
2 15 24 49
42 19 47 37
9 20 16 49
13 4 21 44
32 4 47 26
29 7 34 23
40 9 45 18
10 47 28 47
5 8 33 47
32 32 47 49
15 17 16 49
15 30 25 34
5 41 38 44
2 1 20 20
8 17 40 30
2 45 13 50
41 3 44 27
4 12 7 31
16 4 21 37
7 20 32 30
36 25 44 26
23 7 37 42
32 26 33 30
28 19 41 26
23 14 40 27
10 18 19 50
26 44 41 44
1 34 26 39
12 47 17 47
2 40 11 40
27 37 28 38
44 15 45 24
47 38 49 46
42 32 49 47
30 40 40 48
32 8 42 14
17 24 40 27
47 43 47 43
2 43 8 49
13 17 38 17
11 11 25 22
10 12 35 29
33 27 47 32
8 33 15 41
15 1 25 12
10 16 31 19
5 7 38 18
14 12 18 46
5 17 48 19
31 16 34 43
20 10 21 18
1 38 16 42
23 9 28 40
36 5 41 29
28 30 35 42
22 15 37 20
31 14 49 35
19 20 20 38
7 35 21 45
4 23 5 45
39 14 41 25
11 12 50 43
3 1 29 38
11 42 14 42
8 6 18 41
37 38 43 44
25 10 42 19
15 4 31 7
11 31 28 48
4 1 46 6
24 35 24 37
3 25 48 29
32 23 33 26
27 43 49 46
25 5 26 13
17 49 33 50
31 36 34 43
26 4 27 49
5 42 13 50
13 28 29 42
4 14 38 39
19 13 33 25
9 1 38 6
47 21 50 25
8 39 11 42
10 2 42 44
10 10 16 12
24 15 24 22
22 29 48 31
17 40 50 46
2 27 11 35
21 10 44 47
13 49 38 49
2 4 39 10
6 4 16 23
33 31 33 37
9 26 44 36
3 23 47 44
16 31 35 50
14 1 16 7
40 48 45 50
6 13 28 21
4 10 43 17
23 20 48 43
33 24 38 32
13 21 34 37
14 20 14 45
44 10 48 12
6 37 20 38
2 35 11 42
23 5 36 27
3 12 39 24
33 3 50 16
19 22 35 42
32 10 45 35
20 31 25 37
9 21 10 42
21 11 50 21
2 30 10 46
8 21 21 26
13 21 25 49
3 15 4 21
13 45 23 50
10 43 23 50
10 7 45 24
17 20 19 25
22 6 47 16
16 35 19 39
25 27 30 39
29 27 42 40
16 40 38 49
12 34 40 38
7 14 17 22
26 46 34 50
25 13 25 17
19 31 29 32
7 25 50 33
17 6 37 22
6 19 35 19
20 1 40 2
7 14 13 20
16 42 42 46
38 14 43 21
5 1 15 26
31 19 45 21
49 24 50 50
21 23 41 33
49 3 50 40
10 37 11 41
43 11 50 41
20 17 45 44
12 35 45 43
38 16 48 22
10 24 36 33
8 13 48 19
5 14 8 44
4 18 8 22
4 5 42 26
20 29 40 45
10 26 10 32
11 23 14 43
1 14 10 23
21 24 28 29
6 2 24 21
37 40 43 40
18 29 34 34
7 37 22 44
8 1 10 6
39 23 42 42
18 25 25 48
39 36 41 42
19 31 26 35
50 26 50 43
11 23 23 27
18 8 42 38
12 13 13 15
26 46 27 48
8 26 15 29
22 15 31 17
44 20 50 37
4 25 40 31
22 6 29 35
29 6 48 6
4 46 17 48
42 27 46 43
43 1 47 10
3 32 13 42
40 21 48 26
30 23 35 38
22 21 24 30
1 16 7 20
14 22 29 42
31 13 39 25
2 5 5 42
23 48 38 49
19 46 24 46
50 9 50 41
4 19 47 19
47 5 50 18
21 9 30 35
25 48 46 48
36 39 44 41
42 46 50 47
17 2 44 33
1 31 8 48
45 28 46 50
14 8 14 49
36 25 49 25
45 14 46 32
48 2 49 3
4 26 4 27
12 23 39 23
17 22 17 25
5 10 35 24
21 46 26 48
23 24 31 29
26 44 48 47
5 19 6 47
9 31 9 48
1 2 7 2
13 37 39 43
30 21 45 40
32 17 38 35
23 10 28 46
14 1 42 6
31 36 49 36
6 18 35 27
3 32 38 40
26 14 42 19
40 47 42 49
5 12 10 17
37 23 43 28
47 8 50 20
39 26 48 31
18 6 33 8
28 13 44 35
8 19 37 22
36 44 49 48
33 47 38 50
7 13 17 22
39 39 40 40
13 12 26 42
9 28 46 32
12 19 41 37
18 14 22 19
17 44 27 46
7 49 24 50
17 10 36 19
16 32 17 37
23 31 26 32
31 6 31 19
5 15 8 21
21 1 34 5
31 50 32 50
32 27 37 27
17 19 24 28
3 15 32 17
3 10 11 26
4 6 16 15
13 5 23 40
9 23 20 25
29 4 35 17
35 30 49 39
8 5 28 7
4 36 35 42
7 17 9 40
39 22 39 25
26 2 28 50
8 8 25 13
4 15 37 19
11 46 33 48
10 26 18 32
4 1 30 38
10 31 18 37
15 37 23 47
45 2 47 11
6 2 12 23
10 27 13 49
35 46 38 49
37 45 43 48
49 25 50 36
5 30 7 46
23 17 26 20
20 20 35 39
5 8 6 9
20 33 47 33
16 1 21 19
25 14 37 30
20 17 40 44
17 11 21 48
26 11 33 14
29 43 33 49
24 13 38 15
15 43 25 43
10 7 46 39
27 33 31 43
48 36 49 45
1 21 1 28
12 8 44 25
5 3 42 10
21 6 44 16
5 9 20 15
7 2 39 48
39 29 45 35
26 36 45 46
1 9 19 21
19 43 30 50
8 41 37 48
21 25 25 39
45 50 47 50
15 19 25 50
12 7 27 34
3 2 16 9
22 7 25 49
33 48 46 49
23 39 46 44
43 4 46 5
4 29 10 39
25 15 27 23
16 5 21 32
23 9 44 29
35 27 36 36
11 3 33 9
48 12 49 47
18 35 39 38
2 39 7 49
5 9 37 24
6 3 20 22
21 1 43 20
23 42 50 46
22 18 28 18
28 14 30 35
12 1 24 9
11 1 43 2
1 34 10 40
19 40 22 49
7 12 9 39
29 21 40 32
4 3 8 7
27 2 36 7
21 16 34 28
10 1 49 7
18 3 28 6
3 10 11 13
17 6 49 27
1 44 9 48
42 14 45 21
21 7 22 17
32 22 32 29
36 21 44 24
13 4 43 34
8 2 29 44
18 31 33 38
8 23 44 50
10 15 19 16
38 43 40 45
29 35 48 41
20 13 35 34
2 12 40 15
3 27 5 48
22 18 34 40
29 20 31 35
34 30 44 50
6 7 11 11
1 7 3 14
40 28 48 29
17 19 29 21
4 48 9 49
1 27 20 28
34 2 41 10
5 4 13 8
11 18 23 23
36 10 42 30
39 16 41 38
21 11 21 12
23 16 28 25
16 32 26 39
6 23 16 44
15 31 37 38
20 36 44 37
3 11 13 47
36 13 49 25
27 38 34 45
9 35 42 39
36 17 42 50
16 40 24 50
30 6 41 6
8 17 21 26
23 12 29 35
32 1 38 41
4 8 27 16
16 6 25 22
20 13 27 36
18 21 19 38
24 19 30 20
5 9 28 28
7 19 16 34
19 18 34 48
27 16 31 19
14 17 32 19
34 4 38 32
11 14 49 35
10 23 30 48
39 46 48 46
26 16 47 24
32 21 45 31
46 30 49 37
16 30 39 30
6 22 21 48
22 20 32 39
3 31 3 47
15 34 47 40
2 35 3 43
47 22 50 28
9 21 27 34
28 14 45 21
11 9 14 40
10 33 38 39
15 23 30 50
22 29 47 45
25 39 28 41
13 38 13 46
2 24 48 32
25 4 28 15
9 42 47 46
18 36 35 43
6 4 39 8
21 1 48 41
3 20 31 24
10 22 21 37
25 24 40 24
6 30 32 34
1 32 30 32
42 10 45 49
16 15 22 23
44 21 44 44
25 3 30 20
20 20 39 48
45 45 50 50
44 17 50 17
39 19 42 26
9 34 38 36
6 46 12 49
4 6 9 11
39 10 47 26
20 40 40 48
17 7 34 20
27 29 37 29
12 48 23 49
21 1 24 42
1 10 45 22
18 22 21 25
40 2 47 39
6 18 9 29
18 18 34 32
30 11 42 44
8 47 28 50
10 6 13 42
29 2 32 40
21 30 22 32
22 2 27 6
15 23 15 27
43 8 46 13
11 15 12 22
36 45 39 47
30 9 43 26
13 3 21 33
36 21 50 26
35 10 42 13
31 1 33 2
4 10 10 10
22 32 38 41
18 11 24 15
11 5 18 27
26 1 30 10
6 11 38 16
16 50 29 50
8 9 13 17
6 23 10 36
30 11 38 40
37 25 37 43
9 6 20 29
30 7 35 10
13 44 17 49
15 39 39 42
47 24 47 41
43 22 48 31
28 20 43 43
4 31 22 35
26 20 28 29
36 3 42 8
9 49 13 49
13 19 15 23
30 15 49 22
3 7 15 20
13 31 26 40
12 8 30 31
14 9 16 11
12 17 12 23
35 5 45 23
33 5 40 15
41 26 44 36
8 14 38 33
49 50 49 50
13 28 45 30
48 41 49 41
7 31 29 32
6 46 41 49
48 4 50 30
6 7 27 35
30 47 37 48
25 23 41 32
21 26 28 29
26 12 34 15
12 25 21 46
18 23 50 45
2 37 7 40
9 3 31 6
35 45 45 50
47 3 47 25
47 16 50 35
14 13 22 43
32 18 42 25
4 24 47 39
17 33 23 33
30 39 50 47
6 1 49 1
6 25 24 50
11 47 16 50
19 43 24 43
32 40 33 48
40 8 50 32
22 15 43 29
10 14 20 50
7 31 28 39
14 44 20 48
40 26 45 47
12 6 35 23
38 16 44 26
31 23 47 31
16 27 37 44
17 26 19 31
15 9 41 16
16 28 25 30
8 14 32 24
3 15 10 42
4 13 22 22
5 39 29 44
32 28 40 30
8 12 32 17
32 4 37 48
44 1 45 27
47 23 50 28
8 3 31 17
19 1 46 43
15 24 49 29
22 37 46 46
9 3 27 4
7 25 42 25
28 21 29 29
38 19 38 21
50 21 50 24
24 2 25 18
30 20 36 42
3 30 41 50
17 4 21 11
31 15 32 44
45 39 47 44
7 37 39 41
20 17 48 23
14 15 31 18
30 11 34 33
10 14 10 36
5 41 18 44
17 15 26 20
40 23 45 33
37 10 42 20
33 35 42 46
20 24 24 35
29 49 41 50
40 23 40 23
1 8 6 15
40 12 41 16
13 21 42 26
13 2 21 18
27 13 30 19
13 13 38 28
31 1 41 17
4 39 19 42
24 21 32 33
31 31 39 41
23 30 23 40
22 24 44 41
22 5 47 35
28 17 38 29
7 44 22 47
9 2 15 5
30 3 39 4
11 13 17 39
40 32 49 32
16 31 40 39
3 43 18 50
10 16 26 49
25 8 30 43
19 39 44 41
49 41 50 48
44 29 44 31
10 14 40 25
5 8 23 23
13 14 48 48
44 40 47 45
40 3 41 26
10 1 33 2
9 13 17 35
34 1 42 9
40 2 42 7
11 13 34 37
6 13 16 14
23 47 32 49
34 14 34 42
37 16 38 49
12 12 34 49
40 45 43 48
37 11 41 25
38 8 45 33
10 28 17 30
39 17 43 43
3 19 8 49
31 25 36 35
10 39 12 46
39 2 46 6
26 18 36 20
33 34 35 37
30 11 35 18
24 2 31 2
35 43 46 45
2 18 40 45
7 47 11 47
37 7 42 42
23 7 29 30
43 25 50 29
24 4 28 17
8 27 14 31
24 7 41 11
15 37 17 46
8 26 47 40
20 45 38 48
20 40 44 43
5 48 14 49
44 10 48 19
30 17 38 42
13 18 17 35
17 15 26 40
21 1 23 18
5 7 25 42
23 13 23 15
4 15 32 38
34 47 34 48
9 3 47 19
38 31 39 49
2 22 39 42
35 38 47 45
5 12 9 41
25 6 39 8
30 13 48 29
35 36 44 40
7 27 11 28
23 15 29 39
1 10 36 13
1 22 21 29
29 29 41 40
11 10 44 13
7 30 7 33
28 20 34 36
4 31 33 37
32 8 42 22
4 8 21 46
1 38 12 39
3 10 46 36
19 43 49 49
15 25 18 28
17 26 45 36
12 13 35 30
28 47 28 49
3 22 18 48
50 18 50 20
28 15 33 45
33 38 41 45
5 8 5 24
8 42 17 50
7 18 15 26
10 37 20 42
27 4 27 33
20 22 29 47
45 41 48 42
30 23 34 26
8 7 10 10
21 28 31 50
1 17 7 32
42 18 43 41
5 25 33 44
1 46 41 48
4 7 39 47
36 1 43 2
31 2 34 9
21 34 27 39
28 27 32 37
35 24 45 24
26 39 30 47
21 5 31 27
13 37 14 47
4 19 17 23
26 50 29 50
26 9 37 48
9 16 40 26
2 14 8 39
12 19 43 49
12 2 12 18
23 2 31 37
14 11 14 33
19 31 38 32
30 31 32 31
1 45 11 50
24 24 25 27
26 20 32 40
17 35 29 43
7 4 8 35
19 14 21 17
1 25 32 47
50 9 50 10
41 13 41 14
3 19 3 29
2 36 23 46
7 3 31 4
22 13 24 37
30 3 31 5
13 24 15 33
35 1 43 4
1 24 22 43
1 26 29 29
9 45 24 47
20 1 24 27
16 25 22 45
24 27 47 31
7 37 44 45
31 18 49 23
6 15 12 21
6 27 20 31
32 47 42 50
25 14 26 19
27 14 27 37
1 46 24 49
49 16 50 38
26 9 37 12
30 17 34 38
27 7 44 9
1 33 1 35
29 3 38 16
18 6 22 49
22 10 32 12
3 17 9 21
16 16 44 48
10 32 41 35
2 27 12 34
10 14 46 36
2 7 9 47
31 43 41 50
2 7 15 23
18 14 36 25
43 46 45 50
25 36 25 38
16 26 36 28
9 10 28 42
25 3 49 14
50 14 50 19
27 21 29 44
11 19 33 28
35 7 47 26
29 6 46 27
49 31 50 41
2 12 16 21
3 25 7 41
12 18 15 19
29 14 29 39
17 20 18 29
16 30 19 47
20 13 27 19
26 1 28 36
35 20 38 49
1 6 7 9
44 22 44 29
20 20 25 28
18 12 40 28
29 25 38 26
11 8 28 12
10 38 13 44
27 37 28 47
10 15 19 29
43 15 49 33
10 20 49 34
23 12 46 37
31 8 36 33
5 21 26 21
35 30 45 40
15 18 25 26
16 8 19 35
32 42 50 45
12 18 13 35
8 5 9 18
50 3 50 42
48 4 48 12
2 47 3 48
7 39 36 48
14 37 49 37
14 36 48 37
19 15 25 39
2 41 40 42
31 1 39 50
33 27 37 33
45 45 49 48
24 9 49 41
13 23 14 28
3 34 4 39
22 20 22 38
37 4 38 4
8 2 36 12
50 3 50 24
10 4 16 6
35 9 37 45
11 19 17 23
2 42 20 46
23 3 26 21
31 15 38 22
7 9 48 11
25 29 29 31
18 29 29 39
4 13 13 47
15 14 24 46
30 30 39 35
7 40 11 48
49 30 49 35
15 49 32 50
19 25 32 34
36 34 47 43
36 5 41 43
48 12 49 25
24 22 34 36
8 15 48 25
43 35 48 45
5 7 25 17
23 1 32 10
27 3 30 10
29 33 33 45
35 23 48 36
4 29 38 45
22 8 31 17
13 32 47 43
9 30 13 47
1 14 6 40
24 22 29 39
3 18 43 50
47 2 47 46
13 32 32 47
43 38 43 43
19 2 19 49
28 19 37 21
21 1 24 34
17 10 22 19
1 26 41 28
18 20 29 35
25 49 40 50
28 10 31 39
34 8 34 50
26 46 39 48
29 16 41 20
1 25 36 33
24 17 33 17
29 14 35 20
9 22 25 28
7 29 19 34
35 2 35 34
25 29 26 37
12 21 30 23
21 8 28 35
10 3 50 38
32 2 34 50
7 9 26 40
44 25 45 39
38 23 45 23
40 12 46 22
19 25 20 29
5 27 5 38
7 1 23 9
22 1 32 35
3 17 36 45
4 43 37 48
21 20 42 39
4 30 31 32
28 19 35 28
29 5 48 26
30 1 37 11
26 8 27 12
34 39 35 39
44 15 50 26
17 23 35 28
5 32 14 38
31 38 48 43
15 7 39 12
42 1 42 39
13 32 48 49
18 4 41 43
2 7 45 13
12 14 30 16
17 15 43 25
2 48 42 49
22 28 36 36
30 42 36 43
23 34 24 39
4 36 5 46
17 6 27 12
3 25 30 27
23 6 44 50
26 12 33 27
24 1 32 10
14 29 20 43
18 38 27 44
8 8 21 42
48 30 50 50
15 27 19 35
20 39 23 46
11 19 16 20
6 5 45 11
32 11 48 21
10 13 11 39
7 10 47 16
26 29 44 36
47 5 48 11
48 1 50 15
37 15 46 37
8 22 15 26
22 15 31 40
14 9 28 43
45 7 50 15
27 8 36 10
8 5 41 19
38 3 45 25
12 8 47 15
30 15 31 21
50 23 50 24
23 18 33 25
17 1 19 33
27 6 38 40
42 2 44 43
7 9 35 37
32 29 37 48
6 7 9 50
17 14 48 20
22 3 25 10
33 26 42 27
30 20 38 24
2 24 36 29
39 39 46 45
16 9 37 18
26 11 35 39
25 6 36 7
7 12 33 17
7 23 39 24
6 7 7 25
15 23 26 43
16 6 44 16
19 50 39 50
9 34 36 49
41 21 44 45
27 1 42 44
33 20 36 22
24 12 30 15
24 4 38 6
45 11 46 15
42 15 43 34
20 7 27 13
2 11 15 45
45 34 45 46
26 12 43 19
6 24 10 40
32 41 32 44
15 23 31 31
13 41 19 46
6 41 23 48
9 43 49 45
42 38 49 43
1 4 17 40
12 1 35 4
8 35 8 41
20 43 39 44
3 12 18 28
26 31 26 44
14 35 17 50
37 2 47 20
7 10 9 38
24 39 26 40
9 11 10 19
8 9 8 24
10 37 15 43
1 27 29 32
38 31 46 48
33 22 39 49
9 20 19 38
25 8 50 15
42 16 50 39
10 16 49 18
4 35 42 41
6 3 30 7
20 10 32 48
28 20 38 32
23 25 26 31
43 31 48 39
7 21 46 45
19 5 23 21
47 20 47 29
10 5 11 11
23 20 28 23
6 34 12 46
18 45 43 46
44 28 44 42
18 28 40 37
16 49 18 49
12 8 18 38
9 26 43 42
9 14 37 18
38 5 38 33
48 20 49 50
30 10 31 23
31 36 34 46
41 12 42 41
2 4 38 35
22 11 25 30
14 2 49 46
48 16 50 49
9 11 37 32
25 12 25 19
13 43 16 46
20 26 30 32
38 16 48 36
3 50 13 50
10 14 12 14
3 27 3 46
10 17 25 37
38 24 48 43
48 15 49 25
20 7 38 14
25 44 28 45
6 33 26 33
32 2 45 12
5 3 12 5
3 25 19 26
1 3 49 39
31 24 31 27
29 47 31 49
11 14 41 32
30 12 49 44
38 32 44 42
25 12 34 47
20 3 40 8
9 27 41 36
16 21 25 22
26 38 41 39
12 25 47 44
2 2 36 8
27 13 49 18
8 15 15 20
48 27 49 32
3 38 31 47
11 13 12 50
11 38 17 49
5 3 44 5
2 35 40 48
23 6 42 28
8 8 13 20
20 15 23 47
9 11 19 15
27 26 29 35
28 11 48 14
47 37 48 43
36 15 46 17
3 30 4 38
17 2 43 48
16 28 50 31
15 7 38 30
6 9 7 50
7 36 36 39
20 8 24 48
31 14 39 23
49 8 49 31
49 19 49 21
24 18 44 34
37 14 47 17
9 4 16 4
5 18 11 49
45 25 47 25
2 6 32 18
34 48 45 50
9 13 11 29
11 6 45 29
17 9 20 19
14 18 18 31
16 33 43 46
40 25 46 27
1 25 9 37
15 5 16 40
17 44 18 48
6 37 46 42
46 18 46 46
3 11 30 39
9 28 17 35
6 19 46 27
40 18 50 22
12 7 44 7
41 1 41 12
37 9 45 11
36 29 36 38
6 29 38 31
20 25 21 31
28 17 48 38
3 9 43 16
16 6 42 47
13 24 26 50
7 36 8 44
6 11 50 47
11 26 48 30
3 4 46 12
29 2 49 5
8 5 35 41
26 26 50 32
26 19 37 19
20 13 26 13
38 46 48 48
26 22 43 23
21 11 29 15
42 12 42 39
7 5 7 33
41 1 46 7
27 30 43 38
18 5 50 11
35 42 43 43
2 27 20 39
22 22 31 28
22 1 22 45
23 16 25 37
28 15 30 18
3 38 46 44
24 47 34 47
8 11 12 35
25 7 27 22
18 41 46 46
1 19 1 23
4 13 41 26
3 13 49 31
3 37 38 37
31 5 37 5
10 29 20 42
17 25 25 45
12 18 20 27
21 28 26 47
3 34 14 50
6 18 25 21
11 2 33 35
46 19 48 50
14 8 15 22
25 19 46 24
30 45 30 46
22 33 22 45
7 4 15 10
2 3 47 10
17 3 19 17
2 3 13 43
18 6 39 29
28 8 35 43
12 22 49 30
12 9 43 22
3 2 4 48
11 15 39 31
5 35 9 37
47 20 47 48
19 15 48 23
17 17 23 19
15 17 19 18
45 33 50 33
10 32 20 50
21 22 38 39
5 9 50 29
26 2 43 2
28 10 33 34
36 20 50 28
16 28 23 40
22 9 44 15
8 10 44 12
19 24 22 40
12 6 12 16
34 29 43 36
44 21 45 37
1 36 2 48
30 9 31 13
11 6 13 13
7 8 24 8
6 39 12 46
15 24 30 27
5 17 20 39
42 2 42 10
26 7 49 42
24 40 44 48
11 3 33 40
24 10 32 41
32 2 44 12
49 44 49 44
14 7 16 25
28 29 49 48
43 27 49 50
28 2 31 37
24 29 29 36
4 31 6 45
18 9 26 48
38 38 42 41
19 18 43 34
17 12 31 14
17 11 24 12
19 37 19 45
30 19 30 30
30 18 39 33
41 35 47 37
32 19 38 45
38 2 42 34
1 8 2 30
4 3 27 3
5 6 24 15
1 28 10 40
29 38 37 39
16 26 24 30
23 23 47 26
3 47 7 50
44 12 48 30
29 35 31 36
11 17 29 19
9 3 38 4
11 13 15 36
46 42 50 49
6 29 13 46
16 38 25 50
5 1 11 34
41 18 46 40
50 19 50 28
35 12 44 49
3 7 29 19
21 19 45 37
14 16 46 30
23 8 42 13
1 1 25 41
15 7 15 39
37 30 45 44
10 25 10 41
8 33 28 33
9 22 16 44
5 24 38 30
16 12 36 14
41 38 47 40
7 49 37 49
36 18 36 20
15 1 15 21
14 16 19 20
33 2 37 23
2 29 49 44
13 42 32 46
13 37 18 42
38 27 49 40
43 48 44 49
42 12 48 43
44 6 46 29
18 40 23 42
3 23 4 32
32 40 33 49
24 18 31 20
36 42 50 50
14 39 42 40
22 29 28 39
14 3 32 13
18 1 41 32
46 38 50 48
16 20 18 45
30 28 35 40
28 18 43 46
13 38 16 38
23 20 39 22
12 20 31 29
48 40 50 50
35 9 36 26
50 27 50 45
15 5 30 6
32 15 36 43
20 1 24 39
5 21 37 31
7 19 17 32
35 7 44 40
30 23 49 27
50 31 50 37
16 40 24 49
12 25 12 28
32 14 42 21
12 36 22 43
30 38 39 40
14 15 33 36
18 32 25 36
6 17 17 28
5 35 18 42
28 43 30 47
5 9 6 12
12 20 28 24
13 4 21 13
18 45 26 50
46 10 47 10
47 32 47 32
25 48 38 48
7 6 9 31
11 47 17 48
42 31 44 40
6 16 11 31
26 10 40 15
28 33 45 43
36 16 46 23
17 19 24 41
22 15 25 18
19 38 33 41
36 13 42 14
6 24 12 45
27 6 30 47
25 36 34 41
5 15 21 30
4 20 7 22
20 11 21 20
24 21 49 24
49 33 49 36
41 28 42 42
1 33 37 38
22 3 47 15
17 22 18 41
13 46 39 46
24 3 27 35
3 6 44 11
5 30 45 34
14 29 41 33
2 48 7 50
26 6 50 26
12 42 19 45
36 41 47 45
15 23 20 25
48 20 48 38
14 41 41 44
28 20 31 25
25 9 47 11
2 21 4 26
37 28 50 36
8 39 9 46
19 14 48 25
7 40 50 45
10 14 13 41
37 39 39 43
9 36 10 42
3 3 9 20
29 6 38 42
22 20 41 28
11 13 18 19
48 11 49 21
25 5 37 10
26 6 32 7
9 45 17 49
8 29 17 34
12 44 13 49
5 15 46 21
17 7 20 28
35 12 36 42
19 19 36 19
6 3 20 44
49 31 49 37
26 17 32 27
20 34 32 43
13 22 46 42
16 32 48 42
3 11 13 11
10 23 39 38
29 41 37 42
35 14 41 22
11 3 20 37
3 12 9 20
30 17 46 24
24 14 44 24
7 18 24 19
25 25 25 36
11 45 16 46
21 21 23 43
22 5 24 44
41 1 41 42
36 48 44 50
3 15 6 17
8 25 16 25
15 12 40 44
40 1 43 20
39 26 39 29
37 24 39 26
21 38 25 40
24 35 44 35
2 8 36 8
26 3 31 3
45 16 45 31
14 1 15 22
18 19 20 26
6 1 16 14
3 24 12 46
16 16 30 46
26 9 32 40
26 25 48 27
16 21 46 33
12 5 27 29
37 13 38 33
1 30 30 33
16 5 47 5
26 15 28 46
39 34 45 36
13 8 15 34
1 30 5 44
3 14 7 25
4 5 32 33
29 32 42 39
23 20 26 25
25 14 47 49
30 28 46 40
40 17 41 41
3 2 12 45
23 40 25 41
14 21 28 32
29 32 33 50
13 7 50 24
1 28 26 49
43 28 47 37
34 42 48 49
9 42 20 50
10 20 14 31
48 46 48 47
20 22 42 26
2 11 7 26
19 20 41 23
8 31 46 31
32 11 35 42
1 1 5 3
8 26 24 29
33 28 45 35
8 14 16 18
16 45 19 49
12 16 34 19
41 18 46 29
2 14 50 41
16 14 23 33
5 4 13 24
26 19 34 42
1 4 20 30
8 9 12 11
24 29 33 35
12 4 15 10
31 13 35 19
32 48 50 49
8 49 49 49
20 50 42 50
20 41 27 47
9 14 38 16
41 28 48 31
30 31 39 40
14 3 36 11
35 34 44 38
9 20 36 21
6 8 23 14
2 17 45 23
30 27 33 32
7 7 27 48
30 22 40 30
4 38 38 50
5 5 6 38
6 21 13 22
11 35 19 45
5 12 32 13
25 12 33 35
33 5 41 11
15 23 45 23
16 9 32 9
11 6 11 7
18 26 37 49
20 31 45 36
12 6 14 39
7 15 40 33
12 30 25 33
41 2 50 23
35 9 37 10
36 9 44 43
16 38 24 38
8 37 11 42
9 47 35 48
23 41 33 46
18 2 22 4
2 10 28 44
40 49 50 50
13 4 13 13
25 15 45 21
6 50 8 50
37 34 44 39
36 25 45 47
46 16 47 21
47 14 49 14
22 27 26 39
26 41 31 41
33 18 48 44
30 18 36 38
6 1 8 18
17 38 19 38
1 9 15 30
25 40 43 41
21 31 22 45
50 8 50 45
12 11 14 41
27 36 38 43
25 14 42 20
17 35 48 49
2 16 10 16
46 18 47 37
3 23 15 23
29 17 46 48
15 27 40 28
30 24 33 25
38 13 41 20
4 4 33 29
8 30 13 46
49 2 50 9
24 13 32 44
6 33 37 50
13 1 13 30
1 27 1 39
2 4 12 8
41 18 43 39
37 29 39 31
35 9 39 22
40 15 44 25
19 37 34 43
49 31 49 40
20 1 31 24
1 25 10 38
1 3 4 41
45 18 49 38
46 35 48 39
23 7 26 33
20 31 43 39
12 41 29 43
29 4 43 33
45 3 48 3
2 18 22 19
26 31 34 37
16 14 17 21
16 31 47 42
50 22 50 42
10 6 10 13
15 32 37 32
34 37 50 49
11 2 18 16
39 16 46 49
3 36 38 42
19 19 40 40
43 49 47 49
4 5 37 5
13 3 41 35
20 33 26 48
4 9 47 17
17 4 29 4
30 35 35 43
19 11 22 12
2 2 8 28
6 18 20 32
14 3 43 9
45 8 48 44
18 3 22 26
9 25 10 34
1 30 16 36
1 39 26 44
27 24 40 34
4 5 29 29
18 9 34 9
6 2 14 39
15 21 49 36
39 24 41 32
19 12 44 50
29 1 39 25
14 49 21 49
24 30 34 36
24 38 50 41
35 8 39 22
6 17 16 41
36 34 39 37
27 27 48 28
36 5 38 8
41 22 41 49
36 41 45 49
2 43 31 44
31 24 31 26
7 10 42 18
46 7 48 29
20 31 36 34
20 25 38 31
2 15 24 37
22 14 23 39
12 12 43 44
8 21 32 40
5 33 16 36
18 42 25 49
7 15 29 25
32 10 34 11
22 14 40 14
13 26 15 37
27 41 47 47
32 23 42 26
4 21 5 39
5 4 17 19
19 33 47 36
22 11 32 25
8 7 8 13
11 6 43 33
45 29 49 44
15 39 20 41
11 2 20 11
33 7 33 41
4 18 45 28
15 6 32 34
34 25 44 33
10 3 11 41
33 21 40 27
44 20 50 41
27 24 36 48
17 25 35 26
15 13 34 23
15 23 18 24
19 47 27 48
41 16 48 33
30 2 39 5
10 2 14 38
34 15 39 24
43 40 44 41
29 27 49 32
20 13 44 21
42 43 46 48
14 33 27 48
7 18 14 48
3 32 50 43
7 9 43 12
8 14 21 20
43 6 48 15
11 39 47 49
36 27 36 27
34 10 43 18
16 6 23 36
39 27 44 46
3 25 39 26
15 25 23 42
32 7 34 8
2 1 45 4
47 31 47 36
6 13 10 31
50 16 50 47
13 49 18 49
25 19 32 39
7 20 10 39
38 46 48 47
3 27 12 37
35 46 38 49
29 8 43 27
34 19 34 26
1 10 32 11
18 24 18 34
19 38 25 50
39 19 49 43
33 8 35 18
27 35 35 45
20 27 25 29
47 1 49 2
4 18 45 44
13 21 14 50
9 3 10 5
50 2 50 16
1 10 21 17
39 2 49 46
5 43 43 45
15 39 45 40
14 36 39 42
24 18 25 49
12 7 49 34
20 10 45 46
6 5 36 47
12 10 19 17
4 42 33 45
8 33 12 35
27 9 41 18
45 8 49 17
29 2 45 22
34 10 38 38
30 48 30 50
8 32 36 35
20 28 24 29
7 43 13 45
22 2 43 5
14 25 45 38
19 4 26 50
8 9 44 45
27 16 27 41
5 16 29 48
17 5 41 40
33 27 34 45
2 31 40 31
31 14 44 23
24 31 29 40
34 23 39 33
23 17 38 40
24 43 25 49
10 17 39 21
7 9 26 28
17 38 34 41
8 23 12 33
16 3 21 17
18 23 26 26
12 16 17 43
38 16 45 32
41 30 41 36
7 2 41 3
11 40 41 46
18 23 42 26
17 14 37 27
17 40 26 46
5 49 5 50
7 10 38 39
32 6 32 13
5 4 48 43
13 18 23 25
3 12 10 38
4 2 8 29
26 34 49 34
16 10 18 32
3 24 46 25
42 5 49 8
28 1 49 28
9 23 23 31
10 36 17 47
41 3 46 3
37 46 37 50
11 3 44 35
21 2 27 41
10 15 25 20
35 15 36 25
21 3 45 33
17 5 28 9
44 18 45 27
3 12 33 31
15 3 34 35
5 42 28 46
2 11 3 24
22 30 44 40
24 29 25 29
8 43 32 48
22 20 40 50
33 35 45 50
20 27 39 39
7 12 11 34
15 3 33 29
10 7 16 8
3 14 11 16
3 14 9 18
14 7 29 23
1 33 25 42
19 50 24 50
19 35 23 48
3 31 47 50
6 15 40 27
31 1 44 7
20 2 29 12
21 27 32 33
1 7 31 37
13 19 22 47
49 13 49 20
3 35 19 40
34 15 46 26
21 33 38 33
13 10 15 22
22 9 30 24
1 38 3 39
6 13 11 28
1 11 28 24
31 19 32 35
43 8 48 10
19 46 21 46
29 11 42 45
9 32 16 32
14 46 25 48
41 27 41 50
7 24 36 30
21 23 43 34
12 48 34 49
38 2 47 16
32 5 39 33
19 8 46 37
19 19 24 24
14 18 17 50
13 34 44 34
17 45 23 49
28 3 36 3
42 38 46 49
32 18 44 22
17 33 23 40
19 40 23 46
14 38 46 39
10 3 20 41
20 31 40 34
21 14 27 46
32 27 42 27
14 7 40 9
18 50 40 50
26 23 29 40
9 21 43 22
39 40 49 44
31 32 31 41
8 50 12 50
37 24 37 29
13 1 46 6
3 15 24 16
10 11 29 15
2 13 40 34
24 2 43 17
44 15 49 15
24 6 25 7
4 8 50 32
5 5 36 26
20 23 22 35
29 6 45 12
15 2 24 23
24 23 32 31
10 39 11 46
32 7 33 14
23 12 32 28
10 2 15 2
2 33 34 44
10 17 43 43
14 35 20 42
40 6 50 44
4 40 12 47
46 2 49 10
10 18 19 20
17 30 50 50
15 27 15 32
44 13 48 35
16 16 22 25
14 29 43 38
3 13 8 18
46 35 49 37
17 18 29 25
23 16 29 35
2 17 11 20
30 3 43 5
2 8 6 44
29 39 37 40
12 25 37 36
5 13 11 19
23 6 32 14
33 35 34 46
29 31 31 31
2 4 34 13
2 8 12 13
14 15 33 35
4 25 6 35
5 11 49 47
26 8 38 10
29 3 46 8
39 33 43 39
16 38 42 38
28 13 44 19
33 11 42 12
16 32 20 35
8 4 47 5
43 8 43 8
33 17 33 34
19 1 22 25
11 6 16 7
41 24 49 49
6 9 10 20
37 19 37 19
23 9 27 25
15 9 16 26
45 19 49 27
2 10 9 22
29 3 45 47
11 23 47 23
36 22 39 29
8 26 25 31
39 29 45 34
36 13 36 33
40 48 45 49
8 27 12 37
8 6 11 30
10 1 44 10
17 34 36 47
37 13 42 16
22 18 37 26
50 6 50 10
31 36 38 36
45 48 46 49
1 17 39 34
19 6 28 15
48 21 48 21
14 40 47 40
37 26 37 34
10 48 17 48
2 43 13 47
3 36 37 42
26 41 30 44
5 1 6 7
20 3 26 5
19 10 23 18
3 7 4 42
31 26 37 26
31 1 48 25
29 18 30 32
30 27 38 31
12 1 15 29
21 8 33 47
1 4 43 46
37 6 43 28
12 15 39 43
28 5 49 20
9 3 40 48
3 2 8 41
7 40 8 41
3 37 11 40
2 39 13 47
7 41 8 45
46 5 47 11
15 1 26 32
8 6 41 22
4 15 5 33
43 22 45 24
32 6 39 10
5 15 10 21
19 18 23 35
27 12 33 21
15 16 20 39
7 3 14 41
36 12 46 15
14 5 20 19
47 12 47 38
23 11 36 13
2 9 12 20
3 30 3 30
30 8 38 9
4 16 6 48
4 6 34 43
5 5 8 34
22 1 25 46
29 21 43 44
22 33 38 36
36 25 42 30
16 31 18 33
21 9 47 46
18 5 50 31
16 4 34 31
38 9 41 45
48 30 48 31
19 9 34 19
5 29 12 46
45 22 48 37
40 34 42 47
30 2 49 25
44 42 46 42
19 13 46 43
16 39 41 47
19 3 42 5
1 37 19 39
8 2 43 4
24 38 46 47
8 13 35 18
42 14 50 44
7 10 9 13
18 18 43 30
45 23 45 41
1 22 18 25
12 19 20 46
6 50 43 50
10 13 34 35
5 18 42 38
36 23 37 34
13 47 14 47
25 20 26 24
17 30 23 34
18 42 35 50
14 37 17 38
19 23 24 29
6 25 29 25
36 38 46 44
2 50 48 50
17 23 34 41
19 11 31 19
35 17 50 47
4 16 18 20
40 23 42 26
19 26 41 31
39 6 47 11
10 34 14 34
11 20 25 29
13 9 22 40
30 13 32 13
17 39 27 46
10 9 16 23
29 32 29 38
1 9 6 10
3 30 10 46
6 9 40 48
35 7 41 48
4 9 38 32
13 6 35 28
32 1 36 46
14 34 28 50
19 22 33 24
40 27 47 42
28 34 38 38
30 9 34 9
15 13 45 41
37 28 48 33
7 29 46 30
7 14 13 36
5 5 13 40
22 12 25 50
45 33 47 49
4 34 11 36
34 13 47 50
21 1 26 27
42 10 42 31
5 21 11 42
17 23 22 32
17 8 37 39
2 12 7 28
30 6 40 35
36 7 42 17
19 46 36 50
8 25 10 31
4 9 48 41
26 8 44 40
21 9 21 10
31 28 32 43
33 11 37 49
4 48 12 50
19 30 20 33
45 8 50 30
17 48 25 49
21 4 24 15
35 18 41 18
37 25 38 26
36 16 44 17
34 38 47 41
24 16 26 24
20 43 23 49
8 12 13 34
3 47 11 48
44 6 46 36
26 2 32 38
12 28 15 35
46 24 49 40
12 38 15 45
37 5 50 22
46 8 48 37
47 13 50 35
9 6 33 50
30 31 41 40
23 32 31 35
25 12 27 20
14 35 23 35
23 37 48 48
26 19 36 20
32 44 47 45
47 15 48 46
47 6 50 48
43 4 44 11
25 20 41 38
4 35 47 38
6 30 23 30
14 35 43 42
23 40 49 40
3 44 5 49
46 11 50 35
19 7 44 15
20 4 33 21
15 21 40 47
24 4 45 6
46 9 46 11
2 41 44 47
8 10 10 13
30 5 39 38
14 3 30 7
6 8 42 13
16 22 49 37
13 18 32 27
36 21 42 30
19 11 31 12
8 21 47 21
21 1 49 34
18 10 28 50
34 25 34 31
41 18 43 19
17 17 25 49
5 10 44 25
5 45 37 45
2 7 9 11
38 10 41 10
21 6 46 9
17 10 42 29
19 17 22 25
17 12 21 44
6 3 14 45
45 6 47 27
1 45 8 45
26 28 29 31
8 12 41 42
26 33 44 48
8 29 22 41
14 3 19 18
41 13 49 18
43 5 44 9
15 15 19 15
14 20 15 38
36 14 48 44
29 2 50 18
4 4 7 43
6 6 37 25
20 20 34 20
13 37 48 40
21 30 42 40
36 46 45 47
13 33 34 42
27 30 45 30
20 45 21 49
20 15 32 47
7 10 16 31
15 5 33 10
12 29 15 39
16 24 17 32
39 20 43 28
6 37 10 37
46 17 48 41
12 37 21 41
13 13 15 20
13 15 41 43
46 14 49 23
6 25 16 27
8 6 11 28
3 11 20 12
3 4 5 30
39 13 41 45
16 19 23 29
21 29 25 37
2 30 7 33
29 15 33 16
50 12 50 27
26 2 31 44
50 23 50 49
27 35 40 36
19 1 40 47
26 31 32 36
35 9 40 18
30 20 30 20
39 50 40 50
14 9 15 42
37 43 47 44
3 17 13 28
1 21 50 23
22 37 34 42
3 14 13 28
32 35 32 50
5 17 28 46
15 14 19 32
17 33 22 35
12 24 37 26
5 28 46 32
40 5 42 18
24 4 47 14
39 33 43 48
13 14 14 44
28 34 36 43
7 11 22 14
6 20 36 40
12 5 36 9
7 37 37 39
38 9 45 31
22 50 41 50
37 46 40 49
21 17 42 35
14 36 34 41
47 30 49 45
8 25 13 34
25 19 28 32
34 11 41 16
1 16 23 36
15 43 41 49
23 20 25 21
26 11 29 45
15 25 34 25
11 9 24 17
11 34 15 43
30 7 43 40
27 29 50 29
11 25 40 32
28 12 45 14
16 6 19 42
23 32 26 40
44 5 44 22
30 23 38 41
18 6 27 28
15 47 30 48
19 19 50 40
12 11 20 19
16 28 26 37
3 45 44 46
7 13 16 46
38 23 38 31
22 2 40 30
15 8 26 48
3 2 25 6
3 7 14 22
17 21 34 40
1 22 23 28
17 32 18 35
5 15 7 22
38 46 42 48
24 16 40 19
13 32 20 39
33 30 42 47
9 31 45 42
12 1 34 8
8 5 31 21
6 45 46 50
12 39 25 47
22 20 45 38
18 16 33 23
35 24 42 47
26 1 26 4
45 45 48 47
32 23 36 37
6 15 48 19
10 8 10 17
12 11 36 16
34 9 34 34
1 10 30 17
12 28 18 32
18 16 32 21
17 6 38 30
28 35 33 36
27 23 29 37
49 3 49 49
8 7 22 28
10 26 46 35
13 13 20 17
21 30 49 36
11 14 39 42
17 2 34 44
43 1 45 23
36 4 40 8
18 6 20 13
30 27 34 39
17 31 22 37
13 11 39 11
9 26 26 29
2 43 42 49
9 45 47 49
6 36 40 42
3 7 44 15
9 34 17 37
8 3 20 5
34 38 38 38
40 19 46 43
10 40 20 42
10 42 50 47
1 13 7 29
36 14 43 30
22 10 25 25
21 7 26 50
21 10 48 50
2 7 2 17
24 31 35 43
14 6 42 49
6 44 28 49
21 13 45 13
5 44 39 46
27 36 47 50
14 49 22 50
7 12 9 19
1 18 3 38
46 50 50 50
14 20 23 35
4 6 24 9
15 39 49 47
36 37 46 45
31 21 43 46
32 6 42 15
3 7 42 19
4 22 9 50
31 45 43 47
28 7 32 16
16 28 35 45
39 2 46 4
44 32 47 36
35 39 43 45
15 36 23 36
4 32 40 35
6 19 13 21
3 26 39 37
15 50 18 50
48 17 48 27
24 3 45 20
3 10 32 26
9 26 46 31
42 42 42 45
50 12 50 20
42 35 47 39
12 3 45 40
14 22 40 22
44 31 46 33
3 3 33 13
4 47 10 48
18 23 19 49
26 27 45 34
13 45 23 48
27 6 37 41
12 43 17 49
29 1 46 39
12 10 12 11
20 11 20 35
2 4 45 36
15 26 46 48
4 1 46 13
12 11 29 20
41 41 45 41
22 44 33 48
21 45 23 45
10 11 19 27
39 34 46 35
10 6 13 11
11 5 32 45
33 26 49 27
27 4 38 6
3 9 42 44
35 36 35 40
2 30 16 36
11 20 15 25
19 21 43 29
16 11 30 17
7 29 49 30
20 23 32 26
44 11 47 13
41 5 42 24
44 17 46 19
46 43 48 46
20 20 24 21
16 16 28 19
34 27 40 30
40 23 43 40
20 28 26 41
9 8 9 48
20 24 33 36
1 30 25 33
35 45 42 45
30 4 41 22
16 41 20 44
4 20 41 48
38 19 39 23
7 10 16 10
8 45 28 49
3 17 24 26
9 48 43 48
35 5 39 44
14 34 17 39
13 47 14 50
2 25 10 34
7 25 8 48
19 12 41 14
1 19 10 20
16 29 35 35
6 19 23 24
6 36 22 41
18 28 21 33
5 18 8 19
5 27 42 27
6 36 9 37
48 38 48 44
1 28 21 39
8 22 43 30
46 34 50 43
34 8 49 17
2 16 43 36
1 45 35 46
5 26 13 44
6 1 26 30
48 21 49 26
45 8 47 11
12 44 15 44
20 36 22 38
22 6 32 44
3 11 11 42
36 41 44 42
35 8 39 43
11 12 12 40
13 10 39 34
49 11 50 12
4 22 39 23
1 19 3 49
14 17 42 36
17 26 22 31
33 5 39 30
43 22 45 47
21 15 42 32
13 37 42 37
20 5 43 6
29 5 46 46
5 40 33 48
30 12 40 17
26 19 33 20
2 34 15 37
49 6 49 13
2 15 6 24
5 27 10 39
44 19 49 33
16 27 21 35
28 14 38 29
23 6 26 11
32 7 49 8
37 41 40 46
1 8 47 15
6 13 38 50
24 15 32 30
41 16 44 19
21 36 29 36
22 12 33 28
13 11 38 44
33 35 33 40
41 15 45 15
18 4 20 14
1 17 30 42
27 18 32 50
46 8 46 10
24 34 40 46
9 18 41 46
17 27 22 44
7 33 49 38
35 7 38 30
27 14 34 29
3 18 45 28
14 20 31 29
9 38 17 42
19 46 22 50
27 9 43 50
15 4 34 49
33 19 43 36
2 37 21 39
17 36 27 50
10 15 19 19
28 41 30 47
7 23 23 39
46 22 50 42
13 33 40 42
29 41 30 50
27 6 35 28
47 11 49 16
17 17 22 41
44 43 48 48
17 15 45 30
36 49 45 49
14 32 24 42
7 34 15 39
27 38 40 38
26 21 31 23
42 32 46 32
19 45 19 46
44 45 49 49
4 3 44 34
9 39 16 42
50 11 50 32
13 8 14 18
19 3 29 33
39 18 44 44
3 18 36 38
46 18 49 39
10 40 34 44
27 44 37 47
12 16 12 22
25 13 34 21
24 6 44 8
48 9 48 15
9 19 23 42
28 2 43 30
31 2 33 46
18 48 24 50
8 4 14 19
16 4 26 9
30 35 47 49
21 6 23 46
15 13 38 15
25 16 42 47
3 5 9 27
21 6 24 9
2 35 8 40
27 34 39 46
7 2 7 17
29 7 42 11
2 20 17 23
9 33 42 33
24 16 27 16
27 35 47 35
14 21 42 45
25 31 50 31
16 1 22 32
19 14 46 25
23 10 28 19
4 9 4 50
10 22 24 27
16 22 20 26
7 17 23 26
6 18 44 32
33 27 41 35
10 13 11 39
43 23 50 42
31 34 35 43
33 50 35 50
30 3 34 4
6 20 34 39
32 29 37 39
31 19 32 45
13 12 15 42
10 41 25 43
7 39 16 47
13 12 35 14
21 1 44 34
9 24 17 34
3 14 11 39
9 6 11 45
14 16 24 25
3 1 37 4
34 19 40 35
8 17 22 22
9 2 45 22
37 45 38 48
42 29 46 33
42 16 46 34
2 2 19 9
34 3 43 45
24 3 28 50
12 2 20 10
2 13 2 29
5 1 25 11
12 12 47 50
36 25 46 46
13 11 49 33
10 19 32 20
18 1 20 19
41 29 50 36
29 2 31 43
11 4 42 8
15 31 35 42
21 2 33 9
18 16 28 35
20 8 27 16
3 1 44 11
28 40 32 43
24 14 25 50
15 11 29 44
28 34 36 38
8 30 20 40
23 33 37 33
4 28 11 35
6 8 46 43
21 6 38 38
43 28 48 50
20 18 36 21
23 39 31 43
2 31 48 43
20 44 28 46
20 24 36 39
4 39 21 45
19 33 23 35
21 13 32 45
37 3 47 37
2 39 3 39
4 5 27 23
2 14 26 23
11 2 47 5
1 6 38 36
8 9 36 15
6 28 37 33
20 7 25 16
14 46 16 48
25 8 27 36
10 15 16 50
33 17 35 19
3 15 44 21
40 3 47 30
18 30 27 46
1 35 13 45
19 38 19 40
13 38 16 45
37 22 40 36
36 50 41 50
25 45 41 50
23 12 34 34
40 20 46 31
11 32 41 37
13 15 41 26
22 4 23 11
18 14 45 19
12 12 33 46
3 10 39 32
42 29 45 47
18 20 28 24
38 9 40 15
8 11 15 12
19 31 19 39
31 2 35 16
7 42 9 43
8 18 24 18
10 18 14 24
43 36 45 37
29 18 31 23
10 47 43 50
14 8 25 15
2 50 21 50
18 7 24 28
22 21 25 40
1 1 7 6
37 11 39 17
1 24 5 33
12 24 23 27
42 2 45 3
16 17 46 48
15 2 31 45
41 29 46 43
13 27 26 32
5 1 31 24
20 32 30 41
19 17 29 20
6 10 26 26
41 13 43 37
12 13 13 15
26 50 35 50
18 22 20 45
3 40 10 45
3 2 12 46
7 49 21 50
5 20 21 22
10 15 40 33
10 44 10 45
22 42 25 49
7 31 12 50
6 9 38 17
4 34 32 41
30 20 38 26
24 36 24 43
35 21 39 50
26 5 41 9
8 34 19 42
22 3 29 32
17 44 21 50
2 43 6 44
7 2 13 3
2 6 14 6
20 24 40 32
18 20 27 43
41 17 45 43
33 25 46 32
36 36 46 37
21 16 24 19
7 7 36 14
31 35 37 36
32 4 36 23
10 26 39 37
6 44 15 50
29 1 46 44
8 23 27 35
39 11 48 18
36 24 37 29
31 26 46 27
13 16 38 28
30 11 41 22
35 9 41 19
18 22 22 23
7 24 8 44
22 11 27 35
11 12 41 47
33 28 41 35
24 17 28 27
20 44 33 50
22 9 32 39
31 8 38 41
33 22 37 44
14 15 45 20
11 37 17 44
9 17 14 42
15 43 46 45
29 12 38 26
24 4 42 35
20 41 41 45
10 27 38 50
42 4 50 49
11 14 12 37
42 2 46 8
20 6 23 50
9 17 20 23
19 18 27 49
9 23 17 40
24 18 28 29
6 23 9 47
6 12 50 13
27 1 49 26
6 11 7 50
11 42 16 47
10 49 40 50
35 2 47 35
10 16 47 41
6 4 24 41
39 9 43 17
3 16 18 41
24 30 26 50
34 43 42 50
11 11 46 20
36 15 36 21
22 45 27 47
34 10 48 16
48 19 49 33
22 4 38 23
36 42 36 50
29 20 47 45
14 17 44 31
15 15 26 31
8 16 17 30
17 4 20 9
23 17 30 35
2 3 40 22
49 36 49 44
8 20 41 30
7 35 10 49
13 16 22 19
17 46 21 47
18 1 44 1
8 7 18 19
7 41 23 46
21 2 25 36
36 6 39 11
15 39 28 44
7 1 18 25
21 8 30 34
17 21 29 27
37 2 49 44
12 13 35 13
40 1 43 44
38 43 48 49
20 12 42 13
31 7 32 9
19 25 30 28
33 9 49 38
6 9 20 16
23 3 34 27
17 23 40 32
10 18 44 26
7 17 28 18
15 41 29 41
9 2 19 31
3 15 26 21
29 24 40 38
48 17 50 29
3 45 11 46
19 11 23 19
47 15 49 28
7 7 18 30
25 17 31 29
3 22 25 22
15 17 18 40
17 9 20 48
9 1 32 33
8 43 43 44
28 24 31 26
7 32 14 40
14 15 24 43
13 43 16 43
23 5 31 14
25 34 27 40
15 20 41 24
3 15 4 33
5 11 42 14
10 19 13 36
5 24 31 32
2 45 16 49
39 18 45 48
20 3 33 7
31 8 34 13
23 21 28 27
25 31 50 35
21 9 33 50
11 2 12 38
16 4 40 4
24 24 35 25
15 46 44 50
16 4 25 10
24 2 26 11
3 49 46 50
34 6 40 29
21 25 41 47
11 5 15 12
44 4 48 28
23 3 39 8
16 15 20 19
7 22 42 29
27 18 38 18
25 36 34 42
14 27 27 30
26 23 28 35
29 21 45 30
44 1 44 10
24 11 39 15
21 27 26 35
14 19 35 50
23 1 29 50
8 7 16 21
3 17 40 19
48 31 49 38
8 9 44 18
7 15 30 50
21 37 28 47
3 28 13 35
6 21 43 27
42 46 50 49
3 2 44 49
6 20 12 39
22 38 35 44
7 12 28 30
19 12 49 15
33 17 42 21
9 12 16 20
21 25 35 34
43 25 46 34
17 6 35 9
47 15 47 19
43 23 50 45
6 46 22 50
44 27 50 44
33 27 35 34
14 22 16 24
4 34 24 39
8 11 13 18
31 12 34 35
10 1 19 15
30 40 35 40
1 23 50 42
9 7 16 20
14 34 42 44
10 13 16 26
49 1 49 3
33 15 38 48
4 43 7 45
14 23 21 33
4 10 9 16
23 43 25 47
5 19 37 21
18 13 41 21
19 19 31 40
4 27 4 31
47 15 49 43
4 40 18 46
14 1 14 8
29 30 38 35
16 47 26 49
3 3 23 13
22 2 25 18
17 22 36 26
20 16 23 23
6 12 10 17
6 30 15 42
27 6 34 39
3 32 11 44
31 5 49 6
9 2 38 27
17 12 26 24
11 30 27 35
17 9 25 14
28 2 33 6
7 16 10 35
3 3 40 10
1 15 24 28
45 20 50 43
41 9 43 42
13 36 40 39
10 40 50 48
12 44 50 50
12 18 43 50
4 4 49 14
6 9 39 48
1 4 48 36
14 1 41 4
17 27 27 35
13 30 47 31
9 4 35 22
19 50 39 50
25 46 28 49
1 1 26 18
4 42 30 46
41 11 43 38
7 31 19 36
40 33 42 40
32 44 50 46
21 20 42 41
4 34 8 44
5 45 41 49
5 40 43 49
2 6 49 18
12 3 26 47
20 23 33 28
19 13 32 43
28 22 31 42
4 11 30 33
49 6 49 11
20 12 38 12
1 9 4 41
41 40 45 46
9 34 13 42
32 15 39 28
12 3 13 29
8 9 19 46
32 23 45 32
6 36 36 38
10 18 18 25
45 13 46 16
33 10 43 14
42 4 46 6
7 15 34 37
46 23 48 48
7 35 29 43
7 1 30 6
29 43 36 43
15 5 17 14
3 13 4 37
9 40 12 43
33 6 37 21
2 22 47 29
17 17 17 23
14 24 37 31
42 28 45 34
17 26 24 30
41 7 43 12
5 4 22 31
16 19 16 19
15 7 19 47
33 16 36 18
13 17 24 37
6 16 6 22
23 2 29 3
3 26 12 28
23 7 36 26
1 1 13 28
5 20 6 31
28 10 30 49
40 27 42 29
25 5 44 19
20 4 31 25
2 23 17 27
8 5 17 37
1 23 36 46
12 16 15 24
43 2 50 28
12 16 18 49
42 26 44 47
6 40 48 41
6 11 34 11
18 8 31 9
6 20 7 22
32 19 44 27
7 17 10 38
23 4 49 6
6 33 49 35
21 45 22 49
5 11 36 19
49 6 49 17
42 22 44 46
10 6 20 17
7 14 39 28
6 15 23 36
26 4 28 34
38 6 44 12
10 22 17 23
4 3 34 15
13 1 20 30
8 7 9 20
11 24 19 47
9 24 50 31
8 10 45 42
22 12 26 14
22 4 32 9
15 30 33 50
10 43 41 50
28 10 40 36
43 42 46 45
14 36 50 47
8 2 18 36
32 20 38 28
4 1 24 35
25 34 48 39
25 17 25 42
48 8 48 27
23 6 25 45
25 25 28 26
14 35 36 45
8 36 35 36
16 45 34 45
29 15 39 19
50 27 50 49
2 6 46 12
30 17 36 26
36 36 44 49
29 1 30 34
2 26 17 31
49 22 50 30
1 33 1 35
36 28 48 28
17 18 34 24
26 14 39 49
46 31 47 41
9 14 18 40
5 3 22 6
7 34 7 44
22 40 39 47
41 45 49 46
25 3 32 8
45 45 45 47
27 24 36 30
42 46 44 49
14 15 49 27
27 14 48 19
14 40 17 46
23 27 23 50
9 17 16 17
15 30 35 39
18 41 18 48
26 40 28 45
21 16 26 39
11 4 19 39
2 6 12 24
5 37 9 41
14 17 14 45
12 41 48 46
34 20 34 38
16 5 18 47
23 29 42 39
28 6 47 47
20 31 20 35
8 9 49 12
37 20 40 43
2 47 6 47
11 38 41 45
13 2 14 21
3 24 3 25
25 24 33 35
3 10 15 13
1 8 4 48
42 32 50 42
1 40 21 49
10 34 19 43
7 30 30 44
37 9 37 9
27 23 27 34
9 2 12 11
15 46 34 48
32 15 49 20
43 7 48 8
10 13 15 42
5 11 40 15
16 47 23 50
2 18 40 26
35 15 50 36
39 50 41 50
8 11 20 41
3 27 9 27
46 33 48 37
4 1 49 44
14 12 26 43
43 1 47 34
39 2 39 26
33 16 39 45
20 16 35 34
25 2 28 9
1 4 5 33
24 12 27 12
6 2 49 31
5 9 8 38
39 36 44 38
45 41 47 45
3 22 9 30
41 30 47 36
18 24 41 24
32 31 36 34
48 33 50 40
24 20 34 39
9 3 9 10
39 29 49 39
34 34 35 44
11 8 20 45
27 46 31 46
24 2 35 43
1 28 14 43
19 14 29 23
4 45 26 49
6 10 42 29
4 40 7 44
43 6 46 9
21 3 28 20
14 50 15 50
2 44 20 44
29 28 30 36
6 23 7 44
5 3 15 37
7 7 44 17
20 49 25 50
24 27 25 36
33 1 42 4
10 34 18 43
7 24 49 30
18 8 22 47
21 10 44 32
5 1 24 39
12 15 31 27
13 26 46 33
32 19 41 23
2 22 28 36
10 22 11 41
23 37 40 37
15 26 36 33
27 6 32 6
3 6 13 13
2 35 2 43
19 24 44 48
41 36 41 45
30 15 46 15
24 10 34 19
9 15 10 16
26 39 34 47
25 28 34 32
40 5 43 42
19 13 19 14
7 18 12 48
32 35 35 41
31 10 33 15
34 30 50 42
7 20 35 27
31 49 33 49
2 12 10 21
3 43 30 46
25 2 37 13
49 8 49 23
1 20 36 44
4 11 12 50
2 29 28 34
21 41 47 50
23 7 34 36
11 7 35 48
6 37 7 39
14 2 26 47
17 22 21 32
25 40 50 46
46 19 50 20
17 4 19 11
36 3 48 36
34 42 35 48
19 33 22 42
12 2 20 21
31 37 32 39
15 6 28 45
12 26 22 32
22 28 28 48
9 14 39 46
19 29 19 46
38 17 48 24
30 1 50 33
11 15 18 16
28 26 48 29
4 30 34 31
17 17 46 20
15 4 23 16
42 19 50 27
12 20 27 27
25 21 32 25
25 36 45 38
24 30 34 44
29 5 42 12
18 13 35 45
5 2 7 7
7 23 21 33
36 9 44 17
32 8 40 33
24 32 27 34
1 37 39 39
4 45 38 49
21 15 28 32
21 7 31 44
34 5 44 49
39 18 39 47
11 27 36 27
50 16 50 18
25 50 42 50
6 14 12 47
37 20 44 22
14 21 14 23
37 18 43 36
13 9 14 19
35 3 43 12
17 9 26 33
1 36 10 38
32 8 50 32
39 26 47 33
27 41 33 48
18 15 29 43
17 1 24 27
25 37 25 37
23 35 47 41
11 1 25 34
13 50 20 50
15 17 49 23
27 17 29 43
13 9 37 10
13 1 41 29
26 14 35 16
9 7 9 42
10 14 48 19
23 27 27 49
20 9 27 14
18 9 33 27
7 2 50 14
14 4 45 5
38 24 43 33
17 11 22 31
5 26 48 36
21 6 27 11
17 8 20 36
13 7 18 28
7 6 40 16
16 8 49 8
34 18 47 44
19 12 19 14
21 8 30 18
1 35 25 50
16 17 45 20
18 40 25 43
11 4 22 24
3 1 30 42
12 22 17 40
27 37 30 46
9 5 14 13
18 4 23 4
7 17 45 22
11 23 16 38
2 49 47 50
35 20 36 27
1 4 2 13
15 29 30 29
40 6 46 13
20 3 43 5
11 19 14 46
21 48 29 50
19 27 19 36
49 8 50 25
22 16 34 44
15 8 34 30
5 29 9 32
3 34 4 43
26 19 38 21
23 24 46 32
9 4 22 46
34 36 41 46
10 12 38 27
3 9 33 46
8 7 20 18
32 48 34 49
22 30 38 35
16 7 24 25
10 15 50 50
24 9 29 15
9 24 32 30
19 20 43 42
25 3 43 27
29 21 29 30
7 21 35 50
40 12 46 12
22 5 41 15
40 20 45 36
2 2 50 33
19 1 19 11
5 17 11 31
21 21 26 23
32 13 33 15
47 24 49 31
3 14 12 14
36 23 38 23
5 29 49 29
1 15 30 47
27 10 32 14
32 25 36 49
10 26 20 29
2 4 7 26
19 15 40 18
19 18 48 21
1 37 11 49
18 47 35 50
11 37 41 46
12 6 30 11
34 18 50 21
7 3 43 39
26 25 30 33
3 35 10 45
8 8 15 18
20 8 22 24
31 7 47 21
22 12 33 14
33 7 49 9
9 2 11 22
24 11 34 34
34 24 35 32
10 31 22 47
21 25 43 33
48 7 50 37
18 2 45 39
2 24 49 28
38 1 39 6
36 38 42 47
8 27 34 47
5 15 32 38
4 9 5 14
12 13 19 23
1 29 8 38
12 6 25 28
3 2 6 8
14 14 31 41
13 6 28 26
16 19 21 25
35 24 40 45
4 21 39 29
15 4 45 4
24 5 31 6
7 15 50 22
5 19 37 48
1 47 11 50
18 48 21 50
34 14 35 23
2 29 46 32
50 30 50 35
1 37 16 39
12 48 23 48
43 7 48 7
25 29 26 36
29 28 37 32
17 2 32 8
1 2 2 4
31 36 34 36
17 3 26 38
12 29 21 30
26 7 31 7
25 23 32 32
24 21 27 33
28 1 43 5
8 3 34 50
39 11 46 43
3 23 37 25
28 23 29 49
31 41 34 42
18 13 27 48
2 25 2 34
1 21 25 32
29 4 35 41
27 16 30 49
15 17 22 25
50 16 50 19
34 10 46 38
8 3 43 6
13 22 19 23
11 10 11 19
4 2 8 6
25 39 37 40
33 7 42 12
18 44 24 44
25 26 29 49
11 34 33 34
22 21 22 29
23 47 45 47
17 13 22 17
9 6 35 17
17 3 20 15
31 41 33 44
30 33 40 49
8 28 13 35
2 24 13 50
13 20 46 34
36 19 46 38
20 32 25 47
8 22 10 33
1 22 2 43
2 37 26 40
49 33 50 43
39 23 43 30
29 8 48 50
15 40 35 41
12 11 17 29
50 1 50 15
17 29 37 37
14 48 31 48
38 32 41 35
19 13 47 38
8 16 50 50
25 2 39 39
11 6 18 50
23 19 26 39
19 2 40 47
20 19 46 20
4 6 13 15
25 4 47 12
1 3 6 22
22 35 28 41
24 4 41 32
23 37 27 39
13 2 23 29
5 21 41 29
10 9 38 19
6 18 11 24
47 44 48 48
33 5 43 20
45 1 50 33
8 33 47 48
20 5 33 6
22 45 28 46
29 44 34 47
4 9 25 33
11 38 34 44
1 11 33 36
9 11 11 14
11 37 44 48
41 15 50 38
26 8 44 14
24 20 33 35
22 34 26 50
38 1 50 32
8 39 36 42
5 1 11 22
31 18 48 33
22 3 31 16
17 4 21 42
48 2 50 6
21 30 30 37
16 24 29 43
20 4 48 14
17 18 39 23
29 35 29 42
25 23 31 50
12 9 14 35
47 6 50 48
17 7 24 25
35 14 43 20
7 41 11 48
44 18 44 46
23 29 31 35
8 1 33 2
1 14 44 17
4 3 17 34
10 2 11 5
3 39 43 40
45 4 50 13
24 42 26 47
6 15 27 41
36 49 46 50
12 21 13 30
45 5 46 22
10 42 25 49
8 18 16 21
14 21 20 21
8 17 12 40
11 43 19 50
22 24 36 46
7 23 29 49
42 20 47 26
3 5 5 26
1 11 7 20
3 21 12 22
24 16 48 26
49 30 50 37
3 7 43 9
48 1 49 19
7 25 33 32
9 19 10 29
24 35 29 48
25 37 25 47
7 11 27 27
15 6 20 45
40 17 48 27
15 3 25 22
25 28 31 50
11 19 27 19
13 7 44 9
19 29 23 39
11 5 35 10
30 25 37 48
6 11 20 34
39 4 39 4
10 35 20 42
3 29 43 37
38 23 46 23
44 18 49 48
42 28 47 38
31 2 46 46
22 40 39 42
2 42 45 43
31 34 50 39
19 13 24 23
9 31 39 32
3 23 8 26
2 25 3 34
32 12 39 20
1 44 16 48
16 31 25 45
1 27 34 34
19 32 20 37
39 43 43 43
10 13 49 35
43 4 46 43
33 14 37 45
8 26 32 30
46 28 46 32
22 50 22 50
8 22 18 23
39 23 50 30
13 15 34 17
41 29 50 29
43 5 43 13
48 3 48 19
23 23 28 33
25 30 36 50
6 9 50 28
24 27 37 32
10 20 37 42
31 26 37 49
12 9 21 25
10 5 17 5
3 25 24 30
15 40 23 43
10 7 42 15
15 19 15 38
6 24 11 38
27 3 44 27
26 28 35 34
1 13 42 13
19 7 28 47
30 10 30 46
34 12 43 38
13 31 41 31
1 23 13 42
34 41 47 44
18 6 49 21
12 29 44 46
18 1 26 9
6 6 8 8
19 4 24 9
21 13 32 40
21 4 39 12
37 14 49 18
34 47 50 50
31 8 32 30
22 6 25 30
20 17 21 17
34 6 49 34
36 10 44 39
33 28 43 32
14 47 24 47
31 3 32 16
41 10 43 34
19 12 22 15
36 18 42 20
5 23 33 26
17 28 22 40
31 33 41 40
6 13 33 13
6 23 7 24
15 34 17 36
50 14 50 41
22 1 23 1
8 6 21 43
1 13 49 21
9 47 38 48
21 9 36 18
7 8 38 10
4 28 7 38
19 23 20 40
18 5 19 20
1 5 26 42
5 46 35 50
1 26 5 31
1 2 17 12
2 18 32 20
11 30 12 30
23 5 47 41
47 31 49 34
21 10 47 13
6 24 31 25
36 8 50 15
25 25 30 29
22 7 23 11
24 34 41 44
14 21 26 31
17 30 50 30
30 35 37 37
12 42 34 45
13 44 35 46
1 36 5 40
1 10 37 23
34 25 50 27
30 12 35 41
5 21 11 34
21 44 27 44
7 25 46 26
20 39 48 43
17 5 23 14
7 8 31 30
34 12 35 18
27 11 29 14
22 29 36 46
42 24 44 43
28 16 36 47
6 32 44 34
40 36 43 49
16 18 26 27
38 12 39 15
32 20 47 20
28 4 31 12
12 18 19 45
18 4 19 10
22 27 30 41
29 25 34 43
23 16 23 50
9 10 13 12
9 36 21 40
48 11 49 41
40 16 40 26
46 18 50 25
20 29 27 45
3 8 36 42
39 31 43 34
38 2 48 32
38 1 40 10
11 2 32 2
21 31 33 33
18 1 33 8
28 49 28 50
14 24 19 50
9 12 49 18
22 33 37 37
17 18 38 21
6 4 23 10
5 11 12 11
47 50 47 50
6 15 9 36
18 18 35 42
18 4 50 31
47 19 48 43
32 10 42 10
16 1 17 20
17 17 17 19
13 26 47 45
1 23 45 32
27 16 50 17
5 9 13 11
40 6 49 11
27 12 34 24
8 26 16 32
6 38 14 47
14 38 39 42
1 12 2 38
11 44 33 50
34 25 42 37
26 31 45 40
18 13 38 15
37 41 38 48
46 14 50 21
18 18 26 21
19 2 21 14
9 30 19 31
22 15 42 43
4 49 27 49
17 1 36 23
25 8 28 8
11 48 30 49
27 42 37 47
28 30 33 34
41 5 50 5
24 6 43 7
45 20 45 31
47 9 49 26
14 22 22 22
1 5 1 8
2 3 11 4
16 32 43 37
15 37 44 41
5 34 8 39
8 30 37 44
10 35 43 47
17 9 41 34
7 1 16 35
19 16 23 18
5 13 42 34
20 5 42 5
17 22 42 22
12 44 12 45
21 26 30 30
8 25 10 29
22 4 33 10
28 1 31 47
35 28 42 43
16 22 18 27
3 49 33 50
39 23 45 47
10 39 18 39
16 10 20 25
6 10 38 41
19 10 21 10
15 7 20 37
40 31 45 35
43 34 47 42
11 8 49 13
4 7 28 42
17 17 35 41
38 14 40 19
24 6 43 14
5 21 5 39
25 9 31 17
15 23 44 28
40 28 48 31
3 42 3 47
16 10 16 16
25 1 28 24
18 19 26 20
24 32 26 37
15 5 23 16
9 11 13 19
43 15 43 29
7 28 50 46
27 47 31 50
8 29 34 48
19 32 45 37
30 32 37 37
32 10 39 10
34 21 42 34
22 47 25 50
8 2 48 43
13 23 25 43
4 26 20 32
28 36 34 47
4 35 38 38
9 4 9 4
24 21 48 21
1 37 50 44
3 13 31 19
11 19 18 22
24 16 38 40
15 15 44 34
30 5 37 14
1 20 29 43
41 23 47 42
48 43 49 44
3 24 42 44
7 1 31 3
45 27 46 34
17 16 21 19
44 39 48 45
46 5 48 12
35 21 37 27
6 18 6 20
28 16 44 18
47 8 47 48
17 38 32 50
18 34 35 36
20 3 30 4
1 44 9 49
32 15 35 15
39 15 44 38
28 15 46 19
46 43 48 48
32 36 37 50
2 1 15 6
25 33 49 39
16 25 33 28
39 38 50 46
6 37 20 50
31 4 36 37
27 15 30 22
19 35 25 40
22 1 32 18
24 39 28 45
32 45 33 46
6 45 22 49
13 17 25 23
27 42 50 45
46 3 50 4
8 15 24 40
34 25 40 32
22 17 37 21
26 7 26 13
1 32 11 39
21 25 50 34
9 30 9 36
17 2 21 27
45 41 47 43
14 49 33 50
1 15 10 19
28 17 49 20
23 27 26 35
25 16 25 38
2 15 26 21
30 7 30 42
26 19 32 28
23 2 23 45
42 18 44 24
31 10 40 18
5 1 43 11
36 8 42 50
12 3 18 5
15 18 22 45
1 7 50 10
9 19 25 49
32 12 40 17
28 4 31 9
4 2 10 37
19 46 22 46
38 4 44 13
41 8 41 28
22 48 22 48
22 12 48 48
23 11 33 32
10 8 11 16
14 19 47 25
42 11 50 12
7 22 46 48
6 10 11 20
16 15 46 49
18 32 19 43
2 4 6 19
21 3 23 12
23 48 32 49
27 4 48 39
5 39 42 47
9 16 14 32
39 23 44 26
10 31 23 32
35 25 39 32
35 11 37 32
6 14 8 33
2 42 35 47
14 46 50 50
5 12 41 14
24 12 30 12
3 2 23 10
16 1 17 42
49 3 49 19
29 1 33 46
40 15 42 23
22 35 22 36
8 18 29 36
5 8 48 27
2 28 8 34
14 26 23 45
26 1 34 10
22 19 23 31
23 13 32 50
5 10 9 28
18 9 18 29
21 34 28 39
7 43 37 50
28 28 39 48
28 2 35 3
4 47 33 47
28 45 38 48
22 22 40 32
7 11 17 26
5 49 7 49
15 36 29 45
3 20 21 21
6 45 6 49
17 36 21 46
42 32 45 40
10 13 17 38
22 15 37 30
5 1 27 7
7 15 34 19
9 6 20 17
4 26 12 28
33 4 36 27
1 18 6 29
1 26 3 49
31 6 39 35
3 11 26 40
17 40 43 47
42 13 44 19
7 12 11 21
11 15 15 21
15 2 36 28
14 12 35 14
3 4 47 35
1 17 15 26
50 3 50 21
7 20 18 30
4 15 38 29
3 4 3 26
36 6 39 17
14 27 29 30
11 16 19 18
20 11 40 19
10 17 36 27
18 20 27 21
28 12 47 43
5 24 28 33
42 26 45 36
14 13 14 46
27 30 31 48
44 11 47 40
36 36 45 36
19 12 35 41
26 12 36 26
31 10 43 14
27 42 36 44
22 32 25 36
16 42 35 50
34 3 35 13
36 15 47 42
2 19 9 23
44 14 44 19
30 46 38 47
2 24 43 29
34 11 38 45
28 3 48 48
46 43 49 46
25 11 35 18
23 13 43 33
29 24 30 46
25 9 42 15
17 30 45 48
41 5 49 47
26 49 41 50
33 29 48 43
6 13 12 17
29 46 31 49
40 6 47 14
7 19 28 21
10 6 48 45
2 4 44 30
4 26 10 45
7 24 41 25
21 29 33 36
29 6 32 18
27 14 36 33
29 44 32 49
20 8 46 32
1 30 2 50
15 7 22 11
16 14 28 15
32 10 33 21
29 32 31 38
11 28 19 37
34 45 50 50
24 12 28 15
38 35 45 39
29 17 45 43
25 43 27 44
1 12 47 17
1 1 3 15
3 35 24 44
42 31 50 31
39 26 39 47
30 10 37 16
34 25 42 34
19 37 20 40
6 38 21 48
11 37 18 38
29 12 40 29
7 14 33 35
38 17 45 30
39 43 39 50
44 7 45 17
12 19 13 47
33 35 42 37
2 9 36 22
3 37 17 42
7 7 33 30
4 45 41 48
49 11 50 21
3 48 8 49
20 10 40 16
37 35 46 36
12 29 18 34
38 47 41 49
23 25 28 29
9 10 25 19
27 12 46 33
29 31 30 41
7 23 50 38
34 6 39 19
5 4 18 11
39 7 40 27
28 48 35 49
18 16 28 16
13 26 18 45
12 20 18 44
14 22 32 32
8 33 9 41
21 10 47 16
17 6 47 44
11 14 18 48
26 36 39 41
9 1 24 9
2 9 19 12
41 7 44 12
43 5 50 8
4 12 19 29
26 40 27 46
19 16 23 30
10 31 19 40
28 10 32 15
34 41 38 41
6 35 49 41
11 15 18 48
15 46 17 46
10 17 50 18
26 37 40 43
7 31 49 44
38 41 45 48
1 36 11 41
5 35 39 41
40 25 47 46
37 29 42 37
19 3 41 5
46 42 50 44
13 47 30 49
20 42 24 47
3 12 8 37
7 45 24 50
22 42 27 42
25 23 39 25
9 3 41 47
7 18 38 39
7 20 46 27
21 7 25 10
34 27 38 35
42 46 49 49
38 31 46 39
12 2 47 45
5 25 22 25
6 18 11 49
31 20 33 30
15 10 19 13
15 14 18 17
26 5 50 18
7 29 9 46
44 3 49 10
23 4 42 13
36 7 36 23
13 20 47 30
36 14 49 47
6 46 11 48
22 15 32 37
11 3 39 45
16 12 28 47
17 32 34 40
6 19 6 31
41 24 47 35
23 13 29 25
4 7 14 33
25 41 34 43
14 18 16 27
45 37 50 37
11 46 16 48
41 41 41 49
2 34 4 49
16 31 42 40
34 9 35 34
47 7 47 30
26 23 39 32
49 47 50 49
17 20 20 36
2 7 17 35
9 34 28 39
46 20 48 20
46 39 49 50
10 36 20 40
36 15 37 24
9 9 48 10
37 2 41 9
11 25 11 41
6 9 28 15
29 30 32 36
5 3 50 40
1 47 38 49
2 7 6 10
1 30 11 30
20 10 42 21
7 4 40 21
12 22 19 30
46 7 49 26
10 30 47 47
42 41 49 44
7 8 12 41
10 2 24 42
21 6 29 11
38 22 43 46
3 32 49 39
24 3 25 18
6 17 28 33
46 14 47 36
37 2 44 38
26 5 29 46
28 49 37 49
19 43 41 46
14 21 17 42
36 11 41 39
6 17 7 31
8 4 20 35
22 3 43 9
5 14 45 49
1 43 38 49
5 33 6 35
4 8 23 15
10 3 17 27
4 6 46 6
16 13 46 22
33 35 48 36
11 3 18 12
6 26 7 30
28 23 29 28
28 45 33 47
28 10 33 18
44 17 44 45
35 35 35 45
10 17 20 27
16 11 25 48
4 31 27 35
4 31 8 36
37 50 45 50
50 19 50 22
1 25 12 32
20 42 26 46
28 43 43 50
45 22 45 24
9 21 12 30
2 15 20 43
4 22 50 33
6 19 44 21
7 12 16 46
2 21 16 21
36 15 42 29
14 19 23 43
18 35 36 41
24 46 45 50
5 33 48 39
15 14 34 17
20 15 33 25
36 28 36 32
4 28 18 34
46 16 46 16
9 4 24 42
42 37 49 44
49 41 49 47
31 31 34 44
11 44 19 45
8 23 9 45
12 6 41 39
6 37 34 40
2 21 13 24
39 20 44 20
26 3 40 42
30 4 30 32
18 30 34 31
48 3 48 18
3 10 16 50
36 40 49 41
8 37 19 49
23 31 33 31
27 14 38 24
49 15 50 33
33 6 39 13
24 13 34 37
27 20 49 25
7 40 20 48
36 19 41 44
18 4 48 13
35 19 44 38
33 13 42 50
26 3 38 10
40 4 43 12
24 18 26 21
16 1 47 20
5 6 15 13
5 3 28 40
5 17 12 18
8 22 15 22
12 4 34 5
36 6 37 10
26 50 32 50
5 31 19 44
3 32 19 48
17 1 19 18
3 49 16 50
17 6 23 11
12 34 22 39
50 29 50 32
47 20 50 21
23 18 25 21
17 47 39 50
4 35 22 42
24 7 46 17
34 1 49 19
1 7 44 36
25 3 36 14
26 9 47 10
25 1 32 1
45 3 46 12
42 3 44 31
4 18 14 31
7 37 16 40
6 27 48 37
32 11 44 19
11 1 30 23
9 3 19 13
38 18 50 25
1 33 32 38
25 21 26 29
31 9 40 46
40 2 50 23
12 21 12 41
28 25 33 37
13 18 36 50
15 6 30 9
22 20 37 24
2 15 40 27
11 15 40 18
27 12 33 32
5 42 38 48
13 28 42 36
17 35 19 48
33 11 33 39
23 26 27 31
32 28 43 34
2 1 8 8
1 11 10 45
21 38 42 48
18 30 33 31
1 14 8 24
5 17 14 18
39 13 49 24
4 50 36 50
39 11 40 31
5 11 29 18
36 41 44 44
32 16 34 16
20 29 37 35
6 12 8 29
21 16 38 40
6 25 37 35
33 29 50 33
39 13 40 22
27 40 48 45
14 20 42 38
33 19 45 38
2 15 16 18
24 38 26 44
10 3 18 41
12 27 20 31
46 8 50 13
20 2 44 21
43 15 45 18
30 35 37 48
20 20 30 24
18 15 34 16
17 31 46 38
28 32 33 33
23 16 31 26
35 16 39 25
32 3 39 7
37 16 41 25
5 17 50 26
5 47 12 48
9 15 24 15
26 10 34 10
43 38 48 41
25 7 28 15
11 13 23 35
22 29 28 42
21 44 30 44
5 9 11 18
39 7 46 45
8 9 14 17
5 1 36 20
10 23 18 32
11 24 33 34
22 22 22 45
7 39 13 42
13 38 23 41
13 4 21 5
10 15 13 29
4 8 21 31
21 47 36 49
41 23 42 33
14 21 16 30
8 2 23 27
1 30 7 31
2 10 23 18
17 9 29 16
36 12 36 46
40 1 47 1
32 11 38 50
31 27 42 27
5 18 7 20
39 22 43 33
22 48 22 49
2 13 3 21
27 13 41 40
16 21 24 45
5 27 17 36
31 21 50 23
21 15 24 19
4 22 31 39
30 17 31 31
22 42 31 48
4 25 40 33
17 20 38 34
38 12 42 44
49 13 50 22
1 3 42 48
14 2 16 2
38 25 41 31
13 32 26 33
9 22 11 33
15 50 30 50
22 10 50 21
11 33 21 37
16 11 44 30
14 6 19 12
22 14 33 16
2 14 44 16
27 28 37 38
5 6 19 30
37 5 50 29
20 9 28 50
17 43 20 46
11 20 20 22
24 28 28 34
26 34 29 37
2 47 50 49
43 20 47 25
24 2 27 50
25 1 25 44
1 38 34 46
3 4 38 9
36 7 50 42
5 15 5 16
12 14 21 23
34 7 50 29
36 22 39 23
31 3 36 24
32 17 49 37
32 47 39 48
4 6 48 7
21 3 34 10
9 46 13 46
7 18 46 50
39 26 47 34
2 37 20 38
47 21 47 30
33 5 34 35
24 8 42 32
31 17 35 38
35 29 40 36
23 34 26 37
34 5 45 45
21 1 31 16
12 42 29 44
1 1 41 6
31 41 44 50
16 38 26 39
9 29 16 33
18 9 20 34
36 11 45 31
20 10 26 28
38 17 43 42
21 14 34 23
9 6 34 7
5 4 6 22
1 38 44 44
6 24 14 25
5 48 22 49
18 10 24 49
4 1 20 29
25 29 29 46
42 8 48 35
7 14 38 42
4 8 5 38
18 30 19 38
4 17 11 32
46 37 47 46
19 1 23 41
18 31 42 48
15 35 31 39
24 7 45 24
2 28 13 28
10 20 35 26
41 8 41 18
39 50 45 50
2 3 14 36
28 21 50 21
35 9 37 28
34 10 38 20
16 24 25 37
3 17 44 23
8 31 42 44
14 11 18 13
41 47 44 47
13 7 50 17
30 12 31 13
13 28 19 41
25 7 27 16
10 34 12 40
33 14 42 18
31 3 42 47
7 12 21 34
42 35 44 45
16 13 19 43
21 24 35 50
21 42 42 49
32 49 39 50
6 10 13 12
30 31 41 48
8 8 26 28
25 21 45 24
6 41 11 50
12 13 45 16
12 4 25 33
49 3 50 36
14 24 17 30
24 12 40 15
35 17 40 38
12 27 17 48
22 10 41 14
16 3 27 35
24 18 26 25
1 16 30 20
41 50 48 50
43 42 44 49
15 2 25 38
21 3 42 28
34 1 41 24
31 44 37 46
15 8 17 39
3 27 36 27
30 9 30 46
15 14 35 20
13 16 44 26
34 41 34 43
9 11 34 26
18 47 26 47
43 50 50 50
17 17 41 39
4 1 47 11
13 2 22 43
20 42 36 47
24 14 24 23
30 6 34 31
41 15 42 29
9 17 15 31
29 31 38 42
33 27 39 29
21 26 31 31
4 16 31 24
6 7 16 38
19 6 35 9
6 7 45 27
27 22 35 36
38 9 41 26
24 19 24 44
38 11 41 12
4 10 29 33
38 50 39 50
23 35 49 38
9 22 16 23
3 37 32 39
8 7 40 23
1 5 11 26
22 5 23 7
15 2 17 21
34 10 38 20
37 29 43 29
24 47 25 47
32 27 45 34
11 19 17 47
50 8 50 45
29 12 33 15
30 9 40 15
30 4 39 30
27 2 39 18
42 11 43 18
37 47 45 50
1 17 46 39
3 24 38 45
31 17 34 32
17 7 26 18
15 29 19 37
5 23 25 36
8 35 9 41
19 37 25 48
7 17 28 21
7 8 46 50
39 41 50 49
5 9 15 40
35 1 47 28
19 1 44 9
37 13 38 16
14 43 15 47
24 11 32 43
2 21 47 25
10 6 10 46
30 12 40 13
42 22 50 36
38 18 49 24
26 34 30 37
33 45 39 46
13 22 19 29
28 32 30 39
15 25 25 45
44 31 47 38
31 7 33 7
34 42 49 46
28 3 29 24
17 35 27 35
38 26 40 50
31 4 37 35
23 15 33 22
16 27 32 30
44 27 50 32
46 8 46 26
9 8 37 12
10 29 12 45
32 28 43 31
24 11 45 21
8 34 41 41
14 15 27 36
6 24 10 46
35 3 40 30
22 22 28 33
1 33 46 47
12 24 12 29
33 50 34 50
15 31 16 46
22 8 23 50
40 2 44 2
31 20 38 25
8 3 45 8
29 7 30 46
40 21 41 21
9 4 16 13
8 38 18 44
43 14 49 22
16 25 45 39
32 29 32 31
4 2 12 27
26 27 30 44
13 7 19 22
47 19 47 29
37 13 46 18
6 26 14 40
9 7 24 9
33 38 39 47
6 6 12 23
5 7 9 40
12 22 25 44
28 2 35 41
29 4 49 27
48 1 48 45
33 4 47 22
5 14 33 44
40 9 40 16
26 5 26 29
48 11 48 21
29 5 31 45
11 28 25 49
9 37 10 49
33 20 43 22
1 14 30 14
12 27 46 43
11 35 17 45
18 5 22 17
21 7 22 14
27 15 30 46
25 9 40 15
7 35 25 37
26 48 34 49
16 17 47 22
8 3 37 25
18 3 39 5
41 10 46 11
39 32 49 33
2 6 3 40
41 6 43 32
6 6 15 17
14 12 36 46
3 17 40 39
9 23 29 32
43 43 44 43
9 15 18 17
6 25 23 50
1 20 26 24
8 29 15 38
6 3 40 13
22 10 41 14
43 35 50 42
33 3 39 8
17 4 41 40
16 20 49 25
1 2 2 8
4 11 14 24
7 20 9 30
24 5 43 20
18 14 39 29
26 27 27 41
22 11 29 20
9 30 10 34
13 45 22 47
15 18 28 19
6 30 14 33
35 21 45 28
27 11 28 18
6 24 21 28
38 8 39 23
1 6 50 13
27 13 34 22
38 9 49 48
6 20 39 37
9 18 31 21
4 40 45 41
38 9 49 17
10 28 35 29
17 27 50 34
34 45 34 45
35 33 44 50
21 46 47 49
34 38 39 39
20 46 23 46
33 8 41 15
25 17 32 17
29 24 36 47
19 11 40 12
20 6 37 19
6 34 26 41
43 4 46 43
16 10 16 11
27 14 42 20
27 12 35 12
10 9 28 30
9 15 26 37
36 3 40 45
18 5 34 15
36 10 41 10
14 8 45 38
14 33 23 48
15 3 23 36
13 50 43 50
28 1 46 8
12 25 27 34
12 47 16 49
34 1 37 9
25 17 32 31
7 9 32 31
2 24 12 24
17 29 50 34
21 46 22 49
21 11 30 24
37 16 39 41
8 2 14 16
42 34 48 38
35 31 42 46
6 35 15 37
14 35 18 38
6 2 12 18
4 9 8 10
14 18 22 35
43 22 45 26
11 12 29 48
41 49 45 50
10 6 16 43
11 1 17 7
5 44 24 49
29 5 35 14
22 20 24 26
30 26 48 30
2 31 19 31
22 26 31 44
5 7 39 38
11 15 11 21
16 13 32 33
31 10 32 19
13 24 36 30
17 44 24 47
38 12 42 16
5 11 12 40
27 15 27 23
18 19 41 26
3 21 17 31
3 43 5 44
13 16 22 32
29 16 40 18
14 5 15 8
26 25 29 40
14 47 44 48
16 3 21 6
17 28 48 40
34 27 41 36
2 50 6 50
9 42 27 46
14 35 20 43
29 1 32 9
20 35 50 35
21 31 21 38
17 37 30 43
4 43 38 44
33 42 48 46
29 31 41 40
36 42 37 45
1 8 8 43
50 29 50 39
4 30 15 33
25 9 44 35
50 9 50 46
6 40 32 50
25 50 47 50
19 17 21 24
7 10 48 39
10 5 17 12
39 29 45 32
22 26 25 36
16 50 32 50
29 34 33 46
2 31 31 36
42 15 49 15
19 26 44 38
12 14 37 20
12 33 28 45
46 19 50 40
15 21 21 49
46 16 48 24
22 36 32 46
19 17 42 43
28 18 30 18
13 8 42 15
9 12 27 34
26 19 27 46
32 20 44 45
32 21 50 28
35 21 41 27
21 20 21 32
6 32 8 43
15 35 49 44
2 10 4 11
6 10 18 45
27 19 39 45
37 41 44 49
18 6 28 22
7 9 25 49
34 5 46 35
18 4 34 10
7 20 26 26
1 5 35 9
40 34 50 40
16 44 31 47
4 34 11 45
3 31 22 34
17 28 27 39
11 27 27 50
19 9 27 13
47 9 47 26
2 35 43 41
13 39 44 44
41 16 48 40
19 32 46 32
36 22 39 41
39 8 47 44
50 17 50 26
36 29 49 30
35 8 39 45
38 37 47 41
11 21 43 43
14 21 23 23
29 14 36 15
24 40 36 47
9 22 11 24
20 10 27 36
39 16 41 39
24 22 47 22
48 3 49 11
6 30 25 32
25 32 29 50
7 9 42 38
2 2 7 8
18 6 46 42
19 20 48 25
8 3 9 31
44 28 45 29
16 36 45 41
27 21 29 25
17 4 30 10
3 7 27 7
4 5 10 35
1 16 21 35
19 27 23 37
44 31 47 34
21 3 23 21
27 24 38 29
2 10 39 26
1 22 15 43
4 18 35 36
21 34 21 37
23 38 27 42
39 49 41 50
17 40 34 50
40 11 40 30
6 41 41 44
33 5 34 12
27 33 34 42
26 10 47 45
11 28 37 29
2 1 4 43
21 10 47 50
2 38 38 42
32 5 47 7
40 20 40 38
22 3 25 4
25 31 39 39
48 35 48 36
21 15 31 20
23 21 41 36
3 20 36 26
6 35 9 41
3 12 11 36
44 31 48 44
40 21 48 21
14 42 18 44
32 18 41 28
9 19 13 26
47 4 49 5
2 27 24 48
13 13 38 21
16 6 44 11
11 29 19 32
28 11 29 16
20 19 36 27
48 4 48 7
33 36 49 36
19 2 34 3
3 24 24 32
46 35 50 36
1 35 34 40
10 14 17 39
13 42 29 49
14 23 25 33
6 27 17 33
13 20 26 22
26 29 49 41
47 29 47 39
6 7 15 17
33 45 43 46
21 15 31 15
6 4 10 39
15 21 16 29
3 15 3 23
5 29 26 37
31 23 31 27
36 15 40 22
5 10 11 31
36 21 43 36
40 9 48 28
1 24 45 26
3 2 4 15
30 32 34 47
32 7 39 11
20 40 31 43
7 17 21 20
20 28 23 39
32 28 33 30
17 16 35 27
11 15 30 25
4 10 49 18
21 29 22 43
14 36 19 44
7 31 11 34
45 27 48 28
23 45 40 50
31 1 40 24
34 9 45 12
41 18 46 44
20 9 30 9
25 6 39 13
4 4 5 8
9 21 38 42
9 13 50 26
4 9 12 49
34 10 44 45
30 14 40 24
47 21 50 34
10 10 25 16
25 45 30 46
18 12 33 41
6 16 33 23
27 2 40 16
13 37 16 50
4 45 47 49
2 13 32 34
22 37 46 38
3 14 7 14
20 40 23 42
34 5 37 42
25 6 31 26
2 25 38 30
10 39 21 47
10 13 41 46
5 17 22 38
17 15 18 28
36 38 49 38
13 1 19 3
29 16 36 32
3 33 50 37
11 28 17 33
18 33 27 44
11 22 34 41
27 8 40 41
9 21 13 30
43 45 50 47
25 16 42 19
33 1 49 18
13 27 45 37
46 37 48 44
39 28 47 39
7 1 17 48
6 41 16 42
18 40 21 47
13 49 27 49
43 5 50 23
11 1 11 47
5 2 35 37
40 33 42 38
2 25 6 40
6 24 13 44
47 25 48 35
19 43 22 47
36 44 40 44
16 1 25 32
33 27 33 46
8 22 37 25
23 14 26 23
22 18 35 47
7 21 33 42
15 21 30 34
34 22 49 23
26 23 33 35
30 24 44 31
23 27 46 32
21 10 49 38
45 48 50 50
11 6 34 14
4 8 21 11
22 4 27 10
7 7 7 16
27 16 27 25
