1155
583
295292
74685
617
1567
1344633
13
10
38837
25
23
2940
4114
1931
787946
342087
353400
105190
16471
276
122459
252
3390
889641
5
29
14
2649
4701
27
297
2
1343
1
2706
1859
224
319
131
1347
4463
2584
1475
30
1600
8
1509633
39
12
4190
136497
252622
329
310
15
1984
100806
12
209649
801
466023
226
2281
5102
36504
3181
400037
3537
486
7
26130
5262
1022
161
17
254115
2087
80426
27
819
5232
385176
468683
3224
152687
415
5676
28
331
4
414973
742361
777182
293648
4331
10
169981
79417
637
1181798
46857
527
253
530
372
47126
35805
263131
297
10112
6005
2591
464302
2603
1226
2384
7
7
2225
2048
1284539
731
1574
3458
37
311
88120
598935
430120
1035
162046
194
141441
525
9644
296772
239
941
323544
18
141
68451
158832
274787
957
393859
447418
2432
4833
508260
88891
995
30
971
615913
1804
338706
91157
51
17
5896
108457
30604
224352
682
10
11
43225
6067
1244
3947
4531
65246
1518955
25
319478
6
672
5099
4651
687146
1901
798503
400
2384
347089
938636
21
6573
398533
12
4520
222
3161
60
229031
320213
472120
3
2590
97380
191637
6275
56709
303902
174039
6
328
1273
458
332817
1151744
578494
11525
3483
543256
5
504
125059
623
14
281618
6402
1025371
280679
2458
10
25721
116
424513
295658
5134
2956
12371
17
13885
1110742
3534
228134
355
3743
1532
500218
363033
123
2771
3361
1069
130
209
263381
186442
121
1746658
553307
743
236477
4664
2265
6
84846
1166
7
334629
3492
3474
133530
562
17
357
765942
1486
42515
5
22
14
2762
1231
18
12
33
239008
691066
49841
824
963
700868
176963
84932
16
63
16
297
582
3759
38
1301
1270
711
11
4712
1867
30890
81
3
762
29547
31998
151519
454
21
167802
339787
326526
16
1899
16142
601886
5
11781
863959
2579
317292
268
177
329996
14079
3724
3797
1689
113673
438935
69529
550649
340401
15
36096
2249
44640
73827
2431
692950
192
1147658
5290
10346
4074
19034
102868
240648
254501
1042
54682
148
306578
379896
13
43688
2597
14
3639
29
11
4
2836
213203
14
159461
2057
171113
851
1410
27
257208
9586
1069
6318
280932
6
284245
416
328479
33387
1552
1313
2807
2556
81752
416
33
733
519
6
452901
16555
241008
304
338
284272
1059
14109
472648
1689
115714
184095
223447
95873
137431
1864
2306
3656
619824
123905
11
28
5761
2531
2819
38
12
1612552
1076
61792
135631
1272
1670
61552
274721
618
251690
204944
81
378487
7944
113
1421334
734
1057992
116037
178
4640
2179
1016
2495
20845
162744
1811151
58876
6951
5459
315
10
2497
3683
103
2901
2879
1032
4305
323741
148422
645517
97320
18079
2
4872
104222
28245
2334
732750
3847
231
58211
2625
2663
8
1531
502
17
7
2701
179972
722
172691
494960
323522
7
239
106119
2
768092
1387936
510
4126
660409
1172795
401839
3837
206301
3667
30690
5202
34742
773
268320
2065
3756
1974
449
779534
17
1254282
4248
329043
9938
5165
1154
18301
617576
4403
78185
1731
242066
5336
262217
473
189710
205925
1058
212
2695
62058
170077
942
53143
310034
199816
426
1348
21
4847
1154
733
1359408
1063
23142
16
167407
103
243
3707
376171
3803
28
363
140336
143891
137282
446
6
297714
470
4
3198
22879
6213
809709
2612
1288
2680
554720
1316
93399
245645
666860
2799
3100
1320
553
6803
126178
729
1446
96553
1616702
55918
2850
163411
307128
85783
243966
1344
741143
8974
4019
1855204
2111
124181
198609
210
4501
1018511
664
2095
1156392
18654
700965
929
49246
171178
24382
10
316585
157331
1785
2434
3894
251590
12
1809
1529
8643
197813
12
1948
2657
4419
3579
537767
1783611
358099
1697
1
4
262
4627
889
6833
4503
3099
265271
490647
3510
11
9366
1840
2165
2
1754
282
34552
50484
88809
55995
1169918
129387
72553
661
28971
4796
794
64
960690
15454
548730
2790
6877
6462
414305
3503
310803
3970
19
328748
119659
363653
202845
63453
1278
47574
328490
339442
2982
141377
3063
299
542115
21273
26
219204
49162
3349
813
2694
70043
11
70903
900
40539
2368
38960
273083
430860
958050
253
2
3396
839358
380483
446386
389712
49309
65117
361284
23428
4384
7790
214998
84949
535
660
63848
76133
89867
617522
790
618180
4334
5
516836
528357
674300
154655
1399
1483
311432
14
15
1419
172692
389316
38
911
4182
473
287
454871
341887
5028
122
2379
5735
3748
59200
2
568030
18
96855
477
23
514
908
3
154724
8399
892
772
594248
962
175859
6219
178943
193943
362
3840
729
18
158491
498
10
111144
207906
744
340
79562
878441
813
628
4442
364
28496
130
214636
396
2888
18
136
21300
78
860
84813
2623
355
6
890
1750894
1434
2417
109719
30594
1752818
3369
13666
89
917839
297
2887
694887
467597
58354
1890
2398
526581
969
787645
1019349
4671
184895
26023
505
3754
24441
404401
57251
16
2725
10656
210220
1852
660
1198
46686
116
1541
3927
667
745805
8860
281671
1
2267
455235
4879
489
3168
6094
1793
11
340561
1592
76988
9
15
94418
329272
1276
72018
904
376
7025
35298
185901
14254
8055
1424
3989
987
1889
867073
9801
1465
4712
24
19
1126024
164969
1636
1866
1633
2841
466208
349638
592
728
124310
315478
380066
126416
253277
5572
242905
420101
145707
2358
431727
163
923
384
1507
3170
45432
2184
7777
373
1226
158
2299
52873
7192
23656
46445
40550
1148
3180
4789
33
521
2310
1106073
14931
664334
245
548380
9817
272
109827
1347
588993
1581084
1688
3223
941
1878
2024
1
1458
1770139
9
2023
36319
5
223
368865
3811
593093
4022
30057
120
599978
34
1627
1866
1
427
3857
5746
1063
160099
432154
1541
306816
1133
4167
70
13966
1510
27
34722
209390
30943
39480
26296
16146
1741
697375
367
2603
40481
212
128142
263119
41757
3362
947
509244
5497
295
312930
1789
52871
417
2655
7407
1352
553814
1850791
60657
1
24
4207
4
684324
32051
1348
17961
783
611528
276426
1374
83997
37302
250349
1653
151
71790
113744
3564
3818
2426
116605
1586
15
29
3914
2761
1837
1724
10
21255
252121
4307
67138
823
570600
532
670
170552
657197
13478
4
1391
946
2115
640126
842811
367616
1
303439
344071
222
361091
12
244991
36129
592412
4
15
34
57
484715
216654
4258
1672
5418
310700
106154
3826
1152143
3059
2220
1921
2950
1260
712488
1093
169
168
143584
1625
31
467
1460
177
622
20066
13
916
74307
681
261176
660238
2347
4489
248282
26169
1053
240070
92073
187091
138593
133
83966
224
286
1462
34347
491908
5
1500926
36368
1773880
195571
464817
835332
227811
2243
25727
29
1761
23007
357731
4760
660
4642
3335
4628
124973
1246
2535
596655
12
1213213
5988
1655
563277
533715
1927
303258
2108
1442
766676
2806
38702
793
5681
5501
4833
912
4333
13379
9
5
4
2052
1231428
3319
86377
3715
5
4728
1532
234
272781
3790
360360
40535
1580
1578
364262
1944
716
33
4500
82271
324
118965
105937
1022560
1766
2
11
80
762164
191173
471
1666
486
977
2
2622
8
806
15
14848
674
480640
365774
75
3937
5156
204833
815
899049
1067
167147
2244
46060
9
322985
256082
341627
44315
10027
310245
29
194418
98
101426
863
5260
103408
1620
107
3040
103
6
14
3054
4
16
901156
5
1534
442180
6344
2347
90405
20
72335
20
516
526
3
28837
87079
174807
562
47873
222246
80661
1099
1074
204426
134
2682
117244
4
857
1368
166132
357514
285494
2621
64761
134
298
601
9091
7
3092
527
397490
84790
4
46006
5844
66942
3109
1448659
31772
7
2268
505696
83088
137877
804
4787
311278
4421
106678
4493
163215
451782
134348
2409
21
645
347154
111448
776
883
1045
1501434
12025
33780
527993
367251
608368
634845
346143
119800
1902
10
106925
31
723
198
3788
323871
728
720066
1247
782
1219
244
16
1269
2186
19
1946
1281
13
14858
2608
1339
57256
2952
23024
178867
789172
39757
702
3489
78763
977187
1349
983
1408873
2527
216818
563711
240427
33
3121
826376
550508
491342
2374
379
688
696
1036611
1562
132
142061
272223
147553
1177
354801
1195
30
594599
138622
214
340
1362
156549
1464
289
647482
18
1350
4956
26
8020
3913
204
4419
1438
110
1410
562
445
151
1292
151103
3859
798924
115192
497580
4
348193
238844
4937
766
146
977
660
19419
1868
217
162215
22
543373
5
486813
90680
5358
784
6529
34
881
1477
506
73
2467
149161
2404
241370
1830671
7
896
496038
650
593621
2045
4308
252049
56283
26064
1243
3484
12
263806
365
2016
598
949
116
179421
5
420
181961
148740
1752
582
3271
249230
502
4031
987832
27729
908
147209
18
2
45864
2063
292806
29641
1630
193
419237
1075
670078
1355
503116
180701
143172
200
4430
428
1064763
203
1559
5
836943
538559
465
222510
6014
1002721
329600
57072
336274
66200
1143
4
3498
3662
252445
2641
1649
2432
267
784
839
5853
32
295
346952
280906
7
19
6795
2388
574474
14287
173202
11938
14
1517
1097654
111954
1032
4150
13701
123
6
646
7905
9
322906
4
193874
224962
5247
16
250
1182
1570
1884
3391
450
3119
1655
260109
5
351644
155482
673
2
3677
124
7330
17819
10
86230
1516
695
2784
899
222
1505
280715
4810
30
100422
214
1632
484
5479
27023
179170
88397
2623
1952
5309
48974
716
977154
52832
1527155
1434
74055
162446
46116
628
607389
24121
1480
3171
46291
9722
302708
50919
456579
92314
381687
6
108
4863
92147
406513
1329679
482175
438104
281
815
789
887
4776
229061
28
58342
5636
805
545314
4659
343611
5774
468
287906
1191
2032
10
2938
244801
1
46967
1140303
3852
109080
187467
729
5
19817
653
529697
4493
977009
836804
309705
217
161083
20
2194
5
63
100521
11513
673
459
192
208361
405
474033
1314
55555
3
61377
112
834
437
5557
28
30
110161
818714
3508
478053
470510
988484
127859
90140
695074
2817
604303
1098
241
195
720615
271751
1245
92699
19
1983
31250
41798
889
1
1530
356827
1859
2955
449
6092
1763
5
1602685
8049
36
441395
562
63882
3310
485
194408
7
3774
4274
731940
20
197238
2226
341687
1425
1388317
343
1906
35586
7
11381
606722
1287
341
2073
3427
270879
43
1264
39959
448
2563
926366
3239
163988
589
116374
175998
731
457
202861
271
196531
30
3268
30523
6073
15
189300
351
4431
1635
3373
475969
263635
409507
362505
165
1021
155104
112255
3474
267647
17299
580898
3282
8138
231193
870366
194870
72322
223020
2
8156
1039
15278
2327
188
6536
163654
235614
192
722359
812
46197
934
6
269984
1451
706
1699
508
974844
28152
6062
93648
4
2644
781761
48
12
1229
197409
2467
457968
14
25291
111
78689
2222
40
14
2
638472
151588
531
3392
137941
1718
19
66584
170443
43722
95
88166
34645
1612
846
67595
4022
180343
9
21
6654
482758
74577
31946
12351
100901
1364
148
2866
422577
5
187553
2703
141349
958883
42236
6
5237
11
3783
49
174171
12
18
16
349014
147793
1577
257
3007
44131
2789
1962
533733
224
93541
268
103497
179807
36
1468
167
11518
1347091
3593
1655
543616
107722
2320
1416
794
2845
570836
474769
774
59153
122516
1740
119578
71704
386
90747
155910
518
3274
9189
1665
1491
2225
994
2042
756930
751
403
13
2680
1609
2236
859
2
3035
195867
1099282
255057
384947
11
188949
7850
139084
1973
602752
7036
890946
477
414
290054
11162
828
117650
182003
491
1786
1752
2075
1931
1373
1577183
789
93074
207659
168073
97043
67529
439134
10092
5
94355
458352
2250
1332
15086
265
530220
913
1694
1750
81950
2176
1178
42469
170753
3992
3
5
1549
5179
205
470
960120
853
94944
366403
1060541
3424
360
126202
34767
3736
349371
405
3993
44
2878
108
49640
541
622
838
1791
3298
353
19
576017
5384
308566
10440
94987
38
2551
346618
1128
5514
200540
514921
894097
5076
100934
952603
10
918144
780
14682
300146
8298
1710
716181
170584
1788
1035
693
218
22
959
1659
85902
2336
439989
2090
300823
126556
652
151030
329
682662
3622
509438
2109
1154
46821
87470
97569
22
204096
166320
89321
5885
58271
28833
1889
1496
745
1120
295922
738777
89140
5
6214
951927
299899
1023
64065
1820
2776
220823
1097285
1346
2559
3566
692989
356316
886
30
511628
98473
5211
1824
3745
625
323253
199852
3258
105908
107464
1415
717075
4137
324
21
62
267816
155515
2838
999
1003677
75122
358
22312
486
2086
171418
19748
569
6470
2948
2282
147421
5252
308674
24228
51761
3
176732
785
1515
780
837699
387036
1403
447
145
9
1452
2885
90558
2442
87643
5326
194003
1168064
782701
8734
47701
78
47915
563
281885
1324
317004
4
252730
314583
685
287673
439
32
3987
43982
1298958
901
1351
119423
633999
10335
3184
866
676
30567
684
363489
1000272
139
2184
268379
42991
4922
69
44
690
326268
564039
182734
69343
81653
280
1095
292995
151898
352786
11
259989
144805
838315
7734
77647
12
1856
2805
552062
179821
774713
51540
119589
38
1127
2743
136091
18763
1611
371
549457
20
730277
402084
2
130737
752
240
359
2
221
191523
2271
105027
197911
1675
608
44817
1843
792
8908
75137
1619
846645
271579
1990
29598
356342
77517
2684
5902
5168
618058
532169
146123
139864
8
95
2785
180
1311
255421
57133
276716
5
703
654
62898
1244
323582
891
842584
216592
1981
450309
3567
2182
7
287749
1495919
103013
381312
273838
4
988
558019
12
476
208
30
399
2222
540
299675
5215
232
153246
2003
210175
4086
886765
1025
44014
4323
140041
335
78266
6344
47610
613
6
346742
12
104300
8632
176847
301270
513154
7669
9
125173
8
561477
10885
4236
2
853
125402
93
141209
612
2975
1154704
890
1792586
35553
678009
5854
1188481
185448
344
6
142794
118
417
86
8
394421
225825
947
24
2835
295309
932897
574485
4773
2256
78467
5
622671
8770
188295
709
258483
74705
9
10
6880
937
16
1000
1400
1718
191302
13
499589
248
2414
196818
10
79671
148
130
306101
1671
3342
75690
778070
594
228
6049
81
214308
6202
209130
1069
11
450650
2369
3052
628
2878
113092
152424
6
5627
221
108435
115393
1102
105451
3192
49414
593
30482
1100
300357
476842
72640
3618
131696
35257
490
3322
2394
1723
3216
6615
33
2354
5072
413433
136783
236
1543
9
7832
1068137
1519
178
1094087
6312
101
457
220545
1361
1731
282495
3952
181421
424264
25558
4585
4395
202825
672
6698
33940
884
1429
1727
1033
646
18
5153
16
17
563
415015
389579
488676
302
4455
5
108950
139544
3200
5051
141833
232487
354091
628642
155096
56132
56669
263
1089
8237
991422
22
1776
172556
15
3921
57414
86190
316
171662
990
2275
3685
904
186918
2109
406671
270
252
1072
29
164473
294
756205
1027682
35836
998
2343
92467
185427
199158
1266
674564
2779
4061
46
7240
6
2
644329
35
83418
550505
4566
2275
328986
198811
1136
11
9
470531
1848
68926
192
191840
12082
462
738
16584
3579
725145
73
70835
7
368335
2765
21538
491
3488
11
4601
7
28199
26
738
381842
46558
949
3140
1790
312307
355041
243595
1307
1735434
740287
1248
178081
1
849
214216
191574
310
1302
688
1423
6804
359
5626
30
67335
2900
155887
6217
37030
911242
390
62462
755563
2090
892202
3
126
70265
89599
2620
2667
346985
43
242463
397201
14
12
7
26
98
992099
392218
450
5665
768
51
49959
342
4
910366
1319
837
835089
3917
7
31778
2426
625
27
750866
319744
2579
729
515
5954
813036
335200
164
63309
2951
6621
745073
835
40
6
1364
1
3782
178923
1978
17958
157251
533287
1268
6921
2982
4156
40
158444
462305
263
546639
5740
1893
133713
6
3139
3417
4
1150
416455
295818
804242
115
97
214827
1315
150321
5231
864
2
706
189966
4579
10084
229710
3543
3830
3813
31647
16
282
427
1027
861
13262
1179803
1267
345188
2719
1387171
5
5
269
129369
568
704975
663410
760748
22
3182
293692
390
189763
3465
329045
768
58167
709
240324
6357
161822
935
177486
27
3356
498264
756
9770
3375
237417
121228
13
40
2621
7804
5499
26
939592
188788
394
437
2963
7741
230383
659203
1448
2625
40
131
827371
5720
6884
252847
398409
996
477612
53569
1281
29
15
761403
24722
2551
12637
3705
5
3183
1807
107588
659892
84217
1713248
9
301
440651
293
205
906
23
3705
898303
194
1043
2886
117527
4152
161877
334782
9860
924365
608
3071
1382
1456
1213
8
1014950
475052
706
89445
267982
221507
2074
27
272160
697
2700
270707
226240
6
705122
164678
4226
1191
1811
212
1121
10373
939
30468
1178
14033
122868
205
335091
3
27
6424
1529
270486
1731
2650
870
193467
6464
544158
1890
9
5539
7488
2963
2738
3996
618
163881
506
1366
1088
207
1973
152728
213580
473
4209
1247
3302
2506
1814
17552
547063
202
3641
124551
475925
343202
6452
508
774986
508859
4768
2251
235440
306
18
715790
106344
12
2229
82650
622370
335
1761
8900
876
6592
3035
66322
1434
1443
635184
2634
19
324554
674649
1715
1277
77357
10204
290
136582
982120
2171
764176
4
940324
3066
1467
923
4755
1301534
314492
1599
944115
3310
3304
4466
366
739
400
110057
2
234291
2037
928332
9797
1079
320
173370
381
10114
197
103505
1069
1094
4942
26159
1166
5523
195
2409
444
285011
14
5711
112
3510
891680
3618
4807
547
70439
49846
69306
85580
2365
3193
26276
4374
8
791
25
1753
944
1332
3875
21
688049
6
3953
239128
5
1160609
915
19642
55132
937978
509486
224
1762
3782
357
2289
152041
2731
479
3905
9293
1466
298601
130811
8733
24
124
61635
105172
5034
1105213
27
39962
8
614
248090
3321
74526
18
5624
219
435
158903
3775
682972
9878
7946
137822
3385
112880
716
789
15238
41
54246
938
9388
2274
597
139019
828
1043
7
3664
1203791
136
429
886
779366
31
326200
3916
9
258426
713172
108264
5965
2991
535604
30
3850
537
226
688076
131713
22
43281
133471
3752
6
1501
928
626
808
249222
3
179299
447
27213
150338
104830
114932
78850
15461
1158
24208
6356
1400
2799
346768
422941
134514
137883
7748
8056
5299
3383
715
196
7045
1463
129429
133605
491
9
9
683
238371
29842
2
6
7
1709
43
153340
80210
1007
513764
183
600
17587
1150
188079
1972
804
523819
4963
47321
490136
4194
236
915153
312335
1089
3461
58216
4896
19
605
1035
339676
639
16
653231
1270
229922
282
399505
466
5119
128861
346
8203
770477
37301
569391
626987
1798
3310
798372
488
997
393302
123348
7
886
1372
14879
625357
1364
1382
9
5318
400072
651
5
580
88131
3425
772
2977
39089
6
2994
539267
120811
26707
28604
58
2863
3285
149223
807
497444
787372
750629
59006
15
7525
28
771550
2730
5719
1069999
4773
23
190093
3000
52746
303
533632
1479
5055
956
25
565
151531
95331
267189
266531
4
7498
894
1146
77918
26087
1057038
42757
1703
6234
1021
19
1897
623154
2
5
9
181741
277919
15829
33
4386
2961
313136
4635
3397
419
6263
2098
188384
766
63625
11
3303
134666
4952
561962
5798
3307
4204
49
4316
6671
667
1253
1054411
111247
437
3526
92
1941
575
5518
121755
6899
892214
301985
165
200677
1799
1
357834
43585
72043
27512
1132
1529
122597
45689
1866937
801
802799
2935
5754
146
128828
974
1017179
246446
189602
512310
271
432995
1155
27
20
428206
416589
2346
2687
616023
205129
1892
673777
426901
98813
388
441053
136799
1281
30307
87308
750
32
1754
156132
453944
38
561
533507
88053
945028
572230
3606
539291
1051705
6018
632404
67181
17183
1873
3798
458649
450242
164230
52165
14388
11321
2872
2117
1001782
729550
3233
51
467
5286
20265
169570
379
403
591662
2415
139975
76943
15
1834
1339
677
554
30686
352981
11
174506
178792
1448
614552
564811
15
1170214
57155
34
1213
1146
114374
5226
210084
42376
566465
1085
250604
502
245
100966
1810
408423
21710
2660
99
21269
22350
1356
29
418211
2051
5532
407590
74409
8386
1646
78056
17
553
2848
2066
804
32290
1982
68506
510
20
154
90938
16856
85
3599
718
971
1048
408652
485473
2355
1355
41
154946
96500
3
695
250024
741955
375
4649
2825
1136
101496
329
52146
11
623
353632
231598
119564
940
923170
142282
225563
4866
336884
5388
252984
763582
2470
451948
304440
1064181
104
310
2300
7520
298640
3270
4661
42
1787
721002
1035
219708
28
1080
705
8
541
1425
22866
1535
27652
31141
1328
10
1260793
3996
906
405762
924
716
986
3408
353114
19
402
648
86327
1545
97
19
574
1894
68879
248279
77
1129
1484
166
121764
9
148850
211282
444
77031
614307
2721
65454
589090
23
3245
1669
457848
241
710334
94784
2360
2597
154783
1
33
1385
1119463
6953
3
2110
7
425049
221959
1403
3214
32
1442
8
184968
3008
898
1
2215
822486
806
12
506
1657
134801
14
1695
24160
112929
19883
27
82818
323
15809
4347
141954
396803
7418
5
714368
113450
1895
37
101943
4
1109666
78280
41
42183
880423
3843
3608
53032
38045
373690
1236
60113
2331
494400
18
1145
1107268
39
3310
313
2896
12
25117
3336
1052
690
122
29
6131
1664
2596
32578
3344
9381
55720
17777
85187
42058
260083
4
1769
180113
150960
81118
3950
224780
139750
27
349408
1713
21629
5008
138
1608
11
3183
1248
345321
27
163
609
177253
1348
22
361
38589
4639
29098
135519
14759
1270
721
18207
22673
321129
4022
609285
173584
67513
722890
659403
683066
2370
27
9
1474
3834
1038
409009
19
3237
72198
9
94090
2214
599649
7186
2281
235387
2796
878
5884
3867
1845
544912
48169
1479
345
2141
610
30
1336612
240105
13
173
1955
4556
358173
164306
3456
275996
5469
339092
5
94910
216864
93
1348
182254
2181
5874
20
938
803681
2159
666
209642
164740
11
10485
114235
181909
2
94467
2982
1589005
7
2640
8406
531
902883
183296
183083
1491
602
281293
1481
2574
828188
2041
485869
75586
627
921
18754
359235
2401
807202
3317
2549
80492
298088
14
2271
2806
2144
1694
11
349488
3
1116
282087
388643
334492
2479
1792
485012
92985
1609
449
834548
12
4320
4790
4043
49098
78179
776705
880910
1946
46
4572
1206382
2544
1250
971
1910
629
12310
23
639
179
340515
1838608
205721
43217
642582
3315
184758
18
4895
2395
50607
194
85488
18574
4098
208954
4788
361497
890764
2701
2563
4
53
991
547817
11
47467
430419
4
3357
194119
7
40
840
11800
527
20
5
5
324346
321191
56415
400444
305521
14
17
277827
25
491787
22067
317583
10
1645
4
67735
3814
134775
90434
16
996
68384
19
2662
1667
121416
335647
442
310224
92457
706
12
108130
289
47402
93886
3189
863
330
15
192194
734681
538
545418
2654
29
14
334353
459874
191634
2168
318348
210
425330
2
11238
13
13
598157
10772
257
421
3061
1583106
166965
742666
866926
178065
723
846
5523
243264
4682
4312
747037
1356
319662
274
545637
4535
257
7
1250
93288
6961
286
564542
945
316876
424
12545
59694
344
25431
683
61191
869008
86479
2
4
1452239
52689
11498
510055
11746
124074
387
1250
1273
384632
140500
625485
1194
2551
295
638
1535
194043
25
391
690
147472
856609
76713
129040
218055
2243
1160
2810
994
368736
23
93445
1804
3370
216
394845
493101
428035
94536
781241
28
1715
4053
134
9
151198
91550
3117
757
47
223889
3108
5
195641
32731
5
6178
1152
111927
426
2
5053
299
18
2396
630
13263
2723
806
46538
2114
3632
1061
25332
22
16651
2
2789
2428
3053
217
6027
2541
7859
3290
1718
132165
3923
1
114088
2018
136451
88150
9000
461328
660
20
25
101464
5365
454
513447
863
1776
134
3542
956
992
284874
912
1276
380
6549
156456
404669
9575
381408
598
2905
6254
3605
85674
515
3675
1713
31634
880965
79335
190470
40
2046
886095
31254
2571
4504
6942
3317
17052
616
3574
63823
1627
275
901816
3750
865273
1650
1529165
103955
61067
1671
14
220609
33271
187121
50914
183148
23790
293513
1240
28
123152
5019
5320
3
1122
106844
98548
264233
6546
573730
728660
237442
936291
3072
618333
253
561845
1435
26
181887
197936
397452
817
3505
1016
100620
208002
5
134
93853
99398
1092
3745
6126
16350
4943
153411
4
687961
4449
957777
445
1248
5853
139840
8
134
300770
138486
661825
164562
341
2903
38044
6834
1155
44035
1694
5705
611
631933
651067
1026297
11
2
1424
798206
186310
8
110
462143
608875
6
5
433
2
48833
548928
80209
12
734951
1913
51
742
2354
68
1784
76619
2965
1557
1213
323
919
588
1622
979
1
185087
249762
231068
37969
14
9470
813037
28614
20950
4915
1782
186308
3298
786
1441871
405541
350729
520
475
1949
6128
2815
514758
626
75421
12987
238549
646982
319
702
686990
226
2012
170028
176
120788
10
4554
45587
595040
152216
4152
311875
954
22
308
128230
546119
658
4236
1253
2531
568
14
643
694
176
1118855
114
10709
985
67652
241846
1070385
11
153443
241
519
1256
721
180878
25267
15
2068
301383
33517
30
309552
579501
1022095
11491
21460
62
628
2446
13
292143
3
6607
919958
2941
659052
1574
23327
567217
960
14297
271717
43441
102666
34729
15858
1956
153338
576
1302
590001
32832
435702
55758
1012124
75931
786
369183
53330
591
26
9712
183003
2767
8
1017060
24
80
6
3114
58646
1358200
484895
85445
1872
1079
107293
80667
5761
340436
1208
6069
183800
35301
750050
1185
184
2
8090
13
178757
32937
1191377
1871
286177
258269
1376
409
3630
2000
9
238626
35742
1295
417
421
256057
277523
21
5667
3112
1431
2349
2298
727005
21
367433
344765
88570
1655
12101
110981
301
28242
1392
785
2153
30
187948
681
714
154145
190
761
206121
245855
290871
463607
992
4196
190
4548
153124
531906
130292
988639
267
324321
461724
3617
547
17407
1115196
9907
17
15515
2167
9
1050
102868
153377
550526
2368
386213
285206
971061
365
621535
7
5167
429136
2373
185197
706150
211325
45051
377486
991763
50631
839
1423
946563
143354
35
5106
84
39208
308
14
422282
10
466
713
230563
55382
764
13246
238
390017
9641
46981
585
5383
7758
257514
40
887
636
51242
3095
2238
832
1561234
322679
90817
12690
1665
263354
1587877
112773
18509
83891
282085
5510
2716
30
4007
1275
225612
68766
452328
2269
8
1938
967
171810
195290
202
35
1398
9247
2778
85680
1907
2866
9704
284
2984
17912
5011
73
133035
5236
4
5024
28009
17
282372
47
2078
4274
353
149849
1736
644
786758
4798
1517679
20396
517
3011
17
775738
10
1669
595003
1252
4160
255
15
1620
1539174
354942
814978
3358
830723
485914
1006
2060
74753
5775
5247
39774
2787
226836
1276
23156
38933
513559
435275
8
336818
409984
224297
62130
115393
22
614073
655
228
137
2000
836
296213
522
253
4335
596
114
32
1972
17
1378
1530
315535
348083
11120
151797
114644
7744
382150
97018
121
43415
10
1397271
15
540858
83
105180
1266536
285070
522780
9735
324
182592
247936
2807
824
52713
30
1003
1358
92715
310
18532
4136
1033
1168
180
43498
424
401802
1852
699
83852
6755
72325
398345
3161
67624
35723
497
18
1709
561793
2599
174426
65
5
973
264544
2474
5684
225188
1320410
126897
8
7912
112129
3336
793223
414
6779
2755
1364647
3496
857
407305
44
1279
2588
84087
211
5070
981916
55669
21085
104124
6
220808
332
356
1360339
2698
547117
4927
8
309
513966
181056
626
715
256585
780
210598
439
415331
1478659
6791
487904
5971
4259
488706
73083
110377
338
3588
1590
8
2080
1277
252
600
424930
6731
236220
95670
14516
104180
563677
2
1015
994
17971
11
2039
19711
212958
1940
3
2880
2793
2213
12
133879
224
1149
1903
490806
558
499241
200232
1411
2514
785
2036
146622
149168
122769
1408
341475
15
12451
14
1457
30048
43503
605
2016
7048
1298
84558
130288
1547
160129
156566
2235
139035
1371
18213
44857
378
298
1004
1131
230444
1004
2332
27935
36716
2171
2
18
3938
2349
1046000
237260
14303
568810
1005
2541
145250
763
3570
5
198353
142374
1610
395535
18
414
418449
148246
306164
2685
4036
41838
1101560
831
24
680
564
531
10
5101
2055
952
545
8762
361140
255394
333
112501
8
37274
540000
28179
1790
67
1167
619893
57799
94916
4163
120299
739798
633271
711146
766
365071
152749
6
10
334
33693
135483
477
3126
1755
1585
2125
1238
9
3021
133183
42594
6
7177
328
492
528802
739
366
6179
422
200586
108973
1661
5419
39702
466547
7
232155
574132
736885
4492
891
1018
350066
3261
52911
135974
695134
2779
218669
1
351969
1534
7909
3084
599904
446303
1338291
440363
14
20
281
6547
534
1186541
8
1404
381146
206438
10509
24
17
944
312370
109
697
2033
646479
1809
298816
479225
421
387457
4010
818729
239049
60622
775
27566
627
3
63964
2588
3737
38360
22
3511
70197
87744
685
184
284005
4542
904
4265
882
336675
365944
5872
230530
467
15
8
1147
316350
2079
2138
2069498
230281
380630
832619
153731
20
378
3
655089
3012
219
1571
241281
144373
11617
66090
165248
274453
269814
150
2846
705950
1088
126485
3863
3602
483
1177
521
1262752
451921
362
249429
967
291311
905052
115399
17089
2818
3606
26
2770
12
5838
777
79335
235666
2009
1244
172952
1431
7
138116
573
134901
5
26
5166
1736
1156
1084
4428
2172
658
3372
3694
255460
1817
27798
1073384
2471
183956
3
679157
1050458
316553
247863
5176
130
7
112497
41
520355
2212
1751
3257
2136
