164
81
225
391
113
14276
4443
1915
708
17787
20841
9
470
7282
13535
1254
15554
263
31
632
95
872
992
12
124
603
110
512
8
198
23
338
1149
19106
100
1080
1673
5980
306
812
34000
2668
11859
6198
399
674
894
46
1149
14875
15490
21058
9
605
8795
2794
655
6446
259
5280
15803
65
21868
24035
1439
593
8158
260
10
12090
36111
529
435
3485
10936
645
4709
3782
1642
6737
1090
648
4206
16514
6276
125
14
535
14
1880
128
13619
465
26338
5242
1954
257
495
6
39113
939
750
202
3
1484
5
1098
242
663
636
2000
379
25
17
739
11
7354
11207
96
12434
1352
14645
1325
8310
296
28
504
855
528
1290
104
136
11692
4957
610
1197
6953
1966
34851
42
9987
3469
242
688
10
1948
8293
53
20
11504
202
2680
1522
36885
209
261
25490
34
20
12434
2358
23
23911
3449
19799
802
2756
8690
416
9484
1015
388
399
6
19864
8356
80389
7979
866
62
536
1159
7615
12355
48
3079
6171
30718
31
669
148
799
419
1201
306
1024
19880
90
994
10369
1634
27733
3295
5
27
1278
45
1192
700
164
4864
114
105
282
638
31
15
14155
7607
279
8
8610
6011
1957
27854
780
18
294
27442
43094
12
11617
17
64
354
361
374
7023
1568
311
991
8741
2854
1
1114
10905
6335
378
16
300
18
99
25
40859
142
741
1067
8667
5543
700
9921
11656
2244
46527
24006
1047
206
2477
3752
17537
1311
258
10224
6737
487
95
68
6793
427
396
2219
94
8018
11345
44
38644
4333
12
13
17273
726
324
284
1231
173
14742
18670
47328
5158
150
36761
81581
4978
1805
11618
256
613
61
2
18
3161
195
1528
11255
86
26597
136
3277
50
141
305
226
600
57254
828
41
20999
6723
14298
1281
42256
6261
198
4864
149
233
6487
782
3050
96
1155
21
20
19080
13
29899
417
5785
952
28
225
11969
79
143
19879
33849
3529
1581
651
20626
4904
50595
513
425
252
768
13
12884
25
1506
16605
366
85
1323
906
4376
2557
112
274
1216
4
1255
1142
31
37
579
12265
17714
4759
11781
22547
3387
1182
9498
16
281
5053
1269
87
1917
1632
402
93
16401
160
578
233
25
614
669
235
313
41
12218
9
6327
6178
7
928
1401
1038
751
6322
37
11041
15959
26
324
617
4997
12467
18203
4793
114
20
22986
380
270
111
542
1503
8154
1071
8278
9707
7
6424
5236
510
5
48
843
226
4
191
193
44
21363
1177
39
207
1332
96
618
235
313
262
12324
323
10838
4
1055
4665
6924
13775
1814
291
39
1070
7045
21
12921
2256
17188
1436
10119
214
40180
208
53020
8802
3066
2643
646
13
35026
19353
31
110
43395
612
7782
207
68
2672
263
1827
39883
253
293
112
390
450
518
10648
570
9
3759
38
325
12906
96
234
1387
14793
6407
9185
10811
40260
24557
5437
470
26829
16
1931
44791
1157
2442
651
15
8588
181
280
591
564
12
345
7796
40
56
193
671
1464
826
1
2677
35
14
203
587
3522
5841
1262
137
12772
571
15146
15467
27
516
30
943
355
350
3823
1167
898
178
10765
15
7036
331
109
4038
4966
1512
251
1037
4
474
3240
742
1831
40631
23749
29899
32426
1425
6
30567
170
7293
8419
14017
9
421
580
657
14916
9807
11419
7
23
47495
46
5
2
2636
3619
509
22
494
44
188
30
165
14689
12331
380
5714
245
20
7
44768
236
39
58843
11
205
90
414
3092
156
403
3076
9826
12776
194
277
23826
460
517
31004
274
630
39598
497
297
689
1217
2029
325
9209
25996
641
8109
14165
15318
1342
3172
8
2330
7
1431
1512
308
944
32761
32321
21058
442
46
51
1727
59
147
3730
30955
4
12449
2088
47728
13
3
25123
3511
623
1
162
591
26
40
5
936
12759
6881
20258
2231
45495
24
4387
3851
216
29
1188
14065
38
861
18
856
2682
364
27
764
165
24
51
5603
17091
355
10733
1791
17
194
78
1386
86
6
25
810
345
71
15358
805
1338
588
650
524
3003
30369
55
31
1943
3325
8199
850
12163
20
12051
38
10
310
663
31867
62236
4780
39610
71
32
9056
121
4
11741
5298
7199
188
136
638
2484
403
10
823
7799
847
85
89
116
4021
8103
9004
166
478
45736
459
218
15000
241
654
2855
1515
13760
860
11627
45
1666
329
18
279
13
391
47
146
382
24323
30741
13
21
17
22151
34677
14397
2485
11
536
4887
63
2012
3466
2712
810
330
21103
22805
14653
373
13
1006
343
3144
548
9931
3524
40787
530
35
323
3430
11943
5532
2260
64
19426
111
918
3825
643
602
6
34
48411
241
105
934
29402
1474
1049
304
34731
20417
18443
3537
13730
34184
2310
1026
6
376
1247
119
4
45271
547
1005
319
695
4756
6
893
595
10
43587
757
8152
446
3030
30946
119
19
6422
858
20212
1723
19
49317
63
1033
576
531
9
31564
14836
348
307
282
907
496
10126
194
9892
1306
365
87
241
4210
35
18385
104
9
1312
50
27
643
539
24738
621
1330
237
248
215
26398
300
33407
32
435
9496
6389
3286
531
9639
1131
13493
44478
64
11
56411
32674
237
2
352
19112
14157
123
8258
981
3404
2285
15963
251
6681
4294
7
211
28272
79
1342
1849
584
35
6837
19
6
29
141
290
2828
471
311
419
45532
382
1483
2978
874
23
545
30
768
11628
87
149
14
355
18119
63
865
33307
10013
50351
87
381
186
22017
17083
44108
1641
40141
465
186
616
649
463
829
84
345
572
8069
110
17053
18292
126
14684
16171
146
6056
323
231
182
859
21231
4846
2811
38527
20
1092
30113
414
1784
6
58
15599
1005
12
433
421
41570
24175
8612
3
12291
392
3321
5181
249
235
23362
21996
22026
3701
31
24604
333
30780
232
15324
6098
13550
5316
3037
867
3255
8
100
15397
1036
896
188
1125
39188
7
513
2551
4657
4405
6562
353
811
1341
2320
4968
976
748
683
5243
3116
259
181
831
22
278
51397
2281
7
42
213
53
3
6589
37575
564
293
387
202
17
729
1648
240
2337
2371
207
11221
612
7918
12
1594
25
17747
285
28865
33580
11
3416
461
19
8709
9337
20
17
8100
259
335
18
1253
17661
351
638
1998
750
533
26275
582
414
5099
19025
1376
555
285
3175
6534
604
1232
6384
952
1301
13
10208
697
20629
254
163
14
1417
14025
13727
20621
169
38834
112
5
713
661
801
11
298
9526
9084
430
27184
18544
53
11
61058
779
5561
4786
11741
332
1
9531
26723
181
104
3770
1455
4526
1266
38367
8
311
9141
10182
146
372
17607
242
10478
21
153
10729
26
66
11714
45573
168
9877
1054
2927
511
2389
48569
57
957
11092
22
10126
10514
30753
51
6
4
741
444
113
136
4842
359
308
14853
3549
513
6951
91
29646
8186
9729
228
1247
3688
1305
32595
2805
764
15
953
393
38
39
484
8041
2
290
16376
303
262
21877
5
155
10569
14827
3440
770
329
16720
3808
792
20883
53
5
60
15303
743
40130
3005
12650
198
1236
1216
29
17703
3770
12
559
442
31
1259
43
851
1656
66
29618
139
25695
4332
731
98
16456
412
83
570
3198
20760
2088
15557
47
6
33887
1655
716
15912
1430
5406
8235
11072
378
20714
297
2393
1019
1107
782
41348
50
5
558
263
3
6
2046
44
152
627
1145
14238
7806
2495
2319
3990
249
11971
959
911
98
304
1
427
21271
58
54
13
5767
855
41
1893
490
8
6
16092
11039
5
26
1957
476
1702
8387
37
1537
2269
1451
5
6485
1874
7748
5866
8013
24573
30
49
11
29560
164
241
887
2
515
24671
253
19
7072
183
16578
335
327
16682
1190
9038
4
742
5
731
2458
3369
3
10352
7381
54295
56974
2062
51
84
791
400
515
549
502
26
8415
1030
562
22
14480
3378
26169
40492
3437
93
330
16311
19909
17
17030
29
16
9
292
1362
173
32
9
6833
9614
135
772
1341
743
1
172
338
1272
12526
37725
1260
20
25
285
97
39802
48033
63326
12984
13217
258
3566
129
270
2632
1567
1268
1015
1267
662
7535
16
494
2170
51219
401
37742
1064
463
2723
20579
27
887
12
906
480
855
307
288
106
277
1026
5124
127
215
27
533
52
3514
193
16579
216
265
630
1139
6
587
519
956
50755
3123
12
17241
554
34767
177
47888
658
1538
10607
295
575
12608
33
3092
730
1809
1696
29441
36166
10
83
3828
3784
986
88
5635
19124
436
1302
459
38269
4437
346
132
524
35
33411
211
6
19
3912
8300
1
147
294
1736
579
11991
46612
47
23
160
443
94
19
477
1485
19428
3747
275
1677
271
643
21411
898
43
1094
3715
535
504
12
23886
833
10818
13310
3368
3827
27
75
11
159
12895
2214
39705
3125
26
156
1437
10359
7763
330
21598
6869
2715
22409
288
30872
23252
1460
778
1011
10
6609
24225
8413
23480
2022
817
3026
14
2122
9
74
1291
73
70
6444
859
24682
344
977
357
326
15
20
11152
3952
23
382
330
7
18520
407
25335
5191
5839
300
390
17
23948
502
229
4156
49
7652
18
20253
308
39
203
5757
3068
53384
342
216
121
121
39
20935
206
441
957
889
6420
438
12
18481
1394
914
5
2133
39
468
3873
853
291
5
13768
10748
4807
330
30
4734
133
576
25
9
959
846
15
687
16933
605
36687
2900
15784
1149
11
133
32
1175
299
654
415
2522
16
43
12872
76
31618
295
15312
877
14772
8060
12
62
195
233
715
8722
35
1530
38
81
22815
5737
36
50
850
33963
384
185
46182
672
3501
15
281
270
1350
28444
17
9
70
24
4557
872
1651
644
12714
938
8699
33864
24003
97
341
1819
818
2186
1465
1658
168
16621
5
855
223
14
487
5
9769
3192
1060
405
267
1136
1046
151
25
6790
15043
4458
111
7991
568
16588
17779
8353
3915
11
719
567
10
973
562
24
4956
7
42
308
21
101
38
1466
51975
266
243
2782
1
529
6175
29
1002
112
5848
23276
11155
164
16206
959
681
85
10
34752
85
32267
2129
2548
32
10485
20845
1898
556
2821
423
559
2117
14508
1722
390
835
141
9
220
43554
2411
2603
233
306
528
402
1099
28691
45
166
1553
6584
2198
183
2097
1016
99
185
965
627
7808
10204
221
53
1653
21583
5451
1432
1634
746
19024
264
37
966
687
6
141
20225
3215
1707
9130
780
27
302
610
5
11662
5998
220
437
913
8601
471
644
47234
1662
26888
1226
6054
4163
17
1572
42214
21
3
96
2397
4294
235
13
38
162
84093
1361
484
332
22779
9592
1929
524
111
3907
19
273
446
809
42
14
15861
51
25341
280
172
2259
447
5
15728
9
27664
646
4931
153
17
2102
497
13538
27
921
20
1526
1237
639
1023
580
676
173
10546
59
27638
179
9
226
9
65
138
5
4852
1432
105
1080
503
291
4418
1025
776
171
452
26
26970
33
1
44
210
71094
496
42
6
7448
86
11
113
19068
11
24659
6918
18
7
35851
312
556
2129
385
576
510
14928
2979
149
13
15302
47
171
552
16564
3660
3491
53
2272
9195
14
806
2127
130
150
821
691
6538
921
2015
28602
3887
26658
2279
23590
290
4872
407
594
8043
743
307
507
18
2192
398
5871
2377
152
481
19
1363
9
1150
24
340
2699
11253
689
30
10432
55
18351
16474
9197
32492
4179
1309
59292
2460
122
878
1798
16509
4
28708
81
73
22473
904
5143
495
4344
29105
87
16165
981
24797
2121
25132
11406
14946
34
26
338
441
1010
80
29318
3166
327
18
5640
36
540
605
10
23
226
359
26
105
768
8740
529
268
184
10830
169
7391
894
851
3120
1394
57
14
1191
457
308
98
8203
49
370
1603
12180
303
647
49102
1324
8139
212
1036
165
20830
273
163
11052
1268
19
1259
9363
222
32787
18456
1600
60055
51436
10129
82
1810
3
30521
4
1394
5355
127
794
278
940
1676
224
1674
17945
115
46040
58323
1123
1178
58374
36
755
6632
82
754
16367
1057
1921
78
4025
15276
20
26
3712
185
2815
1425
7
6245
813
635
32331
4401
20937
17
38
414
203
73
5274
393
894
655
630
956
95
949
705
1519
10458
156
81
507
39
3242
325
4573
339
35543
30
136
450
652
125
2812
432
10830
3669
386
4339
5431
1204
15
735
1989
34
52
351
6754
18159
470
67
14993
3255
429
48
1648
711
3563
221
803
782
214
782
5015
787
3495
6081
37
12
31
5998
212
3
139
743
423
47124
577
3873
177
240
2661
8
17385
38188
10
81
750
12
1798
5
431
1978
429
175
110
27308
262
10
16
17463
227
34297
860
5729
12039
662
3142
1046
657
88
89
118
200
62
1017
50
428
3813
25
12446
1250
506
753
74
1203
1012
545
26818
878
76
6
267
37
25
24
35
31421
3
153
707
643
324
25
11590
672
160
34409
23152
1679
18777
8204
183
1106
338
419
114
538
1661
12756
587
8
15510
20464
538
711
269
14
278
17
645
1249
52475
22823
456
35
247
6490
35
210
4854
638
37
30086
943
16170
5
1044
687
11422
28576
3196
22
508
47125
3221
8357
10298
7
57
2043
1110
131
152
7
5587
93
22
3037
6336
650
7
6910
70
12829
862
2928
272
2837
512
894
25173
1
236
2271
6761
11242
63061
14409
148
444
15319
9888
1530
270
14543
769
657
2749
6265
24070
5
31
230
3
692
880
20982
331
4
176
344
300
26716
11
664
338
831
178
1362
167
1166
617
21204
8542
19815
537
12
46
24
12
907
1529
210
5081
527
3514
3294
1122
27573
13
6897
776
20
592
1733
85
994
433
476
16131
6560
14
1181
8
18
21504
21307
1173
1288
696
4645
2393
165
823
11688
4
31354
31551
526
739
11
4559
1685
7
36
15263
6394
1843
20217
8569
99
1141
16
969
13
1842
43
8367
648
303
4774
840
246
51
2513
37321
298
207
12
10
1714
23269
143
5624
201
22544
28
736
5307
877
528
512
504
915
21857
110
1246
71
3768
90901
562
88
995
687
34
621
8276
2502
4884
6365
675
840
34
3480
21
229
15992
27
18
12132
3719
30
2160
273
7223
10
379
14
830
515
34
14038
41
891
3984
9802
73672
560
188
2
160
700
10
30
45257
11
566
15
2533
130
16
24
6
3334
1076
72
330
238
17129
2
1321
11319
90
21496
4798
32
366
32393
845
17628
272
101
2438
460
705
5
16
373
20623
442
47065
1075
28606
646
4478
237
18069
13577
15614
18026
22063
5703
996
2671
519
689
45
170
21054
254
1776
8720
6492
18
55
208
6289
12645
371
350
17
12852
224
6368
968
225
834
36353
45
12276
973
39509
717
121
96
6976
16726
24615
34748
28
18983
196
522
1902
4682
18113
645
28
16
10657
94
5
27424
10295
43
22
3278
28939
13
23903
12
1825
44
17579
489
7554
407
900
7
31
580
2572
15
24288
180
743
7882
1009
309
9816
5149
572
1046
2040
47493
9930
1320
450
174
997
12695
7685
581
37
60
5262
451
9286
122
564
21024
20
683
28
119
1260
1061
272
1926
411
120
6157
1476
1060
1482
8504
31684
566
686
449
5150
32
16566
402
359
231
20
11300
133
1363
329
203
1601
931
762
46063
12509
278
11281
33168
25501
211
8356
6135
191
15991
36989
443
1980
905
613
4557
15
63
3979
15041
9163
679
350
309
24093
12318
570
37750
844
120
1860
1209
1425
133
10780
184
828
17941
112
374
4
3991
7487
169
10
164
597
385
93
13735
543
26367
976
3058
29137
50335
17
441
38258
3124
41297
376
195
17061
46
5803
1673
880
16939
17
164
43179
20062
551
18196
18
1061
411
188
21
124
122
31
221
971
203
4652
553
655
42
24
22484
33
5230
1259
173
443
11910
18004
3963
14087
34
10105
532
743
22
26
10992
4758
53
134
777
2581
4
234
371
92
14666
55
8324
192
401
11
17
12995
26496
3558
791
39
19
3430
26354
2280
211
13689
5005
24134
7646
3069
25985
450
581
358
24
480
17
30575
543
23
208
54185
20
250
20716
317
1580
14489
655
40
375
313
4375
1814
870
96
390
5433
3867
1659
30798
603
611
14256
2664
753
2616
7720
6152
207
183
4
13704
31743
55
14785
41241
25
8272
380
16
1819
585
76
573
22110
8168
9001
1781
6
8
231
47
730
2776
825
4944
659
19
62
174
38484
13
271
7
6
572
15
96
959
1125
8
10341
35
23285
606
759
368
3274
235
960
394
17448
3680
3081
60
364
587
238
2006
713
808
365
6712
20
4265
8233
1
1495
44875
266
1264
293
10
26338
261
170
622
250
20978
13
52
14
497
8159
6546
557
20
150
11968
180
601
701
33201
566
82
16707
193
1
23927
349
326
26
264
7165
3881
30158
8839
539
3275
31408
55972
156
1355
10176
191
359
2046
2297
22
6409
4685
767
860
852
188
643
1188
1665
338
82
16771
10694
34444
3062
10849
1470
582
1171
31482
241
162
14274
11242
23
336
161
14
8799
2184
199
18
797
2266
528
6121
1288
5447
740
134
1413
57
237
128
23
1114
14
9838
563
9659
208
14631
1505
57
42
364
1864
19840
964
1576
11732
16
474
5311
10915
7526
45102
105
792
1102
324
13227
12
425
1
4
712
1461
23
46605
4313
15336
36712
13956
177
168
12
2094
339
891
3568
466
57
7
9166
18182
161
68645
508
1106
18
925
1447
1442
453
4
135
52
352
206
6595
6721
336
25
39
7
4399
781
37855
35643
15345
78
69093
57129
1171
13
54
885
36311
468
1187
30
1007
9054
542
693
573
3842
53
283
1667
884
955
3491
119
28912
28917
1783
10858
21641
31
62
408
82
458
5106
39
18782
2365
360
452
16470
7971
7
492
1143
242
733
158
42
512
10
1653
840
66
13666
10938
18486
291
247
727
306
30
7
375
5814
18331
241
1047
7936
1002
1277
811
13394
698
21848
17
1673
26253
532
8684
39
310
31
1388
61
5
26174
4
53128
47
13567
748
3539
423
403
107
84
6029
23
189
1944
1039
205
49
22594
6531
543
4364
222
241
53
26
33641
94
308
17215
348
17107
134
2
7714
29
2432
557
2236
14
5746
26
182
1
31
318
6
7773
9672
314
604
895
1375
72
107
3606
1970
18
5
733
163
18
8
10761
472
5977
242
17101
768
9
430
2705
10
27349
836
380
5
1065
276
1
830
10058
26883
11049
62062
1207
137
6178
1932
27834
5371
566
427
784
6515
5712
427
942
24951
234
163
21049
141
691
14
16
1142
35
9422
328
261
89
953
22836
475
13616
6
213
1342
137
958
8
13334
610
793
3410
946
2842
547
26
20
34
1103
43
158
586
360
202
395
132
10938
1306
5670
216
33
3908
668
1088
12836
341
766
1215
15
1706
26791
284
4041
140
1184
1579
5420
1689
11
12085
2191
333
1531
204
72038
379
285
69468
856
540
3842
251
10693
4268
23
2648
5483
60
59
22
803
8044
2641
3762
3514
20387
21352
179
21930
52
6
5754
326
16100
348
6495
19272
1405
9
105
13
1343
16
20
175
99
2361
40199
16644
24
140
203
54
422
9155
48
25
5
971
371
8668
1149
15
2940
10865
9
243
21
20885
471
6502
345
458
18822
11
9660
586
1226
7652
14
85
5181
335
1232
29717
367
10006
9215
6931
542
3826
10272
27133
10297
214
463
204
715
200
614
1241
5988
2681
859
6742
286
694
319
26
74
1
28134
379
883
884
738
52
1470
8791
39
439
3567
1627
806
8952
10672
323
16741
6277
471
30
1367
637
18439
12162
2808
2150
52
183
14964
64279
15927
13166
89
3210
236
145
27671
1795
16717
372
778
216
8
129
352
1203
24514
1029
2083
13809
271
10916
117
4724
18
122
5913
3889
1105
24692
505
242
54
525
15688
27316
82
435
248
680
160
163
25
415
387
165
307
1390
2604
9497
423
9
2309
55169
57
2053
12339
1636
1568
1416
13799
8
16297
16857
22220
1572
243
5329
60
83
407
61
3373
23620
2707
1719
3896
10114
15181
8013
13555
21
2237
296
427
3
1013
159
32
21510
500
1136
74621
26
10340
48037
87
2406
6
387
13233
558
1073
203
377
1889
760
1301
11
2343
35
255
8865
1
14091
21
19425
27
619
203
11
4515
16124
14902
159
12281
146
1852
499
347
6295
262
6183
193
4
130
1649
80
19461
309
615
244
4
9764
722
1615
1403
552
242
90
369
515
559
827
7318
2298
249
15929
43
45
1038
6195
97
16272
174
5036
45
2132
2985
1075
15754
242
160
1623
797
28
762
10
9236
138
15
5897
5022
2
344
243
133
1044
10849
286
3369
7
525
38593
49207
179
643
203
353
125
17353
12830
10
21337
14296
996
499
5540
65
238
7573
271
297
29
1152
389
12
119
5144
7632
2044
12283
197
111
13535
1959
5601
7
43
1152
13161
1449
94
6659
2026
1303
589
26
1416
112
581
10322
21179
9550
402
255
425
1088
150
8821
28291
27
6025
870
2926
7090
15737
1365
14578
18
148
2
3322
1206
389
3352
46683
1687
1654
6095
54
3
19798
386
18077
60825
60789
76
479
11
18
5955
47
198
20
241
7643
308
13
1488
211
4383
237
31688
257
60
27894
45
15
57
168
142
489
55
10
373
3939
8477
199
3853
4953
115
50
17
278
20
18676
270
2400
220
300
292
50
393
4007
924
19446
6
202
1334
47
181
336
524
696
562
699
1082
256
4595
256
34034
42804
1820
2936
1183
3464
665
26010
1343
2316
10592
11
1157
68
29
7818
1006
77
2105
21207
20740
49579
27859
340
3974
36
763
7116
2055
36486
130
3511
461
3354
54252
1087
7
13
3845
516
2
284
3816
386
6462
1466
519
30
925
6180
45480
4312
1738
370
16
2147
14
4708
428
3649
242
1574
149
219
33
19529
1014
338
3118
21338
547
312
195
971
574
64
1053
24689
385
8587
954
3
62
228
2388
178
4619
1087
396
681
566
439
408
49
1362
333
39
2269
5535
33299
30
3752
533
18595
604
160
8349
46
10708
13797
85
115
4340
935
7501
6334
18877
5
78
15585
1176
16
2920
21063
123
32384
23
7252
692
215
132
121
13971
10
106
28
979
18026
12264
327
74
12706
24242
6979
1952
80
290
555
87
941
502
19417
771
1079
15
4539
71
7
526
7476
433
15629
30
1227
1187
455
2221
62641
81
3071
17289
64101
3190
583
407
7074
9
4201
93
285
1873
7104
24725
34
157
3
13076
841
636
141
37
8
53075
12662
37
4978
1018
322
5525
1740
871
217
3305
449
36719
18282
6
856
1193
1230
466
915
1202
5327
1186
11225
714
13683
368
123
342
415
296
1026
460
129
270
808
340
115
1345
7987
91
28
3907
427
176
475
1045
2476
107
5637
41056
229
1415
32
8935
454
432
3962
510
260
26
299
15784
783
146
1548
18072
175
213
248
7707
46453
828
871
33705
381
33307
678
1177
761
14
1
734
16
81
10
2866
127
3890
21834
488
615
27604
13626
4120
12
1795
582
3590
1531
20124
9137
390
10848
4572
14881
984
1139
731
87
26475
1114
484
5764
51297
4546
10
38822
2740
21147
38
171
200
50021
543
8680
131
21
40
3522
2622
1098
1198
36
2215
520
67
32560
4
16
263
247
8339
654
95
391
5291
4938
522
34223
1289
364
16
24333
35
3307
1032
321
7395
17874
1127
20938
429
34
1376
2347
367
185
196
712
6
9622
18
451
2298
551
3821
16
141
2926
29
1398
1607
10360
535
975
45224
24703
18
24
17666
640
15767
10
7158
6377
10529
493
57629
19
21004
697
1245
430
211
13037
800
14078
16835
50
55
5000
821
44
11
282
664
578
8
7939
457
1051
13514
166
1577
27
481
105
866
1195
880
1083
20
251
158
1383
5069
8837
3422
726
274
48248
44403
988
2727
5
46820
17720
365
14
5522
8
11320
10358
616
25191
16475
264
55
946
1303
1111
5609
50389
6202
19385
7398
19834
47
109
302
32
812
161
941
339
8232
1871
8389
19316
152
851
7614
1052
348
27365
1723
6180
13309
29
1291
59
720
164
857
23
19273
19480
17
37
30580
235
257
443
30
521
3215
1
130
18615
19770
1442
30
3165
14054
4524
422
1037
258
28
3348
88
8668
16
20280
1
708
6770
394
2109
284
153
426
15254
239
650
163
1171
20381
21
12894
61
33
384
85
149
9394
12019
5
30
1047
2475
1169
748
6591
260
23101
10
1072
634
1358
1067
4
4015
29509
1261
23
44
262
916
33
739
670
11
44
53
4653
39287
627
8425
26159
8
94
15772
519
238
10313
79
694
336
1733
7077
12706
16
16916
4172
512
11738
6356
23419
347
141
5741
8990
4987
5
737
179
8746
301
14
346
68
590
18
844
750
3306
45
905
12977
338
13
242
30
13596
969
20
24
39879
7727
21
190
129
507
1471
225
54
23407
30
6333
14491
791
58486
10669
1008
124
1300
497
859
5786
1223
24905
233
838
769
328
17
14413
164
7843
395
45
260
9
13142
643
127
68
5369
28705
4398
7
654
14304
11257
11027
1093
287
1319
12001
28237
1
7117
1419
612
3
12017
1065
86543
180
1166
30
1683
2
372
26
20463
7580
8412
44683
12
7
25253
21
4855
2794
45
7676
880
195
4710
347
509
289
349
42
67
37
551
477
13255
130
11832
41
11
1003
92
798
137
34
38
269
2314
17
30
952
1512
108
29810
883
1479
13072
8052
3667
898
1324
32921
2933
107
20206
3982
3542
238
16882
22
29144
1275
14171
14963
300
26869
1266
3871
388
4405
1693
524
8766
3435
9543
410
945
12828
415
442
632
542
482
395
131
7533
812
4776
197
2210
90
39
52410
6864
10048
341
11598
167
3455
17848
304
382
537
552
6203
1813
10
980
600
152
39550
1271
6654
269
32
43472
595
8
7064
400
145
487
2457
8063
14177
14744
344
20
79
626
9423
1177
16
5046
2457
846
594
21012
1827
13442
526
21386
45
19394
6843
22
4475
617
2055
40
7976
946
230
26
25
473
2
703
11
333
20683
1456
13742
256
43
348
11956
11590
18826
3197
576
36312
20606
32
5661
3292
8636
24
39
9902
709
68689
147
755
754
297
5
6915
58
1773
165
9
6775
14453
754
3020
31
4291
388
9066
9772
530
9515
6
3675
7
600
8988
257
3
25172
89
267
26044
3573
298
569
2025
3778
24748
7
4
18361
516
8093
757
23
164
27
9844
335
151
1968
446
33974
18
75
1355
367
4614
10544
21109
1649
26112
40
28452
262
16
342
17798
8772
30576
506
1673
524
14630
465
15787
739
50
8966
5643
2624
87
14126
52
268
430
24556
5424
65
18227
12
5
133
23302
15434
48
410
409
14
4
23077
287
89
247
369
9292
1312
2590
259
62
11417
46
622
166
7
14225
3097
587
1038
22702
62
318
146
13629
204
7
371
23143
4914
46
372
5733
21
42554
13
3897
1990
32365
25465
348
51
14880
62617
67
12738
33350
24
26226
21
