59762
27804
629
101772
14720
325
261295
19446
9
907
1163
35531
11866
148013
59903
16046
59816
3399
705
1057
21004
299561
69
648
1113
13057
80856
21
683
10757
12526
7217
525
1091
39
9007
4
413
781
325
1732
232897
103474
17835
1130
58240
908
493
127
32504
22259
16
16
36559
973
290
7317
30083
1155
163
592
4
449
1073
1613
2649
499
344386
70284
2436
26
2140
2107
358
233149
1456
2292
74
16016
611
601
132428
53545
543
187
4
2206
3756
1658
5391
144492
32756
61360
1265
62575
29
729
381
542
1638
112
314
10294
103401
9924
317
1819
647
9869
317
19688
749
96
644
21207
109971
790
1403
112734
99037
11029
300
1477
9
53017
9607
9840
30118
11
1297
15
116125
69097
1030
1988
1690
66714
507
217
1665
467
202
1687
5893
15
5893
80
232
815
878
2472
35555
49101
1211
397
5254
4467
3
458
1677
16
4333
26861
118952
78889
2
82200
3
63607
22173
55685
1803
22935
8512
106886
961
1493
11194
211
705
14
12
8
1323
846
94211
22567
214
88485
3321
90023
75996
110
7481
35764
26802
179
92216
8959
219842
3
11721
3265
59986
10
85575
3979
38444
2644
123697
1426
137
592
1762
113
1563
42421
11
1146
7
11
3
79970
6219
1816
4076
3245
2547
400
40698
4468
558
29
23369
4
110
894
18914
564
160
131876
123787
13148
545
39014
142
43976
827
4
53184
1819
512
97339
142286
294
25
1366
384
20934
52926
48253
23
12055
3196
2180
13
11
83849
26
231
10992
82741
65114
2815
29312
504
7
2863
257
43006
1815
27293
938
883
5
2076
907
106695
271
13
171
982
9065
1395
426
64562
261
93
1592
684
2079
1583
54934
149976
145690
475
257
14819
715
269183
324
12
1631
346
582
14770
148054
176458
235
6405
2391
169
7
75813
355
296524
342
161792
2495
719
74756
11359
1501
94719
22813
8123
2357
5969
84501
495
1432
85808
32
938
887
239115
14
373
20
2396
236
973
116142
149434
2218
388
1885
841
308
89955
55904
769
517
56562
2130
648
144
24492
420
114763
499
51
1712
1542
9
163593
10
619
1048
181092
839
614
19
292
2971
313
249
39149
377
226
102827
411
1186
1316
125752
72207
298
233774
1624
589
64747
246682
77
15234
90354
121
202929
69
1261
1063
5832
47
38
280
2920
1621
95489
87159
183
2918
1052
15
95
75497
1361
288508
11
14463
585
9
15876
401
59385
31199
42412
1887
316
1
205
1280
27
13
988
75423
47
29401
28872
1515
1159
191
293
20
120828
722
33515
349
881
1270
37
160
955
21505
117
88846
69
19960
35503
20528
980
293
10156
410
63
450
41355
346
1732
58657
7317
4
63089
43896
92255
88245
6
40453
62245
146640
151977
767
265760
76563
5942
965
8
270
433
1863
110822
36895
16341
571
6641
31783
12743
10222
15903
50818
12
589
125564
93
411
8976
1070
8894
61
28420
22523
762
93665
4
53292
19755
8417
571
51982
392
183
131
2568
24485
4
6375
118194
119556
79
28
42850
219898
13214
66199
136
310
29471
45
1173
6448
1337
205424
595
1261
9178
50
6441
26
3854
134
23
6370
6863
1813
56
1471
388
550
139490
82591
1769
1802
655
821
1140
3519
230
112
9
10
3389
35459
90056
124
462
28
1209
776
24275
127851
159
9031
579
1
4656
130316
334
1064
20796
31
5
30
5448
357
3712
161
38282
100417
59761
41171
456
422
73315
192862
11
15387
655
7275
1071
932
595
21000
258
327
203777
330
49084
175
591
429
164
1221
172
2653
1576
2662
29134
34785
374
39019
197904
1033
14463
271
62208
995
664
496
1893
937
6128
1087
43
31167
19751
820
110435
22
177217
89497
89830
28591
3594
1649
302
29
5
342198
2902
41049
44439
1357
121564
29367
263
48291
211
639
618
46470
517
54339
82372
1526
615
24
298071
505
213
978
670
3812
169
3206
1267
7
3699
744
26
13261
336898
211428
6
20099
42465
2202
3300
1524
318
436
59883
3020
4
43
480
593
16
4
221
1099
163
163467
75705
19
173
823
1649
2709
94
10
215956
1313
7
564
64
504
455
160949
48102
10786
58981
49148
135591
544
53391
661
1657
184
91
9
1020
60109
188
1442
670
12
23
1215
1446
11389
39174
78945
930
673
1642
192
15
28519
1085
4306
12
3
2251
3
14157
158230
11067
1092
89006
217245
10619
1212
8477
961
15160
2756
261039
15422
1015
732
53125
59918
50617
788
86
8165
20728
3474
59832
91374
3233
9773
15314
192
960
23
17
9
194
431
12
189
26359
1564
18
12
329826
145186
3885
149
32689
973
1781
176108
80896
5683
178479
85167
445
1620
50965
59
1407
2
2
373
18224
91376
13
6831
9
25638
9
567
2116
2242
98984
28446
21
1180
4043
774
902
262
4933
209
12
2
2
4
98201
11528
4196
188
3001
214
104
99869
1193
41861
670
652
271100
799
13
242646
705
632
598
941
184128
3144
9
1238
182292
70710
62379
997
921
456
1400
84
19
15042
18
226303
128
940
116
2853
12013
2153
7892
6
604
571
401
2154
350
1012
2261
550
49611
1693
254
8437
9738
193
240235
614
14
277
63627
267401
146182
309
269264
2685
2846
86585
244
9
340
24767
245
14248
10
3454
9
11
166
269909
29064
361430
5
230732
241
38489
85
100890
1998
1399
3
121568
1980
1322
699
127
14111
4292
4
647
18
18
1704
454
2049
259
17
20304
501
62970
88
430
42060
617
798
690
1559
13628
61491
91601
669
841
724
10641
110997
19124
3078
41
73
15
18
6901
3019
45257
211396
10865
485
505
195
84290
1
36498
79578
707
17480
4184
234
21758
175
12
231
438
13778
11
1095
400
10039
2803
1901
240432
146953
348
448
149519
76
59196
2882
70997
2314
316
140
165318
5146
442
15
44161
728
437
24
168
305
182491
10715
1256
13003
30
18776
248319
2
1199
1433
30895
212
51439
605
675
18771
101476
10471
15967
363
39058
2333
3423
15
855
211
11208
11783
1476
43999
145233
3995
8
60087
400
926
138868
695
3288
123
2110
442
766
705
2662
499
1256
550
223
6033
7
12985
204
212
42170
823
136
75845
5087
9842
14
5316
1311
35375
2808
51758
45274
510
2120
327295
802
28870
12106
15955
193908
8717
62375
3519
39941
104832
8
17787
1548
639
398
26282
293
1718
951
12980
40825
60946
77526
529
797
676
79126
7
482
124493
9711
50440
19433
23307
974
935
696
90
63
12511
1
110
973
646
5177
657
30348
1261
75068
704
1009
519
6830
13918
2928
9
330894
3971
7
91537
581
1636
127
4
337
25462
274
114161
13
771
21216
15
86306
19
21708
8200
2384
14854
5130
20171
2693
210058
24901
146
19
31635
8
51619
96174
18375
104
14
50752
199
294
238989
36437
18901
137473
62683
260
535
176928
48233
89400
287
48776
5294
322
55855
333
108841
247
1679
30406
1250
100170
361609
1019
295
77
48077
2138
142383
86045
695
197
2499
21
496
855
536
36
655
179848
55129
11
659
486
118
377
198
3311
119
121343
678
48266
26777
52843
67951
10
12
56160
6471
138
1338
9276
710
2189
423
136323
60724
120
33
17314
28132
23426
35352
7
879
3334
1436
12960
171
248
176
5259
15
4
951
9676
327
322584
113167
29592
2607
1622
195153
695
124789
24264
710
666
1893
251
3631
36684
78673
3727
180635
930
69647
4822
119692
270
12
127977
109476
144
187
11187
1537
2234
890
121155
152
213131
23
79
6
10
116
28447
16046
324
557
83263
39156
97220
1004
263
286
75647
32
214360
1657
134319
2
529
24
23
13
75078
22029
644
205
7
157
2
38290
40
23
1084
940
16287
75838
789
231
117
80
287
1171
303
45
17105
13984
105446
2
88
25431
57431
3118
37783
46215
12610
33168
132374
30564
11
1538
653
678
66
7
2719
52345
177070
813
8011
315
967
222
624
880
189877
24
19
1784
4
89
198135
249324
7
165457
5555
99
133487
130440
12752
75109
16708
2252
48406
1778
303557
5
10
6
88396
346
7976
49137
1206
2050
3207
2382
493
33363
4484
10050
102
1581
16
1937
2982
131
237
1101
24037
671
45559
25656
5
728
4028
12529
16
1150
21
117
1720
53902
12
264
351
361
120641
22148
223
38
1802
760
160
95
40528
5
21
208
78876
45955
840
148
559
8
330
135246
86
55
127
57258
98
4165
3286
8
1387
379
75850
301
6356
85
1359
800
8940
8213
153
6
150840
974
731
417
1992
18763
70426
644
6115
345
3227
4801
4
160253
3202
391
27
150
18484
7
273
188232
140
530
13824
1055
1
8811
2887
5121
78296
3127
25580
20241
50561
45300
4572
6573
523
442
706
4
362
1380
1331
159164
90
266549
306
807
92308
126243
57532
14777
1071
91855
4
78725
6737
2545
158
2
362
2363
26728
164951
10723
26320
79207
13799
91430
777
885
719
254555
116681
109
114894
11
79347
9487
1324
173514
1969
81420
1079
87458
498
7362
19988
1752
9913
24
379
4
32583
15384
820
10008
5
3651
16585
14
426
34197
232004
6781
4249
133
1188
85167
89700
1603
90935
169
6981
2311
26156
85177
17
7396
57253
11256
3
32
38801
2001
41687
117371
1046
16
12451
141818
834
11810
69064
140096
778
12661
17095
26922
37874
411
38409
692
130
239377
2946
221
210649
2584
261958
106556
841
14
134946
50
112329
1
9824
1647
42674
18619
113901
863
1546
1907
133
48463
7
124832
13190
519
94636
641
6410
7
202
12
548
10677
1430
1267
100
1365
33980
3177
614
73722
205
72639
605
607
45762
2408
17656
2355
1175
706
11181
54710
94
255
239
11
274
139424
1270
218
517
6370
1162
35882
9
272333
552
170
29031
1635
10
10
805
27048
565
2437
29
63744
357
550
93
1488
112942
6
20
12351
206656
2253
11166
53943
183318
8663
98434
29176
112933
22269
9993
598
155769
43214
225604
704
181
41564
647
37642
1333
1594
35754
337
38694
460
138333
525
940
4810
39813
1357
7828
2625
608
6172
2307
1829
28781
1799
34245
653
148
154
889
4300
601
131
13
39
12
371
974
140568
160364
9
11511
142
7325
17151
102467
23500
6
1320
89845
29875
2073
832
25731
113063
11
60203
13
20310
35
834
2901
482
589
169
12455
798
149
111155
66612
19065
1233
123456
708
1394
1249
31599
400
1440
10831
21306
183
47238
99663
44
55427
1133
1159
325
32080
858
1968
410
27260
80705
140521
73217
771
1448
4470
3776
14
874
6114
841
5
498
7
338
865
1226
594
1548
221669
14376
113717
1247
229
14111
2474
1588
2376
1084
2263
626
2829
136
629
5692
2774
1184
23
31670
360
80813
1008
651
1
184
67868
182049
34990
21770
1169
542
68946
6689
8498
29500
136984
12929
35650
57813
96
834
146
263516
9
29845
141
85
77786
8417
495
31445
151125
61131
884
98914
1490
679
104233
446
822
13790
14
15010
45124
790
335
194485
210
18
23
254135
17
7
9548
16648
5
19
471
45152
171
231
82019
2414
781
190398
32448
2769
56651
5572
68845
224
8946
837
1803
1433
1669
11
3720
29142
12333
1
144
3319
9461
12281
11880
14502
2
3314
35820
44810
8
867
32363
860
40821
149827
60394
459
25293
50512
721
516
63491
272
2
2152
38902
101762
