3
5
68
12
94
5
19
12
15
320
393
401
41
1
4
37
57
40
47
17
866
419
5
62
127
108
183
28
1755
1
154
571
1
14
29
318
34
803
13
21
18
54
76
3
19
14
438
28
4
6
229
1
21
111
767
78
1165
14
26
20
16
1910
781
190
1126
561
1649
26
26
503
11
220
18
3
4
18
19
231
319
1652
1243
20
581
85
27
10
3
263
9
236
106
595
12
249
241
322
10
674
1296
308
138
11
561
1470
19
92
341
6
982
207
370
293
129
1
2
11
2256
38
1
62
1
2083
2
17
265
29
10
1
97
2
1123
135
7
2
72
9
32
2
13
1
23
1164
267
259
3
26
210
5
8
724
16
2
2553
217
7
35
64
261
233
39
17
28
6
716
10
189
3
64
444
620
19
40
184
175
16
13
71
26
13
90
1
801
16
158
137
521
900
197
1
219
33
14
1
70
3
1
18
34
55
299
23
36
719
3
37
14
9
14
20
925
522
2
25
2
1
891
2
177
124
24
7
21
4
16
1
89
8
1226
5
13
3
3
54
19
39
58
837
118
1
1
13
52
8
1
58
5
288
1
10
11
1
27
75
17
10
6
777
8
3
5
443
289
5
10
25
2
41
356
451
443
92
2
2
780
170
60
22
24
1316
3
332
8
4
514
8
1
1
19
21
204
33
167
1
11
703
618
17
35
1
44
56
1870
6
455
135
1112
502
422
2
3
11
6
304
27
14
267
184
15
6
416
1
45
23
1
13
18
63
126
8
67
17
299
974
5
8
8
7
142
514
16
5
3
48
18
7
20
138
3
1
25
5
329
757
12
1
7
693
2
1
110
25
2
79
17
381
7
22
1890
13
15
165
137
1
1379
157
237
1
8
2
5
12
9
169
1
8
1
12
6
5
756
5
23
663
16
1
3
21
1
40
7
1
4
29
569
23
144
169
1001
676
5
2
170
63
417
80
9
1
51
282
125
3
28
43
10
12
4
2
18
7
1048
24
137
14
514
216
21
59
40
22
59
1706
75
28
133
862
349
16
796
19
39
81
11
912
3
54
2
3
3
435
21
291
35
457
1
44
160
25
1781
42
27
57
18
12
178
3
503
8
1386
222
14
1791
73
41
13
12
17
102
206
3
1554
1
3
29
1
35
29
33
9
20
40
1
1667
26
1
1045
6
234
37
20
4
37
168
4
109
328
15
796
11
19
26
11
98
1626
871
11
554
28
153
69
31
387
9
915
554
34
1
245
12
481
66
2
52
31
429
77
75
17
1
16
813
1
6
50
8
20
96
12
11
105
74
9
5
460
19
1389
30
445
64
197
6
156
79
3
22
219
31
997
1
4
9
385
42
26
351
20
18
33
34
1
53
6
3
2
12
175
1677
31
316
2
1
5
11
36
7
297
50
1561
435
37
6
12
6
1
832
8
9
1
38
1
1
16
4
14
118
4
71
4
13
21
801
38
13
1
1
5
75
264
12
1
153
66
26
193
18
1613
23
4
53
504
1
11
425
55
10
1
4
13
47
1
15
135
18
2
4
109
1
17
718
16
13
16
182
3
27
2
155
24
2
1
528
13
41
1
3
472
5
10
17
7
468
412
80
31
2
15
248
13
1
16
1
3
4
373
828
36
2
26
3
1400
544
1
707
45
2202
25
209
3
4
27
1
84
25
1682
2
5
2
2
4
8
1
36
2563
13
12
3
12
2
239
1
290
657
1570
28
56
31
1
1
273
1161
69
14
646
468
5
8
32
14
32
61
3
99
2
10
126
1105
95
11
36
31
242
854
1
20
9
92
11
8
1
418
1
7
12
18
1
13
45
20
1
14
26
1
881
538
113
651
38
47
32
6
679
958
350
433
156
55
32
12
31
5
49
305
13
1
127
1368
18
7
628
2
7
287
230
21
21
14
2
18
1
1
34
1212
2
2
18
3
341
466
1
19
1526
1688
3
7
44
423
455
36
11
448
185
2
23
30
19
305
1208
152
43
31
735
32
22
7
153
1289
1
1
190
1191
204
11
328
315
511
31
518
3
214
13
456
153
1
1
1298
3
9
968
217
5
20
9
2
809
2
284
11
21
4
5
54
9
47
267
484
30
93
66
191
242
28
234
14
1
21
4
78
1
15
6
984
1
40
8
9
30
1
3
2041
1
1
1
11
70
350
1
249
46
2774
744
9
391
404
2224
569
633
1102
17
119
46
58
19
45
55
90
227
394
19
1
21
57
24
5
15
8
175
11
864
1
5
10
1162
338
338
29
43
19
33
196
350
4
164
2
143
2
4
9
12
18
595
140
160
1
29
480
4
13
32
2
2043
23
136
71
3
545
7
130
3
13
9
44
1
27
6
836
27
22
7
16
2949
31
550
552
38
2
801
3
276
352
21
6
15
159
1180
668
545
37
1
786
38
1
1
796
930
36
41
5
15
8
213
2
3
12
2
16
7
9
14
1
14
128
10
684
1
124
11
5
23
166
369
577
920
391
43
31
396
253
248
16
123
2
1832
15
2
115
2
27
38
2
8
609
493
23
25
36
12
8
1619
6
16
126
36
16
25
18
36
705
6
39
367
1
20
1070
13
13
12
1021
35
21
322
59
447
92
1078
107
9
767
1
1
51
39
1
1524
1175
1
9
37
135
35
3
401
1
13
630
1223
9
14
3
557
30
290
34
34
61
869
257
281
678
1139
8
6
19
3
664
31
435
681
5
42
596
1504
22
70
301
2
139
8
47
10
25
4
622
97
3
10
41
2
4
3
24
427
23
1954
348
144
26
1543
134
9
73
528
568
1
38
232
237
65
651
1835
1
598
29
587
11
20
463
26
7
5
771
52
695
424
1
72
21
851
20
44
122
4
824
1009
672
1
17
1
337
946
6
18
20
191
6
1
756
107
6
302
749
2
1122
18
499
18
1
1
97
812
9
22
390
246
1
70
13
904
311
34
1
13
1043
5
39
3
130
14
9
24
770
49
270
26
19
896
2
158
11
24
38
76
376
60
9
21
23
11
11
80
52
17
26
28
15
31
2
50
35
1
22
16
699
80
219
5
54
11
1122
487
19
27
1
36
4
583
19
8
14
383
70
303
1512
13
11
4
187
180
2
9
7
1048
1
3
5
17
359
204
1398
66
1
3
189
5
13
36
499
944
30
10
272
4
591
5
24
31
283
10
26
646
43
26
17
1
1512
15
423
15
20
49
3
1
599
30
2
3
1
10
635
114
3
7
17
1807
413
170
176
161
9
409
155
22
4
2516
3
17
36
1
11
224
2
13
59
8
9
4
468
23
48
7
4
32
4
348
32
65
14
28
640
270
26
2178
1
49
46
325
12
1
100
1
1
1
12
10
1
136
12
645
4
48
13
99
309
29
600
72
1
1
86
4
30
3
492
1052
15
253
313
4
13
2
54
1
21
17
342
8
74
183
63
25
69
335
25
12
10
3
411
123
18
131
1
977
277
43
2
36
190
35
11
17
36
467
37
1091
5
23
1493
2
16
402
31
13
1439
9
1
24
520
1
83
2
45
431
1
5
23
19
762
2
159
570
100
793
122
1096
22
34
4
1
1
32
1039
11
26
134
22
6
582
2249
126
17
50
497
31
23
2186
1
10
33
5
2
13
19
1718
256
22
451
472
67
203
90
206
9
43
23
10
100
3
16
35
9
13
315
296
8
30
164
2
50
210
1099
606
57
4
21
27
417
853
7
1064
778
1
23
209
91
195
918
71
2
111
3
890
556
674
15
36
9
30
279
752
127
418
1
10
148
1
253
134
15
15
5
1
2
4
40
11
733
2
28
145
21
420
9
18
94
144
21
429
39
5
50
2
21
17
132
220
33
8
1
49
6
47
1
26
2
42
949
2
3
12
18
9
68
22
464
2
87
8
12
26
21
2
78
8
54
974
6
29
936
34
21
4
37
99
3
63
640
1
208
12
35
29
1
466
315
4
603
93
16
142
2
285
1018
78
394
34
3
242
155
379
7
84
50
606
351
1332
1
47
1
501
1121
4
1
654
1
1
32
13
403
463
289
2
8
210
18
1245
8
28
1
1
709
107
1
1
1
22
6
49
86
15
9
28
466
4
341
20
1
8
26
65
111
15
6
1290
340
183
14
1
14
9
5
43
21
129
990
23
193
17
1
1
600
1
708
5
212
476
19
1188
1153
2
4
1
16
9
1
381
20
842
1081
4
44
10
32
34
1648
381
39
1413
343
342
1
4
10
12
2
45
206
9
2
1
5
12
14
6
369
12
2
1
7
13
10
16
562
29
1
227
1
848
9
118
20
13
176
8
104
415
121
249
19
1
648
278
406
1
14
3
1
284
9
46
1572
49
137
293
1
11
2
3
5
56
113
34
621
1
16
3
15
1
696
269
5
601
46
43
49
261
5
18
105
18
1
178
565
755
579
88
28
42
2
1
28
1096
22
333
16
11
606
910
111
8
262
32
164
1
19
26
21
45
12
3
4
24
53
1493
31
3
10
5
15
527
4
596
16
23
1
19
71
1
11
483
4
43
9
31
2635
8
3
4
14
17
1
76
99
1
38
48
11
73
228
1
1942
684
59
4
16
14
20
31
61
1
539
101
1902
10
779
100
174
419
1
269
8
5
454
30
25
129
153
3
3
345
6
203
13
12
1469
12
5
292
11
234
3
35
32
19
327
446
8
11
989
18
8
17
5
11
2
29
5
315
24
5
24
328
59
11
19
1
361
276
121
6
9
374
15
1
1234
35
4
42
2
137
385
61
414
1094
654
1417
2
754
97
2
39
1
7
1
3
593
1167
17
47
51
12
26
422
6
1
767
15
487
7
904
2
1
16
8
4
20
10
6
547
1
2
25
159
41
77
9
2
91
19
1004
763
3
13
4
10
2
50
138
2
785
1344
1
41
1
17
6
5
3
1
10
1712
14
6
1
108
6
595
332
13
765
1188
9
1
8
17
462
38
10
6
11
3
10
1
5
579
3
2084
130
181
19
655
31
59
1
11
1
2
2
20
152
11
73
651
3
3
15
1220
1
245
657
15
1
10
1350
856
10
22
3
119
339
40
1064
41
7
7
232
8
25
81
7
2
27
2
72
2
2
2
4
223
264
1412
3
1
6
34
628
1
293
6
1
3
386
1906
1989
345
6
7
6
39
333
21
35
379
770
1
28
18
5
49
2345
245
1
1
864
28
2
24
2
1
2
38
1
7
4
1050
13
21
692
10
12
54
19
19
864
2235
397
662
6
13
4
2408
23
374
9
24
2
52
875
11
522
1
1150
501
20
2
2076
78
20
1
25
3
38
940
23
28
12
63
18
309
890
15
9
13
1
8
1
2
80
2
117
964
8
74
4
52
120
16
106
1504
37
4
10
19
1
18
42
1
148
11
51
1
121
39
30
28
984
177
57
40
400
4
319
13
3
18
33
12
6
24
305
66
1
1
20
1791
33
187
20
30
34
5
1
1502
1183
46
337
2
340
5
1333
16
13
68
1166
2199
9
1752
2
8
7
19
20
1
439
431
281
4
6
38
138
301
35
26
4
13
428
1
358
27
259
153
13
16
11
35
583
106
12
7
1
1
2
3
3
17
300
207
1414
10
11
1033
376
16
17
468
9
6
39
383
226
136
832
2
309
52
1
171
108
37
15
1
88
175
274
27
912
3
677
3
7
5
20
491
2
14
42
43
912
28
151
1
17
557
10
34
570
728
1
31
46
1
111
951
43
2214
25
27
609
30
473
11
1108
30
4
5
179
15
66
37
92
622
1
8
1335
4
4
1
193
418
439
13
2
31
1
76
356
34
6
13
961
215
22
9
16
2
324
1225
531
9
1
373
10
33
6
67
81
8
1
287
45
633
12
13
33
2
117
30
1
19
23
41
16
19
321
25
1907
25
104
643
2
26
18
2
2
125
39
1420
6
6
449
16
30
1217
18
19
2
25
16
56
10
9
361
384
7
1442
2
41
35
144
260
13
1
558
5
579
1
864
7
693
20
24
94
43
203
549
18
171
1094
535
2
1043
47
73
338
36
12
3
25
1009
352
372
11
319
16
484
7
16
1090
10
6
25
37
48
60
16
21
52
1
42
495
1
32
5
35
7
21
5
685
334
656
23
516
103
13
3
15
2
568
52
4
22
16
170
126
105
19
18
263
47
939
5
497
6
1646
776
30
1
1
224
268
198
12
119
3
373
11
40
1
1
734
50
714
752
363
413
1
402
6
28
277
5
12
2
13
3
1616
255
19
14
1017
43
5
22
69
3
529
278
192
1
61
25
3
7
5
36
9
57
7
20
1
1
72
869
5
166
491
9
23
200
1
37
11
2
2141
11
98
6
19
32
3
7
439
85
22
7
30
968
20
76
10
1199
9
5
286
337
155
24
3
2
573
6
724
1135
21
274
1444
5
35
55
1506
113
7
8
1
13
1
3
49
3
9
9
24
16
40
468
7
468
23
5
30
144
381
135
10
7
42
4
746
10
3
5
6
33
41
21
20
32
1
24
22
75
18
30
159
6
531
1533
16
518
2
2
21
383
97
1
327
8
1
128
13
1
1
987
891
477
36
278
22
134
74
144
274
9
3
34
18
36
2
13
1
385
4
713
1
389
640
191
73
68
7
6
2
5
2
18
1168
26
7
51
16
47
1025
4
17
3
110
1
54
36
11
765
1
59
3
391
4
14
2
19
38
4
44
990
436
9
5
1
19
39
63
362
15
417
2
7
13
16
91
47
1
39
47
744
4
253
3
232
13
1
1472
3
12
5
26
4
588
15
1
19
31
58
20
382
15
342
60
3
9
10
2
13
29
20
286
130
9
828
1815
4
105
239
12
31
3
659
489
45
24
21
7
101
545
41
8
5
606
48
25
4
1
260
57
328
20
5
1601
143
1
17
6
14
1
543
31
77
6
2
333
7
3
157
15
486
558
1251
9
27
1
93
4
868
1
6
2
104
1068
25
964
11
1
938
3
716
3
13
4
183
28
556
1
11
6
530
218
16
64
879
4
1614
211
2
10
81
18
1
269
5
6
36
1
477
9
3
32
17
908
527
19
7
6
3
121
13
8
30
177
16
21
23
16
1
441
153
19
247
15
654
962
32
1
13
970
18
1
3
18
899
1
1
7
29
243
3
258
4
14
365
32
26
15
15
1
1097
506
33
6
96
481
462
1925
112
25
2
447
21
5
173
45
1
163
2
2
865
1
17
5
1109
136
2
1515
198
467
105
181
49
30
4
27
36
9
158
4
154
664
6
765
2
382
18
11
1
32
30
26
12
37
2
4
18
26
493
21
168
1697
18
19
1
116
48
94
419
3
6
321
559
121
1172
213
3
102
19
42
4
5
18
8
442
42
8
1541
48
1
1745
1
794
27
545
3
409
26
4
11
66
82
1
123
764
420
40
578
1
476
505
3
19
25
7
24
817
60
52
493
22
33
155
39
1733
5
13
6
6
362
199
23
3
1
169
2
334
43
24
14
10
13
2
2
1174
4
4
7
753
1371
14
2
200
9
19
11
5
3
2
45
1
7
1
14
2024
194
1
19
21
1068
46
29
45
197
1
14
11
41
132
27
4
230
54
1327
792
447
8
7
115
364
1
11
206
28
1
827
232
1
3
276
404
1
4
9
14
385
3
86
38
2
1874
8
2
583
12
2
308
17
1
606
34
4
42
8
49
202
50
15
76
43
145
1
37
595
961
12
1
868
2
7
2
1506
22
6
68
3
7
150
14
27
285
1
3
204
1
632
12
1499
5
144
267
16
24
273
10
38
153
15
271
8
141
1
98
2
45
20
393
317
519
41
245
39
33
896
39
800
3
5
2188
3
29
26
12
874
306
37
2
1
9
3
1
531
12
35
301
59
854
30
2
1085
10
26
567
29
322
9
1
368
2
37
9
106
4
2
17
30
45
484
124
93
55
872
773
60
5
889
658
13
194
3
487
1
3
9
129
229
3
60
7
435
111
11
1
54
2
3
18
282
51
417
82
152
5
401
27
8
14
1
5
2
3
28
147
1519
29
1
558
3
404
198
6
1
969
3
21
4
5
25
10
15
26
95
17
1
1
225
9
39
762
251
7
120
32
10
23
19
1
1450
3
35
74
59
4
13
224
690
11
8
679
1
1
17
6
52
295
1
83
34
3
1
23
144
1
1
13
181
355
183
24
118
22
338
2414
80
51
321
39
2
11
273
26
12
28
110
8
14
1309
121
602
8
35
1
55
8
922
578
401
2
39
1
15
13
10
4
87
2
103
14
1
920
6
2
3
21
11
25
1
21
8
2
104
48
20
41
60
26
66
223
4
4
2
806
2
2
1716
2
3
38
19
27
83
459
94
301
46
25
10
155
1
20
1
19
181
19
4
2
12
118
1324
11
37
294
15
389
122
8
13
14
42
948
3
39
1
5
350
3
28
1
1
434
99
5
118
26
749
377
28
77
6
461
5
15
23
258
49
218
5
127
363
4
5
165
1
9
179
26
576
527
112
11
254
165
4
28
48
144
17
14
4
54
1
7
133
471
605
7
408
3
277
305
33
235
10
33
251
9
3
39
7
1016
3
99
38
379
21
1
1354
607
10
562
54
5
29
78
1
16
1323
7
324
21
7
10
11
10
20
10
5
815
722
13
7
21
215
56
421
41
143
9
1
2
151
6
813
15
44
697
1
47
86
231
20
6
3
955
1
29
6
47
2
627
2
96
83
34
213
17
577
22
3
4
1
371
27
579
1087
3
1
2
5
2
23
77
519
1
9
12
1158
709
8
52
23
255
18
1
1096
121
2
1
3
1
20
20
1
9
30
21
18
14
361
790
186
16
27
4
1
48
1
25
334
3
43
15
7
1
1
1
367
7
39
778
16
10
227
7
26
163
180
159
1
5
1271
23
5
1530
7
4
7
36
5
364
19
145
9
22
4
11
19
8
68
1
9
1
23
1052
2041
9
14
117
1
42
504
281
306
179
20
48
7
3
721
1
143
1707
512
8
123
290
23
17
34
161
118
294
10
2
1
2
3
14
170
38
9
35
69
75
1
452
2
15
705
5
5
15
40
2
82
51
35
8
20
25
110
38
18
22
122
704
23
11
18
7
546
394
15
38
21
980
350
60
1
141
64
297
193
1
12
74
40
28
21
6
3
3
92
1473
24
7
53
26
5
23
866
239
6
339
11
85
114
419
149
354
355
118
1550
1
473
636
16
260
384
21
1399
2
9
7
1
303
159
4
56
1307
1175
708
144
2
488
283
97
10
41
238
7
35
46
5
5
701
35
21
387
6
315
16
61
7
164
1
20
2
11
520
42
3
2
16
371
18
19
1092
1
14
525
487
7
9
2
96
7
4
26
1
1
277
38
105
1
1
44
12
1
38
45
147
49
16
8
5
31
127
9
1
226
665
2
51
1
569
1
139
3
999
35
169
15
26
69
1
15
588
53
18
8
2
1
11
4
11
32
898
5
24
2
13
1
57
581
258
198
112
81
24
62
121
8
5
1325
3
807
2
29
479
4
20
913
33
59
802
8
100
452
10
27
206
133
4
109
7
460
473
107
1480
37
658
117
2
1
1947
4
9
25
14
27
1
19
8
80
289
44
7
45
25
1
1
148
18
11
9
172
28
1460
21
75
3
497
1
29
294
11
242
18
691
1
11
1480
161
7
1
16
6
393
10
16
23
106
12
16
6
303
272
1404
1005
56
1071
5
94
14
743
30
2
1186
7
1
19
296
1
3
188
383
34
46
1
27
154
24
444
3
353
103
31
664
1018
16
218
1
740
16
73
411
1
1
1144
24
27
54
26
82
1
176
9
435
13
20
2
1041
8
409
523
156
208
10
687
15
937
45
106
62
10
2
971
81
1225
13
31
242
1
195
1
2127
26
281
6
150
9
40
368
1
826
2
7
12
139
1
64
19
36
3
695
535
28
308
10
20
10
6
3
64
479
6
2650
2
121
70
1023
660
520
121
1827
1
1
122
520
1664
16
2
7
13
278
46
99
1
17
7
601
29
297
2212
1406
22
1
103
1
507
31
19
53
21
5
39
5
2
720
9
16
9
1
2
2
77
1
352
1056
5
149
311
1404
448
5
1640
295
319
11
27
73
1
19
25
31
7
136
1
6
1
665
55
129
807
8
16
2
2
22
625
16
1
1
1621
692
6
27
25
1339
682
32
12
1
83
1307
16
14
18
417
1406
52
2
3
12
672
1551
44
856
354
1
127
2
26
18
2
23
10
11
302
18
72
8
77
16
1
881
15
10
1
2
10
30
22
21
4
2
51
1
1
57
35
181
389
49
539
1
15
45
883
6
21
1
401
138
48
158
244
15
2
1
10
216
567
3
1005
1
11
24
24
27
19
545
395
23
120
356
3
5
11
343
20
2
389
110
36
283
13
18
283
36
1449
108
7
36
2136
75
3
1
20
14
234
143
20
17
25
68
31
37
56
7
15
108
14
13
11
280
30
95
12
219
141
6
1
27
1
15
1
171
41
12
2891
30
66
15
26
30
1603
129
29
1
13
2
26
31
27
291
3
1331
4
2
3
300
43
150
2
14
7
3
249
10
325
39
14
41
287
19
10
4
676
356
10
19
5
24
4
6
8
1
31
174
26
3
36
14
24
29
626
1
512
6
4
3
55
422
20
719
17
9
58
26
28
4
336
6
2
376
19
54
82
6
1
41
176
265
271
2
382
9
6
831
3
529
21
1
337
3
1
2
713
18
15
31
36
17
76
5
298
82
263
915
13
456
351
38
4
627
7
83
3
1
1
1
900
1
2
293
7
1
14
173
328
8
377
14
136
1
75
11
373
29
14
8
12
320
7
2
2
368
12
783
65
13
11
181
7
12
16
17
126
15
2
1
1
80
692
12
44
11
43
8
1
1100
4
9
1
95
178
2
18
1
203
9
64
10
1017
2
246
186
17
402
19
3
10
6
2
11
2
11
10
974
20
47
37
11
4
5
82
836
103
24
41
26
154
504
124
59
3
35
744
2
520
5
6
46
552
15
1
14
1
12
913
5
709
10
1
14
1
193
246
342
11
1
1
4
86
11
34
310
1
27
7
362
219
7
20
42
201
26
1098
28
158
20
29
27
1
148
36
52
2215
63
442
12
3
10
35
312
12
45
195
1125
757
2175
1
9
185
42
294
19
20
966
248
19
243
34
2204
27
52
13
40
1
296
1
4
22
1026
13
90
34
611
173
2
96
10
10
2
1
33
372
259
406
313
4
3
93
13
1322
57
29
1468
103
63
600
10
275
3
408
41
41
1
9
644
7
2
104
11
943
509
445
3
26
41
12
22
306
1
12
13
5
63
27
38
1
213
11
84
14
2
16
69
1
1026
4
51
6
9
5
1
7
1309
910
8
2
1120
626
8
7
1127
9
23
3
2
8
2
643
2
3
29
15
7
21
57
221
1001
25
186
179
1
15
1
247
29
1
4
1
73
19
20
10
9
217
376
18
625
12
13
21
306
19
2
1254
274
1632
2
366
53
1
15
1642
19
1
92
7
607
50
1083
20
147
19
24
1295
11
34
1
879
722
63
10
14
167
90
1366
24
1
6
8
810
39
1254
2
127
4
4
220
333
9
1
5
1
95
45
