20
55886
66171
23969
75845
1067
53
48468
350
7
28776
5170
1268
34
2791
800
32
682
24
91692
174633
7568
7149
1065
26488
108444
5371
1992
2832
232
17213
39255
109302
46335
3154
24
7679
1450
1059
61
25193
22625
25731
134406
35
85349
92672
14
5
934
9729
444
2709
5
138866
162233
52286
441
21597
49430
2456
363
2578
140
2
2150
109205
13863
1667
748
116785
3472
661
561
45
18
21342
257
3073
475
57
1780
104
23
2859
659
1024
20646
2265
46697
864
71
614
1650
35
1908
52
69
51572
62
63
38344
84291
8499
308
3251
359
3241
13896
4383
325
109
78673
40297
1532
671
12
393985
1417
11
667
1374
587
2661
2422
699
958
33289
1152
10330
20020
1643
1542
17846
310
15850
1399
2245
329
445
394
1864
82
77030
3414
256
5419
31
49449
914
79942
40
1015
55192
28912
33685
12818
377
61240
110
1581
393
61210
28
6275
42
49423
3672
24
63
2696
3354
13648
750
314
1337
890
182
1296
2360
1219
2340
116069
2950
68
34227
90868
535
11238
24343
1623
2085
20354
1937
1090
788
2779
19987
18
118085
34260
40752
36
2426
4367
2840
36891
4790
44
615
27
1909
105
16187
10802
13201
33
30
51494
351
133126
19229
6028
53117
32837
3816
187
1214
2015
2095
35
96
1114
113
130
57932
1353
849
915
328
1172
6
418
150820
508
2947
34477
2
281
895
118403
3608
3928
212
323
31953
1203
1545
4054
296
1745
1036
118
1902
3709
1218
526
183
583
460
281
59035
40
1158
471
27786
107241
28884
835
112462
551
19565
1116
3949
76
158
746
462
391
1647
700
292
160757
5122
693
111552
1680
6117
683
11842
151786
11267
8916
887
36755
1011
31268
1521
2684
1265
65
2063
18814
87
5632
115882
14349
22
8777
407
253
23194
1580
36417
10097
1337
2842
283
101037
1591
19
2358
2595
64
4
260
55
56973
77943
46061
27260
650
25
123
5674
9
50691
120
38401
445
12272
6622
3748
1571
3817
2891
113547
180
167738
55691
14041
439
4424
841
15281
172925
2140
73
99016
1110
6997
51419
22211
7086
4384
1468
3468
211324
1962
5533
3325
14007
2050
4789
1396
770
16956
219023
924
27
32
12603
74522
38921
1369
1433
8
107897
5539
247
38546
892
665
82
150
69230
85712
70177
1384
1704
22554
2029
11
6
2124
765
31623
63432
994
3
3459
187
561
339
495
773
15
228
122314
673
1701
5516
44
323
1628
9143
373
1114
76758
644
41032
566
34168
264
1852
4415
2047
241
205
2464
76787
66
9
9114
90534
50884
1059
2022
76
4844
8756
323
106661
106
8491
18
1581
3
10302
1028
5948
29
653
1503
732
346
89616
68837
51
1071
47207
132645
85
71087
5661
4995
98
11
123051
2375
23
411
9671
149627
1230
463
92979
353
39020
1599
671
21232
33
8437
22802
44480
33720
92704
861
5943
76313
88030
828
4765
157450
57986
4
365
66993
708
69
56503
175
148
2111
974
1792
3
49056
132
260
2323
94181
350
4543
39223
562
2
4
2027
215
240354
188431
5
576
1774
54390
187615
19399
321
28
5297
15136
27
2633
3074
78587
237
3280
22110
26
3068
99
20616
79986
45171
173193
20
835
32
606
47040
1709
102943
293
138679
69
1389
1827
507
233
583
27491
39
325
59859
2445
29769
3376
309
11463
210
784
838
827
147
3223
27866
3474
37509
92
21957
1984
1506
80435
27815
6383
1962
2687
10481
11
3855
4437
51
11668
3707
39736
2809
13462
37639
25898
45057
82
522
75694
57
8481
10
34234
3
37727
390
2049
1877
8
1611
8
18310
68814
185571
517
165
18848
70974
57890
47
19750
4725
92676
433
415
2
76333
130378
124416
257
13193
138409
19895
1030
32752
152610
1037
2497
90353
72595
123007
73621
14
7795
77
249
29
2
66023
52436
242014
74
1036
1862
5141
4717
1058
27464
118071
21127
410
1660
2517
286
25
2278
341
67767
1138
1106
31468
454
182
77618
