500 10 500
4 6 5 9 2 10 7 3 9 1 9 4 5 7 1 1 2 2 5 2 6 2 8 6 7 9 2 9 8 7 7 5 7 1 5 2 5 2 5 1 3 1 10 9 3 1 7 5 2 5 8 6 2 1 2 1 4 9 6 1 4 4 4 7 10 6 8 10 8 6 9 8 3 1 10 6 7 7 2 5 1 6 3 8 6 2 10 10 9 7 4 9 9 7 1 6 5 10 5 5 4 8 5 2 5 3 7 7 1 9 10 2 5 9 10 5 8 9 4 9 7 4 8 9 4 10 3 4 4 8 3 8 3 9 2 3 9 6 4 6 9 2 3 3 8 1 9 6 3 8 10 5 1 10 10 10 4 9 9 4 6 9 8 10 6 5 7 1 8 6 2 6 8 4 5 3 8 4 4 7 4 10 3 1 9 6 10 2 10 10 3 2 8 3 5 4 6 7 8 6 8 4 5 5 7 9 6 9 4 2 8 5 7 6 6 1 4 1 9 6 8 1 7 8 5 2 8 6 6 7 6 10 7 5 4 6 1 2 6 2 6 10 6 9 4 1 8 7 9 1 5 10 8 2 8 5 9 7 7 3 4 4 6 4 3 10 7 8 5 6 10 8 9 6 4 2 10 5 5 8 2 6 8 4 6 7 2 8 7 9 9 5 8 8 9 9 3 9 5 6 2 1 1 10 5 3 1 1 4 9 8 2 2 9 2 6 3 7 1 6 1 10 6 2 6 6 5 1 10 3 6 5 10 1 1 4 5 1 10 6 6 8 7 9 1 9 8 6 10 1 3 7 1 9 2 9 8 6 5 10 6 5 9 3 5 3 4 6 3 9 7 3 2 5 8 5 5 3 5 2 6 1 1 8 1 10 7 1 7 4 4 7 1 6 10 8 5 7 3 10 7 4 9 1 1 6 8 8 10 3 1 9 6 10 1 7 3 1 7 2 2 4 3 9 10 9 8 2 6 3 3 3 2 5 3 7 6 7 8 5 9 4 3 6 1 10 6 6 4 3 5 10 2 2 7 4 10 1 8 7 4 9 9 4 5 4 5 6 3 10 5 4 1 6 6 7 3 4 6 4 4 10 3 2 1 5 4 1 8 6 6 9 6 2 10 9 1 5 1 7 
1 141 7
1 2 3
2
1 272 10
1 189 6
2
1 415 6
1 250 9
2
1 399 2
2
1 314 6
2
1 124 2
1 84 1
1 56 6
1 377 2
2
1 43 4
1 227 3
2
1 458 3
2
1 63 4
2
1 234 4
1 496 8
2
1 477 8
1 491 2
1 109 6
2
1 227 4
2
1 487 9
2
1 228 8
2
1 206 6
1 218 8
1 191 5
1 419 9
1 1 4
2
1 60 7
1 379 2
1 351 5
1 18 8
1 72 9
1 16 1
2
1 187 3
1 416 7
1 236 9
2
1 94 6
1 214 7
2
1 483 7
2
1 4 5
2
1 14 7
2
1 58 6
2
1 29 3
2
1 22 8
2
1 434 9
2
1 169 2
1 246 10
1 330 6
1 55 1
1 421 1
1 220 2
1 183 6
2
1 7 9
1 438 7
2
1 333 1
2
1 228 8
2
1 11 7
1 136 2
2
1 207 5
2
1 63 5
1 97 6
2
1 260 7
2
1 20 5
1 372 6
2
1 216 5
1 423 1
2
1 386 5
2
1 237 4
2
1 421 7
1 285 2
1 53 1
2
1 283 4
1 167 10
2
1 374 8
1 292 4
2
1 175 3
2
1 378 4
1 177 8
1 98 8
2
1 328 8
1 1 5
1 335 9
1 102 9
2
1 331 4
2
1 236 7
2
1 42 3
2
1 226 5
1 347 8
2
1 476 9
2
1 330 4
1 58 4
2
1 411 10
2
1 439 6
2
1 247 3
2
1 49 5
2
1 251 10
1 228 5
2
1 246 10
1 261 7
1 260 6
2
1 124 6
1 94 6
2
1 60 5
1 162 1
1 16 9
2
1 208 6
1 58 4
2
1 425 3
1 34 7
1 425 2
2
1 459 10
1 167 10
2
1 29 5
2
1 113 10
2
1 467 3
1 139 9
1 47 10
2
1 266 7
2
1 89 3
2
1 277 3
1 3 10
1 468 9
1 30 7
2
1 155 5
2
1 331 2
1 204 8
1 32 10
1 314 1
2
1 474 2
1 398 5
2
1 77 10
2
1 4 10
1 221 1
2
1 75 10
2
1 208 6
2
1 255 8
1 380 2
2
1 221 6
1 168 5
1 320 6
1 142 7
2
1 484 2
2
1 401 1
2
1 64 1
1 140 7
2
1 363 5
2
1 434 6
2
1 495 1
2
1 174 9
2
1 21 2
2
1 105 10
1 313 4
2
1 164 9
2
1 73 3
1 109 2
2
1 88 2
1 32 9
1 212 3
2
1 284 4
2
1 458 1
1 273 3
2
1 429 4
1 428 10
2
1 38 10
2
1 225 1
2
1 369 6
2
1 200 4
1 121 7
1 376 9
2
1 149 5
1 421 10
1 113 2
1 85 8
2
1 43 3
1 364 3
1 119 5
2
1 262 8
2
1 85 7
2
1 268 7
2
1 384 4
2
1 92 8
2
1 169 2
2
1 271 6
2
1 136 5
1 106 9
2
1 9 1
2
1 203 1
1 167 7
1 431 2
1 149 3
1 461 7
1 392 9
2
1 127 10
1 178 10
1 352 2
1 74 4
2
1 437 2
2
1 422 9
1 100 6
1 294 8
2
1 200 3
1 230 10
1 463 10
2
1 20 4
1 210 10
2
1 305 10
1 68 1
1 439 9
2
1 85 6
1 490 1
2
1 24 4
1 136 10
1 57 5
2
1 60 2
1 179 6
2
1 500 9
2
1 348 8
1 170 2
1 471 9
2
1 143 7
2
1 67 5
1 91 2
2
1 409 5
2
1 407 6
1 370 8
2
1 93 8
2
1 249 10
1 398 5
1 64 3
1 415 2
2
1 200 5
1 468 1
1 404 9
1 379 9
2
1 188 5
2
1 31 2
1 95 8
1 339 4
2
1 140 8
1 417 9
1 115 7
2
1 461 4
1 302 1
2
1 352 3
2
1 427 4
2
1 367 9
2
1 214 1
2
1 403 6
2
1 29 9
1 66 7
1 208 8
1 148 9
2
1 274 7
2
1 78 9
1 439 7
1 268 5
2
1 87 3
1 131 2
2
1 285 3
1 161 9
1 165 5
2
1 351 8
1 239 9
1 406 6
1 496 4
2
1 93 3
2
1 23 2
2
1 350 5
1 222 7
2
1 236 3
2
1 268 5
2
1 327 8
2
1 115 1
2
1 306 9
2
1 338 10
1 35 10
1 36 2
2
1 157 4
1 313 2
2
1 107 3
2
1 348 10
1 182 5
1 12 2
1 83 2
2
1 140 10
2
1 475 9
2
1 5 7
1 422 1
2
1 264 5
1 453 7
2
1 285 9
1 205 7
1 433 3
1 438 9
2
1 189 5
1 112 3
1 445 6
1 202 2
1 132 1
1 49 3
2
1 237 3
1 237 7
2
1 410 8
1 109 6
2
1 444 2
2
1 484 4
2
1 388 7
2
1 301 8
2
1 456 5
1 213 4
2
1 9 8
1 269 5
1 53 3
1 438 2
1 367 2
1 379 4
2
1 140 1
2
1 302 3
1 223 8
2
1 6 3
1 371 8
1 280 7
2
1 334 3
1 130 3
1 339 9
2
1 166 8
2
1 282 5
1 194 5
