500 10 500
8 9 7 3 7 9 4 2 6 4 5 3 3 3 6 3 1 7 4 7 9 3 1 2 8 8 6 6 4 1 4 10 6 5 7 6 1 3 3 3 1 3 9 10 10 9 4 5 8 3 4 2 5 10 2 10 4 7 6 5 7 9 8 3 8 6 1 9 1 6 7 9 1 1 4 7 7 7 6 5 3 6 9 10 7 6 5 2 1 3 2 9 4 5 4 4 9 7 4 6 5 3 2 7 9 2 1 4 10 10 4 8 7 3 8 10 5 6 7 8 7 9 5 3 4 8 3 5 6 3 8 9 8 8 3 5 9 4 10 7 8 1 3 3 7 2 3 5 1 7 2 2 6 10 5 10 6 10 1 10 2 1 9 1 3 7 8 6 10 9 5 3 6 2 2 2 5 3 1 7 8 3 4 4 4 6 1 10 9 9 2 6 9 5 10 7 9 9 6 8 8 3 3 6 10 5 5 10 1 3 9 7 3 8 5 8 4 5 5 9 7 1 2 5 1 9 3 8 2 7 1 7 6 2 8 8 7 10 9 6 7 5 3 5 5 8 6 4 2 9 3 10 8 4 4 5 2 1 7 8 6 1 8 7 1 10 10 4 2 8 3 1 7 7 7 3 3 1 9 4 2 7 2 7 7 7 6 7 1 8 4 7 10 8 7 5 9 9 8 7 2 6 5 7 2 6 2 2 10 9 7 6 6 4 8 8 7 3 10 3 5 9 9 4 5 8 2 5 10 10 9 3 7 5 9 6 2 1 10 6 2 6 3 10 10 1 6 1 9 7 10 6 5 2 5 1 9 4 9 4 3 5 3 4 8 3 8 5 10 5 10 8 1 7 7 3 5 5 6 3 8 4 5 5 4 4 1 1 1 1 1 10 10 9 9 6 5 6 6 8 10 8 8 8 8 4 1 5 6 3 5 8 4 3 8 3 8 6 7 10 9 7 4 2 8 8 7 1 3 5 2 7 4 4 5 8 2 9 3 9 7 5 2 5 2 3 9 6 4 3 6 10 1 7 6 6 10 9 3 6 1 5 8 6 9 1 9 3 9 3 10 3 3 7 9 5 2 4 4 7 4 8 3 5 3 5 9 1 8 9 3 8 2 2 5 6 5 9 8 10 
2
1 476 4
1 205 8
2
1 401 2
2
1 62 1
2
1 83 9
1 483 1
1 104 9
1 27 4
2
1 457 9
2
1 198 7
1 289 2
1 165 8
1 85 1
1 342 7
2
1 241 6
1 286 10
1 257 5
2
1 405 6
2
1 241 5
1 298 5
1 375 2
1 192 10
1 365 9
2
1 265 2
1 494 2
1 168 10
2
1 491 8
2
1 383 5
1 240 5
2
1 165 5
2
1 65 8
2
1 9 5
2
1 1 6
2
1 176 3
1 241 5
1 141 2
2
1 332 8
1 377 9
1 178 1
1 339 3
2
1 92 10
2
1 341 7
2
1 441 8
1 58 8
2
1 82 8
1 324 7
2
1 273 3
2
1 223 2
1 51 4
2
1 17 10
1 68 3
2
1 75 8
2
1 476 6
2
1 63 10
1 119 9
1 395 2
1 499 5
1 459 3
2
1 475 4
2
1 205 3
2
1 431 9
1 361 7
2
1 14 10
1 403 4
2
1 322 8
1 97 5
1 42 9
2
1 475 3
1 25 6
2
1 384 7
2
1 226 3
2
1 82 8
1 349 3
2
1 334 10
2
1 47 6
2
1 12 1
2
1 133 8
1 190 7
2
1 275 7
2
1 471 8
1 174 5
2
1 108 10
1 337 1
2
1 91 1
1 422 8
2
1 377 7
1 21 10
1 453 8
2
1 25 2
2
1 102 8
2
1 411 7
2
1 465 4
2
1 141 5
2
1 346 2
2
1 493 7
2
1 271 10
2
1 124 9
2
1 69 9
2
1 57 1
1 257 7
1 493 3
2
1 274 4
2
1 292 7
2
1 307 1
1 47 1
1 293 1
1 271 2
2
1 51 7
2
1 297 6
1 268 3
2
1 101 9
2
1 486 1
2
1 266 6
2
1 361 4
2
1 193 4
2
1 495 3
2
1 425 4
1 221 1
1 32 7
2
1 144 8
2
1 295 3
1 411 7
2
1 147 9
2
1 201 3
2
1 329 9
1 457 4
1 125 3
1 306 3
2
1 338 6
1 329 9
2
1 111 10
1 106 5
1 252 7
2
1 435 9
2
1 97 1
1 214 4
1 321 3
1 333 9
1 426 1
1 448 8
2
1 39 8
2
1 64 5
1 331 5
2
1 408 5
2
1 238 1
2
1 419 1
1 428 6
2
1 312 3
2
1 365 5
2
1 86 10
2
1 390 5
1 398 8
2
1 88 4
2
1 122 2
1 119 6
1 224 9
2
1 398 10
1 89 1
1 62 6
2
1 276 7
2
1 95 7
2
1 299 2
1 277 5
1 314 10
2
1 479 1
2
1 191 1
2
1 329 6
2
1 161 3
2
1 361 5
2
1 260 3
1 140 1
1 369 4
1 433 5
2
1 371 1
1 16 4
1 253 8
2
1 79 3
1 355 6
1 306 7
1 196 1
1 226 5
1 239 8
1 276 2
1 491 8
1 134 10
1 328 6
1 497 5
2
1 374 8
2
1 75 5
2
1 55 1
2
1 231 2
1 118 3
2
1 70 3
1 293 1
2
1 353 9
1 172 5
1 418 10
2
1 61 10
2
1 276 7
2
1 388 10
1 41 5
1 241 3
2
1 61 2
2
1 206 8
1 143 10
2
1 15 5
2
1 371 2
2
1 245 4
1 42 7
2
1 489 9
2
1 228 4
1 133 5
1 52 4
1 130 6
1 241 6
1 370 5
2
1 234 7
2
1 98 9
1 44 6
2
1 224 2
1 261 10
1 319 9
2
1 233 8
2
1 72 3
2
1 205 4
1 113 10
2
1 29 10
2
1 207 7
1 250 7
1 288 3
2
1 461 4
2
1 352 5
1 240 3
1 148 9
1 268 6
2
1 482 1
2
1 223 7
1 116 9
2
1 242 6
1 336 4
2
1 460 6
2
1 484 1
1 428 8
1 169 7
1 33 7
2
1 323 7
1 91 7
1 489 2
1 218 2
1 492 6
2
1 442 2
1 292 6
2
1 82 8
1 491 7
2
1 287 3
2
1 210 6
2
1 93 8
2
1 135 3
1 174 7
2
1 145 1
1 200 5
2
1 270 7
1 97 6
1 379 6
1 477 8
2
1 218 1
2
1 26 10
1 484 3
1 470 6
2
1 284 7
2
1 149 9
2
1 467 4
1 35 7
2
1 133 6
2
1 424 6
1 240 4
1 37 2
2
1 276 5
1 54 3
2
1 295 3
1 193 6
1 21 3
1 281 10
2
1 250 1
1 450 8
1 273 2
1 114 1
2
1 368 2
1 208 7
1 292 2
2
1 64 8
1 432 9
1 331 5
1 209 5
2
1 170 8
2
1 74 7
1 4 8
1 194 2
1 128 7
2
1 404 3
1 428 8
2
1 324 4
1 251 8
2
1 342 6
2
1 103 10
2
1 179 7
2
1 92 4
2
1 280 2
1 264 10
1 271 1
2
1 59 2
1 237 9
1 80 2
2
1 229 6
2
1 354 10
2
1 358 1
2
1 403 9
1 393 10
1 262 7
1 20 8
2
1 30 5
1 263 4
1 135 7
1 96 4
2
1 459 4
1 3 8
1 471 1
2
1 108 9
2
1 31 3
