497 10 500
6 4 5 10 10 4 6 1 5 8 5 8 5 5 8 7 3 2 5 1 2 4 1 3 5 4 8 4 5 7 9 10 9 5 8 2 2 6 8 2 3 9 6 3 1 4 4 2 4 1 4 9 10 2 9 8 9 2 7 3 4 5 2 6 3 9 9 10 8 3 4 1 10 8 4 6 9 1 2 9 8 2 1 9 2 3 3 6 4 6 3 2 2 8 10 6 2 10 8 5 3 2 8 1 4 1 1 5 9 9 1 8 10 10 2 1 5 1 4 6 4 3 6 5 4 9 3 3 8 8 1 5 10 9 8 4 2 3 4 5 9 2 1 10 8 2 3 5 8 4 6 8 6 10 1 3 1 3 3 5 6 10 2 4 3 3 9 6 4 4 9 5 3 8 4 6 1 10 2 3 10 5 5 4 2 9 4 4 6 4 6 6 3 2 3 8 4 9 4 5 2 7 4 10 3 7 5 9 2 4 3 4 1 2 4 6 3 6 8 3 9 6 1 5 2 5 6 3 9 4 8 3 2 5 3 10 10 5 2 4 6 2 3 8 5 7 2 9 7 9 8 5 8 4 6 2 10 2 2 8 9 9 9 7 10 2 3 5 6 7 10 6 2 3 10 6 7 2 1 10 8 7 3 9 1 7 7 3 4 7 2 2 9 7 7 5 1 7 6 8 8 7 6 7 6 5 6 9 3 9 10 8 4 9 8 8 4 4 1 2 8 2 5 8 9 8 7 6 1 4 8 6 5 9 4 1 3 8 1 4 6 3 4 4 10 2 6 4 8 6 2 1 6 9 5 4 3 8 9 4 8 7 5 9 2 6 6 6 3 2 9 10 7 10 5 5 8 8 2 4 7 6 5 7 2 6 7 2 2 9 5 1 7 8 9 10 6 7 2 2 1 5 7 10 2 9 4 8 2 1 9 2 5 8 3 6 2 7 10 8 2 6 6 8 3 4 3 2 8 9 3 7 6 1 3 9 1 2 4 1 5 6 5 8 2 5 8 10 3 9 5 4 7 4 9 6 4 5 5 1 9 5 3 3 1 3 1 1 9 9 5 10 4 5 3 5 6 6 2 5 2 2 7 9 9 2 9 4 10 8 3 5 10 8 4 3 7 
1 438 4
2
1 491 5
1 141 6
2
1 409 9
1 158 8
1 173 8
2
1 261 1
2
1 306 6
2
1 376 4
1 195 7
1 281 5
1 177 3
1 192 4
2
1 279 4
1 128 8
2
1 407 7
2
1 485 4
2
1 483 2
2
1 430 3
2
1 138 6
2
1 298 8
1 133 3
1 51 3
1 107 6
1 197 7
2
1 354 2
1 59 1
1 156 8
1 242 9
1 191 2
1 293 4
1 373 3
2
1 304 4
1 42 7
2
1 406 9
2
1 214 1
1 268 2
2
1 388 9
2
1 430 1
1 239 1
2
1 332 8
1 317 9
2
1 343 10
1 163 2
1 169 2
2
1 73 10
1 113 10
1 337 9
1 34 3
1 98 6
1 75 1
1 218 9
2
1 57 4
2
1 114 7
1 195 3
1 415 9
2
1 308 7
2
1 28 7
2
1 129 9
1 133 4
2
1 192 3
1 243 8
2
1 437 3
2
1 121 9
2
1 276 1
1 420 7
1 39 4
2
1 287 3
1 302 1
1 396 5
1 64 9
1 122 3
1 197 1
1 375 9
1 305 6
1 44 4
2
1 216 9
1 487 10
2
1 270 7
1 93 6
2
1 492 2
2
1 123 5
1 90 7
1 497 2
2
1 305 9
1 236 5
2
1 294 1
1 488 7
2
1 289 6
2
1 226 4
2
1 431 10
2
1 8 2
2
1 199 4
2
1 265 10
2
1 366 2
1 15 7
2
1 330 4
2
1 138 2
1 330 9
2
1 222 5
2
1 453 7
2
1 395 9
1 149 3
1 466 1
2
1 286 9
1 365 2
1 433 6
1 256 4
1 6 8
2
1 240 1
2
1 257 7
2
1 447 6
1 433 7
2
1 343 7
1 489 5
1 243 5
2
1 466 2
2
1 304 5
1 347 1
1 30 6
1 327 9
1 71 2
2
1 158 6
2
1 453 8
2
1 430 8
1 78 6
1 213 8
2
1 260 2
2
1 66 8
1 87 3
2
1 476 9
1 231 3
1 34 5
1 148 2
1 17 3
2
1 434 4
1 428 4
2
1 391 7
1 46 7
2
1 128 4
2
1 167 3
1 98 2
2
1 371 2
1 266 3
1 18 10
2
1 323 6
2
1 129 3
2
1 37 6
1 284 10
1 232 5
2
1 310 2
1 433 1
2
1 92 1
1 457 2
1 282 9
1 128 10
2
1 125 3
2
1 142 10
1 240 3
1 118 10
1 331 5
2
1 214 9
2
1 294 4
1 85 9
2
1 249 6
1 446 6
2
1 221 1
1 108 4
1 75 9
1 154 1
1 328 4
1 36 9
1 222 5
1 117 6
1 173 3
2
1 122 7
2
1 467 1
1 429 10
1 2 10
2
1 300 1
1 474 6
1 331 10
2
1 337 10
1 303 3
1 387 10
1 250 5
2
1 253 5
1 248 8
2
1 84 7
2
1 475 4
1 241 6
2
1 108 2
1 86 9
2
1 12 10
2
1 420 1
1 496 6
2
1 323 7
1 192 3
2
1 172 5
1 242 8
2
1 365 10
2
1 419 10
1 102 9
1 470 1
1 365 2
1 443 7
1 380 6
1 338 8
2
1 414 1
1 195 2
2
1 75 4
2
1 60 1
1 121 8
2
1 451 10
2
1 240 9
2
1 146 8
1 273 6
1 442 10
1 339 5
2
1 497 7
2
1 339 1
1 99 2
2
1 147 3
2
1 298 6
1 472 2
1 249 2
2
1 322 1
2
1 411 7
2
1 280 9
1 39 4
1 403 5
1 70 2
2
1 5 6
1 169 10
2
1 104 9
1 47 9
1 379 6
2
1 315 5
2
1 429 1
1 320 9
2
1 364 6
2
1 76 1
2
1 431 2
2
1 295 6
2
1 237 7
2
1 271 1
2
1 197 5
2
1 484 8
1 475 6
2
1 450 5
1 490 10
2
1 187 10
1 203 3
2
1 40 4
2
1 434 6
1 242 1
2
1 243 8
2
1 155 2
1 184 3
2
1 343 5
1 115 3
1 394 4
2
1 208 9
2
1 327 5
2
1 366 1
2
1 449 6
1 79 10
1 197 9
1 383 7
1 296 6
2
1 363 3
1 124 7
2
1 45 8
1 139 9
1 441 9
1 138 8
2
1 45 6
2
1 192 9
2
1 367 3
1 175 9
2
1 141 8
2
1 313 1
2
1 103 6
2
1 350 9
2
1 57 7
2
1 99 2
2
1 266 5
2
1 330 3
2
1 137 3
1 274 6
2
1 208 8
1 1 5
2
1 41 1
2
1 403 5
2
1 127 6
2
1 156 1
1 318 6
2
1 331 9
1 343 4
2
1 457 6
2
1 491 6
1 151 4
1 189 8
1 359 6
2
1 188 1
1 432 2
1 246 2
1 219 10
2
1 49 6
2
1 225 9
2
1 216 9
1 210 6
2
1 189 7
1 55 4
2
1 72 6
1 471 4
2
1 166 7
1 433 9
2
1 289 1
2
1 156 2
2
1 105 10
1 458 6
2
1 98 5
1 106 5
1 343 5
2
1 223 3
1 271 7
2
1 84 10
1 263 3
2
1 355 9
1 21 3
2
1 401 9
1 10 3
2
1 371 5
