13 58
1 1 2 0
1 2 2 0
1 0 3 0
1 1 3 0
1 0 5 1
1 0 7 0
1 2 8 0
1 2 8 2
1 2 9 0
1 1 12 1
1 2 12 1
1 0 13 0
1 1 13 2
2 0 4 0
2 2 4 1
2 0 6 0
2 2 11 2
2 2 12 1
2 1 13 2
3 0 4 0
3 0 6 1
3 0 7 2
3 0 8 1
3 0 10 2
3 0 13 2
3 1 13 1
3 2 13 1
4 1 5 0
4 1 6 1
4 1 8 0
4 1 9 0
4 0 10 2
4 2 10 2
4 2 12 2
4 0 13 1
5 1 6 1
5 0 7 2
5 2 8 1
5 1 10 1
5 2 10 2
5 1 11 1
5 1 12 2
5 2 12 0
6 1 11 2
6 2 12 2
6 1 13 0
7 1 9 0
7 0 13 2
7 1 13 1
8 2 12 1
8 1 13 2
8 2 13 1
9 1 11 0
9 2 11 2
9 0 13 2
10 0 12 2
10 1 13 0
11 1 12 0
