13 52
1 1 5 1
1 2 5 0
1 1 6 0
1 2 6 0
1 2 7 1
1 1 12 0
1 1 12 2
1 2 12 1
1 1 13 2
2 0 6 1
2 2 10 1
2 2 13 1
3 1 4 0
3 2 6 1
3 1 7 1
3 0 8 1
3 2 9 0
3 0 11 2
3 2 13 2
4 2 8 1
4 2 9 2
4 1 11 2
4 2 11 1
5 2 8 1
5 0 9 1
5 2 9 0
5 1 11 0
5 2 13 0
6 2 8 1
6 1 10 1
6 0 13 2
7 1 8 2
7 0 9 1
7 1 9 1
7 0 11 2
7 2 11 0
7 0 12 1
8 0 9 1
8 2 9 0
8 0 11 2
8 0 12 2
8 2 12 2
8 2 13 1
9 1 10 1
9 1 12 1
9 1 13 2
10 0 11 0
10 2 11 2
10 0 12 1
11 1 13 0
11 2 13 1
12 1 13 0
