20 82
1 1 3 0
1 1 5 0
1 2 10 0
1 2 11 0
1 0 17 1
1 0 18 2
2 0 6 0
2 1 8 1
2 0 10 1
2 1 12 0
2 2 13 1
2 0 14 2
2 2 20 0
3 0 4 0
3 1 7 0
3 1 8 2
3 1 9 1
3 2 12 2
3 0 15 0
3 2 15 0
3 2 15 1
3 0 16 2
3 1 18 1
3 1 19 0
4 1 6 0
4 1 7 1
4 2 8 0
4 1 17 2
4 2 18 2
4 2 19 1
5 0 8 2
5 1 15 2
5 0 17 2
6 0 8 1
6 1 8 1
6 2 8 2
6 2 11 0
6 0 15 0
7 1 10 1
7 1 12 1
7 2 12 0
7 0 16 0
7 2 16 2
7 0 20 1
7 1 20 0
8 2 16 0
8 0 17 0
9 1 10 1
9 1 10 2
9 1 11 1
9 1 12 2
9 2 13 2
9 1 16 2
9 1 18 1
9 1 19 2
9 1 20 1
10 1 11 2
10 0 13 1
10 2 13 0
10 2 13 1
10 0 15 2
10 0 18 1
11 0 14 1
11 2 16 1
11 1 18 0
11 2 20 0
12 1 15 1
12 0 16 1
12 0 16 2
12 1 16 2
12 0 18 0
12 0 19 2
13 1 15 0
13 0 17 1
13 1 20 0
14 0 17 2
14 0 18 2
16 0 18 2
17 0 18 1
18 0 20 2
18 2 20 0
19 1 20 1
