22 53
1 0 2 2
1 0 6 1
1 1 12 2
1 2 13 1
1 2 16 1
1 0 20 0
1 2 22 2
2 1 7 1
2 2 13 1
2 0 22 2
3 1 5 0
3 0 9 0
3 0 9 1
3 0 14 1
3 1 17 2
3 0 20 1
4 1 5 0
4 1 7 0
4 2 7 1
4 0 19 0
4 0 19 2
4 1 19 1
4 2 21 1
5 1 11 2
5 1 14 2
5 2 17 0
5 0 19 2
5 2 19 1
5 0 20 2
5 1 20 0
6 1 10 0
6 0 15 1
6 0 18 2
6 2 19 1
6 2 20 1
7 2 14 1
7 2 22 0
8 2 9 0
8 0 13 1
8 0 14 1
8 2 15 2
8 2 17 1
9 2 12 1
9 0 22 0
10 2 12 1
10 0 16 2
10 2 17 2
11 2 16 2
14 2 20 1
15 0 19 2
15 2 19 0
17 2 20 0
18 0 20 0
