300 1000000000
300 57
300 24
300 40
300 45
300 68
300 38
300 94
300 79
300 39
300 87
300 98
300 79
300 63
300 56
300 97
300 63
300 52
300 61
300 83
300 35
300 19
300 38
300 12
300 9
300 87
300 3
300 92
300 54
300 5
300 37
300 43
300 11
300 25
300 87
300 70
300 65
300 58
300 57
300 70
300 87
300 67
300 18
300 81
300 45
300 14
300 49
300 68
300 51
300 91
300 57
300 69
300 88
300 65
300 29
300 57
300 7
300 35
300 79
300 7
300 25
300 4
300 53
300 55
300 51
300 3
300 29
300 71
300 19
300 66
300 71
300 23
300 27
300 13
300 22
300 85
300 6
300 49
300 47
300 51
300 29
300 28
300 61
300 42
300 92
300 57
300 76
300 83
300 32
300 9
300 58
300 13
300 51
300 11
300 70
300 80
300 14
300 38
300 75
300 61
300 24
300 38
300 94
300 11
300 24
300 32
300 32
300 48
300 78
300 36
300 47
300 49
300 18
300 65
300 71
300 75
300 15
300 52
300 77
300 21
300 95
300 31
300 11
300 44
300 22
300 47
300 60
300 60
300 89
300 5
300 12
300 19
300 55
300 43
300 40
300 55
300 77
300 50
300 90
300 6
300 54
300 73
300 48
300 41
300 69
300 100
300 30
300 52
300 34
300 55
300 52
300 5
300 71
300 11
300 35
300 8
300 93
300 12
300 14
300 92
300 99
300 2
300 69
300 30
300 52
300 66
300 28
300 28
300 4
300 73
300 52
300 73
300 7
300 37
300 77
300 8
300 4
300 40
300 61
300 35
300 65
300 1
300 49
300 41
300 52
300 12
300 94
300 71
300 55
300 100
300 95
300 30
300 95
300 25
300 67
300 66
300 7
300 11
300 38
300 19
300 24
300 46
300 37
300 43
300 88
300 35
300 14
300 82
300 29
300 23
300 39
300 34
300 35
300 84
300 30
300 71
300 45
300 92
300 11
300 75
300 86
300 91
300 74
300 75
300 26
300 6
300 49
300 63
300 37
300 64
300 27
300 3
300 88
300 1
300 23
300 32
300 34
300 57
300 12
300 38
300 64
300 55
300 90
300 16
300 27
300 42
300 65
300 54
300 64
300 16
300 8
300 82
300 21
300 69
300 11
300 82
300 87
300 85
300 63
300 17
300 28
300 29
300 14
300 1
300 1
300 45
300 17
300 15
300 42
300 56
300 37
300 41
300 84
300 4
300 69
300 34
300 61
300 86
300 65
300 26
300 3
300 93
300 20
300 66
300 88
300 34
300 73
300 75
300 96
300 60
300 90
300 15
300 32
300 76
300 68
300 54
300 6
300 68
300 60
300 96
300 70
