300 1060203
0 1286878
1 960668502
2 190866228
1 195306795
1 233497287
0 343641186
0 693228127
0 67978764
2 598546069
0 751890541
0 37754998
0 305348452
1 266631431
1 844903768
1 560113131
2 47250552
0 594767495
2 809926081
0 586661105
0 366656127
0 589306393
2 416896948
2 89253046
1 363341342
0 949153529
1 939664513
0 394025880
1 698118452
0 706294857
1 65588447
2 475559785
0 391421225
1 997837981
2 64646586
0 109343166
2 498523175
2 656697810
2 336837471
0 743834895
1 103380863
1 459365530
1 528729849
2 79420377
0 81387650
1 734416801
0 281610882
2 734513450
0 317227954
2 537434212
1 649483005
1 396539766
0 996414620
2 416166965
1 272010332
2 258644055
1 306658118
1 900103577
1 532931450
2 700211887
0 71291404
0 542291461
2 816173880
0 462421730
2 324304262
1 3459681
0 951549594
1 59746213
1 935101470
0 957951619
1 188150881
1 312291325
2 885502109
1 376729537
0 187387077
0 903788332
2 827079579
2 582708108
2 726263188
0 619047941
1 64185376
2 955781001
1 405236205
2 638884649
2 845845541
1 409805400
1 51034535
1 332581047
2 942290102
2 349784904
2 584174963
2 628627668
2 669854500
0 459816154
2 896762707
0 358748945
1 966433553
0 361612458
0 648479100
1 194772833
2 139563336
1 439430119
0 624178755
0 541388790
1 3733934
0 474582975
0 402542945
2 679285059
1 249547889
1 263396443
0 506551049
2 534823949
0 75706541
0 942909980
0 150582497
1 235999584
1 483395864
0 305646451
0 473019096
0 629669166
1 705207712
1 745107636
0 78499824
0 276590742
2 656183573
0 509853835
2 483599179
2 264585228
1 291626800
2 964936552
0 979395514
0 187442072
2 639223921
2 126664166
1 316874343
0 811151665
1 617843045
2 568821617
0 777727477
0 687686047
0 660702232
0 39305995
0 615835841
1 400219845
0 820265953
0 600649947
1 583929683
1 411303266
0 992464004
1 609876000
1 629372643
0 943013598
1 663589183
2 794758838
0 589577971
0 416523775
2 30315137
0 595470293
0 785010994
2 851715001
1 146408538
0 553791952
0 604816144
1 7203553
1 762581369
1 478168795
1 999978506
0 663936698
2 789127537
2 99645642
1 761429077
1 956143663
1 404178632
0 25687491
1 588413116
0 747880258
1 504222130
0 637139020
1 269258893
0 176974730
2 934765133
1 47444296
1 475617785
1 605188552
1 470786038
0 847055723
0 232078665
0 718831072
1 500220301
0 525318583
0 857367176
2 676161937
0 851212770
0 141627943
1 39717179
0 251804219
1 641453805
0 443467842
2 548138138
0 18175004
1 663459458
0 666631177
1 131320391
1 575990063
2 700269651
1 328485142
2 836651973
2 288163743
0 376951083
2 657795224
1 262070347
2 444497071
2 30529895
0 354481525
2 771522986
1 515324348
2 44150457
1 341514165
2 207030199
2 206919137
0 885251850
2 805007688
1 848399378
0 676587453
0 248843661
1 339584126
2 390837575
1 50475753
1 425751269
0 541673112
0 506933467
2 715677482
2 194207641
1 585539583
1 815556543
1 200104471
1 835652682
0 698701135
1 652260763
0 191834262
2 492453954
1 352617627
2 398910789
1 253341870
0 817023820
0 113978320
0 567938961
0 143195392
2 583148704
1 722843668
2 996259618
0 870352646
0 508888433
1 821505619
1 649836163
1 181987003
2 8237329
2 450066599
2 214460354
1 379031038
2 347560184
2 6208609
2 697197474
0 396341967
2 168464579
0 709359129
1 28404340
1 82463515
2 291334228
1 598303585
0 561561604
0 712055567
1 13465324
0 160816491
0 608978614
1 17379453
2 547289268
1 286347845
2 92581124
0 566427899
2 856546097
0 672662825
0 557365262
2 174364011
1 288538004
1 465374985
0 622220465
1 251689509
2 54771242
0 592056396
0 342539443
1 66489751
2 212425099
0 746610999
0 297713049
2 191360707
2 750549694
2 364707649
2 493117951
1 731146251
2 742545526
