300 2629882
0 7876717
1 380548027
4 210300855
3 804812637
0 795433451
0 696287735
1 251831535
2 510880579
5 328652705
0 850216531
5 609349591
3 66131892
5 355383071
2 846765095
2 127222407
1 933995931
0 609083290
4 506229752
1 922802380
3 277035017
2 693421958
0 339580672
4 296433175
1 933653265
2 52459670
4 182028775
2 711918925
2 164306967
4 483469468
3 473490603
3 748273829
5 86781604
1 893376685
1 395292248
2 299711434
4 648896169
5 691312713
3 641646981
2 363307292
4 899421448
4 60831955
1 25645111
1 405523491
2 851832992
4 700096530
1 50638970
2 812176425
5 856405092
5 817256759
4 433274924
2 311412060
2 279667112
0 586415158
3 791766700
0 240486667
3 130960694
3 223084578
1 565662935
1 102694188
4 903066565
1 618759675
1 896542875
3 430700625
4 809365820
3 188078442
5 50169646
3 843665059
4 727537295
1 141796779
2 926623017
3 686525201
4 512506357
0 91498677
1 676834316
3 113096026
1 548371098
1 593317104
0 436982402
4 916738907
5 788884787
2 583331334
5 864528891
3 493680369
5 571861373
2 750021952
2 297646213
2 809482541
3 597039279
4 911872891
4 569704490
1 346124143
1 696858741
0 201080949
2 295321251
4 510717601
2 400453037
1 703983999
3 463557234
2 722127336
4 159996770
3 404136455
1 569581534
0 850623636
0 640540856
2 278525283
5 190299031
0 330355706
2 189574450
3 891045711
4 352336235
5 951005631
4 867054256
4 806691538
0 645418431
4 473992478
4 458036255
3 448065971
1 428238815
0 926013390
2 796707214
5 971370662
2 362949361
4 493279282
2 43602936
2 641219759
4 148045064
3 826628397
4 224945683
1 905415020
3 54951775
0 696436555
5 248510626
2 608465562
1 636026147
2 148183354
5 106796027
2 891013074
1 216129443
0 763203169
5 347214238
5 321110215
4 519389128
4 879143272
1 184149447
2 828380834
0 773267518
2 858356125
4 427544011
0 925481551
3 952340287
1 689678668
4 931802422
3 73676797
2 591461279
1 641559637
4 487265456
5 106672875
5 373922070
4 758681536
5 615997301
2 14189199
1 139653475
5 256578151
4 603878568
1 813762068
2 739173514
4 150138700
1 520486410
5 69515885
2 368417515
1 620536725
5 751662613
4 213002086
0 104450687
3 810162585
5 86109329
1 237442240
1 332509043
5 616618189
5 757967556
0 76930389
5 765206792
5 831809179
0 384979969
1 843693357
5 268787675
2 230408612
3 806445981
4 646864728
4 150394622
5 92067761
4 742411977
1 484275670
2 331257454
4 194382307
5 899687266
2 111315155
0 247120002
5 458772605
3 465475750
3 685080107
0 981888409
1 301786906
0 839639013
5 896237634
2 993262050
4 958851993
1 509555501
5 532407081
4 642390211
5 454313837
4 247401782
2 857795677
5 292238572
1 485109801
1 914208640
2 430665189
0 156194763
3 562203733
5 966765097
4 219061362
2 744927534
4 73774233
4 812097123
2 551782540
0 38306652
4 528906578
4 266120332
0 259920601
2 954247540
3 436131157
5 777423454
5 18510588
0 43697122
4 201776105
1 939865839
5 109153928
2 964858591
5 538529883
0 971481220
4 275727513
4 359482105
5 538616416
1 951873968
2 278384924
4 74427594
5 401788614
4 359108647
2 737206408
1 674940048
0 191961064
1 719037804
3 749462006
4 614825923
3 322401282
3 702775965
0 279304025
1 67353499
2 749867598
5 391418557
0 107458155
4 382833408
0 388126500
0 227298898
3 225173753
0 685634070
4 853125570
4 282286068
4 650727106
2 509487321
2 834532508
5 799167132
5 707538458
2 234826342
5 954246913
2 615521084
1 974887829
3 132698610
3 954676142
2 45555062
2 425848395
0 758937559
1 170355391
2 449055008
3 881570224
4 187951179
5 629488283
1 522651936
3 504726520
0 798297724
1 463130250
1 640810431
2 358263989
4 143183227
1 964010297
2 565428696
0 681495288
3 548626835
3 525098092
0 673563107
