40 11186912
21 819188396
10 863121127
8 812385287
28 919787402
31 529034016
40 940607967
4 946875031
23 691115613
12 829788973
9 958529656
8 910218011
36 438089052
35 424777334
40 63540247
21 789028269
14 660910075
0 882265146
1 997603098
16 630082472
32 504122218
9 935130843
36 638881853
38 828738919
24 825938339
29 707569398
24 728507632
33 616876053
8 922286191
26 601907025
30 609595388
2 985815779
27 633491187
23 621654950
15 679500984
33 688250766
36 606691560
21 875296806
10 906976786
35 752778256
38 438602738
