40 982897772
10 676261773
0 955495507
22 450070334
30 340939334
32 300447466
11 647427687
17 531207490
1 912879078
40 15042514
25 379263192
9 718365595
3 887974792
5 857744808
36 130808013
6 824152563
27 361775332
12 621652042
2 900293338
31 313136750
8 734907256
4 862894460
21 450941120
37 88100188
18 521398208
13 610408239
29 345928982
7 745256436
28 350569781
23 401568521
38 75670118
35 139360757
34 168462065
14 607414982
20 512396537
19 513067767
26 362674247
16 560025871
15 603554382
24 381962470
33 169354587
