40 496463
28 738084705
15 898550967
40 763074368
32 837986867
32 942216033
13 856836487
20 793001875
32 914058962
28 948460805
19 996421342
29 891979805
8 837113574
13 787002223
12 780641428
13 722451752
25 788970866
34 988435567
2 965013102
0 754168493
27 872232667
12 995001749
20 875486433
25 803399309
10 712236380
22 694081928
33 785809946
31 929983227
37 810112988
32 992290476
28 714780885
37 925369044
40 969287548
36 744254477
6 813824687
0 691518941
12 778747398
23 915731777
10 753479338
11 898695279
24 962767558
