40 32
40 996797796
40 592358781
40 603851912
40 679989936
40 899949930
40 916795808
40 797670897
40 674069551
40 656215435
40 666817637
40 663956165
40 588439879
40 521795122
40 590395520
40 780868144
40 956998722
40 776530006
40 621569649
40 694190301
40 786991921
40 571657644
40 711117000
40 677370966
40 620908151
40 879729445
40 788483332
40 642276549
40 626144017
40 856794453
40 855638318
40 558927301
40 880775596
40 970251725
40 509737540
40 564818881
40 609433376
40 681443561
40 909470328
40 774104494
40 978202676
