40 5
24 615571454
24 335194138
24 524152280
24 870549924
24 256269835
24 505451503
24 794555132
24 627639447
24 854459108
24 600772752
24 204618462
24 586213748
24 730253837
24 895096691
24 108800262
24 802392995
24 892254633
24 750987219
24 249701195
24 366844201
24 471890316
24 278282690
24 986241396
24 182084150
24 355408691
24 885191301
24 732378825
24 568608246
24 303726947
24 144256272
24 535709889
24 501189071
24 354241130
24 855323645
24 498975746
24 473671632
24 226658514
24 300007866
24 506145081
24 360030040
