300 30730025
184 982238248
275 97367864
115 590353043
191 318279845
137 788362128
45 846776049
103 648315585
147 731095070
108 957930128
87 705771062
95 688484791
106 699606432
3 992852784
260 131331748
277 144054267
214 600919192
181 758752131
153 955816988
207 636158059
184 351571254
89 912272889
299 847896574
137 542615027
59 804618129
152 491572920
198 587791180
116 590478521
101 648815254
66 988862391
104 638688871
284 74424970
286 74054723
234 188073764
202 579563586
0 995381978
34 872949748
282 854495435
202 730498370
226 240306930
20 981549468
219 363862466
109 622194716
165 448784702
198 930093134
218 275098238
98 746151000
43 910705110
126 523283320
253 147733377
247 183306486
267 958293405
56 808304097
20 919357470
119 538128373
63 796665694
271 694762629
249 162861054
283 370290373
85 992461310
86 706513926
117 686815288
191 638269239
193 447665203
273 120728772
206 283577188
95 681444135
93 682228109
209 891883892
174 889903874
122 717052665
162 465789918
228 220248353
109 604796356
7 971246153
136 508297254
109 756730096
4 974144233
68 862026529
68 859322902
188 434710974
72 783940340
233 188382686
230 203906748
123 970661961
250 159677082
41 857819887
210 349135599
256 951940942
125 564325859
165 825625384
279 89652207
91 691575965
229 210389613
261 131090154
147 672415115
294 37358166
128 521801637
89 698791840
32 877464948
112 593069264
233 967924538
205 340775902
115 553372584
266 541162244
182 823244681
147 618740713
179 365961346
239 177395989
124 531802061
51 860418082
49 820546882
292 380801715
91 795400113
37 984128919
286 892182665
68 787356072
210 634601302
202 692046167
185 745309199
163 704247423
249 831430514
133 520233332
118 549373802
282 80058185
255 827925228
18 964696047
238 180072619
116 552728773
175 419973535
177 419711764
128 776749699
227 223374094
100 886767646
222 400836371
116 889090473
8 992252850
113 571889262
284 266072806
142 767764647
214 279717273
75 722181534
290 56802767
282 247845789
200 847402231
197 906877388
300 7153882
93 780382955
43 880101511
31 898179710
192 882448187
237 180835482
27 909756737
232 989274519
16 938118083
63 794217645
172 794307014
37 986436434
134 633144022
13 947478374
73 887100830
287 970296706
155 576643448
138 859757182
180 359529240
203 522705288
111 887025272
25 912947955
105 954789829
278 91950082
205 286325474
158 471729113
182 355347297
8 973752709
39 858156847
178 387743147
18 938386734
33 949641993
259 991639583
290 605366851
100 659381655
164 447779882
188 351449224
67 790473267
50 809343138
106 619767191
96 680981424
294 150813271
168 606888397
165 443092548
74 735017021
225 850248995
222 426552156
181 355687884
192 305643443
267 129429756
291 673489116
144 501141958
208 493352940
183 385149170
194 833032911
57 805025672
154 562685674
284 356862941
8 961322117
130 571176752
261 846018690
258 237772685
73 765737642
212 282156606
146 498964803
60 993930173
251 152213903
189 324641649
225 243334952
125 530240038
135 516929472
161 803202332
223 262894521
117 661775464
153 489412671
190 323297938
284 669408737
22 945771162
82 897657499
245 168327624
270 127693664
81 894005538
248 163520207
17 961318681
67 998156857
176 410673409
296 7803272
21 916895417
55 971934859
107 618648355
287 73745964
196 620357443
61 883680303
143 502553845
14 940455591
227 668477841
0 995057097
35 860026823
269 247423650
212 762510173
299 940494397
257 814286246
11 950273017
173 434757371
58 804805344
155 484515132
195 302852523
204 299671284
174 426050999
170 432987756
9 959817601
148 494514000
239 372480226
10 999979670
8 983448660
42 854517123
221 270338140
288 72740640
195 846230871
144 762243032
175 447852398
213 611633525
243 170412688
242 283884673
77 885401595
108 607711298
276 94826069
18 978819904
160 732989787
260 264819575
98 674359266
46 843165599
186 535076105
81 715740878
235 513581059
274 98256977
117 618274226
211 363605721
211 719719305
1 975553897
65 850781329
47 841191829
17 934953419
114 564255684
257 132018458
292 47756037
23 916768447
225 267179384
242 173104847
80 721913475
247 165599560
96 789855386
29 907683444
172 431559614
167 436838811
