300 2967367
282 148340596
57 900691181
72 901502619
69 869545340
21 999424007
207 857716342
75 946661868
230 716402839
297 243458725
26 998872934
149 938447381
221 255515282
256 994366341
126 625510205
90 844235685
48 953106805
113 663873216
71 791148015
16 993937053
64 990413493
241 278898074
120 642976090
152 747938770
86 794297517
35 948355426
19 977198312
42 972641153
111 814971431
46 992519771
79 889323579
210 593323414
227 863234045
35 997171942
282 631304210
140 570759469
267 331795117
242 537253937
120 849199066
128 623610460
219 945165155
229 253498461
47 999299708
171 618758028
113 662680832
162 678642688
58 977834499
2 979938867
250 220593616
75 778933118
132 806367402
6 992176049
96 914876236
121 852229215
290 963781148
272 345141464
168 678288880
98 904750009
300 26373191
109 694170569
233 884750958
134 965014738
156 842208034
129 803352058
85 997733521
58 995191735
27 963313071
87 879468075
208 719587154
261 842613923
141 953337115
23 964423503
100 700570600
163 862692244
134 828860565
161 437869018
58 917804535
93 824153681
279 492386822
43 986856482
114 799169366
203 804926300
252 925473628
10 979574022
3 978789048
169 730932198
23 966166028
30 966872647
104 705522115
226 618828076
228 417891101
176 720442710
272 282182431
293 544524055
252 747238517
33 967289705
27 961937058
14 979813965
127 621545747
283 106189721
284 628725624
258 914894391
105 942496119
215 653101005
168 700862560
241 309848331
137 822338406
132 988619881
96 723570708
115 931327460
88 733201676
78 766686545
66 861839599
19 977215257
60 965759573
149 519007465
299 800861482
136 712396438
109 934511144
152 494629005
241 388236706
215 289753336
86 829405695
169 915865928
286 538082902
138 575073584
172 378735912
83 753240180
221 857105557
246 236441552
30 986087421
161 867781168
166 691047499
182 363191802
120 961748718
62 996477328
98 723251117
281 155096737
248 916193743
1 979661564
135 603970492
74 878464852
102 764775475
136 996125158
48 990312720
178 560212080
269 819143117
249 625627013
21 996997476
237 567145391
76 824884424
209 704366130
12 991904853
56 931933371
51 961653742
86 971191181
256 282006017
8 989808867
152 629881197
81 949020770
156 469718662
172 385021554
39 956976710
246 433790140
14 985584338
80 762137000
201 300389718
258 939254482
137 575287606
294 162398229
98 846824539
151 498032178
133 635129172
154 475737681
179 375183144
98 783762768
171 819956803
149 702592313
10 982591927
234 241641880
16 996636579
189 511626590
254 214922021
71 915483887
98 851021317
151 793543950
63 878883568
232 902636006
60 995768506
279 727854755
274 602308178
49 926235889
264 171448245
40 960126270
69 797704231
30 970807630
73 814857266
270 723660774
109 675003558
170 417235482
209 860154461
261 778928073
183 435179318
53 996573136
157 706625798
164 427761704
69 952632424
274 275528541
298 56061093
101 682580114
146 591153564
167 607374233
210 528635921
217 533680790
131 619541867
107 782247329
166 478658698
283 460775777
212 458251115
147 543525623
82 919802412
69 880800409
286 457161974
196 333573846
62 958016768
260 684548820
191 339501966
74 788683995
99 701062285
291 532469870
199 476007045
297 61455093
216 264693954
77 772161016
60 931572183
226 509590279
285 460924728
121 629831110
235 630259970
73 969519396
261 877680717
104 873013562
165 854854404
252 220217158
81 741348860
82 876685565
7 984655694
14 987957219
160 608448838
149 829670870
180 933141792
5 988119644
179 704055005
57 976717046
60 933619695
203 697689771
170 932758111
176 953830608
194 431095965
21 994894825
62 869451258
132 619097599
82 867224826
162 437403607
183 412142245
131 696553971
267 394180473
152 514804411
98 948027447
88 878567872
62 905463464
220 479184827
7 989731059
288 339461037
171 744023493
86 906733944
167 422784036
148 786824048
131 780483626
185 768667065
68 820456438
70 890311557
84 937567210
74 864781208
145 708470060
159 456476108
151 931477928
299 49640349
175 414389571
142 748576033
290 101507766
129 821003514
146 548474131
58 979675289
76 772289847
50 947481453
183 843419200
259 278548802
150 900417784
170 819891550
108 964758580
