300 782757990
36 900789376
40 866010011
191 828827375
154 486286303
279 111758742
169 704366821
114 631027987
132 565524461
217 294374117
244 201819153
142 518569680
169 451952330
116 628183512
128 688805144
275 122613304
120 618989927
131 567084796
159 478389352
86 740606855
60 803745286
63 831652394
12 971848306
241 211488091
139 629746537
108 717093803
109 645204880
152 494368415
231 257708325
93 699054805
250 187656993
63 800617571
229 267425170
34 897694268
29 912486037
21 970325016
101 658476567
16 952227302
92 700885819
148 500312252
41 863368190
299 488034053
33 905747361
283 736238861
280 109960564
26 923271047
98 702477180
219 282091239
168 983831567
90 725908576
250 614307176
45 851574523
24 930670203
140 532539835
127 580856392
78 764542070
197 354251225
173 439538950
255 181245800
105 657065936
143 517466230
141 531851394
168 454176622
230 258416684
298 15822770
91 705631843
297 986193240
122 598066638
26 948723963
227 550133733
171 441442457
75 769778575
269 892101097
48 872842974
233 239234302
296 294344612
262 849397126
218 285103062
17 950093394
128 941520059
45 847892331
117 624324322
118 622758420
113 632349454
106 851110919
65 788743681
71 771216613
248 198707311
54 830689611
40 865934470
108 982026658
62 801434204
153 493059774
60 913563196
96 685244686
198 353464452
170 449707671
149 496841639
211 325128362
228 614830059
200 347093799
216 312357567
230 451959098
278 114711825
89 727782358
257 176869814
273 129331078
3 998438350
295 32959146
217 489157922
293 45513665
18 946668310
180 426101368
4 991713914
80 753243338
206 344644054
296 19604761
57 819123669
205 387331875
74 770371833
222 854147203
66 784342971
79 755938204
36 948034696
126 975265352
94 690380682
240 213087382
70 986827570
83 744508626
212 319541536
224 271699067
233 450443654
283 94693394
291 211540277
260 164584499
10 977057835
142 841888713
220 278935483
193 375023654
125 590185796
184 713710292
181 414265967
129 570755139
132 893796166
48 838745470
215 316020888
223 560750317
170 879177868
81 753068318
196 357908369
111 641820610
163 466667141
97 675426475
118 622001332
108 651347031
267 140517796
299 15266447
73 770832763
157 483184242
150 496604552
223 272114715
136 566037891
183 412084242
207 336960828
299 838390317
204 344715397
259 174940919
25 928381720
167 458510920
96 943848393
67 853561971
123 644216366
266 145935734
117 856818039
194 359697783
272 134448715
85 743982227
56 828010083
126 588644251
20 940999980
51 830916412
236 233612278
270 134661743
124 590432300
281 108549687
158 603320976
38 866850804
286 514023896
161 470328204
142 745054139
110 643688606
285 89717036
232 244162932
87 733431483
165 459029240
199 347712984
35 896714402
191 384421632
99 666642238
128 575749625
213 317461640
247 201050261
92 981554796
82 749136893
151 496173232
182 414025202
39 876352220
300 4495698
123 596619305
94 945301087
171 690152203
11 976278744
291 54936920
94 824090026
172 593519833
120 730705929
136 537371094
265 148145257
88 729787628
284 90530832
64 790421004
32 910052251
54 899247504
210 325541163
256 180774725
190 388424351
214 316983083
234 234353469
290 68402228
274 375622760
187 781089027
276 116968865
30 911096829
249 197646317
36 893053075
23 931463331
297 17869093
158 482768550
269 138875115
37 891142193
13 967227996
161 785354357
208 336455784
60 953290556
144 513822773
267 852916294
166 458998393
227 269226508
173 446961719
67 780998380
188 392225359
59 813374951
174 435966673
95 688838744
237 217313343
201 345734445
215 733071944
184 407417060
76 766319359
261 163525507
58 818974980
112 635165824
222 276323181
251 183958242
289 68648678
69 777593794
47 840937534
1 997512759
3 994750571
9 978936873
19 945046704
176 426328376
100 661470713
209 332317901
108 693456745
288 72856371
243 207111086
8 980041319
164 462573311
121 599436669
11 972014522
280 128862545
286 73429766
104 657997384
147 513424382
133 551366019
70 771468862
113 967466722
282 97499999
294 42718679
263 163090220
0 998160280
56 859994863
5 980644641
43 849579251
187 392497478
143 601581988
22 939991142
42 862214932
181 420052058
31 985412451
