300 1000000000
300 509799684
300 916803893
300 70424055
300 754001790
300 613021187
300 218719869
0 1000000000
300 36905447
300 438899840
300 922645194
300 61565629
300 401199094
300 419905157
300 388845945
300 382606654
300 613465886
300 699672059
300 380637451
300 373165836
300 752879810
300 65530256
300 581382094
300 979781818
300 777956093
300 428441780
300 291350927
300 469835380
300 415057040
300 386794687
300 111321811
300 121900144
300 107352235
300 268548585
300 843137506
300 462384549
300 127390958
300 897939842
300 959465152
300 740041517
300 86631821
300 14608061
300 568903066
300 498031503
300 279419467
300 56822949
300 253962814
300 768011608
300 11428021
300 474769776
300 949345317
300 503666310
300 250680706
300 822418629
300 442395913
300 675297929
300 259259359
300 816925068
300 598965444
300 35630478
300 276974175
300 194944281
300 769307697
300 383893891
300 554857957
300 939576844
300 96259149
300 723664989
300 375532971
300 327788128
300 391431451
300 474354436
300 713235057
300 739975159
300 974210591
300 809500705
300 107509486
300 497511104
300 405299299
300 549157829
300 882154023
300 230171867
300 463403069
300 979318231
300 689610918
300 167586562
300 674181439
300 198249982
300 772740367
300 439451065
300 867387248
300 38413327
300 766728409
300 447020489
300 242555418
300 169848672
300 519752569
300 641269884
300 69867008
300 793093687
300 481614061
300 208979653
300 931681783
300 957534533
300 739420709
300 970765226
300 723593888
300 653774835
300 962253804
300 254087976
300 381173614
300 120871850
300 791298497
300 175769435
300 578834007
300 319032157
300 534859152
300 947670573
300 221254966
300 834070670
300 622071934
300 125587360
300 355155334
300 276579242
300 781720196
300 809508748
300 968491199
300 659320387
300 141648897
300 407877657
300 462536289
300 480305956
300 875401033
300 854718846
300 224114176
300 168901862
300 207530646
300 999069593
300 665842700
300 116397042
300 708136606
300 803366498
300 877819975
300 561038415
300 394677169
300 960484266
300 69974361
300 288386293
300 339718642
300 10240923
300 667650054
300 66632528
300 423162326
300 965486424
300 244941150
300 716406367
300 256491997
300 610630368
300 91349670
300 670818192
300 643183828
300 642588353
300 255445351
300 513007515
300 626843092
300 314035217
300 604755218
300 543138492
300 692518782
300 138289064
300 457168755
300 356277303
300 775917348
300 209882877
300 275107118
300 227168660
300 416679136
300 940603520
300 893108712
300 112416582
300 723210815
300 541460606
300 597721747
300 481348315
300 287468200
300 4481611
300 769654453
300 320031810
300 377203353
300 174255666
300 295596899
300 604790190
300 990061534
300 178868630
300 243121235
300 896812864
300 312550474
300 532116943
300 499046326
300 474254463
300 444885467
300 292036665
300 966485025
300 744499572
300 330433336
300 35182307
300 175891208
300 501824252
300 795126208
300 372987142
300 108491331
300 389686204
300 45152349
300 793772760
300 342089604
300 384037333
300 247925075
300 880308336
300 762945383
300 362346249
300 76876130
300 257116859
300 593115454
300 764191306
300 854058109
300 956865740
300 522735045
300 70640286
300 516961402
300 352528993
300 729873683
300 819703646
300 610319272
300 438540502
300 659056165
300 645596334
300 430122138
300 575474323
300 347786240
300 98538270
300 20243928
300 871454540
300 673365918
300 289933081
300 168541391
300 326193674
300 680543631
300 52069453
300 703179571
300 809324159
300 323954077
300 215062546
300 949343117
300 653688355
300 389488990
300 816063675
300 570011250
300 719142686
300 778557405
300 51268885
300 147790796
300 62481830
300 317618154
300 520994276
300 428485617
300 235591543
300 284436913
300 656145942
300 360742927
300 674545515
300 654303844
300 888841246
300 641763593
300 264636379
300 893096823
300 118794091
300 721957805
300 678737535
300 78504599
300 538285568
300 489203245
300 869001255
300 951907554
300 965944564
300 712284196
300 807337490
300 673284635
300 463817938
300 378351589
300 672579361
300 653390922
300 786614461
300 221603048
300 668291005
300 306723210
300 574489754
300 770420630
300 720566388
300 157588941
300 128342408
300 742940309
