300 4771
165 13914
259 712362590
51 765450805
186 1766
86 888666131
185 1876
107 6111345
254 757268040
58 706866005
211 57
133 332986
46 756841710
209 80
77 802793339
253 190080689
65 753342392
167 752491901
141 194052
274 70818985
127 637768421
256 437534639
171 8293
110 5199597
295 215765129
73 625081250
116 2570500
170 9779
203 763997998
82 576522322
103 689235158
200 197928068
41 784486631
19 868743548
11 921606769
97 516052349
37 800637297
35 804767702
163 232669816
48 744709879
204 804
33 812135729
157 257456913
18 903514891
177 2215
45 765225238
236 996242075
253 842424579
83 708307871
116 815883681
228 790302645
19 896546612
130 716965
34 977666257
6 973569297
207 90
15 884399389
32 825442686
6 998725834
287 553467971
219 321591963
63 766053257
147 641671034
112 960731577
114 4209851
47 750309506
129 730059
86 539600543
13 890648030
16 880649658
72 638898085
38 907983149
241 156882978
23 864404424
1 997365513
186 315243052
126 1231071
208 87
99 670813820
181 316932994
174 590304021
125 123677724
215 30
32 819947791
99 515563918
231 202711946
122 1774447
122 968516298
63 691946893
103 7532604
206 187
297 824429082
60 704496222
187 321644928
118 249590888
74 611801022
137 231734
176 976868198
173 4720
53 847790087
111 5031867
198 1298
10 939787129
132 636035
145 170033
59 704671084
148 347541969
49 738491980
175 4099
1 997766681
127 456023409
151 87425
135 273162
30 830796296
112 544878072
160 24758
202 876177021
287 849555379
43 773821931
275 303313236
66 976925803
34 808447281
205 365
276 704298324
217 637934875
247 288436404
197 1438
113 4381474
228 164190813
36 943299254
174 4482
159 24817
74 923313709
182 1973
137 70052791
43 816706080
5 975006424
115 694245996
101 511670120
149 130387
91 866789051
20 863462624
157 371617414
223 744784526
83 572925369
176 2602
21 859256954
27 845437557
127 992935
18 998517241
198 625695443
38 799860197
120 2346444
104 318890306
158 32986
115 2819053
210 69
121 55464620
238 560503638
79 591811765
177 415925039
4 977959026
124 1383973
19 938313093
193 766185261
152 89678517
94 751749954
26 850670572
3 982565590
9 941534650
271 748724590
88 527887330
106 49934424
52 728871261
140 222029
84 569819816
224 1
191 42849691
225 832012673
272 36483095
278 389599175
94 546799924
100 724327646
203 575160494
85 563868144
151 693437953
273 335205652
69 762938200
81 584777469
196 1556
194 627218135
129 215646375
13 906858536
70 679209728
5 996407040
199 1124
8 958965016
89 622988748
42 776426644
12 902272892
89 523922540
214 36
164 16666
134 274727
154 62249
169 13046
53 777481073
131 556488919
291 407282684
287 144277074
189 1754
121 44173956
212 37
113 598457224
284 858915705
147 146603
295 243214683
214 499673204
118 987131492
224 386300529
29 894658125
243 657845912
58 720054218
223 757255785
75 931798552
174 166958520
92 522684537
262 751292421
164 70055890
285 64697834
71 673421435
117 890075883
259 963505939
25 854907236
75 609922480
176 386127274
209 30307029
2 982781292
219 28
31 826454400
127 594633428
94 521408648
298 428574544
73 871139206
156 59482
203 866
149 625662368
291 209496977
17 868905324
54 710691454
112 611492211
108 957602692
153 85590
220 14
106 6112363
147 252738447
50 733998853
240 817011466
164 296097257
40 785133448
94 793696939
222 395261793
99 830320707
125 920563941
163 519556474
78 603514320
241 833668564
94 852339575
118 2482382
237 421407112
143 944935565
157 49151
172 6268
77 604335413
7 971163833
182 702494475
68 682928972
14 887899479
36 804226147
147 549568464
193 1665
175 748702430
44 767076855
221 2
80 589185066
131 657250
175 703811900
85 870064372
37 863246468
39 794359311
143 190396
166 13732
18 954620666
108 5920037
39 789438709
193 453110510
65 684191551
149 495213010
196 640855221
245 155419304
167 191588734
