300 8
202 715991116
202 871731414
202 792401004
202 140042608
202 989879124
202 179426707
202 721813356
202 676403422
202 644209215
202 413970887
202 642640490
202 441301341
202 180501128
202 336134413
202 389976000
202 552236993
202 823386294
202 594210811
202 110306740
202 504021094
202 751464596
202 818952323
202 485478030
202 409882632
202 765390693
202 753649733
202 175784669
202 636332503
202 510091248
202 253729059
202 332565344
202 780875500
202 730727659
202 961860975
202 963521523
202 299135912
202 566732140
202 871931490
202 805214739
202 575264886
202 760542839
202 421049229
202 632727249
202 449783590
202 361907157
202 778293036
202 745525763
202 587888057
202 159493864
202 892325666
202 262041905
202 505793224
202 152811991
202 936790268
202 384422065
202 376412942
202 506546757
202 285232652
202 927904375
202 644582622
202 623706770
202 776731012
202 406362137
202 250088702
202 403538663
202 113609765
202 350454374
202 587697062
202 254894405
202 908656606
202 270217200
202 430218362
202 141912755
202 107118543
202 227689327
202 571785671
202 340824196
202 674810978
202 108096775
202 109148665
202 730844266
202 954532558
202 222854062
202 739758090
202 858696766
202 920876549
202 478915052
202 744474393
202 245436112
202 114436077
202 981019036
202 416472207
202 869280887
202 743083635
202 768415242
202 831693934
202 311857184
202 701019120
202 957309059
202 794321907
202 680032304
202 248998786
202 950518643
202 200861276
202 496773515
202 770610290
202 877867029
202 168661926
202 790316909
202 332551445
202 981200946
202 480075119
202 445210592
202 320301987
202 431816621
202 333939862
202 301935405
202 619054471
202 546556509
202 824846983
202 137439494
202 717257505
202 950380438
202 770247584
202 535243370
202 141759607
202 529150149
202 524030182
202 357347288
202 489078527
202 851537372
202 388197760
202 154470278
202 762647803
202 878360435
202 809266827
202 398248640
202 872538170
202 268451425
202 196835153
202 960248168
202 793876856
202 648528331
202 476589327
202 410389827
202 604725000
202 548359480
202 352346911
202 738475410
202 104399687
202 911310040
202 615988117
202 675739100
202 277978604
202 782788068
202 762740957
202 670167243
202 725693856
202 680900362
202 455221019
202 496006145
202 545589704
202 937383207
202 664360763
202 119097372
202 476541541
202 130775556
202 365562694
202 410854381
202 405424469
202 626420120
202 822526734
202 675828995
202 862439239
202 461496935
202 165069750
202 287939132
202 991950200
202 789206744
202 386447142
202 262838438
202 543126763
202 387675881
202 371480492
202 869161953
202 814018958
202 582434146
202 931470323
202 669204560
202 753880733
202 444893276
202 508440146
202 679088780
202 692092687
202 317743484
202 673376984
202 243627332
202 441065065
202 195289816
202 146158161
202 684603054
202 163658635
202 495246948
202 291558967
202 443689756
202 633355064
202 996201005
202 623134681
202 565211314
202 987320951
202 649266526
202 850216148
202 660272762
202 318399522
202 240230278
202 340111377
202 484665771
202 574156033
202 551715512
202 591650173
202 548689803
202 685719008
202 455027024
202 382269759
202 334932746
202 516165641
202 493817809
202 520920360
202 806009831
202 811464970
202 367298289
202 146593237
202 259711359
202 149014172
202 444872580
202 541184418
202 503927984
202 571281391
202 372228416
202 132907197
202 202612013
202 486937827
202 534550965
202 347819732
202 254254977
202 970205805
202 955805197
202 590511595
202 314371530
202 955433819
202 899216651
202 798356754
202 992483357
202 904417827
202 515644570
202 684445133
202 509380932
202 264794233
202 473591781
202 246838278
202 375191241
202 261861454
202 672734366
202 192493641
202 964324405
202 823571809
202 283873335
202 172853442
202 492581057
202 106861484
202 629202127
202 616908822
202 768924024
202 492969041
202 423401479
202 201445094
202 950841924
202 311399830
202 587268570
202 471623649
202 694156343
202 634334993
202 498227389
202 179536973
202 525315863
202 470289446
202 911055201
202 242522903
202 882315530
202 232817499
202 733367700
202 633895678
202 127400423
202 515817182
202 731882592
202 748266066
202 449655549
202 163708916
202 627397539
202 299835539
