300 107
42 577800
23 1174860
46 436560
56 128400
1 1868220
6 1714140
28 1014360
57 70620
55 134820
21 1239060
25 1123500
10 1585740
28 1007940
53 218280
48 365940
33 841020
9 1630680
10 1579320
58 38520
51 276060
5 1746240
9 1624260
59 12840
55 141240
33 866700
36 763980
17 1380300
45 462240
16 1399560
0 1926000
35 776820
22 1219800
56 102720
29 969420
53 205440
45 481500
36 757560
0 1906740
27 1059300
59 6420
35 783240
13 1489440
48 385200
44 494340
4 1778340
38 693360
18 1322520
49 333840
56 109140
5 1739820
45 468660
43 539280
45 455820
18 1348200
18 1341780
41 603480
17 1373880
48 359520
58 64200
31 924480
42 564960
20 1277580
19 1316100
2 1842540
23 1187700
13 1483020
34 834600
50 295320
57 89880
15 1418820
17 1354620
22 1213380
23 1162020
27 1052880
39 674100
4 1784760
55 154080
28 1001520
37 725460
52 256800
32 885960
26 1072140
46 442980
37 738300
17 1361040
47 391620
10 1592160
19 1309680
33 853860
51 282480
44 507180
7 1688460
35 802500
30 943740
12 1534380
4 1771920
6 1707720
44 513600
54 179760
21 1226220
27 1033620
25 1117080
15 1444500
56 115560
43 545700
1 1881060
44 500760
11 1566480
39 648420
31 930900
26 1084980
8 1662780
23 1168440
2 1836120
15 1438080
43 532860
54 186180
7 1682040
35 796080
58 44940
39 654840
25 1097820
9 1617840
52 231120
47 398040
40 629160
3 1816860
41 597060
19 1290420
21 1232640
54 192600
31 918060
57 83460
9 1611420
16 1405980
5 1752660
16 1412400
36 770400
40 622740
50 321000
5 1765500
29 982260
6 1720560
20 1284000
50 308160
49 340260
58 51360
36 751140
30 956580
55 147660
24 1149180
26 1078560
3 1829700
22 1200540
21 1245480
28 1027200
11 1560060
53 211860
0 1913160
37 731880
17 1367460
7 1694880
2 1861800
4 1791180
40 616320
51 269640
18 1328940
40 642000
59 32100
11 1553640
2 1848960
1 1893900
32 898800
0 1900320
9 1637100
49 353100
6 1733400
10 1605000
12 1527960
37 719040
38 680520
13 1495860
3 1804020
26 1091400
46 449400
33 847440
22 1206960
43 526440
8 1656360
8 1649940
38 706200
42 558540
41 584220
39 667680
51 263220
29 995100
30 937320
59 19260
46 423720
38 686940
39 661260
38 699780
7 1675620
48 378780
24 1155600
10 1598580
14 1470180
14 1476600
47 410880
20 1264740
29 988680
8 1643520
59 25680
5 1759080
49 327420
32 873120
0 1919580
40 635580
34 808920
32 892380
8 1669200
53 199020
34 821760
51 288900
30 950160
45 475080
16 1386720
12 1515120
58 57780
29 975840
34 815340
37 712620
50 301740
18 1335360
12 1540800
6 1726980
27 1046460
22 1194120
19 1303260
15 1431660
13 1508700
1 1874640
52 237540
41 609900
46 430140
14 1450920
42 552120
52 250380
44 487920
41 590640
14 1463760
20 1258320
20 1271160
2 1855380
47 404460
55 160500
3 1810440
15 1425240
27 1040040
47 417300
1 1887480
49 346680
25 1110660
53 224700
21 1251900
56 121980
42 571380
32 879540
52 243960
57 77040
26 1065720
33 860280
13 1502280
12 1521540
25 1104240
30 963000
23 1181280
57 96300
35 789660
7 1701300
54 173340
19 1296840
34 828180
48 372360
11 1572900
24 1142760
3 1823280
43 520020
11 1547220
4 1797600
24 1129920
31 905220
28 1020780
16 1393140
31 911640
24 1136340
50 314580
14 1457340
36 744720
54 166920
