300 2968874
26874893 431748629
300053022 186287475
629971858 826365538
43507377 151881626
31127491 363895353
46067304 56995725
35752446 238850420
71093384 865914025
24025066 636623503
22060520 746416317
35752349 344128195
24025244 444809922
24025100 600753414
177934190 776011012
529441233 486429185
205354679 86463339
54 915024540
46067292 76334950
615180082 344845770
342121895 301725413
70 887647738
841285394 239425239
649041606 701736392
35752341 350663572
24025159 513364484
33 933740545
677083502 265900175
853343851 415251774
35752407 270505450
670104930 5513064
617214518 440493795
553557038 325953318
35752389 309384962
14036034 806451109
423876179 266054934
513199174 919148733
222527816 696212354
893546644 868154112
680357185 439456281
22060473 756320065
653776713 646680658
22060488 754145196
611311908 518508264
856327939 849548880
387705435 803122359
58 898604757
35752415 269703119
475043080 950559342
35752404 292197447
24025213 459790299
805791276 932533218
8060334 814766950
641549369 443602370
64 888772608
46067294 74867414
268257327 599449666
78425059 219340746
53935670 32255048
2128165 847519686
35752331 354060480
564671333 971433307
130766142 985110382
43507411 121332676
943834898 617555382
603887395 167828971
383622748 524055656
26874903 431346985
27 934009489
35752448 219744499
26874911 424047543
511587126 895574735
24025136 548344360
999670643 109930344
39537800 983907663
53935650 49337584
2128152 866107853
308204966 739230914
53935676 28210508
24025091 601548543
43507393 143418245
24025260 438650980
745861607 471540461
22060481 754195879
540949942 206385556
990619570 635502848
927029155 969662060
542485591 281950777
24025077 614149616
22060460 765925658
53935647 54298293
24025193 483274209
22060474 756181159
16 969621068
22060568 662842796
435203301 486263642
129403969 582505527
24025167 501060107
147027687 594322341
718330649 574931314
969392914 517798456
24025149 517704049
640089243 792298905
26 934322241
889831493 334247879
457402624 579403256
24025121 569984141
74720620 149880251
261721433 331728449
245269290 265917189
24025052 642764685
64933975 760043407
53935660 36259572
43507388 144154504
795413937 703768959
86 880108747
532459853 697192474
193118548 685186776
449051368 255272649
8060329 817317858
78 882593929
18203214 877357247
408903378 349230777
1170003 977601664
228708650 554054444
22060539 694580173
24025232 453250593
24025173 488332171
60870405 4220547
46067285 76626536
254590951 158246156
22060564 668296300
46067302 61735833
383565680 371099428
22060503 753063273
44 918946589
59623711 338134636
35752443 244940075
149239355 394842188
35752439 251852140
22060508 752886662
694174605 185083376
424355011 790576341
153798309 221030574
800529687 111156740
799750363 212529197
92 879343363
970873167 69197938
102 868074501
811762691 468408728
746090215 393442384
22060544 688005654
22060534 701632448
31127479 394441858
22060551 686267014
2128163 852315148
649696829 145159075
376229104 409959355
668817305 451242968
571758208 954508102
413192269 657901230
24025117 574436598
523798718 31946452
31127500 355398806
1447493 908486235
43507400 136995945
38 930411885
764979014 643323416
24025140 534689899
14036032 813224865
22060550 687516207
46067272 99535580
616434352 179872724
24025239 449671104
384084827 659597251
811134396 490768763
863720969 952109131
617362825 136559008
24025226 455480111
24025174 488167311
43507434 103417105
8060330 815955463
31127476 407927908
43507367 167776355
24025065 639388388
290951464 338309562
325710527 751025061
43507405 133680569
17 935018601
792212941 655986448
288939747 635891895
465310208 991078869
220509868 105206213
189618432 239222097
14036045 793477783
313352976 417178155
31127472 423853707
35752395 307352886
70400875 451683156
443238463 123281072
2128157 859847897
793261448 233130814
24025080 609902707
35752384 311251620
26874908 430840745
35752428 252760684
446589977 221809775
24025110 585165187
17148646 782132725
22060528 714543655
786374217 411656649
345932182 307787133
458965213 482841009
366815953 932414695
22060467 763296060
402109689 760690068
130839698 746958064
386463717 612837092
778677360 609167457
35752366 320755559
8060324 839412086
5441703 882970407
94643833 680348444
932804411 102416499
178508752 325616753
104582249 584899802
26874892 437060248
24025086 607565535
969749867 418479841
24025250 443736712
577592563 284897601
2128173 843140421
24025104 590630479
35752435 252175616
985072623 133552196
822818357 642690962
24025041 662324526
997672072 385511374
571113364 348030634
24025220 457192732
14036040 802675885
627382377 13013691
57 907044503
853796408 811263330
31127486 374330417
837407056 619881616
595792290 260875807
701561354 916689911
278866280 384186993
24025047 656570716
43507425 104952116
11861999 914242627
22060557 683762318
24025169 494708061
603137351 774059946
43507419 114410783
519391521 37524918
35752457 189830937
24025183 485273447
43507361 176390394
35752374 317957452
140093372 526827256
818003139 667631086
234974210 773381130
35752354 340701545
238488924 176413597
745973875 110046918
24025058 640025499
148929271 116463423
21211688 911805153
15054531 812508751
254687689 115237697
24025182 487679989
12 979038123
333753241 12850903
35752421 253128765
550951807 257818791
24025128 556319954
309528201 643990323
737854394 381700553
609073780 589335150
1 999210964
43507385 146778302
41 922690991
24025111 583530958
46 916072846
512724235 868389710
22060495 753446360
881072785 522807827
759598329 674489043
24025069 620018807
366598329 583106379
933505040 641769430
35752453 215424812
22060510 748994296
24025203 462540644
845421838 900983704
35752357 321852972
907732015 789644560
46067281 94383776
397536292 254040885
