300 264401705
652469608 888378514
343200399 689880698
815334105 644563232
523218392 580284132
24324045 985382019
825911129 591375152
305292025 880227372
129716033 644026951
446810938 907003277
157384585 898336427
313599122 670561371
991465145 998727932
712865000 867410423
741300829 684987065
934858623 475015979
694595077 813987030
343535107 980223456
138308847 688158684
813172200 567069337
386869555 971137308
463649830 565315927
239262056 711787343
224795806 978583941
352723229 472560424
754440271 565053079
774733490 764735878
219238602 689861443
817505685 978096420
645478173 665857116
773615144 740973248
870796735 872390864
985502667 680710811
728022988 591830452
984291358 520133758
149664663 462870774
34154867 551884180
50476897 634587551
824997738 582750690
252582543 598124958
430208098 909374419
882317753 708879615
412601965 467508203
905614253 904020314
703972917 610896499
633850369 935645492
529782959 801618166
382038189 632443435
59827823 516852663
623517331 680668699
291465392 571473071
762226154 558427170
436757642 966567617
974683751 903090711
72730852 584290471
699585145 964827097
938558982 595748179
652868810 672802554
957014009 946927031
326885643 571095686
871690671 468144098
909967357 692962560
149292621 722522815
462193010 915745364
334604329 990042137
85372219 799265209
466380131 555728818
929735171 829863144
51518727 508766190
526467538 552995419
822250606 957655064
70529467 484911825
871531034 670736002
162855316 543534404
987578861 805967347
387169566 688149689
624894068 541816429
545076413 785150919
544162738 819120833
397027432 738289278
350490246 732870915
803061940 725569216
819112593 708256825
54906020 720653800
425023383 760782135
721444013 554425031
888534797 914580264
458420293 645147136
675156542 909639012
751251297 952552673
574384341 511202315
704688069 835143964
1 461829933
671810825 619350125
90873967 898964854
759841102 645977434
490982649 683151047
220731902 634287374
50574427 939002262
577603229 622210355
610540398 575162524
621248208 522866335
514963118 753441408
641275492 996689482
12908061 867286436
282615893 927034717
541723215 784980885
373183440 975385155
590297079 994737513
952838841 942694788
184097001 855178972
779909835 507131068
968792461 923657578
319277709 772189424
100218698 855461389
341512669 510453047
543774091 791392887
775891149 766766752
243985237 988975540
977157100 634410801
862151404 964178740
79375644 728164476
158823288 958603336
483743928 936676127
800124563 869984888
429743231 944624429
159405975 914460416
957245711 710432029
944588221 936455786
567193321 695225849
82516722 911232192
625978502 932871544
201044604 784326335
905533387 946762553
547764287 578229576
965972653 645943000
761393555 929106074
601869343 649466188
163459913 793486283
366716092 498156688
303558374 950513579
410293403 532670085
502467113 639994754
704514294 521483800
592953002 667129867
385275840 510838415
269517013 588718848
293403562 920738598
377697113 648982404
95907589 856834293
443877802 872061188
877960544 920599945
372977588 817114738
951033777 853460093
869624729 655345227
399663234 755598934
773571595 948317957
125291541 960979941
870807496 493986151
499948345 941634884
211684275 963428450
637266860 999042873
484484599 524739929
631130457 813992806
378638902 782869234
188634841 827985900
340155012 894944878
747896405 900572617
341272104 597382722
592757866 620838581
984291643 526119247
108589296 667805915
30037661 629413102
197084471 863778196
135124922 618309911
828305609 824860382
897592705 817219000
29448725 604703228
606026947 721522296
438504832 917753262
273002536 569494856
385271592 531778451
258282436 532243589
36550782 933217250
837848642 622746277
607748015 905689034
125271592 570022683
530616229 687190764
224918101 752560661
675168588 510594380
518145228 934517885
929270550 466959053
762633896 722656650
96329597 463410866
583614656 799094470
984341245 864017575
301031838 729593306
32242350 812439039
259270824 623216090
253335352 918458233
833673684 837447362
991702311 937006808
786296482 813161543
145167927 765723645
71602234 717645786
841677357 481636988
638037729 740795664
276722915 549769331
907158354 562439483
213374030 501619680
955263870 504070265
502129511 928042590
344871281 937269737
398888581 748701786
266484649 659714840
349429537 527855403
768606642 638189586
836712904 755800124
629754208 867142198
460025087 567537033
848424924 946611613
952285069 905141984
192102237 548866190
925353035 997086840
986411430 637038412
690137497 976551016
313942391 991349591
249025267 790194131
327567628 785688288
521290536 601831720
817549910 980035660
224541138 698287510
181965031 990508427
588771222 963056899
807076837 947288023
84078737 829987346
258335525 518841031
167269903 984237200
783515274 822807049
569498819 703726235
631094477 590458445
46741407 855987037
764182041 495276416
790267459 529488423
777379827 832365014
842074014 653724827
533014234 701399663
733088111 856119001
692370114 896939516
958692324 552137237
473750059 770322413
739996048 910370474
208202531 917823987
400715994 724843217
411210366 601181758
406442753 766229489
63536107 667568622
616281796 994450045
139372526 774590167
770970787 471718097
919255741 598634397
372652189 781933174
338781390 983155051
692762707 827860420
172165749 864068981
481062173 823351093
669136818 884668964
711536746 598815587
911555577 575530684
257112113 511058476
928247158 770074654
952182633 658702322
44426107 840096998
347429075 773553442
881542520 746493196
462527248 487447495
836247274 794990927
305500170 476556544
259198405 596598729
269423591 831634671
17698074 772501031
961047301 606286273
296502603 653368747
782729235 545796952
95824243 984282606
277807553 522104926
817127359 599544658
719245790 823379667
975411221 819261637
676021994 689582850
809199042 986958395
257869606 551070419
247486600 865129490
618617311 738889324
256842955 836051839
579954509 773320837
461243332 886039516
658172956 600614449
994363650 563362688
809900208 956907198
897652666 590959057
