300 167
23 1823640
48 591180
319068977 2414820
17 2154300
6 2695380
5 2745480
9 2545080
10 2474940
57 140280
26 1693380
26 1703400
20 1993980
55 230460
54 260520
33 1312620
4 2765520
53 340680
48 601200
4 2785560
32 1372740
59 10020
19 2024040
18 2074140
7 2615220
48 571140
49 541080
28 1593180
25 1723440
649554283 2965920
201790243 310620
0 2995980
50 501000
27 1613220
13 2334660
56 200400
43 851700
35 1252500
44 781560
15 2244480
742128757 1873740
52 370740
58 70140
36 1192380
36 1182360
54 270540
17 2134260
42 881760
39 1012020
3 2855700
18 2064120
47 611220
39 1042080
43 841680
38 1062120
23 1813620
33 1322640
29 1543080
24 1763520
0 3006000
49 551100
22 1863720
35 1242480
11 2444880
9 2525040
20 1983960
3 2845680
17 2124240
809839759 1282560
27 1633260
752634641 831660
32 1382760
8 2585160
717771702 621240
24 1783560
6 2685360
52 400800
5 2735460
55 250500
34 1292580
822455751 991980
33 1342680
49 511020
30 1462920
8 2575140
47 631260
21 1923840
855571044 2595180
41 951900
45 731460
12 2364720
36 1202400
50 470940
13 2314620
963578673 1072140
35 1232460
1 2915820
56 180360
913831860 1032060
3 2835660
25 1713420
25 1733460
20 2004000
1 2925840
35 1222440
38 1102200
42 901800
44 801600
12 2374740
16 2194380
17 2114220
1 2955900
22 1883760
378354102 1332660
10 2484960
117061545 1963920
897951641 1973940
26 1673340
18 2104200
51 430860
57 150300
48 561120
47 651300
55 240480
11 2434860
1 2935860
57 130260
19 2044080
45 751500
5 2725440
41 941880
26 1663320
14 2284560
34 1302600
680618962 2505000
29 1533060
25 1753500
2 2875740
2 2865720
45 721440
30 1482960
12 2384760
264212396 1262520
32 1362720
46 681360
30 1472940
4 2795580
5 2715420
29 1523040
49 521040
38 1092180
51 410820
8 2605200
403185071 2304600
132997281 1402800
13 2324640
15 2214420
47 641280
56 170340
41 931860
23 1853700
45 741480
27 1623240
44 791580
21 1943880
16 2164320
52 380760
46 691380
49 531060
55 210420
27 1643280
50 490980
54 280560
31 1442880
9 2555100
41 911820
42 871740
35 1212420
58 80160
24 1803600
43 821640
37 1112220
19 2014020
36 1172340
31 1452900
7 2625240
6 2705400
57 120240
54 300600
22 1903800
15 2254500
58 100200
56 190380
37 1132260
2 2885760
44 761520
5 2755500
10 2494980
39 1052100
21 1913820
40 1002000
18 2084160
40 981960
0 2975940
31 1422840
3 2825640
40 961920
9 2535060
51 440880
3 2815620
29 1553100
6 2665320
21 1933860
12 2404800
14 2264520
21 1953900
16 2184360
29 1513020
841919817 2224440
22 1893780
14 2274540
59 40080
31 1412820
0 2985960
17 2144280
8 2565120
41 921840
51 450900
28 1583160
23 1833660
451871750 1272540
53 330660
26 1683360
33 1352700
45 711420
23 1843680
11 2454900
28 1563120
37 1152300
57 110220
16 2174340
16 2204400
10 2464920
50 460920
15 2234460
58 60120
37 1122240
27 1653300
54 290580
46 701400
30 1503000
53 320640
56 160320
4 2805600
18 2094180
1 2945880
38 1082160
626838949 2354700
19 2054100
31 1432860
48 581160
46 661320
25 1743480
39 1022040
44 771540
2 2905800
12 2394780
13 2344680
9 2515020
52 390780
40 971940
14 2294580
43 811620
55 220440
59 20040
46 671340
28 1603200
28 1573140
2 2895780
42 891780
7 2635260
32 1392780
51 420840
4 2775540
37 1142280
7 2645280
52 360720
274224850 30060
19 2034060
11 2424840
50 480960
312756104 1492980
24 1793580
7 2655300
36 1162320
24 1773540
59 50100
53 350700
58 90180
6 2675340
42 861720
