300 7915240
16878544 759297455
80021194 223111293
350737281 667799919
45973775 491182739
996640286 106978037
10 987133069
45973686 543633831
23939333 947458782
92926194 14226327
81719461 132968020
45973573 646648900
81719494 118470131
41390958 687827857
81719504 107854216
38936638 732012361
12185945 853482905
423574335 379308547
83945620 84361060
12399824 813714552
41390955 688126612
747727378 865337243
50752661 686843112
81719429 153330395
92926186 29256239
12399844 798400104
45973667 567548423
14156323 815119875
75783812 346075538
41390925 718664777
79485274 297493223
12185939 854329214
12185925 859591971
12185931 857413585
12185851 929629654
61939046 420586960
12185881 893599358
45973650 576459965
385872089 223590532
12185954 848862238
84086119 854163409
81719403 169529426
16878559 750292620
75783841 315753783
80021169 261091731
582989690 646944815
923425155 512839274
75783817 323099100
81719471 125591665
26130216 742776809
83945617 88408615
725856382 188175999
70505478 383891235
75783802 349509224
80021192 228498284
283012419 643301098
45973755 516866670
41390989 682157367
81719442 150547221
12185841 929727903
65221680 738964885
45973583 644937806
80021132 288938047
12185959 846834025
80021175 250651127
61939022 448975530
55367339 478154223
488173360 896502170
915949109 296823240
840251795 956744907
12185898 885040837
12185889 885701905
554962424 675301446
904105277 432641292
232487902 616970771
322644215 20503359
12399796 842724184
75783836 318516904
692853458 901888645
41390970 685743296
12399807 828698093
61939031 443207243
12399833 800528266
45973749 518823122
75783776 356619987
45973657 572221260
502382015 359525956
12185913 865420675
70505457 391971130
678148317 566741257
924103675 616328860
662845842 672416878
39819636 730302685
55367344 473311860
39819632 731170953
628840779 139556783
80021147 280450298
714260250 876954704
70505456 395055387
956657623 629342666
41390950 696528275
45973647 578290569
311512192 165256466
81719413 166435138
316443319 616612715
6014696 977194101
6014686 984148733
61939049 420513265
81719421 164563091
79485257 302465483
45973675 546639792
41390926 709939551
81719514 103456275
79485280 289609458
80021139 287447410
515214084 162731117
79485262 300859110
39819649 729021714
81719523 102411306
80021196 184948986
38936628 734510548
45973766 509063264
70505436 401478946
335288543 734983902
75783814 323550938
61939056 419880084
12399831 805350472
6014707 957420630
174315149 490308745
39819642 729397095
544296224 22628203
195702188 813752790
18 985184427
361249241 903005969
38936635 732043078
123399839 819753234
83945629 75459902
70505445 398287547
80021185 245896545
317698223 160936010
61939044 432972393
39819655 725474167
505797165 298887305
41390980 683268653
45973570 649152330
70505425 403899565
55367363 450781994
699317077 478389304
70505435 403442716
580476304 292663209
55367343 477635567
45973638 586216049
128655501 586872583
70505486 370918922
45973593 642430770
630891668 584140470
41390998 674367818
45973607 625029755
45973559 662392041
874211670 690269522
12185832 931672891
80021206 177031501
106736228 5722693
83945626 80250590
81719427 159051756
81719481 123688484
0 999940223
12185830 945900856
182043250 672662877
38936648 731791768
45973610 623567006
41390948 699257951
83945649 65253049
81719534 99933487
16878549 753249221
12185854 927133656
55367333 484221284
102599120 12193795
83945680 44266595
45973640 579825116
70505483 383874952
843529409 417927253
6014704 965058754
79485267 298949400
83945655 51560015
75783827 320234733
12185904 874935934
68126295 673495073
45973741 522340193
491400983 712493072
81719491 123679516
55367326 487634115
182783167 785021080
12185887 888229508
495536015 230195321
81719537 95004212
689832995 315508251
12399800 832049589
220728132 447921138
12399855 793631955
45973701 536973035
70505451 396080507
200571128 200924540
493954974 84164731
45973727 524357959
55367359 468013630
61939071 405385801
6014698 976494872
45973601 641645105
45973632 606192449
12399864 788104709
93368848 217090270
12185900 877436837
12185820 951950983
430324388 953710451
45973716 533524477
38936620 739100241
574624761 990076714
83945657 49239559
434284469 121651262
70505437 399599601
45973551 664399200
914328535 432196265
83945640 73013191
876374112 956081790
26130222 740952912
45973624 610891254
83945667 48746112
270614049 644450177
75783786 354187267
12399838 798627166
182636743 898276214
80021214 173599413
6014700 975598967
81719445 138550052
106736219 11128319
45973708 535583912
61939063 408849424
81719437 152349191
45973626 607432706
16878540 766131166
888882579 11498096
45973758 510402515
45973603 629235964
381863351 553245360
588794393 601648183
282046466 676179042
80021154 267352452
41390943 701004971
45973720 527416938
45973649 577640103
12185916 863315208
75783772 356957750
75783854 306486572
767825715 255191815
81719535 96177931
75783860 304243581
61939035 441397456
45973682 546429097
12399872 772107062
55367353 471554782
70505473 383909692
75783795 351113780
81719449 135753120
80021163 262990271
107492744 749255533
12185873 893694577
45973619 621987638
394041591 783665835
12399814 817351810
12185906 872759996
287512549 562392106
29740178 740204801
83945618 86569390
75783844 306901833
83945672 46575315
45973669 560491398
45973695 537035902
81719460 133187568
12399846 796659742
45973639 582088648
45973735 523949506
75783813 335211638
83945632 74549692
41390936 705801621
45973687 537705166
80021150 269931454
41390966 686772139
81719524 102074485
90217077 32922546
41390951 688932670
70505466 386736190
12185863 905695081
689599655 318704744
75783818 321296150
12185857 918361149
801300375 121697686
81719459 134045474
181976472 517770764
461168343 985578088
45973561 649440747
