300 1000000000
1000000000 646174442
1000000000 492043649
1000000000 414415499
1000000000 362690896
1000000000 593380386
1000000000 986538758
1000000000 316984443
1000000000 520294998
1000000000 878125339
1000000000 161756320
1000000000 305381329
1000000000 402593120
1000000000 121132522
1000000000 919424430
1000000000 283441917
1000000000 308920367
1000000000 980552462
1000000000 366869455
1000000000 852943274
1000000000 5826745
1000000000 118982587
1000000000 716812683
1000000000 429553176
1000000000 806788200
1000000000 296628696
1000000000 346651082
1000000000 182850911
1000000000 107901123
1000000000 528518801
1000000000 618960048
1000000000 815168245
1000000000 955759377
1000000000 980502775
1000000000 220814213
1000000000 332013834
1000000000 664624230
1000000000 690038732
1000000000 728216125
1000000000 371670733
1000000000 99911562
1000000000 46304541
1000000000 440690855
1000000000 170373283
1000000000 431794587
1000000000 749936294
1000000000 713132299
1000000000 956626322
1000000000 636154330
1000000000 269101157
1000000000 218662369
1000000000 430948407
1000000000 505064902
1000000000 237336951
1000000000 22233961
1000000000 960312429
1000000000 589075899
1000000000 967672785
1000000000 623919219
1000000000 898498823
1000000000 697840649
1000000000 905022013
1000000000 461709652
1000000000 32575537
1000000000 649054096
1000000000 607885486
1000000000 546944606
1000000000 240541425
1000000000 316955249
1000000000 157595107
1000000000 624313195
1000000000 533595456
1000000000 392941002
1000000000 806985889
1000000000 534074538
1000000000 241829294
1000000000 745417593
1000000000 796240336
1000000000 867207007
1000000000 170817494
1000000000 671588202
1000000000 930297567
1000000000 929308562
1000000000 549834133
1000000000 611759015
0 1000000000
1000000000 424801763
1000000000 180021802
1000000000 757678975
1000000000 515529835
1000000000 916310652
1000000000 450721809
1000000000 898291086
1000000000 574451396
1000000000 624944692
1000000000 369318941
1000000000 885541102
1000000000 54452725
1000000000 908480945
1000000000 382583849
1000000000 520721398
1000000000 500152400
1000000000 315888897
1000000000 47273966
1000000000 168674296
1000000000 124088804
1000000000 891569192
1000000000 530652176
1000000000 996860548
1000000000 585547548
1000000000 476908252
1000000000 917493355
1000000000 337845913
1000000000 560738348
1000000000 515429111
1000000000 226264041
1000000000 736424903
1000000000 70501375
1000000000 879259594
1000000000 897182224
1000000000 645450673
1000000000 999255298
1000000000 378230891
1000000000 416719687
1000000000 236414935
1000000000 537772245
1000000000 21643322
1000000000 517850229
1000000000 968237514
1000000000 169502676
1000000000 705408153
1000000000 348984766
1000000000 934462718
1000000000 198844548
1000000000 217010340
1000000000 747753852
1000000000 788682551
1000000000 640001724
1000000000 790834330
1000000000 139466566
1000000000 908474278
1000000000 388431825
1000000000 550554030
1000000000 421897318
1000000000 841131225
1000000000 129979024
1000000000 321494268
1000000000 604135562
1000000000 556284483
1000000000 643446963
1000000000 462345803
1000000000 41494019
1000000000 991916121
1000000000 644301500
1000000000 929675865
1000000000 429379623
1000000000 311691740
1000000000 207114499
1000000000 112366506
1000000000 258564513
1000000000 956945821
1000000000 772117141
1000000000 739664028
1000000000 69440671
1000000000 587935417
1000000000 692947768
1000000000 133160279
1000000000 797352771
1000000000 285337554
1000000000 580291004
1000000000 924581602
1000000000 996749465
1000000000 599376215
1000000000 253034146
1000000000 879819501
1000000000 226213048
1000000000 239476539
1000000000 309727071
1000000000 624131051
1000000000 489717942
1000000000 638185653
1000000000 415790949
1000000000 836657219
1000000000 796031080
1000000000 425133275
1000000000 227324285
1000000000 503735215
1000000000 319760642
1000000000 731975661
1000000000 817177755
1000000000 153915746
1000000000 346782055
1000000000 850897266
1000000000 852055271
1000000000 103528929
1000000000 863577106
1000000000 830232831
1000000000 88665490
1000000000 803783439
1000000000 725111919
1000000000 866503014
1000000000 427763127
1000000000 572108154
1000000000 100384994
1000000000 702737658
1000000000 254277498
1000000000 899646932
1000000000 975767535
1000000000 840685376
1000000000 588181808
1000000000 912629749
1000000000 647352591
1000000000 766902960
1000000000 301685651
1000000000 387986684
1000000000 451241895
1000000000 957000954
1000000000 643958569
1000000000 196408075
1000000000 217683810
1000000000 653518246
1000000000 974512947
1000000000 873856217
1000000000 53242371
1000000000 23834957
1000000000 903074548
1000000000 249249420
1000000000 449917261
1000000000 637164820
1000000000 567049737
1000000000 297434821
1000000000 977468673
1000000000 432541927
1000000000 630802769
1000000000 815349803
1000000000 623475862
1000000000 937371216
1000000000 91597518
1000000000 732441572
1000000000 24849002
1000000000 573939853
1000000000 117914780
1000000000 891661659
1000000000 279482806
1000000000 581770968
1000000000 810709522
1000000000 975238733
1000000000 335858096
1000000000 373572272
1000000000 148321608
1000000000 416468878
1000000000 428987702
1000000000 145240387
1000000000 975003624
1000000000 432510536
1000000000 860093275
1000000000 315818122
1000000000 257737985
1000000000 155421902
1000000000 545349853
1000000000 466741429
1000000000 566151687
1000000000 434017391
1000000000 955460515
1000000000 126603800
1000000000 488307099
1000000000 965922624
1000000000 730522718
1000000000 357327653
1000000000 674329006
1000000000 11016985
1000000000 235505451
1000000000 537806189
1000000000 332728690
1000000000 706616116
1000000000 88942612
1000000000 163751915
1000000000 893785116
1000000000 323907844
1000000000 773930817
1000000000 657622992
1000000000 40955001
1000000000 157129226
1000000000 326090897
1000000000 711756873
1000000000 591374937
1000000000 223014873
1000000000 524022379
1000000000 2332002
1000000000 760887897
1000000000 336925199
1000000000 218317407
1000000000 559259227
1000000000 786375197
1000000000 871844964
1000000000 698311588
1000000000 144996923
1000000000 158044076
1000000000 439359115
1000000000 262439811
1000000000 331092808
