99 907976562
388404144 644032310 149010304 376497478 201704340 489246285 673647354 864858176 69517625 656038164 819174350 357513026 562004788 854400589 191513820 19891819 714056839 725187368 413959509 78274153 654602035 821095958 354771233 480541930 769351191 197230036 539845823 660988259 753963965 683002119 494143851 689653956 287363269 815219698 379222034 592919665 470950556 130761132 748832751 549235499 681457073 473161037 501574873 616681331 906034690 239938317 310655776 866698141 524597255 749580681 215707383 886486514 172862778 708872090 526448653 631330211 397600256 846445788 872650031 866530755 327163334 64327757 83462364 667930627 194481452 115834320 372236627 519820556 108049696 340256917 41695200 77820593 435468705 460155282 214610436 47924591 690689645 862564063 796724621 459219955 533373284 264225466 261862576 644032664 620540103 630618801 76699323 696375548 636307828 227150652 829440997 416230510 616340021 72423681 51304477 336596691 216727827 369136403 357162978
98 91
85 38
57 90
74 24
80 96
90 98
63 89
67 92
3 71
10 26
88 20
33 39
60 42
99 19
9 25
18 3
93 75
69 36
3 53
44 21
50 35
12 52
56 17
71 34
48 38
61 28
35 64
87 95
41 66
69 16
89 20
88 21
76 94
30 1
5 2
22 52
2 73
6 97
58 60
72 61
43 99
16 23
51 8
5 81
29 10
11 76
93 23
99 16
70 37
72 27
62 79
43 50
97 8
32 73
10 34
1 68
66 55
59 1
77 18
31 51
84 20
13 85
86 54
33 94
29 45
64 7
56 73
70 58
15 83
32 95
82 55
39 74
26 92
90 59
49 78
25 12
62 49
22 78
44 4
41 75
83 47
42 86
36 31
14 31
2 15
70 46
24 49
67 39
89 91
96 9
30 48
83 14
96 46
66 65
25 7
56 21
39 40
85 28
