100 834039586
210929511 795609505 231008223 404920558 733432873 622692572 94759394 717040977 319515725 812676355 240334261 440951399 373157175 79519359 747089513 267440233 166901979 364118732 200692872 641119152 520356579 43668977 119907342 162297221 59543937 500022173 769692406 432023354 822098561 391510965 121802469 671813041 586454621 802651981 64312474 599176089 783656182 323338120 575436339 194014192 571321264 774333142 587333957 353486191 581882771 330659978 371808596 783306309 312862849 255173043 727938515 303348660 107898133 206631042 438039595 115149133 487099539 529627770 483279103 808804579 484441031 629092171 277657 251770528 524826005 708488368 490917749 75119004 220729602 198945025 74375349 686573131 575760545 534228139 233798713 479574202 611026561 375052552 640963938 635385790 625228259 22555842 268822056 332683933 163223436 777025477 478958591 244772804 597079446 42629894 172755616 322451054 583868955 278675104 647793072 179953445 376240309 335369765 299267191 239345547
22 94
49 29
53 69
39 18
64 15
50 92
80 63
24 9
7 29
44 99
41 23
10 72
36 47
10 5
62 98
54 2
40 25
48 88
8 40
19 52
87 91
32 16
28 88
1 52
26 66
24 82
30 55
21 39
84 14
39 84
36 95
44 78
56 46
42 68
13 11
43 81
8 90
16 29
60 16
88 37
73 52
26 54
24 61
58 31
86 83
22 85
76 21
38 58
74 67
44 15
18 59
4 21
21 46
41 22
57 44
35 3
45 12
22 52
62 92
38 89
51 28
41 8
48 65
33 22
41 74
87 41
55 1
97 3
13 49
20 68
22 96
55 54
80 44
34 84
82 81
77 99
95 70
1 68
27 38
75 15
100 51
39 44
1 39
39 36
19 71
81 65
35 84
92 39
5 22
46 17
38 4
24 86
39 6
79 67
93 36
1 65
84 32
8 53
88 12
