100 821858409
572674416 717192545 209589633 682691823 379336157 237783968 517905350 93791793 211851917 239414421 6097338 129042193 397782717 666571413 112715191 125760316 528221763 639042254 737595600 19447836 804774674 598960716 406093284 142523993 105212006 331666830 502894755 513248070 731090547 111870163 592550898 718397621 248763756 165467369 237790619 371314768 390357021 430340979 1269234 205855930 753569064 583500614 374422044 320943629 159294573 593215208 215286358 428567597 124568203 509182333 627126873 604220808 189830223 268800882 672589669 152108467 172226967 405221827 451561178 31414917 477477867 691687349 70026658 14643639 46833958 447378530 165697892 577396583 552364381 194993868 690632230 594516640 47346173 440560439 297914614 151690807 598313778 750864040 665078767 734338477 162748876 532702585 148180709 208523262 744669402 23363090 508247483 387512837 784455678 141843664 309243173 299848541 55234015 400930887 392480880 209649658 713755302 22761984 354162673 183491521
38 79
82 4
50 20
94 19
42 48
17 27
100 70
99 33
8 3
77 80
45 13
5 85
52 86
22 15
16 54
58 11
95 46
41 34
14 62
97 77
83 12
8 68
25 55
73 59
18 26
14 35
70 37
75 91
42 40
35 24
88 4
72 60
20 19
76 90
53 39
31 96
21 53
60 81
66 57
44 98
31 43
71 23
25 28
2 59
47 55
12 89
65 68
24 64
30 92
39 10
9 64
18 81
86 62
52 63
78 37
58 67
76 82
47 21
49 71
93 28
95 89
90 87
56 26
27 100
13 11
61 69
1 41
51 83
45 36
74 54
91 30
15 38
7 56
72 84
36 23
16 50
29 80
10 99
63 57
67 93
85 97
98 6
44 9
88 40
75 7
84 17
74 6
43 79
32 46
32 22
61 29
66 69
49 92
2 5
3 33
51 73
94 65
96 87
34 48
