100 835079284
321297104 823708766 770887810 477721787 269925717 188523615 230668613 76317662 778485107 612034705 130541114 2968547 820384437 690356112 811202487 771706526 309809351 187906654 119555488 21031766 225338680 580269728 809387218 192344563 498565903 827818424 577021273 86384387 431749714 111103831 291734878 261448987 680935472 332205907 184937599 116957217 806771901 132609974 565307128 232431403 569221171 135941671 112997625 316628974 806677291 321103398 591693426 13098255 742992414 132868914 411349411 716448566 343122032 523063257 143612679 127809605 604481436 209553098 722309465 8716281 444524443 695911076 717706285 38192760 663409672 24019903 502120358 788718022 391640776 669581515 730049325 200683789 806983278 251257547 386239163 183871806 688244462 357326072 783066150 275152176 83042149 712569627 346659934 271158626 390939057 527653257 245650227 264198462 713432619 63459080 362919411 255122770 297677020 276119114 411358253 83692295 630494128 35625448 571242998 74421515
12 4
64 10
90 61
37 100
89 68
24 93
70 95
49 8
56 14
92 1
82 90
91 64
26 28
79 21
11 1
58 81
35 75
2 29
55 13
2 28
69 9
9 12
53 55
87 33
74 54
94 96
63 92
22 55
93 57
44 63
62 50
24 32
41 15
25 26
45 18
32 42
19 35
20 3
59 79
13 71
61 3
70 99
16 13
81 3
96 39
96 50
64 27
16 87
18 23
91 46
24 6
9 74
17 88
35 7
43 84
51 61
62 79
38 4
37 41
73 87
70 60
14 28
48 80
99 68
11 25
84 88
67 97
41 36
39 47
50 25
6 71
5 98
17 63
78 16
99 44
84 34
86 39
48 88
52 8
65 33
81 85
4 40
7 12
31 68
19 83
72 100
67 62
30 10
5 10
6 37
26 91
17 49
71 11
18 44
76 46
86 77
58 92
66 49
58 7
