100 898535788
167937455 882352181 802913019 94261653 279635029 747044817 182243525 421922944 895786723 250007008 793280794 516717197 581541074 425522158 522498119 880258558 360485246 893742288 231329394 109207593 675926286 161678661 239566100 337332662 186096158 275742129 615596484 628747838 521797092 437709358 348521845 548083040 877551435 617163154 741427855 395746706 334984945 177495679 487538979 762024283 472444629 692776826 696736854 397863349 776345088 698814200 119352862 772341430 238383519 2656107 504415055 14370235 304956935 426563729 24439173 258447661 79437679 128940112 45301682 455456556 712639255 11749778 590869539 434233641 333311890 161142076 5995523 657991087 764881691 410837115 566242712 695217417 599678539 753206895 252901691 639013523 163684822 176604384 680839919 458679600 142281999 79872329 625386198 71086451 76132920 388969147 798035780 242039823 848343352 235369672 283235905 563872550 204229802 495966307 279591495 581449487 99655136 353676656 443960416 98156920
78 54
1 61
64 4
91 55
16 72
54 61
87 51
24 19
68 88
38 96
86 73
61 57
18 13
96 54
4 58
75 38
77 58
87 93
46 69
63 80
86 82
84 42
77 51
84 65
45 7
22 25
37 67
45 83
41 21
70 46
59 89
48 76
46 81
20 21
92 97
70 58
27 32
66 76
34 9
42 53
60 27
5 7
43 74
60 17
39 47
71 43
8 86
50 30
7 3
22 6
26 21
100 87
49 81
31 41
29 85
2 34
5 90
56 23
98 28
9 44
79 83
99 38
77 17
57 45
1 17
28 88
89 51
99 94
33 60
13 50
8 48
13 100
15 52
36 91
63 92
20 35
32 23
25 43
10 23
92 33
33 88
39 100
83 85
14 75
70 91
68 12
5 15
75 37
57 8
42 48
32 16
78 34
19 16
20 40
27 95
41 96
11 14
9 62
78 25
