5
1047 2840
1 3 5 10 10 11 13 13 14 17 17 20 21 22 23 25 25 28 29 31 34 35 35 37 37 38 39 42 42 43 43 45 46 47 47 51 55 56 56 56 61 63 64 65 65 65 66 67 68 68 68 68 72 73 73 76 79 79 80 83 88 89 91 91 92 95 97 97 99 101 102 102 103 105 106 106 107 109 110 110 112 113 113 113 114 117 118 119 121 121 127 132 132 135 137 139 141 144 144 147 148 148 149 150 156 157 160 162 162 164 169 170 170 173 175 179 183 183 183 183 184 185 186 187 189 189 190 193 196 196 197 201 202 205 206 208 211 211 211 216 217 217 218 220 221 223 223 223 225 226 227 228 229 229 230 231 233 237 238 242 242 243 244 245 246 248 249 249 250 252 253 253 253 254 255 256 256 257 259 260 261 262 262 263 267 268 269 274 276 278 279 279 280 282 290 291 291 292 292 292 295 297 297 298 300 302 302 303 307 316 318 318 319 319 321 321 321 321 324 325 325 326 326 327 328 329 330 331 331 331 331 333 333 334 335 339 339 340 342 345 348 348 348 349 352 353 354 355 357 358 358 361 362 367 370 370 370 371 371 374 376 378 378 379 380 382 385 389 389 390 391 392 393 395 396 397 397 397 398 400 401 401 404 409 409 413 413 413 414 414 415 415 415 416 417 417 417 419 420 420 423 423 424 425 426 426 428 428 432 437 439 440 441 442 442 443 446 447 448 449 450 450 453 453 457 457 459 462 464 464 468 471 474 475 476 476 476 480 483 483 484 486 486 486 489 489 491 494 494 495 495 496 498 498 499 500 502 503 505 507 510 511 514 515 515 518 519 519 523 528 528 531 531 533 533 533 533 534 534 535 537 539 541 544 545 545 545 545 546 548 549 552 555 558 560 561 565 565 566 566 568 569 575 575 576 576 577 577 578 579 579 579 580 580 580 582 584 584 586 588 591 592 593 595 600 606 612 615 616 617 618 618 618 618 618 619 621 623 623 623 627 633 634 634 635 636 636 637 639 643 645 646 649 651 653 654 655 655 656 657 657 658 658 660 662 662 666 666 667 668 668 668 670 672 672 674 674 675 676 678 679 680 680 681 682 684 684 685 686 687 690 690 692 693 694 695 695 696 699 700 700 700 704 705 706 706 707 708 709 713 713 715 715 716 716 717 717 718 718 720 722 722 726 727 728 728 728 729 732 733 734 736 739 739 739 740 740 740 740 742 742 744 744 744 745 746 747 748 749 749 749 752 752 754 754 759 759 760 762 764 769 770 773 773 773 774 775 776 776 777 777 777 777 778 780 781 785 786 788 790 790 791 791 793 795 795 795 795 797 797 799 800 804 805 808 811 811 814 814 815 817 818 819 819 819 823 824 825 828 830 831 831 832 834 834 834 835 836 839 841 842 844 844 845 845 846 850 851 852 852 852 858 858 859 860 863 863 865 867 867 870 870 870 872 872 873 875 876 876 878 881 882 882 885 886 887 887 888 889 890 890 892 893 895 896 896 897 899 902 902 902 904 905 906 907 908 909 911 912 913 914 916 916 916 917 918 919 919 920 920 921 922 925 926 926 927 927 927 928 928 929 929 931 932 934 934 937 937 938 940 941 947 947 948 948 948 948 951 951 954 956 958 965 967 969 970 971 974 974 975 976 980 981 984 987 987 989 990 990 990 992 993 995 995 996 997 998 998 998 998 1001 1001 1002 1003 1006 1008 1008 1009 1010 1012 1013 1016 1018 1022 1023 1023 1026 1026 1026 1029 1029 1029 1031 1035 1037 1038 1039 1039 1040 1040 1041 1041 1041 1043 1045 1045 1046 1046 1046 1049 1049 1049 1051 1053 1053 1055 1057 1057 1058 1059 1059 1060 1061 1062 1064 1068 1073 1077 1077 1082 1083 1084 1085 1086 1086 1086 1087 1088 1088 1090 1090 1092 1099 1103 1103 1104 1106 1107 1110 1112 1114 1115 1118 1119 1120 1121 1122 1122 1123 1123 1123 1124 1125 1127 1131 1132 1133 1138 1138 1139 1139 1142 1143 1143 1147 1150 1151 1151 1154 1157 1159 1160 1160 1161 1164 1166 1168 1169 1170 1171 1172 1173 1174 1174 1180 1180 1181 1182 1188 1190 1191 1193 1193 1195 1196 1201 1203 1205 1207 1207 1207 1209 1209 1211 1212 1213 1215 1217 1225 1225 1226 1227 1229 1231 1231 1231 1231 1231 1233 1234 1236 1238 1239 1239 1242 1244 1244 1244 1244 1245 1246 1247 1250 1251 1252 1253 1253 1254 1255 1257 1260 1260 1261 1264 1264 1265 1269 1269 1270 1270 1271 1271 1272 1272 1273 1274 1274 1276 1276 1279 1282 1282 1286 1287 1288 1288 1290 1291 1291 1291 1292 1293 1295 1295 1295 1296 1296 1298 1300 1302 1304 1305 1306 1307 1307 1308 1312 1314 1315 1316 1316 1316 1319 1320 1320 1321 1322 1323 1326 1328 1329 1329 1332 1334 1334 1335 1337 1339 1339 1339 1344 1344 1345 1346 1349 1350 1350 1353 1355 1357 1359 1363 1363 1366 1368 1370 1370 1371 1374 1377 1377 1379 1389 1389 1389 1390 1390 1390 1395 1395 1399 1399 1400 1400 1400 1401 1404 1406 1410 1413 1414 1414 1415 1416 1418 1418 1418 1419 1420 1422 1423 1423 1424 1426 1428 1428 1429 1429 1430 1432 1433 1434 1434 1439 1440 1440 1442 1443 1444 1444 1446 1447 1447 1449 1451 1451 1452 1452 1452 1454 1457 1463 1464 1464 1467 1469 1471 1471 1471 1473 1474 1478 1481 1486 1487 1487 1488 1489 1490 1491 1493 1495 1496 1496 1497 1499 1501 1501 1502 1503 1507 1507 1508 1509 1510 1513 1513 1515 1515 1519 1519 1519 1520 1525 1526 1527 1529 1529 1530 1532 1534 1534 1534 1537 1537 1537 1541 1548 1548 1549 1549 1551 1554 1556 1556 1557 1557 1559 1561 1563 1565 1565 1571 1572 1574 1575 1576 1576 1577 1581 1581 1583 1588 1590 1591 1592 1593 1594 1595 1598 1598 1599 1599 1600 1602 1602 1606 1611 1612 1612 1614 1617 1618 1618 1619 1619 1619 1621 1622 1622 1622 1622 1623 1624 1625 1625 1625 1625 1626 1629 1630 1631 1631 1632 1632 1633 1633 1634 1634 1636 1636 1637 1637 1640 1640 1641 1642 1643 1645 1645 1649 1652 1652 1653 1654 1654 1655 1656 1656 1656 1657 1657 1658 1659 1660 1663 1663 1664 1665 1670 1673 1673 1673 1674 1674 1676 1680 1681 1682 1683 1683 1686 1687 1687 1687 1687 1687 1692 1693 1694 1695 1695 1699 1702 1708 1709 1711 1713 1713 1714 1715 1716 1717 1720 1720 1721 1721 1722 1722 1724 1728 1729 1735 1740 1741 1743 1744 1746 1746 1747 1748 1748 1749 1750 1750 1751 1753 1754 1756 1757 1758 1761 1763 1764 1765 1765 1767 1774 1776 1779 1780 1780 1780 1781 1782 1783 1785 1786 1787 1788 1789 1791 1792 1792 1793 1794 1795 1796 1796 1797 1800 1800 1803 1804 1808 1809 1809 1810 1811 1811 1812 1814 1815 1815 1816 1818 1818 1825 1826 1828 1830 1830 1832 1832 1832 1832 1835 1837 1837 1838 1838 1841 1843 1843 1843 1843 1844 1844 1845 1845 1847 1847 1849 1849 1850 1850 1855 1855 1856 1857 1858 1859 1859 1860 1863 1865 1868 1871 1872 1872 1873 1874 1874 1874 1874 1875 1878 1880 1882 1882 1883 1887 1887 1887 1888 1888 1888 1892 1892 1894 1895 1897 1898 1900 1903 1904 1905 1905 1907 1908 1912 1912 1913 1914 1914 1914 1914 1916 1917 1922 1923 1923 1923 1924 1925 1927 1927 1929 1932 1932 1934 1939 1940 1942 1945 1946 1946 1947 1947 1949 1950 1950 1950 1951 1953 1954 1956 1956 1957 1958 1959 1961 1963 1964 1964 1965 1965 1966 1967 1968 1968 1976 1978 1980 1981 1982 1983 1983 1983 1985 1987 1987 1988 1988 1989 1995 1997 1998 2005 2009 2010 2012 2012 2012 2015 2017 2020 2023 2025 2027 2028 2028 2029 2030 2030 2032 2032 2032 2033 2035 2036 2037 2037 2038 2038 2039 2039 2039 2039 2039 2041 2048 2049 2050 2050 2051 2052 2052 2052 2054 2060 2060 2061 2061 2061 2065 2066 2066 2067 2069 2069 2070 2071 2071 2075 2078 2079 2079 2083 2083 2083 2083 2084 2085 2085 2087 2088 2092 2094 2095 2096 2096 2098 2104 2107 2108 2109 2111 2113 2114 2117 2118 2120 2122 2123 2128 2128 2129 2132 2136 2137 2137 2139 2141 2141 2143 2143 2144 2146 2148 2148 2149 2150 2152 2152 2153 2154 2154 2154 2155 2155 2157 2158 2158 2160 2160 2162 2163 2164 2164 2168 2168 2169 2170 2172 2177 2180 2180 2181 2183 2184 2184 2187 2187 2189 2190 2190 2192 2193 2195 2195 2195 2197 2197 2197 2200 2202 2205 2205 2207 2207 2209 2213 2213 2217 2221 2221 2222 2222 2223 2223 2225 2226 2226 2227 2229 2231 2231 2232 2234 2234 2234 2234 2234 2235 2236 2236 2241 2241 2244 2245 2247 2252 2256 2258 2260 2260 2264 2266 2267 2267 2267 2268 2269 2270 2271 2273 2273 2275 2277 2278 2279 2280 2281 2281 2281 2283 2286 2286 2287 2289 2292 2295 2295 2296 2297 2300 2300 2301 2303 2304 2308 2311 2313 2318 2319 2321 2325 2326 2327 2329 2331 2332 2332 2333 2335 2336 2337 2337 2338 2338 2339 2342 2344 2344 2344 2345 2345 2346 2347 2348 2349 2349 2349 2349 2351 2352 2353 2363 2364 2366 2371 2374 2374 2376 2376 2376 2377 2378 2379 2380 2380 2381 2382 2384 2384 2385 2386 2387 2387 2389 2393 2397 2398 2399 2400 2400 2402 2405 2406 2406 2407 2407 2412 2415 2419 2423 2425 2425 2425 2428 2430 2431 2431 2431 2431 2432 2432 2433 2435 2436 2436 2437 2438 2438 2440 2441 2442 2444 2445 2446 2446 2448 2449 2449 2450 2451 2451 2452 2453 2454 2454 2455 2461 2462 2462 2463 2464 2464 2468 2469 2471 2472 2472 2473 2475 2476 2477 2479 2479 2479 2479 2480 2482 2483 2486 2489 2489 2490 2490 2491 2493 2496 2496 2497 2499 2502 2503 2506 2510 2515 2516 2516 2517 2517 2517 2520 2520 2524 2524 2525 2525 2526 2527 2528 2532 2535 2535 2536 2536 2536 2542 2543 2545 2547 2547 2547 2548 2551 2552 2554 2554 2556 2557 2559 2559 2560 2560 2561 2561 2562 2564 2566 2567 2568 2568 2570 2570 2571 2572 2572 2572 2575 2575 2578 2579 2580 2581 2581 2581 2583 2587 2587 2589 2590 2595 2598 2598 2599 2603 2603 2606 2608 2608 2610 2611 2613 2614 2614 2614 2618 2618 2618 2620 2622 2623 2624 2626 2627 2627 2628 2628 2632 2633 2634 2638 2639 2639 2641 2641 2645 2646 2650 2651 2652 2654 2656 2657 2657 2658 2660 2661 2661 2665 2667 2668 2670 2670 2671 2671 2671 2673 2674 2675 2675 2677 2678 2679 2680 2685 2686 2689 2689 2692 2692 2695 2699 2700 2701 2702 2703 2703 2704 2706 2706 2707 2707 2712 2713 2714 2714 2715 2717 2718 2718 2719 2719 2720 2720 2720 2724 2725 2726 2726 2729 2730 2731 2733 2735 2738 2739 2740 2740 2740 2741 2743 2749 2749 2749 2752 2752 2753 2753 2754 2755 2755 2755 2760 2762 2763 2765 2768 2768 2769 2769 2771 2773 2774 2775 2778 2779 2788 2790 2792 2792 2793 2794 2795 2796 2796 2797 2798 2799 2799 2802 2803 2803 2804 2806 2809 2810 2810 2812 2812 2817 2819 2826 2831 2831 2833 2835 2836 2836 2838
1005 1432
0 0 2 3 3 4 4 5 5 5 7 8 9 10 10 10 10 11 11 11 11 11 12 15 15 15 16 16 16 17 19 20 20 20 21 23 23 24 26 26 26 29 31 31 32 33 33 34 34 35 36 37 37 40 41 42 42 42 43 45 45 46 49 51 51 51 52 53 53 55 55 56 57 58 59 59 59 59 60 61 62 62 63 64 65 65 66 66 66 66 68 68 68 70 70 71 74 74 74 75 77 77 78 79 80 83 83 84 84 85 85 86 86 88 90 90 91 92 93 95 95 96 96 96 96 97 97 99 101 102 102 105 105 107 107 107 108 108 110 111 113 113 114 114 116 116 118 118 118 118 119 120 120 121 121 122 123 123 124 124 124 124 125 125 126 127 127 127 127 127 128 128 129 129 130 130 131 132 132 133 133 134 134 134 134 134 135 135 138 138 139 140 140 140 141 141 142 143 144 144 145 145 145 145 146 146 146 148 148 148 149 149 149 149 150 150 152 152 152 153 155 156 156 157 158 158 159 159 160 160 161 161 161 163 164 164 164 166 166 166 167 168 172 172 173 174 175 175 175 177 177 177 178 179 179 180 180 180 181 181 182 183 183 184 184 186 187 190 192 192 194 195 198 198 198 198 200 200 200 201 201 201 202 203 204 204 205 207 207 207 208 208 209 210 210 212 215 217 217 217 217 218 218 218 219 220 220 221 222 222 224 224 224 225 226 226 227 227 228 229 229 230 230 231 233 234 234 235 236 237 237 237 238 238 239 239 239 239 240 240 240 240 242 245 246 247 250 250 250 251 252 253 253 254 255 257 257 258 260 260 261 262 262 263 264 266 267 269 271 271 272 272 273 273 273 273 274 276 277 277 278 279 280 281 281 281 282 282 282 283 285 285 286 286 286 287 287 287 288 288 290 291 291 292 292 292 293 294 294 294 294 295 295 296 296 296 296 297 297 299 299 300 301 301 302 302 302 302 302 303 306 306 308 309 309 310 310 310 312 313 314 315 316 319 319 319 322 322 323 324 324 324 324 325 325 326 327 327 328 329 329 331 331 331 331 333 333 333 333 336 337 337 337 338 338 339 339 339 339 340 340 340 341 343 344 344 345 346 348 349 350 351 351 352 353 353 354 355 356 356 358 358 358 359 359 359 360 361 361 361 362 363 364 365 365 366 366 367 369 369 369 370 373 373 373 373 374 375 375 376 376 378 379 380 380 381 381 383 383 383 383 383 384 384 384 385 386 388 390 390 391 392 394 394 394 394 395 396 396 396 396 396 396 398 399 399 399 400 400 400 403 403 404 404 405 405 406 406 406 406 407 409 411 412 413 413 413 413 416 416 419 419 419 420 420 421 421 422 422 422 423 424 424 424 424 425 425 427 428 428 432 432 432 432 433 434 435 436 437 437 437 439 439 440 440 440 441 441 442 443 443 445 445 445 446 446 447 448 448 449 450 450 450 453 453 453 453 454 455 457 457 458 458 460 461 461 462 463 464 464 464 467 467 467 467 467 468 469 470 470 471 473 474 475 475 476 476 476 476 476 477 478 479 479 479 480 481 481 481 482 485 485 487 487 489 492 492 493 495 495 497 497 498 499 501 502 502 502 502 503 504 504 505 505 507 507 508 508 510 510 510 511 512 512 512 513 513 515 516 517 517 519 519 519 521 521 521 521 522 522 523 523 523 523 524 524 525 526 526 527 528 529 530 530 531 531 531 531 532 532 533 535 535 535 535 535 536 537 537 538 538 538 539 540 541 542 543 543 544 544 544 545 545 547 547 547 547 547 549 549 550 552 552 552 553 553 553 555 555 555 556 557 557 558 561 561 561 561 562 563 564 564 565 567 567 568 568 569 569 569 570 571 571 572 573 573 573 574 575 575 576 576 576 577 577 577 578 579 581 583 583 584 585 586 586 586 586 586 587 587 587 588 588 589 592 592 592 594 595 596 596 596 599 599 601 602 603 605 606 606 606 607 607 607 609 609 610 610 615 615 615 615 616 616 616 617 618 618 621 621 621 622 623 623 623 624 624 625 625 626 626 626 627 628 628 629 629 630 630 630 631 632 632 632 632 633 633 635 635 636 637 638 639 643 643 643 643 644 644 644 646 646 647 647 648 648 648 648 648 650 651 652 652 654 654 654 654 655 655 655 657 658 658 659 660 660 660 661 661 662 662 662 663 663 664 665 665 666 666 666 667 671 671 671 672 673 674 674 674 675 675 676 677 679 680 681 681 681 681 682 682 682 682 683 683 684 684 684 685 685 686 687 687 687 690 691 691 691 692 692 693 693 695 696 699 699 700 700 700 700 701 701 702 703 703 705 706 707 709 709 710 710 711 711 712 712 713 713 713 715 715 715 716 716 717 717 717 718 718 719 724 724 727 727 727 728 729 729 730 730 730 731 732 732 732 734 734 734 735 736 736 737 738 738 738 738 739 741 741 741 742 742 742 743 744 747 747 748 748 748 749 749 750 751 752 752 752 753 754 758 758 759 760 761 761 762 763 765 767 768 769 770 771 772 772 773 773 774 774 774 775 775 775 775 775 775 776 777 778 779 779 779 781 784 784 787 789 789 790 790 791 791 792 793 793 793 793 794 794 795 796 797 797 799 799 800 800 801 803 804 805 805 805 806 806 808 808 808 809 809 810 812 812 813 814 818 819 819 819 820 821 821 821 822 822 822 823 824 824 825 826 827 828 830 831 833 834 836 837 838 838 838 838 839 840 840 841 841 842 842 842 843 843 844 844 844 844 845 845 846 846 846 847 847 847 848 849 849 850 850 852 856 857 859 860 860 862 862 862 862 863 864 865 866 866 866 866 867 867 868 871 871 871 874 875 875 875 875 876 876 878 878 879 880 882 882 883 883 884 887 888 889 889 892 892 893 895 895 896 897 898 898 898 898 898 898 899 901 902 902 903 903 906 906 907 908 908 909 909 910 912 914 916 916 916 918 919 920 921 922 922 924 927 928 928 928 929 930 930 931 931 932 933 933 933 934 935 936 936 937 937 937 937 937 938 938 941 941 943 944 944 944 944 945 945 946 947 947 948 948 948 949 950 952 953 953 953 954 954 954 954 955 956 956 957 957 958 959 959 959 960 960 961 961 963 964 965 967 967 969 969 970 971 972 973 975 976 978 981 983 984 984 985 985 986 986 987 990 991 991 991 992 992 993 993 993 993 993 994 995 995 995 996 996 997 998 998 1000 1000 1000 1001 1001 1002 1002 1003 1004 1005 1008 1008 1009 1009 1010 1011 1012 1014 1015 1015 1015 1015 1016 1017 1017 1018 1018 1018 1020 1021 1024 1025 1025 1026 1026 1026 1027 1029 1030 1030 1030 1030 1031 1031 1032 1032 1032 1033 1033 1034 1037 1037 1037 1038 1038 1038 1040 1040 1041 1042 1042 1043 1043 1043 1044 1045 1045 1046 1046 1047 1047 1048 1048 1048 1049 1049 1050 1050 1051 1051 1052 1054 1055 1055 1055 1056 1056 1060 1060 1060 1061 1062 1062 1064 1065 1068 1070 1071 1071 1073 1073 1074 1074 1074 1074 1074 1074 1075 1075 1075 1075 1078 1082 1082 1084 1084 1085 1086 1086 1086 1087 1091 1091 1092 1093 1093 1094 1094 1094 1095 1096 1096 1096 1097 1097 1098 1099 1100 1103 1103 1103 1105 1105 1106 1108 1108 1109 1109 1110 1111 1113 1113 1113 1113 1117 1117 1117 1117 1118 1118 1118 1120 1121 1121 1124 1124 1124 1126 1127 1127 1128 1129 1130 1130 1132 1132 1134 1134 1135 1136 1136 1139 1139 1139 1140 1141 1141 1141 1142 1142 1142 1143 1143 1144 1144 1144 1145 1146 1146 1146 1146 1146 1147 1147 1148 1149 1150 1153 1154 1155 1156 1158 1158 1158 1161 1161 1161 1163 1163 1166 1167 1167 1167 1169 1169 1169 1170 1170 1172 1172 1173 1173 1173 1174 1174 1175 1176 1176 1176 1176 1178 1178 1179 1179 1180 1181 1182 1184 1184 1184 1184 1186 1187 1187 1187 1188 1188 1188 1188 1188 1189 1189 1189 1190 1190 1191 1192 1193 1193 1194 1196 1198 1199 1199 1199 1200 1201 1201 1201 1201 1202 1204 1204 1206 1206 1206 1207 1209 1209 1210 1211 1212 1212 1213 1215 1217 1217 1219 1219 1220 1221 1221 1222 1225 1226 1227 1227 1227 1228 1229 1231 1231 1231 1232 1234 1234 1235 1236 1236 1236 1237 1237 1238 1240 1240 1240 1240 1241 1243 1245 1245 1246 1248 1248 1248 1248 1249 1249 1249 1251 1251 1251 1253 1254 1254 1255 1256 1256 1258 1258 1259 1259 1259 1260 1260 1264 1264 1264 1264 1265 1266 1266 1267 1268 1268 1269 1269 1269 1271 1271 1272 1273 1273 1274 1275 1275 1275 1277 1278 1278 1281 1281 1282 1282 1282 1284 1285 1286 1287 1288 1288 1288 1290 1290 1292 1292 1292 1293 1295 1295 1295 1296 1297 1298 1298 1299 1300 1300 1301 1301 1303 1303 1303 1303 1304 1304 1305 1305 1306 1307 1308 1310 1310 1311 1311 1312 1312 1312 1313 1313 1314 1314 1315 1315 1316 1316 1317 1317 1318 1319 1319 1320 1320 1320 1322 1323 1323 1323 1323 1325 1327 1327 1329 1330 1330 1330 1330 1330 1332 1333 1333 1333 1333 1334 1335 1335 1336 1336 1339 1341 1341 1344 1344 1345 1345 1345 1346 1346 1348 1350 1351 1352 1353 1354 1355 1357 1357 1358 1358 1360 1361 1361 1364 1364 1364 1365 1366 1366 1366 1367 1368 1368 1369 1369 1370 1370 1370 1372 1372 1372 1373 1374 1375 1377 1378 1378 1379 1379 1380 1381 1382 1383 1385 1385 1387 1388 1389 1389 1389 1391 1391 1391 1392 1393 1394 1395 1395 1396 1399 1400 1400 1401 1401 1401 1402 1402 1403 1403 1403 1403 1404 1404 1404 1404 1404 1405 1406 1406 1406 1406 1407 1407 1408 1408 1409 1409 1410 1411 1411 1413 1414 1414 1415 1415 1416 1417 1418 1420 1421 1423 1424 1424 1424 1425 1425 1425 1427 1428 1429 1430 1431 1431 1431
982 3478
0 5 8 9 10 10 14 17 19 19 20 23 25 25 28 28 29 29 41 43 45 45 46 49 52 53 53 56 59 62 64 65 68 70 76 78 80 84 85 85 90 94 94 95 98 99 99 101 101 103 104 105 107 108 111 113 115 117 123 123 126 127 127 128 129 129 130 130 132 132 133 137 138 140 141 142 143 144 144 151 155 155 159 160 160 161 164 164 166 166 168 170 170 171 171 172 173 174 175 175 176 179 182 184 187 188 188 191 191 194 194 196 197 197 202 203 205 205 206 208 210 211 215 219 222 225 227 230 231 234 235 237 238 240 240 242 250 253 253 254 254 255 259 259 259 262 265 265 265 267 267 271 275 280 281 284 284 285 285 294 294 297 298 307 308 309 315 316 317 323 325 327 337 337 342 345 345 345 347 353 354 356 357 360 361 366 371 375 376 377 379 384 388 389 389 389 389 390 390 392 394 394 395 396 397 398 399 402 403 406 410 411 411 412 413 416 416 423 424 425 425 426 428 430 432 433 433 437 442 443 444 446 448 449 449 455 456 457 457 461 461 463 463 466 466 466 471 472 474 474 475 477 477 478 483 483 487 488 490 493 495 495 500 501 506 507 509 512 513 515 515 519 520 525 527 528 532 534 535 535 537 540 542 542 546 548 552 553 553 553 554 554 554 555 556 556 563 565 568 572 574 575 579 584 585 587 591 593 594 595 596 597 599 599 602 605 607 608 609 609 611 614 618 620 621 624 629 629 630 634 637 637 639 639 641 642 642 643 646 646 646 648 649 649 651 653 653 654 656 657 660 661 662 665 669 670 671 672 672 673 673 674 676 677 678 678 678 680 683 684 688 688 690 695 696 698 712 716 716 717 717 724 727 729 730 730 731 736 736 741 742 744 744 745 745 746 746 749 750 752 753 753 754 756 756 758 758 761 763 764 766 766 768 771 771 772 774 774 776 778 782 784 785 786 788 788 789 792 792 793 794 794 794 796 797 798 800 801 804 805 807 807 807 810 812 812 813 814 815 815 816 816 822 822 822 827 828 830 835 837 838 839 840 841 843 849 850 851 851 853 854 855 857 858 859 861 862 863 864 871 873 874 874 878 881 882 883 888 888 892 895 895 897 897 898 902 904 906 906 907 910 910 912 915 918 918 924 925 925 925 925 926 927 929 931 931 933 934 947 948 950 955 956 957 957 957 959 961 964 964 965 965 965 967 969 977 977 977 979 981 982 983 985 987 988 989 992 993 995 996 997 999 999 1000 1000 1001 1001 1001 1005 1006 1007 1011 1015 1015 1016 1016 1018 1018 1023 1024 1027 1028 1029 1032 1038 1041 1041 1042 1044 1046 1046 1047 1048 1048 1052 1055 1057 1058 1060 1064 1064 1065 1067 1068 1074 1075 1077 1079 1080 1084 1085 1086 1088 1088 1089 1090 1090 1095 1096 1097 1098 1099 1099 1101 1101 1102 1104 1111 1111 1117 1119 1122 1123 1126 1127 1130 1130 1133 1135 1138 1141 1143 1144 1146 1146 1147 1148 1149 1153 1154 1156 1158 1159 1159 1163 1163 1166 1166 1167 1167 1168 1169 1171 1172 1172 1173 1174 1177 1182 1191 1192 1193 1196 1198 1198 1199 1199 1200 1200 1200 1201 1202 1205 1205 1206 1207 1210 1211 1213 1217 1219 1221 1222 1227 1228 1229 1231 1235 1237 1239 1239 1242 1243 1243 1245 1246 1247 1248 1250 1254 1254 1254 1255 1258 1258 1259 1259 1261 1261 1263 1263 1264 1265 1267 1279 1285 1289 1290 1290 1291 1292 1292 1292 1294 1295 1297 1302 1303 1303 1307 1311 1311 1313 1313 1313 1315 1316 1316 1322 1328 1329 1331 1336 1337 1337 1339 1341 1342 1344 1351 1353 1355 1355 1355 1355 1361 1364 1366 1368 1370 1372 1372 1374 1376 1376 1384 1389 1393 1393 1394 1394 1394 1396 1400 1400 1401 1401 1404 1407 1409 1410 1411 1413 1415 1415 1418 1419 1421 1425 1426 1426 1428 1430 1433 1435 1436 1437 1445 1448 1449 1452 1454 1455 1456 1457 1457 1459 1460 1461 1462 1463 1468 1473 1474 1474 1481 1482 1482 1482 1483 1485 1485 1490 1491 1492 1492 1494 1499 1502 1502 1502 1505 1508 1518 1519 1521 1521 1521 1522 1524 1529 1532 1535 1536 1537 1538 1540 1540 1541 1541 1544 1548 1549 1549 1551 1551 1551 1552 1553 1555 1558 1558 1559 1562 1563 1573 1574 1575 1576 1579 1580 1580 1585 1587 1590 1591 1595 1595 1596 1598 1598 1610 1610 1612 1616 1617 1619 1624 1626 1627 1628 1630 1631 1631 1635 1638 1640 1640 1641 1645 1648 1649 1649 1655 1657 1658 1660 1661 1663 1664 1668 1669 1672 1672 1674 1674 1676 1676 1676 1682 1686 1686 1688 1688 1690 1695 1697 1699 1702 1704 1705 1705 1706 1708 1709 1712 1716 1717 1717 1719 1725 1727 1727 1733 1733 1735 1736 1737 1741 1741 1742 1742 1745 1747 1749 1756 1757 1759 1759 1760 1760 1760 1762 1765 1768 1772 1774 1775 1777 1780 1782 1782 1782 1783 1784 1785 1785 1792 1795 1796 1799 1799 1801 1803 1806 1806 1806 1808 1810 1813 1814 1814 1815 1815 1822 1823 1824 1824 1827 1828 1830 1832 1833 1834 1835 1835 1836 1844 1844 1845 1847 1851 1852 1853 1865 1866 1866 1866 1866 1870 1872 1873 1874 1877 1877 1878 1880 1885 1886 1887 1892 1894 1894 1895 1898 1898 1899 1899 1900 1902 1902 1903 1904 1904 1908 1909 1909 1910 1913 1914 1916 1919 1920 1921 1923 1923 1924 1927 1929 1929 1929 1930 1936 1937 1937 1940 1940 1940 1941 1942 1942 1943 1945 1948 1952 1953 1953 1957 1962 1967 1968 1970 1973 1978 1980 1982 1982 1983 1983 1984 1985 1986 1986 1988 1988 1990 1996 1997 1998 1999 2000 2000 2002 2012 2019 2019 2020 2022 2022 2023 2027 2027 2029 2029 2030 2030 2031 2032 2033 2038 2041 2042 2046 2047 2048 2049 2049 2051 2051 2051 2056 2057 2058 2059 2059 2059 2060 2061 2062 2062 2065 2066 2070 2072 2073 2078 2078 2078 2083 2085 2087 2090 2090 2091 2093 2097 2097 2097 2098 2098 2100 2100 2101 2102 2103 2103 2103 2107 2110 2110 2114 2117 2119 2120 2122 2123 2125 2126 2131 2142 2142 2143 2150 2150 2152 2153 2155 2161 2164 2164 2168 2168 2173 2174 2174 2178 2178 2181 2181 2183 2184 2184 2184 2189 2192 2192 2195 2195 2196 2197 2199 2201 2202 2205 2207 2211 2211 2212 2212 2214 2214 2218 2219 2222 2223 2225 2225 2226 2228 2230 2234 2235 2237 2238 2241 2241 2247 2248 2248 2250 2251 2253 2256 2256 2257 2257 2259 2261 2265 2266 2266 2269 2269 2269 2270 2271 2271 2272 2272 2273 2277 2278 2279 2280 2284 2284 2286 2289 2290 2294 2295 2297 2298 2298 2298 2299 2301 2305 2305 2306 2306 2306 2306 2307 2307 2308 2309 2311 2314 2315 2316 2318 2322 2322 2323 2326 2326 2335 2338 2339 2340 2341 2343 2344 2344 2345 2347 2347 2349 2349 2350 2350 2359 2359 2360 2363 2363 2366 2367 2368 2369 2371 2372 2374 2379 2380 2380 2380 2382 2389 2390 2392 2395 2396 2397 2397 2404 2404 2406 2406 2408 2408 2409 2412 2413 2414 2416 2418 2420 2422 2422 2424 2424 2425 2425 2428 2428 2437 2438 2441 2443 2445 2445 2446 2446 2448 2457 2458 2459 2460 2462 2464 2466 2466 2469 2471 2474 2476 2478 2485 2486 2486 2486 2487 2488 2490 2491 2492 2495 2501 2502 2502 2505 2507 2507 2511 2512 2513 2515 2515 2518 2518 2518 2520 2520 2522 2522 2527 2532 2532 2532 2532 2534 2534 2535 2536 2538 2539 2540 2540 2542 2542 2543 2544 2551 2553 2555 2556 2560 2560 2562 2566 2574 2574 2576 2577 2580 2580 2581 2581 2584 2586 2593 2595 2596 2596 2602 2603 2606 2608 2609 2611 2618 2619 2622 2625 2627 2629 2629 2629 2630 2632 2632 2635 2636 2641 2643 2647 2649 2649 2649 2651 2654 2655 2655 2656 2656 2657 2657 2660 2669 2670 2672 2674 2681 2681 2683 2686 2687 2687 2688 2688 2688 2691 2691 2692 2692 2693 2696 2696 2698 2703 2705 2706 2712 2712 2715 2718 2720 2726 2726 2727 2735 2735 2738 2739 2740 2741 2743 2744 2744 2746 2746 2747 2748 2749 2750 2750 2750 2750 2758 2759 2761 2765 2765 2768 2769 2770 2771 2772 2776 2780 2783 2785 2788 2794 2796 2797 2800 2801 2801 2801 2803 2804 2804 2807 2808 2809 2809 2813 2814 2814 2815 2815 2818 2821 2822 2826 2826 2826 2827 2827 2833 2837 2838 2839 2839 2839 2842 2843 2844 2844 2846 2847 2849 2851 2853 2853 2854 2855 2855 2859 2859 2860 2860 2862 2862 2863 2863 2863 2863 2866 2868 2871 2872 2874 2878 2879 2880 2881 2882 2883 2884 2894 2894 2895 2898 2900 2901 2911 2914 2915 2919 2922 2924 2925 2927 2927 2933 2937 2938 2939 2945 2945 2947 2949 2952 2952 2953 2956 2957 2958 2958 2961 2962 2962 2962 2963 2964 2964 2964 2964 2965 2967 2968 2969 2969 2973 2974 2976 2978 2978 2981 2985 2986 2988 2991 2991 2992 2993 2994 2995 2995 2997 3000 3000 3001 3004 3006 3007 3008 3009 3011 3011 3011 3016 3018 3020 3021 3024 3024 3026 3027 3029 3030 3030 3032 3032 3033 3033 3035 3035 3035 3035 3037 3038 3043 3044 3049 3050 3056 3057 3058 3058 3061 3062 3063 3064 3068 3069 3069 3070 3072 3072 3074 3076 3077 3078 3079 3079 3081 3083 3084 3084 3085 3085 3088 3092 3092 3101 3102 3106 3106 3108 3109 3113 3114 3115 3116 3116 3118 3120 3120 3121 3121 3122 3122 3124 3126 3126 3126 3127 3128 3129 3130 3131 3133 3133 3133 3135 3137 3140 3141 3141 3144 3148 3149 3153 3156 3156 3157 3157 3158 3160 3160 3164 3166 3170 3171 3177 3187 3189 3190 3192 3194 3195 3199 3199 3202 3203 3204 3205 3207 3211 3212 3217 3219 3223 3223 3223 3225 3225 3228 3232 3232 3233 3235 3238 3239 3239 3239 3240 3244 3246 3248 3249 3250 3256 3258 3261 3262 3262 3263 3265 3269 3270 3272 3272 3272 3273 3274 3275 3278 3281 3282 3282 3283 3284 3287 3290 3291 3292 3294 3295 3295 3296 3296 3300 3302 3303 3307 3308 3308 3309 3311 3312 3313 3322 3322 3323 3326 3327 3327 3329 3330 3330 3331 3333 3336 3336 3337 3338 3345 3347 3347 3348 3353 3356 3357 3359 3359 3364 3366 3370 3371 3373 3374 3375 3376 3377 3378 3379 3379 3381 3385 3385 3386 3387 3388 3389 3390 3393 3393 3394 3397 3398 3406 3408 3408 3410 3413 3417 3418 3418 3418 3419 3419 3422 3422 3422 3424 3426 3429 3429 3430 3432 3433 3433 3434 3435 3438 3440 3441 3441 3442 3445 3449 3450 3451 3453 3453 3460 3462 3463 3465 3466 3467 3467 3470 3470 3471 3471 3476 3477
1016 3333
1 8 11 15 17 17 19 21 23 23 24 25 25 27 31 33 35 36 36 36 38 39 40 43 45 47 47 48 49 49 49 49 50 55 56 60 61 62 66 68 69 70 71 72 75 76 76 76 79 79 83 84 85 85 91 92 93 94 94 95 95 96 96 101 102 103 103 104 110 111 112 114 116 116 121 121 124 124 126 126 127 129 130 133 133 133 135 136 137 138 138 141 142 142 147 150 150 152 154 158 158 159 162 163 175 176 178 178 178 179 181 186 186 186 187 189 189 192 194 195 195 196 198 201 201 203 204 204 205 206 206 207 209 210 211 211 212 213 217 218 218 219 221 222 223 223 225 225 230 232 233 234 236 244 244 245 246 247 248 249 249 251 252 255 256 257 257 258 259 260 264 265 265 266 268 270 271 273 274 282 283 283 284 285 287 288 289 289 291 292 293 295 296 300 300 304 305 306 306 307 308 311 311 313 314 315 317 317 319 319 322 328 331 334 335 335 337 343 343 343 345 345 346 346 351 354 355 355 356 357 358 358 359 359 361 362 364 366 366 367 368 368 372 373 373 374 374 375 378 381 382 385 388 389 389 390 390 391 393 394 395 397 397 399 401 404 408 412 415 415 416 416 417 418 420 420 421 424 425 426 428 429 429 430 433 434 439 442 443 443 446 447 448 448 452 452 454 455 461 463 464 474 474 475 478 478 482 482 486 487 488 490 491 492 496 497 498 501 502 503 504 505 505 507 507 508 509 511 514 514 515 515 517 518 521 525 525 528 528 530 531 531 533 535 538 539 540 542 542 544 547 547 550 552 555 559 559 563 564 564 565 565 565 569 570 570 572 574 576 579 586 587 588 588 589 590 590 591 592 593 593 595 597 599 604 610 616 617 619 620 620 620 622 622 624 634 634 636 637 638 639 639 640 641 641 643 645 646 651 652 652 655 656 666 667 669 671 672 673 673 678 679 679 680 683 685 685 685 686 688 688 688 690 692 693 695 699 702 704 704 705 706 707 713 714 720 721 723 724 725 725 727 727 730 730 732 735 736 737 742 743 744 744 746 746 746 747 749 750 754 756 756 757 758 759 759 760 766 770 770 770 772 773 775 775 776 777 777 778 782 784 784 785 787 787 790 791 795 796 797 799 799 800 803 805 806 806 811 813 814 818 818 822 825 827 827 829 830 831 832 832 833 836 843 844 845 847 850 855 856 856 856 858 859 860 861 862 864 864 869 874 874 874 874 878 879 879 879 879 883 884 885 885 888 889 889 891 894 894 894 896 900 902 902 902 903 903 904 906 907 907 907 914 915 917 919 919 921 921 923 924 924 924 926 927 928 928 930 937 938 940 942 944 946 948 950 953 953 955 957 958 958 961 962 963 967 970 972 972 975 976 977 984 984 984 984 984 984 986 986 986 988 989 991 995 996 998 1001 1002 1003 1005 1005 1005 1008 1009 1009 1010 1012 1014 1014 1015 1015 1016 1017 1020 1022 1022 1023 1025 1025 1026 1028 1031 1032 1033 1033 1034 1035 1038 1038 1039 1040 1042 1044 1045 1045 1046 1047 1047 1049 1049 1050 1050 1053 1053 1055 1056 1056 1060 1060 1061 1062 1065 1066 1067 1068 1070 1071 1073 1075 1076 1080 1080 1083 1083 1084 1084 1086 1088 1090 1091 1093 1094 1095 1096 1100 1100 1101 1103 1107 1112 1114 1116 1116 1117 1119 1124 1125 1127 1130 1132 1133 1136 1139 1140 1141 1142 1142 1143 1144 1148 1149 1149 1152 1152 1155 1156 1159 1160 1161 1162 1167 1168 1168 1173 1174 1174 1177 1179 1179 1179 1180 1184 1189 1190 1190 1190 1192 1192 1195 1195 1197 1198 1200 1203 1204 1209 1210 1215 1220 1222 1222 1223 1224 1224 1224 1225 1232 1239 1239 1241 1242 1243 1243 1245 1247 1248 1251 1251 1254 1256 1257 1258 1259 1259 1260 1260 1262 1266 1268 1270 1273 1274 1274 1275 1275 1276 1280 1281 1282 1283 1285 1285 1287 1289 1293 1295 1296 1296 1297 1306 1306 1307 1307 1309 1312 1312 1312 1316 1316 1317 1317 1318 1321 1322 1328 1331 1332 1333 1334 1337 1339 1339 1342 1344 1345 1345 1346 1347 1348 1360 1362 1364 1364 1366 1366 1367 1368 1372 1372 1379 1382 1384 1387 1390 1393 1393 1400 1400 1403 1423 1423 1425 1428 1430 1430 1432 1432 1433 1437 1439 1443 1444 1448 1450 1457 1457 1458 1458 1461 1464 1465 1465 1466 1470 1475 1477 1479 1484 1486 1486 1487 1493 1494 1494 1494 1500 1501 1501 1501 1504 1507 1508 1510 1513 1513 1514 1515 1517 1517 1518 1522 1522 1526 1528 1535 1536 1536 1536 1541 1542 1543 1544 1545 1546 1552 1556 1557 1558 1560 1566 1569 1569 1569 1570 1573 1574 1575 1577 1579 1579 1580 1581 1582 1584 1585 1587 1588 1589 1590 1593 1594 1595 1600 1601 1603 1603 1604 1610 1611 1612 1612 1612 1613 1613 1614 1614 1616 1617 1621 1623 1626 1628 1629 1630 1633 1638 1639 1640 1645 1648 1649 1650 1652 1653 1654 1654 1654 1656 1657 1657 1659 1662 1663 1665 1667 1667 1667 1670 1671 1672 1673 1679 1682 1683 1683 1692 1703 1704 1705 1708 1711 1714 1714 1715 1716 1717 1718 1718 1718 1723 1725 1729 1733 1735 1736 1736 1737 1738 1739 1743 1744 1744 1745 1745 1746 1746 1747 1747 1753 1753 1754 1755 1757 1758 1758 1761 1761 1764 1767 1768 1770 1772 1773 1773 1776 1779 1781 1782 1782 1788 1789 1790 1792 1795 1795 1796 1796 1798 1801 1803 1804 1806 1807 1808 1809 1816 1817 1818 1818 1821 1822 1827 1829 1829 1830 1832 1838 1841 1850 1855 1855 1856 1856 1856 1858 1858 1861 1863 1864 1865 1865 1870 1870 1871 1872 1874 1876 1879 1880 1880 1881 1881 1884 1885 1889 1890 1891 1897 1899 1904 1905 1906 1906 1907 1910 1914 1916 1917 1919 1920 1922 1923 1925 1929 1931 1932 1933 1933 1933 1933 1935 1937 1938 1938 1938 1939 1940 1940 1940 1943 1946 1947 1949 1949 1949 1950 1951 1957 1958 1959 1960 1962 1962 1964 1966 1967 1968 1969 1969 1970 1971 1971 1972 1973 1975 1977 1987 1989 1989 1990 1991 1994 1994 1996 1998 2001 2001 2003 2006 2006 2006 2008 2009 2009 2010 2013 2016 2016 2016 2019 2020 2020 2022 2022 2024 2025 2027 2028 2029 2030 2030 2030 2033 2034 2039 2045 2047 2048 2050 2050 2059 2059 2060 2061 2061 2064 2064 2064 2065 2067 2067 2069 2071 2073 2074 2074 2077 2079 2079 2080 2083 2087 2088 2089 2092 2098 2099 2103 2104 2104 2105 2108 2109 2109 2111 2115 2115 2118 2119 2119 2119 2120 2122 2123 2125 2126 2128 2129 2129 2129 2131 2131 2133 2133 2135 2136 2137 2141 2143 2148 2149 2151 2152 2153 2154 2154 2155 2156 2158 2159 2159 2159 2160 2162 2162 2163 2163 2165 2167 2172 2173 2174 2174 2175 2175 2178 2180 2180 2182 2184 2186 2188 2190 2192 2193 2197 2198 2199 2199 2204 2205 2206 2206 2208 2209 2210 2210 2211 2211 2211 2214 2218 2223 2223 2224 2226 2228 2230 2233 2233 2233 2238 2240 2240 2242 2243 2246 2250 2251 2252 2254 2255 2256 2259 2265 2267 2268 2269 2271 2271 2276 2276 2277 2277 2278 2278 2278 2281 2282 2285 2286 2288 2290 2293 2294 2295 2296 2296 2303 2303 2306 2306 2310 2314 2314 2315 2315 2317 2317 2319 2320 2323 2325 2325 2327 2327 2328 2328 2328 2329 2329 2332 2333 2334 2335 2340 2341 2341 2347 2347 2347 2348 2349 2351 2351 2354 2356 2356 2359 2364 2365 2367 2371 2372 2373 2376 2376 2377 2378 2378 2380 2382 2385 2391 2392 2393 2393 2394 2395 2397 2398 2398 2399 2403 2404 2404 2407 2407 2408 2408 2412 2415 2418 2424 2424 2427 2429 2433 2436 2436 2437 2438 2439 2440 2441 2441 2442 2443 2444 2450 2451 2453 2456 2458 2462 2462 2462 2462 2462 2463 2464 2464 2472 2477 2478 2483 2486 2487 2489 2492 2495 2497 2497 2498 2501 2503 2504 2506 2512 2514 2515 2517 2519 2521 2523 2523 2525 2527 2530 2530 2530 2534 2535 2537 2538 2540 2541 2542 2542 2543 2543 2543 2545 2553 2553 2554 2556 2557 2558 2560 2562 2567 2571 2572 2573 2574 2575 2576 2579 2583 2584 2584 2587 2589 2592 2593 2596 2598 2599 2602 2606 2611 2613 2615 2617 2618 2619 2620 2620 2621 2622 2623 2626 2630 2631 2631 2633 2633 2634 2636 2637 2637 2642 2643 2644 2645 2648 2650 2654 2654 2655 2656 2658 2659 2659 2662 2666 2668 2669 2672 2673 2675 2680 2681 2684 2688 2691 2692 2692 2692 2695 2695 2697 2698 2699 2702 2704 2707 2710 2710 2710 2714 2717 2718 2718 2718 2721 2724 2729 2730 2731 2731 2732 2735 2736 2739 2739 2739 2744 2746 2748 2748 2753 2757 2757 2757 2758 2759 2759 2760 2761 2762 2763 2764 2766 2767 2769 2770 2770 2774 2774 2776 2777 2781 2782 2782 2783 2785 2785 2787 2788 2788 2791 2796 2798 2804 2806 2809 2813 2814 2818 2820 2821 2826 2828 2829 2829 2831 2833 2835 2836 2838 2838 2840 2843 2845 2846 2847 2848 2848 2849 2850 2851 2852 2854 2855 2856 2858 2859 2865 2865 2868 2868 2873 2876 2876 2877 2883 2883 2885 2886 2887 2890 2890 2891 2893 2894 2894 2895 2895 2897 2898 2899 2901 2902 2902 2904 2904 2904 2906 2907 2909 2909 2909 2910 2911 2913 2914 2917 2917 2917 2920 2920 2921 2923 2927 2927 2928 2928 2929 2932 2932 2932 2937 2940 2942 2946 2947 2948 2953 2954 2955 2956 2961 2963 2965 2967 2968 2970 2970 2971 2972 2973 2975 2976 2977 2977 2977 2977 2979 2980 2981 2985 2987 2988 2989 2989 2992 2994 2995 2995 2999 3000 3001 3001 3004 3005 3006 3007 3008 3008 3012 3016 3019 3019 3020 3020 3020 3022 3023 3027 3028 3030 3032 3034 3035 3036 3036 3037 3039 3045 3047 3049 3050 3051 3053 3054 3054 3055 3056 3056 3057 3058 3058 3062 3062 3063 3067 3070 3071 3072 3072 3073 3075 3076 3076 3076 3076 3081 3082 3083 3085 3086 3087 3087 3090 3091 3093 3093 3093 3094 3094 3095 3098 3098 3099 3101 3101 3103 3104 3105 3108 3109 3109 3110 3111 3111 3112 3112 3114 3115 3116 3119 3119 3119 3121 3122 3124 3124 3126 3128 3128 3129 3129 3130 3132 3133 3134 3135 3137 3137 3138 3143 3145 3146 3149 3149 3150 3150 3151 3152 3154 3154 3156 3163 3164 3167 3174 3175 3181 3183 3183 3184 3185 3186 3188 3188 3189 3192 3193 3194 3197 3199 3201 3202 3205 3209 3211 3212 3213 3215 3216 3216 3217 3218 3219 3221 3222 3225 3225 3226 3226 3228 3229 3231 3231 3233 3237 3237 3238 3240 3241 3242 3245 3247 3248 3250 3254 3255 3256 3257 3259 3260 3261 3261 3266 3271 3272 3275 3276 3276 3276 3277 3279 3280 3285 3286 3286 3288 3290 3290 3291 3291 3292 3293 3298 3298 3299 3300 3300 3305 3307 3309 3309 3310 3312 3314 3315 3316 3316 3318 3319 3321 3322 3322 3323 3325 3329 3329 3330 3332
950 4927
0 1 9 12 12 18 18 20 25 27 28 30 32 34 34 35 41 45 48 49 49 52 52 53 54 56 60 62 63 65 66 69 71 72 74 76 76 76 80 84 91 91 95 96 97 97 98 99 102 108 109 110 112 114 115 119 123 124 126 130 131 132 137 140 140 144 146 147 149 151 153 156 162 164 165 172 174 180 184 184 185 194 195 199 199 202 203 204 206 208 208 209 211 212 215 221 224 226 227 227 232 234 235 244 246 251 258 260 264 265 271 274 274 274 276 276 280 281 282 283 285 286 288 290 291 294 301 307 308 314 316 320 322 324 327 335 336 338 339 340 341 344 353 354 354 356 359 360 361 361 371 372 376 379 380 381 383 393 394 395 396 409 409 416 423 430 431 434 435 444 446 447 450 456 457 458 461 462 466 467 469 469 469 481 481 485 487 489 496 496 496 497 497 500 505 505 517 517 532 536 539 541 542 542 549 559 560 561 565 566 573 576 576 576 577 580 584 588 589 591 593 597 598 602 606 611 614 618 619 621 624 624 628 631 631 632 632 633 635 635 644 652 655 658 658 659 660 664 665 666 669 676 677 679 680 684 685 687 692 701 702 703 703 705 706 708 714 716 716 723 723 731 732 733 737 740 743 744 748 751 751 751 754 755 757 760 763 773 774 775 776 776 779 782 783 785 787 789 789 791 809 812 815 818 822 822 824 827 832 838 841 842 844 845 854 856 856 856 858 858 862 862 864 867 868 868 870 874 875 876 880 884 885 887 893 896 897 899 899 902 909 911 914 921 929 932 935 939 947 947 953 957 959 971 972 973 974 975 979 982 982 983 985 988 988 992 994 1001 1004 1013 1013 1013 1021 1025 1028 1029 1029 1032 1035 1035 1035 1036 1039 1039 1041 1042 1048 1050 1050 1055 1057 1058 1064 1065 1070 1073 1073 1074 1074 1076 1080 1082 1083 1084 1085 1086 1088 1090 1092 1093 1095 1101 1103 1105 1106 1108 1110 1114 1115 1115 1124 1126 1129 1131 1131 1133 1137 1141 1141 1148 1155 1157 1158 1162 1165 1166 1166 1168 1170 1171 1173 1173 1178 1178 1182 1188 1194 1195 1197 1200 1204 1204 1204 1206 1210 1211 1213 1214 1216 1216 1218 1220 1223 1225 1230 1231 1231 1235 1239 1241 1243 1245 1246 1254 1258 1259 1259 1260 1261 1266 1269 1273 1273 1274 1274 1275 1280 1281 1284 1284 1287 1290 1296 1297 1298 1303 1308 1310 1312 1312 1313 1316 1317 1319 1320 1323 1324 1329 1330 1330 1334 1335 1336 1338 1339 1342 1342 1348 1361 1361 1363 1367 1367 1370 1370 1371 1378 1380 1383 1387 1390 1397 1398 1399 1399 1401 1405 1407 1408 1410 1412 1415 1419 1420 1420 1425 1428 1432 1433 1436 1442 1442 1444 1446 1446 1448 1448 1449 1451 1453 1456 1458 1460 1464 1467 1467 1468 1468 1475 1476 1477 1478 1478 1479 1482 1485 1487 1487 1488 1490 1493 1498 1499 1502 1505 1505 1507 1510 1511 1513 1513 1517 1517 1519 1520 1523 1524 1524 1524 1525 1526 1531 1542 1546 1548 1550 1555 1555 1560 1560 1567 1570 1570 1577 1577 1578 1579 1583 1585 1588 1589 1609 1610 1612 1614 1624 1626 1627 1628 1629 1631 1632 1633 1636 1640 1640 1643 1648 1650 1652 1656 1666 1671 1674 1677 1678 1679 1681 1684 1684 1688 1700 1702 1703 1703 1704 1707 1707 1708 1713 1714 1714 1717 1720 1722 1726 1728 1729 1733 1734 1734 1737 1745 1748 1748 1749 1749 1749 1754 1756 1758 1760 1769 1770 1773 1774 1776 1777 1783 1784 1784 1789 1797 1797 1798 1802 1806 1808 1811 1811 1816 1818 1819 1824 1826 1826 1828 1833 1835 1835 1842 1844 1850 1850 1856 1862 1863 1864 1875 1875 1879 1881 1884 1885 1891 1891 1893 1893 1895 1899 1899 1904 1912 1916 1917 1926 1930 1930 1937 1938 1941 1948 1948 1951 1960 1961 1965 1968 1972 1973 1973 1974 1981 1983 1983 1986 1992 1994 1997 1997 1999 2003 2004 2008 2018 2018 2019 2019 2022 2023 2025 2026 2027 2030 2030 2034 2034 2034 2042 2046 2050 2051 2051 2052 2053 2055 2057 2064 2067 2070 2073 2077 2079 2082 2082 2083 2084 2086 2088 2090 2096 2097 2098 2099 2100 2102 2109 2109 2110 2114 2114 2115 2116 2119 2126 2128 2138 2139 2141 2142 2142 2142 2142 2142 2142 2148 2148 2149 2150 2153 2153 2153 2156 2157 2160 2163 2168 2170 2172 2172 2176 2176 2179 2185 2186 2189 2194 2196 2196 2196 2198 2207 2208 2210 2218 2218 2221 2226 2239 2243 2244 2247 2248 2249 2252 2258 2259 2261 2264 2265 2267 2267 2275 2276 2277 2278 2278 2289 2290 2291 2297 2309 2310 2313 2313 2320 2324 2324 2326 2329 2329 2338 2342 2346 2349 2351 2351 2359 2359 2361 2366 2367 2376 2378 2379 2380 2382 2384 2385 2385 2389 2389 2395 2395 2399 2404 2409 2412 2414 2415 2419 2423 2423 2426 2431 2436 2438 2440 2441 2443 2443 2444 2447 2448 2450 2451 2453 2455 2460 2462 2468 2468 2469 2470 2474 2479 2481 2481 2482 2483 2485 2487 2493 2495 2495 2499 2499 2500 2505 2506 2510 2516 2518 2521 2527 2532 2533 2535 2539 2540 2541 2547 2548 2548 2552 2552 2553 2553 2554 2557 2558 2560 2561 2565 2566 2569 2573 2580 2590 2598 2602 2604 2605 2607 2609 2610 2611 2612 2615 2619 2621 2621 2623 2625 2640 2640 2646 2647 2655 2663 2665 2668 2668 2676 2690 2690 2693 2695 2697 2699 2702 2704 2705 2707 2709 2711 2713 2717 2720 2723 2725 2725 2727 2728 2733 2739 2740 2744 2746 2749 2750 2757 2758 2769 2774 2776 2777 2785 2788 2789 2791 2800 2800 2803 2807 2807 2809 2810 2815 2821 2826 2827 2827 2830 2830 2833 2836 2836 2836 2837 2839 2839 2843 2844 2844 2845 2855 2856 2859 2859 2867 2869 2873 2874 2878 2880 2882 2883 2885 2889 2891 2891 2895 2899 2900 2903 2906 2910 2911 2912 2917 2922 2923 2924 2925 2926 2926 2926 2927 2930 2933 2937 2939 2941 2947 2951 2953 2954 2955 2958 2960 2961 2962 2965 2975 2976 2977 2978 2984 2984 2984 2987 2990 2990 2993 2993 2997 3000 3001 3004 3007 3007 3008 3008 3018 3020 3020 3021 3021 3022 3022 3029 3033 3034 3035 3035 3040 3042 3042 3045 3048 3049 3054 3056 3057 3062 3064 3067 3069 3069 3076 3079 3079 3079 3079 3080 3081 3081 3084 3090 3092 3093 3093 3096 3097 3098 3099 3104 3107 3111 3112 3112 3112 3120 3122 3127 3130 3132 3134 3137 3138 3138 3141 3152 3157 3158 3160 3163 3164 3170 3171 3171 3172 3177 3177 3183 3186 3187 3187 3195 3197 3206 3207 3208 3209 3210 3211 3212 3214 3214 3217 3218 3219 3219 3221 3221 3222 3225 3231 3233 3236 3238 3238 3240 3241 3246 3250 3254 3256 3257 3257 3263 3273 3273 3274 3277 3277 3278 3280 3281 3281 3283 3285 3286 3289 3295 3301 3304 3308 3314 3315 3317 3323 3323 3326 3327 3328 3329 3338 3341 3344 3347 3348 3352 3353 3358 3360 3360 3362 3363 3365 3367 3368 3369 3370 3371 3373 3376 3379 3380 3380 3381 3393 3393 3397 3399 3399 3405 3405 3408 3409 3417 3421 3422 3423 3424 3430 3431 3434 3437 3446 3447 3448 3450 3451 3451 3456 3462 3474 3477 3478 3490 3490 3492 3495 3501 3503 3503 3508 3510 3514 3515 3520 3524 3531 3532 3547 3550 3553 3560 3563 3567 3571 3571 3573 3573 3574 3577 3593 3594 3600 3601 3603 3604 3609 3616 3621 3621 3621 3623 3624 3624 3627 3636 3636 3638 3639 3640 3640 3644 3645 3648 3648 3653 3656 3667 3667 3672 3684 3687 3688 3689 3690 3692 3698 3699 3704 3705 3710 3711 3712 3714 3717 3717 3720 3723 3723 3723 3727 3728 3729 3734 3740 3742 3744 3746 3746 3748 3750 3750 3754 3755 3756 3757 3757 3759 3759 3761 3762 3762 3765 3766 3768 3770 3772 3773 3777 3778 3783 3793 3793 3801 3809 3811 3814 3817 3819 3819 3819 3820 3822 3823 3823 3826 3830 3832 3834 3836 3836 3837 3840 3846 3847 3848 3857 3859 3864 3864 3868 3871 3873 3875 3875 3877 3877 3880 3881 3881 3884 3891 3892 3896 3898 3900 3902 3906 3907 3912 3914 3915 3919 3919 3926 3929 3932 3934 3936 3937 3937 3938 3941 3943 3944 3948 3951 3958 3968 3971 3973 3977 3977 3977 3981 3981 3983 3985 3985 3985 3988 3990 3990 4001 4001 4002 4002 4004 4007 4007 4008 4009 4011 4011 4014 4017 4022 4024 4027 4028 4031 4035 4037 4038 4039 4040 4042 4042 4043 4044 4045 4045 4049 4051 4056 4057 4058 4060 4069 4069 4071 4073 4082 4083 4084 4084 4085 4086 4088 4090 4094 4095 4096 4097 4100 4100 4102 4103 4109 4118 4122 4123 4125 4126 4127 4135 4135 4135 4136 4137 4138 4150 4151 4157 4162 4164 4169 4173 4176 4180 4185 4186 4186 4189 4190 4191 4193 4196 4197 4202 4202 4208 4210 4211 4212 4212 4215 4216 4218 4219 4219 4228 4228 4230 4232 4234 4236 4236 4237 4239 4239 4247 4247 4247 4251 4252 4256 4259 4260 4265 4268 4268 4272 4274 4275 4279 4281 4284 4291 4291 4294 4294 4301 4302 4306 4312 4312 4313 4313 4317 4322 4323 4323 4323 4325 4326 4331 4332 4340 4343 4345 4347 4348 4352 4355 4355 4356 4356 4364 4365 4365 4367 4370 4372 4372 4375 4378 4378 4380 4381 4382 4384 4387 4389 4390 4390 4394 4395 4397 4403 4404 4405 4408 4413 4414 4418 4419 4421 4423 4423 4425 4430 4433 4434 4435 4436 4438 4443 4447 4452 4456 4457 4458 4462 4465 4468 4478 4485 4488 4503 4512 4516 4518 4520 4520 4524 4527 4532 4532 4534 4534 4538 4540 4541 4547 4548 4552 4559 4559 4565 4565 4566 4568 4569 4570 4570 4574 4574 4578 4581 4582 4584 4586 4596 4596 4601 4603 4605 4605 4608 4608 4608 4619 4623 4626 4627 4629 4629 4630 4635 4643 4649 4650 4650 4661 4667 4667 4673 4676 4678 4681 4681 4682 4684 4684 4685 4687 4690 4691 4691 4692 4693 4700 4701 4703 4705 4707 4707 4709 4713 4715 4715 4725 4726 4727 4730 4730 4734 4736 4738 4744 4744 4747 4747 4750 4750 4751 4753 4757 4760 4763 4764 4768 4769 4770 4776 4778 4781 4782 4789 4791 4793 4793 4799 4800 4801 4809 4810 4815 4824 4827 4829 4830 4830 4834 4834 4835 4835 4838 4838 4840 4841 4842 4846 4848 4849 4849 4850 4851 4851 4851 4855 4861 4862 4863 4868 4869 4873 4873 4874 4878 4879 4881 4883 4889 4890 4891 4896 4896 4899 4902 4903 4908 4908 4911 4912 4913 4917 4919 4919 4921 4925
