1024
3767 5
190 959 1874 2604 2976
3665 8
838 1212 1275 1337 1868 1922 2438 2768
4603 3
48 3544 3787
2300 4
175 432 1023 1916
4077 4
1990 2035 2570 3023
2607 4
275 517 763 1937
2206 9
529 1032 1157 1181 1377 1884 2015 2049 2052
1072 4
347 563 567 661
1526 4
174 384 1101 1385
1530 5
571 705 710 718 1372
1137 7
355 525 574 692 815 903 1083
995 6
352 390 391 658 718 893
3514 4
472 591 1713 2762
519 5
63 100 184 297 408
4025 3
910 1167 3479
870 5
91 334 566 736 747
3329 3
1356 1770 2740
324 4
121 205 294 319
3301 5
1033 1045 1480 1489 1790
1820 5
345 596 1107 1185 1247
2332 6
218 287 452 735 968 1952
107 6
19 23 62 72 74 103
3484 5
1302 1392 1746 3049 3269
838 4
44 190 591 611
4096 6
483 494 1333 1699 2759 4060
3261 3
207 760 1583
2354 2
360 1247
1823 6
29 656 783 983 1186 1821
71 5
4 8 10 32 69
3538 2
3102 3439
1971 6
604 974 1134 1201 1505 1558
1115 3
139 732 869
2533 7
233 382 1344 1819 1953 2185 2402
724 8
154 156 239 275 439 584 650 716
3616 4
396 2680 2848 3306
1146 3
618 894 1092
4354 3
1624 3232 3294
896 6
24 443 463 489 722 774
3868 6
879 1039 1542 2179 2653 3136
4222 7
1282 1696 2003 2196 2543 2616 3029
1334 7
101 129 780 834 970 1056 1231
4766 2
80 2326
4921 6
288 1385 1587 3469 4032 4217
3493 5
513 1226 2126 2296 3028
895 3
291 388 425
1607 2
683 1571
3715 2
1717 2825
4605 7
1506 1569 2182 2415 3137 3562 4333
3448 6
1183 2034 2680 2820 3030 3366
1786 7
76 1326 1329 1533 1641 1775 1776
2576 5
13 82 529 1568 2482
2774 2
290 2552
4891 8
7 202 2360 2584 3024 3399 4386 4761
254 7
1 48 73 81 180 184 207
3450 7
179 819 1485 1862 1993 2097 2419
4607 9
824 2117 2514 2679 2686 3385 3454 3457 3632
3455 5
14 338 960 1262 2524
1434 2
285 1226
2850 5
803 1159 1689 2493 2690
3623 3
918 2012 2372
3854 7
41 1099 1316 1453 3585 3762 3826
812 5
338 343 441 464 629
1245 5
63 413 421 562 743
2278 6
605 801 1259 1652 2031 2070
2342 4
740 855 1541 2166
31 3
8 13 19
4273 4
360 1066 2118 4159
3742 6
847 1401 2170 2320 2488 2642
4239 3
1879 1996 2725
4138 4
1393 2502 3624 3940
330 3
43 158 175
321 6
69 102 111 120 172 291
3050 9
158 594 681 747 1480 1708 1819 1951 2694
2527 5
231 514 1037 1581 1780
448 3
59 179 272
4727 6
408 416 1915 2186 2250 4392
2449 5
587 1088 1125 1991 2229
4311 4
378 1148 2514 3159
3213 5
543 1284 1376 1956 2941
3271 4
1322 1734 2600 3084
214 8
17 21 22 24 54 179 191 205
3463 4
112 602 698 2946
4951 4
33 1202 1825 4295
3844 5
1279 1966 2087 3671 3720
2682 6
1545 1637 1686 1834 1949 2095
3866 8
700 1344 2032 2336 2430 3086 3129 3864
4989 5
546 699 1705 1963 2948
1577 6
30 57 365 1127 1186 1237
4762 4
420 929 3091 3513
4330 4
1499 1871 1929 2610
830 6
16 60 166 373 459 500
4189 4
1463 3338 3963 4059
1149 3
303 389 708
2711 3
1655 1723 2500
4227 7
245 1145 1593 1990 2444 2489 4134
299 4
139 199 209 233
3474 6
43 472 603 1307 2422 2790
4490 5
435 1682 2092 3451 3854
528 6
66 133 283 319 400 518
4561 5
3345 3416 3428 3829 4146
558 3
145 154 480
1541 8
203 364 508 927 1122 1264 1332 1470
2205 3
447 2032 2116
2151 6
667 827 1192 1776 1857 1922
2508 4
384 1519 2344 2456
1988 2
960 1413
1053 3
16 109 480
113 6
5 14 46 56 71 104
4636 6
243 1739 1906 3182 4175 4347
1616 7
32 54 176 369 759 1097 1409
1132 3
253 328 1114
923 5
50 190 415 766 843
34 5
4 7 9 14 26
4533 4
249 792 1703 3215
2859 4
133 2157 2571 2612
2594 2
2194 2261
1865 6
54 59 167 723 843 985
3789 4
32 1391 3220 3386
849 2
256 501
1021 7
181 320 375 483 635 741 814
1384 3
139 433 505
4532 3
1182 2208 4376
3573 4
232 632 817 1701
361 8
99 141 208 230 259 316 340 343
3711 5
160 2808 3351 3525 3610
4934 3
205 1504 4646
2338 5
264 346 1699 1873 2247
4491 7
1453 1803 3138 3206 3962 4065 4375
1665 5
239 412 1004 1184 1432
4951 5
325 423 2392 3088 4538
906 5
24 67 229 352 625
1959 9
88 252 457 546 729 957 1799 1896 1957
1448 2
589 664
3652 4
453 1063 1281 1899
981 6
76 94 273 318 362 897
3207 4
619 1117 1235 2805
466 4
215 285 363 423
1018 3
30 872 895
4823 5
116 644 1077 3537 4756
4138 6
1343 1914 1990 2319 2635 3326
4072 4
393 885 1761 2175
4318 4
316 1858 3712 4218
2378 4
1027 1771 1773 1857
3901 6
1134 1534 1958 2344 2638 2929
4159 4
79 615 1709 3537
3709 3
1011 2593 3534
2863 7
437 474 494 1822 1834 2050 2583
241 4
20 66 153 169
1063 5
462 592 690 760 967
3450 8
483 780 913 1172 1523 2270 2677 3089
172 5
4 63 111 116 134
4227 5
1134 1499 1694 2545 3797
1628 4
287 593 810 1585
3063 3
12 1756 2028
3274 7
11 128 1053 1118 1262 1958 2022
3253 4
560 1163 1330 2975
1947 5
33 156 1668 1673 1876
3425 4
16 1859 3174 3358
1602 4
42 655 849 1176
703 6
7 61 104 229 503 549
2112 3
90 588 1570
1249 6
87 248 260 699 932 1068
762 9
54 127 139 295 343 512 678 706 709
3939 5
306 725 2319 2395 2515
827 7
166 380 514 572 705 714 728
3702 5
253 318 415 1029 2604
2692 6
153 290 337 1415 2172 2689
4519 3
1791 3766 3803
1947 2
634 1274
2085 6
221 617 1303 1383 1688 2083
1350 9
213 221 296 470 725 742 1024 1115 1295
4603 2
349 3066
2615 4
186 959 1818 2567
1506 7
39 143 564 728 781 1168 1326
481 4
26 44 267 380
1824 4
500 655 702 952
3012 2
1712 2117
692 5
35 69 291 363 464
644 4
42 312 440 641
3188 5
985 1008 1185 2366 2513
855 2
94 766
608 8
9 57 167 207 271 332 365 586
3262 3
1995 2231 2831
1221 3
65 99 109
1349 3
853 858 945
4278 5
309 410 2227 2862 2961
3495 5
527 611 2425 2484 3256
2531 4
619 931 1100 2305
3864 5
768 910 1211 3040 3154
4060 8
6 10 1075 1313 1651 1824 1848 3758
1648 4
1238 1358 1495 1598
3963 6
98 665 818 1625 2931 3879
4714 4
381 2502 2542 3371
3651 2
1554 3352
3519 4
182 684 886 2321
1301 4
414 483 841 1096
1387 5
35 60 88 529 1338
2502 6
201 662 1935 2072 2149 2342
1692 3
523 867 883
900 7
182 203 396 437 441 511 724
2770 9
176 282 345 408 659 712 1899 2582 2745
954 3
244 408 671
4504 8
686 858 991 1631 3024 3328 3467 3868
1483 4
130 148 552 950
1686 3
394 754 1184
381 5
35 121 207 254 267
3093 5
337 1437 2083 2305 2593
4456 6
97 458 1010 2974 3230 3516
4845 4
740 1015 3330 3866
854 6
98 165 414 526 570 720
1662 5
889 940 1022 1236 1539
4358 3
1443 2008 3023
2182 2
234 976
3845 3
409 1517 1763
997 2
7 582
2674 4
1151 1238 1474 2285
3129 7
743 1068 1667 1979 2541 2822 3065
2244 3
1589 1637 2061
2726 3
969 1014 1195
2672 5
1012 1396 1984 2488 2648
2708 6
145 1578 1696 2038 2123 2529
3487 5
239 1074 1317 1835 1913
3040 4
77 264 1452 2444
1300 3
8 880 1162
2828 4
485 520 824 1391
2229 4
309 342 1168 1317
3670 5
297 434 562 2012 2534
1079 5
10 216 241 534 1025
3229 5
230 632 1391 1938 3087
1352 5
122 592 826 858 1342
3135 5
451 523 708 1718 2627
350 4
74 176 234 266
3032 3
376 737 1362
1195 3
50 847 1175
1707 3
867 1519 1634
4762 4
1782 2313 2513 3885
1882 4
154 178 1134 1505
2340 7
13 34 83 170 241 527 544
894 3
41 202 312
2954 6
271 460 1122 1769 1798 1839
1193 3
207 502 596
2322 6
298 1782 1848 2200 2219 2227
4332 5
386 1470 2162 2508 2953
563 4
32 271 384 559
2747 3
599 1181 2340
1236 4
210 285 385 616
1317 4
75 450 549 1108
2486 4
147 150 1204 1298
4563 4
443 515 1475 4067
3591 7
254 1185 1656 1910 1977 2578 2601
4071 9
312 722 829 1277 2115 2376 3690 3899 3908
3512 4
417 578 830 2980
4651 7
447 593 922 1017 1065 2410 4224
4587 5
1849 2115 3100 4345 4535
1923 6
19 927 1304 1522 1627 1780
340 6
35 96 98 165 213 318
2367 5
1344 1764 2102 2314 2348
1536 8
217 544 699 854 928 1270 1346 1351
4320 7
196 276 1970 2366 2465 2647 2656
3950 5
550 723 3352 3394 3714
298 3
86 97 290
1845 4
709 812 1397 1808
1162 3
179 657 1109
3825 7
757 1252 1534 1538 1904 2655 3174
3037 3
104 514 671
3134 3
231 1724 1785
1797 4
765 966 1241 1558
2198 8
246 258 395 570 616 637 2079 2114
3032 3
116 146 831
3899 2
2892 3083
4154 5
1791 2609 2964 3810 4112
4480 6
181 375 1830 2567 2752 3552
3852 4
517 2859 3222 3517
176 6
6 58 79 98 120 155
2164 4
123 263 822 829
664 2
329 424
2277 4
1164 1220 1797 2123
3929 7
690 1838 2174 2260 2827 3005 3614
3640 5
216 950 1051 2833 3065
4498 5
34 1015 1144 1648 1685
4632 9
168 327 2497 3638 3858 4249 4256 4326 4631
1870 4
105 109 252 562
2216 2
1713 1791
4120 4
744 823 1732 3887
817 7
66 72 99 306 382 486 575
3437 4
367 2302 2417 2854
698 3
118 598 604
4229 7
657 1287 1918 1966 2318 2519 3461
313 3
33 42 205
3537 5
588 836 2019 2552 3364
218 2
74 87
3794 5
1251 1781 1817 2714 2945
977 4
113 271 800 916
1959 3
86 487 1326
4146 2
219 2779
3513 3
281 1371 2051
2394 3
1604 2029 2242
4888 5
119 2247 2378 2814 3430
4015 7
806 1032 1095 1674 2035 2078 3749
989 5
362 499 643 800 961
3179 5
334 1884 2056 2351 2657
798 4
35 218 421 670
4891 3
1839 3304 4049
1866 3
133 679 879
224 3
16 89 186
1408 6
835 947 1016 1239 1364 1401
2128 4
665 878 900 2007
2636 6
75 709 734 1060 1218 2265
389 5
50 191 196 224 229
2545 5
951 1252 1546 1649 2352
1861 2
35 1119
3881 3
1105 1111 1633
1137 3
37 590 1028
3422 5
679 1776 2012 2196 2355
1160 5
133 297 448 677 754
2744 2
1440 2488
37 3
4 5 31
4655 4
930 3261 3581 4250
4506 5
710 2186 2815 2982 4487
4076 4
285 1333 1671 1834
4121 6
660 1335 2805 3745 3792 4062
1284 7
24 498 641 652 755 851 1001
2510 3
207 356 1193
532 4
10 142 203 358
489 3
386 452 483
1238 3
326 827 1221
3720 10
24 520 702 719 1257 1576 2263 2279 2651 3580
2394 7
95 111 798 979 1025 1108 1946
1912 6
262 264 368 392 515 1857
591 4
155 210 344 481
1194 4
281 353 684 927
3136 4
249 767 843 2865
1591 6
12 80 127 785 1218 1220
3625 4
1659 2339 2605 3382
3492 5
362 1051 2127 2147 3027
1166 3
447 692 764
1213 4
209 475 886 904
4994 4
1300 2546 3116 3513
695 5
240 505 644 665 690
4017 7
120 291 644 1351 1952 2603 3534
731 5
142 242 565 608 704
186 8
25 45 64 101 125 157 161 178
3469 5
1229 1464 1507 1509 2703
2179 3
1260 1972 2086
4861 3
1071 1867 3623
4880 8
1036 1214 3054 3240 3630 4092 4185 4335
2292 4
181 800 1112 1556
3369 6
19 634 1294 1355 1866 2972
4697 7
367 1204 1319 1407 1912 2352 4041
3239 7
151 776 1224 1553 1800 2945 3136
4126 6
40 1764 3698 3794 3846 3852
2103 5
283 788 903 1740 1862
1926 12
306 391 404 518 565 921 972 1022 1265 1383 1718 1802
4196 6
860 1016 1402 2183 2436 3615
1924 5
181 388 454 690 1660
2353 4
867 1042 1551 1654
1700 6
751 771 887 957 1115 1261
404 7
54 59 71 94 132 243 247
918 4
177 288 608 658
4882 4
3155 3582 3867 3905
67 4
21 30 35 39
2076 8
267 958 1078 1098 1172 1286 1504 1535
2832 4
39 512 792 873
3093 5
202 996 1237 1348 1745
3284 6
1254 1406 1678 1927 2348 2852
4206 4
457 882 1170 3713
4128 3
138 306 1086
259 4
21 23 80 81
784 5
91 199 282 312 669
4486 6
36 1945 2244 2376 3401 3471
1644 7
40 750 1013 1383 1511 1562 1600
365 5
16 152 199 310 362
1416 4
388 438 831 1219
2854 6
322 738 1060 1497 2322 2325
4773 5
736 912 2464 2662 4140
1600 2
319 698
1458 5
511 557 709 1271 1278
2877 5
624 878 1115 1364 2137
1764 7
532 694 754 755 814 835 1606
4047 5
688 1043 1893 2576 3348
1353 3
814 887 941
3160 2
740 1374
2853 4
242 1662 2573 2741
1392 6
816 824 969 1022 1164 1194
2678 4
228 1087 2486 2664
4585 3
1044 1930 3018
559 5
69 99 106 181 432
2831 4
120 551 906 2631
1112 7
79 177 371 526 859 877 1026
253 5
21 68 122 149 228
4095 4
1175 1239 1357 3272
4176 4
2730 2822 3665 4043
4445 5
812 2340 2763 2836 4242
1871 6
348 470 559 884 1814 1848
903 4
12 215 643 896
2698 3
634 2081 2505
2557 4
450 1102 1671 2096
2058 5
77 311 732 802 1780
2831 3
61 479 1212
768 7
193 336 339 540 632 689 712
4285 7
427 1288 2782 2991 3779 4084 4098
1853 4
255 592 1196 1362
696 4
115 318 483 604
2354 8
67 184 534 783 927 976 1140 1288
797 3
317 337 621
1392 4
9 911 961 1072
4572 5
401 649 1895 3606 3821
97 6
18 19 50 61 66 89
2197 11
32 73 484 1199 1250 1315 1881 1967 2055 2167 2189
2452 3
843 1880 2221
1764 2
174 326
3123 4
492 550 2621 2659
2166 6
295 529 641 869 1598 1622
4244 6
228 720 2621 2754 3171 3908
97 7
23 25 32 56 75 85 92
3707 4
105 488 760 2619
1388 5
356 880 952 1162 1201
4080 5
673 1985 2097 2357 3695
1431 6
823 912 959 1093 1150 1246
837 5
167 194 385 400 715
3435 5
1064 1726 2413 2577 3255
259 9
56 66 71 91 154 172 212 235 248
495 5
23 144 249 357 418
1176 6
284 507 713 854 867 953
1861 2
668 1438
4761 5
126 1505 2494 3105 4197
1212 5
292 693 805 835 987
3085 4
106 237 240 299
3242 3
361 649 2465
4208 3
1610 2214 4074
1259 6
135 345 358 658 808 982
3967 5
102 486 565 658 3286
68 2
13 41
874 7
6 15 301 558 562 607 646
4196 5
664 1004 1718 3097 4138
3694 4
235 853 2423 3083
1794 4
648 1357 1420 1643
505 2
1 96
1941 7
440 769 1194 1430 1454 1719 1772
1787 8
308 521 569 889 1106 1459 1555 1643
2021 7
109 299 483 696 863 970 1867
84 6
1 9 14 26 55 67
4749 8
509 1203 1814 2132 4116 4570 4620 4673
1332 7
160 197 263 424 895 1069 1249
1889 5
150 934 1119 1429 1607
3226 8
33 42 237 398 494 562 1390 1739
123 4
24 45 110 121
2630 5
162 489 1426 2175 2457
3628 3
823 1001 3332
593 5
190 323 416 426 516
3874 5
876 881 1336 1710 2518
1972 4
284 1367 1882 1915
4211 7
971 1886 2032 2829 3489 3995 4096
2897 5
311 1038 1440 1945 2715
3197 4
640 1861 2083 2983
1098 3
196 624 771
3730 4
142 458 1739 2889
2342 5
540 718 1527 1557 1756
4266 3
778 1272 1584
4873 8
382 569 1067 1534 1857 3769 4589 4780
3921 3
2183 3203 3312
3989 4
427 2795 3499 3878
2636 4
1148 1197 1805 2337
3150 4
1559 2162 2407 2663
1683 3
166 362 1646
522 6
17 45 172 283 316 362
1151 6
489 712 850 1010 1135 1140
1627 3
219 305 401
54 7
5 6 23 28 34 37 42
2774 5
135 471 548 552 1573
3583 7
15 307 989 1727 3349 3493 3568
2923 4
1031 1419 2499 2614
1679 11
220 318 328 414 438 547 1159 1414 1429 1532 1601
2005 11
164 209 378 529 614 679 867 937 1149 1190 1599
1673 6
119 189 395 681 888 1545
4522 5
328 1708 2257 3737 3739
4885 4
603 664 961 1189
4437 3
1869 3018 3724
4013 4
939 2188 3503 3534
860 6
202 221 289 351 502 549
486 3
10 32 48
3318 7
356 572 811 860 1536 1995 2755
3035 7
98 468 952 1086 1431 1985 2011
1688 3
1054 1380 1659
2318 4
846 861 1124 1498
2620 6
210 564 664 1234 1591 2188
714 6
66 98 144 215 617 690
4029 4
1027 2129 3195 3746
4237 4
656 1586 2830 3026
3335 5
529 592 748 2128 2528
647 6
7 50 114 131 405 461
2253 5
964 1143 1182 1199 2103
815 5
140 379 487 738 758
1253 3
142 1082 1143
1611 8
85 324 391 595 863 942 957 1510
4206 6
366 599 942 1233 1774 3278
1195 5
580 817 863 1037 1166
1326 7
47 53 220 326 697 995 1082
4801 4
244 2193 2750 4491
2698 5
123 385 767 954 2308
382 4
286 292 318 332
1855 6
87 141 1577 1664 1837 1846
4301 5
406 1321 1464 2381 2536
4914 7
544 1932 2751 2953 3704 3759 4698
968 6
218 298 553 587 670 758
1786 5
35 171 823 1118 1391
977 5
196 210 683 868 871
1651 3
360 642 1515
570 3
171 480 491
205 5
16 90 98 125 130
2575 2
1515 1521
1018 5
216 242 743 912 925
3339 3
280 1653 2318
4392 3
2268 2373 2385
3555 8
17 152 300 317 334 1094 1707 2137
3926 4
942 2803 3145 3704
290 5
53 75 114 181 286
868 8
67 143 223 244 698 700 704 791
1640 4
273 696 990 1305
3055 5
1632 1737 2096 2522 2842
4456 4
1171 2183 2337 4124
3106 4
1884 2124 2849 2980
1425 4
242 495 1219 1288
2328 4
909 1247 1573 1581
1722 3
644 1142 1319
3220 5
922 1329 1962 2127 3080
2328 4
266 634 1148 1927
3082 5
380 578 903 1035 1792
4749 5
211 322 2211 3984 4276
4807 5
169 2255 2419 3478 3729
2074 4
236 646 782 1905
1520 3
209 1121 1179
4469 7
80 1051 1987 4242 4283 4367 4420
794 4
163 214 609 688
3646 4
1146 1549 2057 2417
1758 5
315 345 556 871 1373
1476 5
109 120 742 1183 1196
215 10
18 26 28 68 90 95 140 193 199 207
251 9
41 77 83 116 177 185 194 200 230
3687 3
678 2307 3009
3843 3
1764 2498 3321
4964 7
10 1420 1573 2166 3849 4532 4793
823 3
142 637 683
238 2
141 209
4583 6
922 1133 1452 2743 2981 4522
3721 6
1071 1239 1256 1334 1643 1750
4363 5
1702 2224 3052 3452 3523
1576 6
472 760 765 799 1208 1542
1943 4
599 904 1359 1925
1255 2
471 862
4185 6
350 1216 1622 1698 2438 3427
2591 6
290 1137 1317 1423 1559 1829
1127 6
19 103 194 582 1034 1083
3519 4
507 517 1445 2302
699 4
103 416 607 632
2022 7
149 551 1119 1748 1789 2001 2004
498 4
24 254 278 479
2156 4
435 1243 1673 2131
4556 5
903 1584 1822 3210 4503
4004 6
979 1595 2084 2176 2853 3907
653 4
195 217 248 500
634 5
291 410 427 531 633
2463 4
490 1053 1703 2072
3971 6
788 1505 2487 3601 3667 3688
2374 6
190 374 449 865 1188 1306
1503 7
146 434 569 757 893 1376 1430
3677 4
328 1989 2045 2257
1680 5
48 139 565 927 1278
2782 5
238 395 1808 1913 2021
1524 4
198 356 774 789
1998 6
279 638 648 1067 1083 1480
2721 5
1024 1223 1663 1832 2551
2552 7
126 342 1654 2107 2233 2262 2439
260 4
84 149 182 187
3926 6
484 1172 2003 2037 2545 3231
1799 3
168 283 1373
4902 5
791 2409 2595 2854 4333
739 3
392 415 540
3458 3
590 2235 2402
1513 7
13 60 89 910 1055 1056 1205
889 5
6 154 257 545 662
3489 8
964 1327 2090 2290 2299 2364 3343 3372
337 9
10 20 38 63 78 167 170 276 284
1970 4
615 1334 1819 1944
1874 9
85 109 158 385 463 577 1547 1578 1782
4953 6
92 417 437 3326 3802 4023
363 4
109 243 244 273
4775 7
248 492 914 1420 1578 3272 4756
3187 5
360 920 1066 1352 1405
2495 5
600 773 892 1604 2287
555 9
30 94 201 217 294 353 440 452 546
3550 5
1751 1955 2271 2848 3545
4837 5
146 1189 1620 2205 2520
4113 4
689 1849 2588 3116
2105 4
476 495 1234 1321
1977 3
712 1002 1353
609 8
19 68 72 196 438 548 554 557
4119 8
274 467 634 1366 2569 2805 3095 3440
119 7
5 9 33 48 56 61 91
2699 5
240 265 993 1466 2598
3000 4
304 622 1553 2981
1075 7
316 335 426 654 864 883 922
3899 4
158 1712 2160 3836
3472 4
1097 1268 2819 3414
3825 4
535 1724 2271 2472
68 5
1 41 44 60 67
1677 4
1045 1050 1283 1383
2124 6
449 755 807 902 1608 1686
2630 5
72 282 1111 1571 2146
4500 4
156 294 382 488
213 5
32 50 100 141 183
3613 3
10 2177 2668
221 7
14 50 65 126 158 179 212
2212 3
40 703 1438
4836 4
500 745 2034 3186
375 4
39 99 224 242
2122 4
317 1110 1324 1539
3275 9
76 116 234 901 1311 2058 2073 2099 2600
1983 5
55 345 606 1000 1189
1134 5
208 382 579 657 1083
2823 4
577 1777 2590 2647
79 4
26 46 57 78
1497 4
141 208 283 942
4399 4
210 603 2330 3831
1318 4
281 428 707 765
2941 5
464 544 1101 2413 2704
880 4
28 184 460 502
1905 7
65 84 322 536 626 1546 1566
3497 4
1118 1919 2376 3087
2355 2
859 1112
2585 4
490 1624 1660 1888
3378 6
149 1349 1969 2786 2853 3341
2867 2
1236 1582
4987 3
1865 2968 4576
2584 4
149 833 1189 1471
1056 5
400 472 507 646 943
2216 4
238 672 706 1947
3462 2
232 2626
3990 4
131 1289 2700 2718
627 6
2 118 211 343 544 579
2542 5
1020 1925 2053 2106 2357
4925 3
416 2868 4677
4663 7
17 154 1078 1722 2187 2732 2902
548 6
49 286 288 369 440 508
3090 3
704 1889 2781
3065 7
415 508 1435 1807 2008 2055 2236
3025 9
625 979 1559 2152 2289 2511 2807 2903 2906
950 6
4 78 260 332 859 896
577 3
34 297 540
4368 5
1009 1077 1591 1805 1999
4246 10
195 682 778 1764 2356 2679 2959 3253 3470 3587
2656 6
452 597 843 1399 1455 2459
1136 3
755 999 1059
3954 6
801 1759 1985 2268 2486 3780
4778 7
291 540 830 1852 2197 2574 2630
115 4
2 14 37 82
2464 3
629 1056 1558
1278 3
267 499 1075
2986 8
1509 1643 2093 2106 2159 2433 2729 2933
4857 3
887 1504 4212
2307 5
75 602 1481 1940 2009
835 5
313 563 657 666 715
1908 5
50 223 392 400 1875
4710 4
956 3771 4224 4348
1903 7
254 918 1133 1367 1403 1441 1710
1314 5
171 474 600 781 1145
3319 7
581 590 628 1036 1280 1850 2253
2175 7
74 401 1104 1275 1420 1925 1940
143 5
8 26 67 68 94
3896 9
267 436 1384 1399 1726 1796 2739 3520 3529
4091 6
836 2155 2565 3800 3946 4075
2591 2
803 1490
2209 6
33 379 1047 1174 1311 1369
4161 9
19 514 963 1464 2332 2469 2539 3094 3843
4481 4
531 2364 3271 3312
1421 3
303 481 717
1604 5
25 49 125 370 1263
4401 7
367 824 1386 1745 1886 3708 4304
3793 5
92 2227 2512 2697 2948
1722 5
275 479 710 729 1522
2682 3
1060 1280 1770
1545 5
518 521 717 988 1220
1678 5
869 1152 1310 1427 1472
1038 6
109 496 556 827 883 967
614 4
16 196 486 522
4784 5
1330 2512 2817 3370 3438
793 5
15 203 379 381 727
3235 6
143 178 1346 2529 3015 3131
369 2
253 267
291 3
127 151 201
2291 5
414 866 1162 1787 2199
4334 7
1048 1817 2256 2463 3286 3319 4328
2608 6
18 731 832 893 1768 2182
847 4
82 362 409 428
4570 4
112 1583 1867 4053
2093 6
32 77 1215 1219 1239 1343
2613 5
1876 2046 2155 2388 2426
531 5
11 104 295 438 495
529 4
144 339 407 523
1655 5
141 385 430 721 1202
4834 5
1669 1690 3475 3637 3650
4257 5
2531 2538 3596 3809 4175
407 7
11 21 30 82 244 283 346
4305 4
2324 2659 3964 4288
2492 2
151 409
1266 3
13 1052 1113
818 3
52 81 470
2359 3
407 1457 1886
40 7
2 6 13 20 24 32 35
3029 5
421 506 527 2366 2469
756 8
56 172 339 341 344 366 582 623
907 5
103 267 295 593 717
102 5
7 48 51 74 94
973 3
45 336 945
3364 4
109 873 2303 2958
2534 6
99 170 431 1244 1751 2273
1998 4
421 793 1094 1352
1211 4
167 457 466 866
1344 5
166 563 802 872 1064
1559 7
29 642 921 944 1187 1263 1491
729 4
280 352 485 510
446 2
69 275
2631 3
302 773 1435
2052 3
584 1309 1526
4545 4
910 1743 2633 3919
4673 6
15 1273 2479 2914 3156 4415
4051 6
18 26 198 458 1766 2117
1569 6
76 712 750 1177 1194 1282
4920 3
1305 1654 3843
4519 7
1094 1790 2461 2818 3276 4001 4355
875 5
5 38 166 318 473
4837 6
205 1095 3610 4326 4591 4774
4126 8
341 993 1779 2621 2650 3909 3912 3943
2674 6
358 710 1104 1420 1569 2110
2712 4
208 959 985 2633
2846 2
2382 2737
627 6
102 265 294 305 473 519
776 4
11 32 105 408
2750 3
1376 1921 2228
841 7
2 84 164 392 432 603 807
3153 7
255 283 332 997 1599 1724 1937
2216 7
180 279 282 325 682 1948 1954
1446 7
289 441 537 650 933 1109 1159
2212 6
88 176 687 705 1078 2196
1231 4
443 894 985 1059
92 6
7 32 48 60 83 88
2858 4
375 585 929 2786
2001 4
87 466 594 785
275 5
4 95 112 141 169
3293 4
1593 2462 2463 2743
1265 5
493 507 550 701 845
3557 3
170 483 2293
3920 3
1841 2864 3884
687 7
57 135 183 290 483 504 644
3481 6
147 939 1117 1778 2695 2719
3450 7
112 675 1385 1922 2193 3100 3131
389 3
176 214 355
1602 5
91 362 585 851 1340
3429 2
1584 3296
441 4
13 216 237 407
2686 7
1461 1498 1620 1708 1710 2040 2196
1861 5
96 392 539 604 1012
3006 4
997 1454 1969 2755
4616 6
122 198 292 609 2347 3143
1296 6
358 437 580 625 889 964
2785 3
154 925 1672
4572 5
384 689 2218 3980 4068
4713 5
329 1631 3176 4074 4616
4012 8
116 818 924 1111 3191 3239 3768 3965
3243 2
1245 1790
3947 5
432 473 2094 2422 2872
1327 6
31 107 351 889 903 1076
1758 4
434 1075 1427 1553
2844 6
167 329 1394 1551 2067 2566
2491 6
270 322 365 1329 2128 2269
1410 2
1089 1118
3991 3
573 2110 3452
4396 3
555 2067 2219
4914 5
1063 1874 1907 2362 3236
3140 5
1417 1871 2146 2377 3111
395 3
162 210 307
577 5
163 253 377 481 497
144 11
14 20 27 38 71 90 98 99 106 122 142
3974 4
561 1350 3870 3915
4809 7
793 1636 2835 3927 3954 4408 4603
2995 4
605 1121 1200 2219
209 4
72 109 175 184
4622 5
21 676 943 2122 4468
482 6
96 167 241 272 298 399
719 3
256 318 406
3157 4
204 296 2153 2496
242 4
6 34 204 229
1166 5
45 247 437 451 858
4737 6
39 1043 3144 3206 3829 3909
4435 9
395 1271 2905 2929 2933 3391 3395 4295 4416
1933 2
379 1806
1187 6
206 316 326 395 961 1023
2055 3
52 595 1551
3285 5
790 1127 2995 3131 3186
4960 5
213 477 618 1855 4141
1125 3
43 767 856
530 4
68 112 218 439
2805 11
405 437 553 661 762 1460 1854 2145 2343 2432 2499
584 5
70 93 347 370 547
705 4
44 47 106 218
844 3
111 220 367
554 3
25 300 421
3901 5
50 578 631 1103 2560
243 7
126 143 145 162 163 205 227
2372 5
643 1176 1325 1583 1910
1476 4
156 368 640 1400
22 7
1 3 8 9 11 13 21
3214 6
89 983 1099 1384 1752 2832
733 3
168 515 642
4861 6
759 874 1012 1158 3618 4028
4415 3
577 2609 2639
2811 4
76 745 886 931
4332 5
604 989 2110 2839 3738
1348 8
126 155 244 283 507 534 758 771
2098 3
93 787 1479
473 4
175 410 425 433
4538 7
123 535 941 1189 2674 3700 4505
3265 5
666 839 1424 2027 3196
1568 5
10 771 1024 1333 1566
3530 6
470 514 1960 2205 2625 2867
2424 5
963 1090 1104 1270 1362
3382 5
1184 1557 1633 1786 1942
1835 5
161 259 267 512 1397
1149 6
36 177 255 553 824 912
4728 4
253 3099 3996 4203
239 4
9 141 196 211
4247 4
78 662 1085 3242
1602 6
296 901 1244 1274 1299 1563
1861 3
30 399 1187
3794 3
734 3225 3415
1781 11
155 185 299 421 437 985 1041 1193 1258 1332 1778
3239 5
638 2095 2194 2717 3148
2754 5
746 1025 1203 2208 2661
4854 5
714 1264 3502 3613 3986
239 4
4 49 74 128
129 4
37 52 87 117
516 5
22 152 289 399 472
740 5
161 444 471 530 581
4211 6
538 1907 2167 2400 2664 3539
2325 5
274 894 1028 1839 2024
4685 6
1029 1809 2444 2674 3132 3241
4383 4
2879 3959 4070 4350
2167 3
127 1521 1547
1725 3
607 816 1306
3118 3
235 814 1959
4028 3
1688 2240 3296
3941 6
46 202 1079 1425 1914 3524
4764 4
1603 2322 4253 4381
4943 4
1255 1491 1698 4557
3579 7
245 591 1310 1400 2404 3170 3354
1430 3
40 68 670
3235 8
188 883 893 1001 1719 1923 2056 2560
3383 5
144 1739 1886 2019 2371
1807 2
187 670
504 3
225 444 489
1884 8
14 59 211 220 1408 1488 1520 1740
2692 5
527 1275 1762 2203 2251
260 4
3 155 215 256
4695 2
1006 2868
867 3
344 578 628
4888 2
2237 2868
1212 3
57 63 1180
4891 3
2000 2953 4471
133 5
5 36 80 87 89
17 4
3 6 9 14
4394 5
659 1403 1913 2728 3789
2415 9
41 112 924 1096 1225 1444 1610 1628 2037
3222 3
515 700 1243
1591 6
49 101 364 855 941 967
2531 4
301 431 1553 2180
2454 3
198 1394 1752
3512 2
1018 1648
905 9
2 163 179 240 297 616 682 688 765
600 3
265 516 576
2575 5
1109 1509 1563 1897 2496
914 8
151 205 273 552 643 717 743 787
1344 4
39 119 1034 1208
2709 5
87 944 1261 2604 2687
3332 4
60 726 2333 3330
3955 8
305 633 696 1711 1919 2320 3402 3860
2943 6
54 1067 1377 2352 2490 2560
4190 3
795 3234 3869
3468 3
1057 1408 3146
2250 3
476 1198 1333
4458 5
1649 3388 3471 4453 4455
1111 5
15 371 559 1037 1062
4626 10
890 1756 2153 2180 2429 2746 3139 3225 4050 4106
1486 5
2 74 181 613 822
784 3
181 288 498
1567 2
1323 1371
299 4
13 119 201 282
2865 8
951 1602 1828 1901 1995 2346 2354 2863
1024 3
515 680 830
896 2
619 799
3261 4
937 1184 2195 2794
3465 5
197 2096 2907 3050 3345
1809 5
311 500 711 882 914
4580 5
98 834 895 1908 4045
114 4
4 48 79 90
745 3
65 557 732
3434 5
1079 1736 2114 2523 3053
1183 2
199 487
4274 4
116 666 906 1740
1017 3
29 624 777
2452 4
589 1053 1248 2423
639 5
76 133 235 363 453
1278 7
417 506 634 730 802 921 1263
4936 5
1685 2466 2649 3694 3817
670 3
324 487 667
77 6
3 39 54 56 65 72
4933 2
1147 2784
2435 4
1341 1702 1777 1977
1030 3
234 430 995
1706 2
1015 1081
631 3
307 487 558
3929 2
2658 3628
2556 5
980 1302 1481 1813 1850
1346 9
18 308 393 613 627 709 863 936 1285
3389 8
755 1087 1206 1257 1850 2055 2906 3284
553 3
25 147 261
4301 6
204 507 1843 2700 3745 3784
4079 6
1057 1210 1411 2404 2822 3251
4166 4
348 1026 1395 3825
1003 6
178 201 293 382 384 422
3945 6
255 569 1409 1672 2478 3830
624 12
6 22 116 126 162 203 220 270 330 500 511 531
1081 6
31 294 399 485 595 834
4064 4
1328 1840 2702 2806
2778 4
126 298 1769 1858
1488 2
678 929
3786 4
204 1484 2065 3075
4988 3
3268 3466 4962
3518 6
499 851 1447 2898 2934 3141
4589 9
391 874 1055 2577 2989 3551 4319 4321 4355
4843 6
100 453 1047 2264 2647 2706
3944 5
180 212 961 1997 3685
1868 9
43 113 227 370 1183 1268 1445 1484 1720
1509 11
35 155 178 204 232 453 492 1082 1146 1158 1229
1461 4
59 1001 1183 1234
2574 3
85 125 1218
717 4
144 206 445 650
1097 8
249 263 271 429 542 817 954 974
3144 6
1388 1859 2085 2423 2551 3136
3663 4
1040 1373 2362 3509
2917 4
497 996 1941 2464
4041 2
1411 2808
2695 4
128 723 1002 2332
739 8
45 97 395 447 464 554 637 725
2922 8
192 496 715 1054 1490 2397 2501 2670
3861 4
1160 1857 1980 3120
3070 6
261 1247 1350 1545 2253 2959
3381 5
868 1409 1762 2260 2567
2486 3
658 1607 2443
4993 9
758 795 844 1885 2108 2179 4301 4337 4489
2121 3
114 760 1237
4049 4
684 1143 1723 3400
3022 6
1109 1285 1559 1615 1635 2011
4344 5
441 1496 1939 2651 2929
303 3
60 91 113
3428 6
45 328 1414 1622 2418 2510
2658 4
390 2529 2582 2656
2115 6
202 663 940 1352 1897 2059
1511 4
93 517 1383 1427
2760 6
407 720 869 1407 1708 1915
4470 5
1130 1207 2212 4174 4294
4427 5
744 1727 2996 3701 4372
3668 2
787 1527
3191 3
344 2000 3086
3077 9
82 343 950 1326 1335 1763 2474 2533 2715
2365 6
210 292 585 1374 2072 2357
4886 3
623 1399 3957
2178 5
3 96 728 1470 1892
4856 7
683 1980 2252 2657 2684 4177 4772
2871 2
1513 2799
574 9
58 140 233 326 375 382 399 467 569
25 8
2 4 7 14 19 20 22 24
662 4
166 192 385 629
749 5
68 269 381 452 623
4369 5
1629 2096 2666 3342 3528
3668 6
627 1686 2200 2377 2633 3320
2651 2
168 1355
3366 4
103 1478 1841 2434
3763 4
548 1770 3206 3721
3113 5
42 258 1579 2703 3071
600 5
135 146 195 388 470
1769 5
93 272 950 1022 1109
3537 7
62 651 749 1085 2444 3091 3345
2753 4
330 2136 2511 2594
1608 5
176 758 844 893 1599
607 6
273 283 354 381 432 572
364 6
18 109 114 117 299 327
4311 4
280 392 1451 4248
4061 4
1572 2841 3138 3810
912 2
259 399
3379 7
119 770 1153 1353 1973 2888 3235
392 3
215 274 331
144 5
4 9 96 120 127
422 3
74 227 294
3216 6
3 120 606 1301 2303 3185
2938 5
267 721 750 1306 2191
2719 3
505 1972 2270
622 4
123 369 513 575
4022 3
904 965 2647
4743 5
795 1354 1596 2332 3893
782 4
74 284 574 612
4707 4
1083 1493 2341 4239
870 5
74 142 362 448 656
1958 5
169 586 973 991 1402
2200 6
78 348 897 972 1132 1234
4217 3
2496 2983 3247
1806 3
1141 1623 1797
4439 5
500 2300 2444 3852 4162
3830 6
410 1123 1222 2960 3117 3494
1909 8
92 150 182 192 341 1165 1739 1829
3281 7
49 89 895 978 2404 3061 3257
3057 7
95 353 416 574 1524 2222 2782
1932 9
71 90 1224 1289 1323 1358 1631 1672 1691
1898 4
643 1120 1487 1728
743 6
155 242 353 355 468 584
