16
165 29
7 12 16 20 22 25 34 40 44 52 54 56 65 80 86 87 96 110 116 123 124 125 135 136 149 152 160 162 164
352 25
5 12 25 31 36 76 84 117 122 130 151 189 200 210 230 238 266 271 295 302 312 330 335 336 341
439 38
3 18 21 34 44 59 64 80 101 104 107 114 121 123 130 164 199 215 218 219 224 228 229 243 256 260 274 296 323 325 334 352 360 391 396 401 404 415
322 36
12 16 21 24 37 41 46 47 48 71 82 85 119 126 136 137 145 156 160 174 184 188 204 210 230 237 245 256 258 264 268 282 288 295 305 321
55 31
1 3 6 7 11 13 15 16 17 19 20 21 23 24 25 26 28 29 32 34 36 37 41 42 44 45 46 49 51 53 54
444 34
2 6 9 16 22 70 72 91 93 102 105 114 117 125 127 138 153 168 174 203 214 240 245 272 305 352 360 363 368 390 398 405 426 431
254 42
2 3 5 8 10 13 27 30 32 38 45 50 52 56 60 67 86 88 90 93 97 110 112 118 136 138 141 142 144 166 177 179 182 189 190 194 197 206 230 241 250 253
375 22
11 26 38 44 54 66 75 129 137 199 205 211 231 244 246 249 268 270 290 297 311 368
494 35
12 18 20 47 55 93 108 113 123 139 174 176 193 211 213 224 226 258 283 300 303 308 318 338 342 370 380 386 398 400 406 456 462 477 479
218 30
2 9 15 26 32 39 41 47 57 72 93 96 102 109 118 122 135 138 149 152 163 165 180 182 184 186 191 192 194 197
46 21
1 4 5 7 11 12 14 15 17 19 23 25 27 29 30 31 33 35 38 41 43
438 26
15 18 27 66 96 120 129 132 143 213 228 248 290 313 315 321 326 334 349 351 362 369 386 402 415 427
442 41
11 26 29 32 67 73 75 78 85 90 125 142 154 161 163 183 185 204 210 214 217 225 231 235 241 247 250 255 270 279 307 336 350 366 383 391 394 410 416 425 431
457 19
1 62 72 80 93 118 128 133 226 251 253 273 278 288 329 386 408 417 446
419 36
18 45 65 77 97 112 130 147 151 159 165 169 208 223 226 233 234 236 265 289 292 299 321 323 331 336 339 348 353 361 371 395 399 403 406 412
93 35
2 7 19 21 24 30 31 32 33 34 36 39 43 44 46 48 50 52 53 56 58 60 63 64 70 72 74 75 76 80 83 87 88 90 91
