8
1203 607
1 2 5 6 8 10 12 13 14 19 20 22 23 24 26 29 31 33 35 39 40 42 43 47 49 50 52 54 58 60 62 64 65 67 68 69 70 72 73 75 77 82 83 84 85 87 88 89 91 92 94 96 98 102 109 110 113 116 117 119 122 124 128 129 132 133 135 136 137 141 143 144 145 146 147 149 150 154 156 158 160 161 164 166 170 171 173 175 177 180 183 184 185 188 189 190 192 194 195 196 197 199 201 202 204 205 207 208 210 212 213 215 217 219 221 223 226 227 229 234 236 238 239 240 243 246 248 251 253 255 257 258 261 263 264 265 268 270 273 276 278 280 281 283 288 289 290 295 297 299 301 307 309 310 314 315 317 318 320 321 324 325 327 330 332 335 337 338 343 347 349 350 353 355 358 361 362 363 366 370 371 374 376 379 381 390 391 392 395 397 398 399 403 404 405 406 408 409 412 414 417 419 421 423 425 426 428 430 432 434 435 436 437 441 443 444 445 446 447 449 451 455 457 458 459 464 465 467 468 470 475 476 478 479 481 484 488 489 491 492 494 497 498 500 502 503 506 507 509 510 511 513 516 520 522 523 524 526 527 528 530 532 533 537 538 540 541 543 545 546 547 548 549 552 554 555 557 558 559 561 564 566 569 573 578 580 581 583 585 588 589 592 594 597 599 603 604 605 607 608 613 614 615 618 619 622 625 629 632 638 639 644 645 646 647 649 651 653 656 657 662 664 665 667 668 670 671 672 673 675 677 680 681 683 684 685 687 689 690 691 692 693 695 697 699 700 702 704 706 707 708 711 714 715 717 718 722 723 725 726 728 730 732 738 740 741 744 746 747 748 750 753 754 755 757 758 760 763 764 766 768 770 773 775 778 779 782 784 786 790 792 795 797 799 803 804 805 806 808 809 810 811 812 814 818 822 824 826 827 829 830 831 833 836 841 842 843 846 847 849 852 853 856 858 859 861 862 863 865 867 869 870 871 873 876 879 880 882 884 885 888 889 891 893 895 896 898 901 902 904 908 909 910 911 913 915 917 918 920 921 923 924 928 929 931 935 938 939 941 943 944 945 947 948 949 951 953 954 956 957 958 960 963 965 969 970 971 975 976 978 980 981 982 984 986 989 990 992 995 999 1001 1003 1004 1006 1007 1010 1012 1013 1014 1016 1017 1019 1020 1021 1023 1024 1027 1029 1031 1033 1035 1036 1037 1041 1043 1046 1047 1049 1052 1053 1057 1058 1061 1062 1066 1068 1069 1071 1072 1075 1076 1077 1080 1081 1083 1086 1088 1093 1097 1099 1102 1105 1106 1108 1110 1111 1113 1115 1116 1118 1119 1120 1122 1123 1124 1127 1129 1130 1132 1133 1135 1138 1139 1141 1142 1143 1148 1149 1151 1152 1155 1159 1160 1162 1163 1166 1167 1169 1171 1172 1177 1178 1180 1181 1182 1184 1186 1188 1190 1192 1193 1194 1195 1196 1197 1199 1200
2669 581
3 7 13 15 17 21 25 28 36 37 45 49 58 62 65 66 77 85 95 97 101 105 109 111 112 114 115 132 137 142 149 151 153 160 162 173 178 179 183 185 190 192 194 195 199 205 209 215 217 226 232 236 240 242 246 250 252 254 256 274 277 279 281 283 287 290 296 297 298 302 306 313 318 319 322 323 326 331 333 336 339 340 345 347 356 357 360 363 369 373 375 377 381 384 408 412 414 416 428 429 433 445 446 448 450 451 453 460 461 465 471 479 485 486 487 491 493 507 514 523 524 535 541 543 550 553 556 557 560 562 564 565 566 573 575 588 590 603 606 607 611 622 625 633 637 639 641 643 645 647 649 651 654 658 666 674 679 683 690 701 707 708 713 717 720 727 730 732 733 736 743 744 748 755 757 762 764 766 771 774 776 782 786 789 802 805 808 813 816 823 833 837 842 851 864 866 868 874 880 883 888 893 895 897 903 905 911 916 918 932 934 937 941 943 945 956 959 960 963 968 972 979 980 983 986 992 1008 1010 1013 1017 1024 1031 1032 1034 1037 1042 1045 1059 1064 1066 1068 1077 1082 1089 1092 1094 1096 1110 1113 1114 1120 1121 1123 1126 1129 1131 1132 1137 1147 1153 1157 1159 1161 1167 1174 1177 1179 1181 1184 1188 1190 1192 1193 1198 1204 1219 1224 1238 1246 1247 1250 1252 1257 1260 1263 1265 1274 1277 1278 1282 1286 1287 1289 1291 1297 1301 1303 1305 1307 1313 1323 1338 1339 1346 1349 1360 1362 1367 1373 1379 1382 1385 1387 1389 1396 1397 1399 1420 1424 1426 1434 1435 1444 1446 1454 1456 1460 1462 1464 1473 1479 1481 1490 1497 1500 1502 1521 1523 1525 1529 1531 1552 1558 1568 1570 1574 1576 1578 1580 1581 1595 1609 1611 1615 1618 1619 1621 1623 1638 1639 1641 1651 1652 1663 1665 1668 1670 1672 1673 1677 1679 1682 1688 1693 1695 1698 1708 1713 1730 1732 1735 1737 1738 1739 1745 1746 1749 1753 1754 1763 1769 1770 1772 1779 1786 1788 1790 1792 1795 1797 1800 1807 1811 1820 1823 1835 1843 1847 1857 1864 1867 1871 1877 1878 1881 1882 1887 1893 1894 1899 1901 1905 1912 1916 1919 1926 1928 1930 1932 1933 1935 1936 1940 1945 1946 1952 1953 1955 1959 1964 1965 1972 1984 1999 2001 2009 2012 2015 2019 2022 2024 2025 2036 2040 2042 2050 2062 2069 2073 2074 2077 2094 2102 2103 2105 2110 2112 2115 2117 2123 2126 2131 2133 2143 2146 2148 2155 2160 2163 2176 2179 2184 2185 2189 2192 2197 2199 2203 2204 2213 2223 2224 2227 2230 2232 2235 2243 2244 2252 2253 2256 2257 2273 2293 2294 2304 2307 2312 2316 2319 2321 2324 2332 2335 2338 2342 2344 2351 2362 2368 2372 2374 2379 2390 2391 2393 2395 2398 2403 2415 2421 2425 2427 2430 2435 2444 2449 2457 2462 2464 2468 2470 2474 2476 2488 2491 2495 2501 2503 2505 2507 2510 2513 2518 2523 2524 2539 2556 2559 2565 2569 2570 2573 2586 2591 2594 2598 2604 2607 2608 2613 2614 2615 2620 2628 2630 2641 2649 2656 2658 2664
3319 621
14 16 19 26 29 40 41 49 53 54 55 60 64 66 72 79 85 88 92 97 100 103 107 108 112 116 119 124 146 147 148 151 158 161 166 170 176 179 196 201 218 222 224 233 248 253 261 269 272 278 282 288 292 294 297 303 311 316 317 321 325 328 332 334 336 339 341 342 347 350 352 354 357 361 367 370 371 374 382 384 390 394 398 402 406 413 414 417 422 424 430 434 448 458 459 476 478 483 494 496 505 518 535 537 544 547 551 556 559 560 561 566 571 572 574 576 586 593 595 596 598 616 623 628 630 636 639 650 656 659 664 668 682 687 689 690 694 696 702 705 720 724 733 736 740 757 760 763 765 773 775 779 783 787 798 804 814 821 823 835 849 851 862 871 873 885 886 889 894 905 911 912 919 921 924 928 934 935 940 942 943 945 957 959 963 964 976 981 984 985 990 992 997 998 999 1004 1005 1006 1012 1015 1022 1028 1030 1034 1036 1042 1053 1062 1068 1073 1076 1082 1089 1097 1098 1107 1109 1112 1116 1119 1120 1126 1129 1133 1141 1146 1151 1155 1163 1170 1180 1181 1183 1189 1195 1202 1206 1208 1209 1223 1225 1239 1242 1248 1251 1254 1256 1260 1263 1266 1268 1271 1277 1282 1291 1296 1298 1300 1306 1307 1315 1325 1330 1337 1339 1341 1351 1353 1363 1368 1376 1382 1384 1386 1405 1410 1412 1414 1432 1433 1435 1438 1439 1451 1457 1460 1488 1492 1498 1501 1504 1518 1525 1526 1529 1537 1554 1555 1563 1568 1569 1574 1578 1580 1585 1593 1594 1599 1605 1609 1622 1625 1640 1647 1650 1655 1669 1671 1674 1676 1678 1690 1694 1699 1706 1708 1723 1730 1732 1735 1740 1744 1746 1751 1756 1759 1762 1779 1780 1784 1787 1795 1804 1807 1814 1816 1818 1820 1821 1834 1837 1838 1840 1850 1854 1856 1861 1866 1874 1884 1886 1889 1904 1909 1913 1914 1917 1919 1924 1937 1938 1942 1944 1948 1954 1962 1964 1971 1974 1975 1978 1983 1988 1991 1993 2001 2004 2014 2026 2028 2033 2037 2039 2040 2042 2044 2045 2047 2058 2060 2064 2065 2070 2076 2080 2083 2086 2090 2098 2104 2110 2111 2113 2114 2117 2123 2130 2132 2133 2137 2147 2148 2153 2156 2174 2176 2181 2183 2185 2187 2189 2197 2201 2205 2206 2210 2213 2216 2225 2229 2235 2243 2244 2246 2247 2254 2256 2264 2268 2270 2271 2275 2283 2288 2302 2307 2310 2314 2319 2321 2325 2329 2339 2344 2348 2350 2358 2363 2371 2376 2378 2384 2399 2400 2405 2407 2412 2414 2416 2426 2442 2447 2467 2478 2480 2484 2492 2495 2502 2508 2521 2526 2539 2548 2550 2551 2555 2557 2559 2564 2567 2577 2584 2585 2590 2591 2596 2611 2624 2628 2632 2633 2637 2651 2657 2659 2663 2672 2680 2692 2696 2702 2708 2714 2725 2726 2729 2733 2742 2776 2779 2784 2786 2787 2788 2791 2801 2804 2806 2810 2814 2819 2821 2827 2835 2842 2849 2862 2878 2881 2896 2897 2903 2905 2914 2925 2930 2936 2937 2942 2943 2945 2963 2964 2965 2971 2979 2980 2994 3003 3007 3008 3016 3029 3033 3050 3051 3056 3070 3072 3074 3077 3097 3099 3101 3103 3106 3111 3113 3119 3124 3131 3137 3145 3147 3156 3167 3173 3174 3175 3183 3195 3201 3211 3219 3224 3229 3232 3233 3234 3243 3250 3266 3276 3278 3293 3297 3298 3306 3309 3317
2124 633
9 12 26 28 30 32 37 41 44 45 47 49 52 55 58 59 60 62 65 76 82 83 85 93 95 99 102 105 107 109 116 118 125 128 131 133 136 139 141 142 144 146 148 149 152 155 156 157 160 163 170 174 175 177 181 183 184 187 190 193 195 205 207 211 213 215 218 220 230 231 235 238 240 243 244 246 248 249 251 253 259 272 274 277 282 288 289 291 296 297 299 301 305 308 312 314 317 319 321 322 324 325 329 334 339 340 342 347 349 358 360 362 365 369 373 376 378 380 385 386 390 392 394 402 412 417 419 423 434 439 441 442 446 449 453 457 459 460 462 465 467 468 471 477 480 490 491 494 495 496 502 503 504 506 513 515 517 520 523 526 528 530 536 537 539 541 543 548 551 553 554 557 560 563 568 571 574 578 584 586 588 592 596 598 605 607 616 617 619 621 622 624 625 626 633 637 639 642 647 649 652 653 655 656 662 663 668 671 677 678 684 686 688 691 694 698 699 703 711 713 714 717 720 722 723 725 726 732 736 743 745 750 756 757 761 763 764 766 769 771 773 776 782 785 788 792 799 805 807 809 811 821 823 824 829 832 842 843 846 852 854 856 859 863 869 874 878 882 883 885 889 897 905 908 910 916 917 919 924 925 927 928 939 944 946 947 950 953 956 963 965 968 969 971 977 980 983 985 989 1004 1005 1008 1010 1013 1016 1026 1027 1030 1031 1034 1040 1047 1050 1053 1055 1058 1063 1073 1079 1081 1083 1088 1090 1091 1094 1095 1097 1098 1099 1104 1105 1111 1112 1113 1116 1118 1120 1127 1130 1136 1141 1146 1147 1152 1157 1161 1167 1168 1170 1175 1180 1190 1194 1197 1202 1206 1208 1214 1216 1217 1219 1225 1227 1228 1230 1231 1239 1245 1247 1251 1255 1258 1261 1268 1269 1273 1283 1286 1289 1291 1295 1297 1299 1309 1313 1319 1322 1324 1325 1332 1333 1337 1339 1341 1343 1346 1347 1351 1355 1359 1360 1375 1379 1381 1383 1384 1387 1394 1401 1403 1410 1413 1416 1428 1431 1436 1437 1442 1446 1450 1454 1459 1463 1466 1467 1468 1470 1473 1476 1477 1479 1480 1481 1483 1490 1496 1499 1500 1503 1504 1506 1508 1514 1519 1521 1531 1534 1535 1537 1541 1543 1544 1552 1564 1567 1569 1574 1575 1576 1580 1583 1585 1592 1596 1602 1604 1609 1612 1616 1617 1618 1622 1624 1628 1630 1631 1634 1635 1638 1640 1646 1648 1649 1651 1652 1655 1659 1664 1667 1670 1672 1673 1679 1681 1683 1685 1690 1692 1696 1699 1701 1704 1705 1707 1712 1715 1721 1724 1730 1734 1736 1738 1739 1741 1750 1752 1755 1756 1757 1761 1767 1770 1772 1773 1775 1778 1781 1782 1786 1791 1793 1796 1800 1807 1811 1817 1827 1828 1832 1837 1839 1843 1846 1849 1851 1853 1854 1856 1857 1860 1863 1868 1878 1881 1882 1885 1887 1888 1893 1894 1907 1909 1912 1914 1919 1924 1925 1926 1934 1937 1940 1942 1946 1948 1950 1956 1962 1969 1970 1972 1974 1980 1985 1986 1987 1992 1995 2002 2005 2010 2017 2018 2020 2026 2027 2029 2032 2033 2036 2041 2042 2044 2045 2046 2048 2049 2051 2053 2055 2056 2058 2061 2063 2065 2067 2070 2072 2076 2077 2080 2084 2089 2091 2093 2099 2102 2103 2105 2109 2113 2114 2115 2120
2762 639
1 7 12 15 19 20 26 28 31 32 37 40 43 47 56 64 68 73 75 77 79 83 84 88 93 96 98 111 115 120 136 143 147 163 166 169 171 175 178 182 186 192 195 197 204 205 212 223 224 244 250 253 257 258 262 263 266 267 281 288 289 290 303 312 313 316 319 325 332 334 336 338 343 344 348 350 353 356 358 361 368 379 381 382 391 398 402 406 410 420 422 427 434 436 440 442 444 447 451 455 457 458 464 467 477 484 491 494 497 499 505 512 517 520 523 525 526 529 530 531 539 544 546 547 552 556 558 563 566 571 572 575 577 581 584 589 592 594 599 603 606 609 617 627 639 644 645 647 650 652 653 657 658 662 671 675 683 690 699 702 705 706 709 714 718 726 728 737 746 754 755 759 761 765 767 770 772 777 778 784 791 797 804 805 815 822 824 826 833 836 839 844 845 849 850 852 854 859 877 880 885 891 893 896 899 907 911 924 926 929 932 934 940 945 948 949 954 964 969 972 976 979 984 989 991 996 999 1003 1006 1012 1013 1017 1020 1030 1032 1034 1036 1044 1047 1053 1054 1055 1064 1066 1077 1082 1085 1088 1092 1099 1102 1105 1107 1109 1110 1115 1119 1122 1133 1136 1138 1144 1153 1156 1160 1169 1172 1179 1188 1193 1195 1205 1209 1211 1223 1225 1226 1236 1237 1241 1243 1272 1274 1275 1279 1281 1285 1288 1295 1298 1299 1302 1305 1309 1312 1315 1317 1319 1327 1330 1341 1346 1349 1353 1363 1365 1367 1368 1383 1384 1386 1388 1392 1393 1395 1401 1403 1404 1408 1413 1414 1417 1429 1433 1437 1439 1440 1446 1452 1455 1464 1470 1471 1473 1476 1477 1486 1487 1494 1500 1502 1505 1511 1515 1518 1521 1523 1525 1529 1546 1549 1557 1559 1561 1568 1571 1573 1582 1583 1590 1592 1596 1600 1603 1604 1606 1607 1613 1618 1623 1629 1634 1639 1642 1648 1650 1652 1658 1669 1675 1676 1680 1685 1688 1692 1694 1697 1702 1705 1707 1709 1713 1714 1716 1725 1728 1745 1747 1748 1750 1757 1760 1762 1766 1768 1775 1781 1782 1784 1791 1793 1796 1800 1804 1807 1816 1818 1820 1824 1827 1828 1834 1839 1842 1849 1850 1856 1857 1859 1864 1867 1868 1871 1879 1882 1889 1895 1901 1911 1913 1917 1919 1921 1927 1928 1931 1936 1942 1948 1950 1953 1955 1957 1959 1964 1972 1974 1976 1981 1983 1992 1994 1997 1999 2002 2003 2007 2011 2013 2014 2024 2036 2041 2043 2045 2047 2052 2058 2059 2062 2065 2068 2072 2074 2086 2088 2091 2102 2106 2107 2108 2113 2119 2122 2124 2128 2133 2137 2144 2149 2153 2159 2162 2169 2173 2175 2181 2183 2186 2194 2196 2201 2204 2211 2214 2220 2222 2224 2228 2229 2235 2239 2243 2246 2248 2255 2256 2270 2275 2279 2290 2293 2299 2309 2319 2321 2323 2324 2328 2331 2332 2335 2337 2339 2341 2346 2354 2358 2360 2363 2366 2368 2371 2375 2379 2380 2384 2389 2393 2396 2399 2400 2403 2410 2415 2422 2424 2430 2434 2463 2466 2469 2474 2475 2481 2489 2490 2492 2494 2498 2500 2517 2518 2520 2521 2522 2528 2531 2534 2540 2543 2545 2552 2554 2556 2560 2563 2565 2567 2569 2577 2590 2591 2609 2613 2619 2620 2622 2627 2634 2637 2641 2643 2644 2649 2651 2654 2656 2661 2664 2669 2672 2679 2681 2685 2687 2694 2700 2702 2710 2714 2717 2725 2734 2740 2745 2747 2756 2760
3427 620
14 21 24 31 37 39 41 49 50 53 56 65 69 83 88 101 113 115 124 128 135 140 142 144 147 150 153 158 164 168 175 180 197 204 212 215 219 225 231 239 241 244 246 251 254 256 264 273 275 276 278 297 308 314 316 318 322 327 331 335 347 354 357 359 365 368 370 372 380 387 391 397 418 428 432 435 436 439 441 445 451 455 475 487 489 494 496 503 504 517 519 547 552 553 554 560 562 566 572 581 586 587 588 591 594 604 612 615 624 632 640 642 644 656 660 667 672 677 679 684 687 690 692 693 699 715 724 728 735 737 749 751 752 759 766 770 772 776 780 787 795 803 819 822 833 835 842 856 857 859 861 867 870 875 877 883 887 890 891 892 898 905 924 933 935 939 942 958 960 962 967 971 981 984 993 997 1011 1014 1017 1019 1040 1054 1056 1060 1061 1065 1068 1080 1082 1092 1100 1107 1112 1124 1131 1134 1145 1153 1158 1162 1166 1176 1178 1181 1198 1201 1213 1221 1227 1238 1244 1246 1252 1257 1260 1267 1281 1284 1286 1290 1293 1294 1301 1304 1310 1316 1327 1329 1333 1341 1344 1351 1354 1361 1369 1371 1375 1381 1386 1390 1391 1394 1399 1421 1432 1439 1446 1454 1464 1474 1478 1481 1483 1494 1496 1499 1503 1505 1506 1512 1513 1518 1519 1524 1526 1529 1537 1541 1551 1555 1559 1560 1563 1568 1573 1577 1601 1603 1605 1612 1618 1627 1629 1637 1652 1656 1666 1676 1681 1696 1706 1734 1739 1745 1748 1754 1759 1761 1765 1767 1769 1772 1776 1782 1784 1787 1794 1796 1800 1808 1814 1826 1831 1834 1846 1852 1857 1859 1860 1863 1869 1870 1871 1875 1881 1883 1885 1889 1891 1896 1905 1907 1918 1922 1923 1925 1928 1936 1939 1953 1957 1971 1972 1977 1982 1998 2000 2001 2006 2008 2009 2012 2017 2018 2022 2028 2040 2045 2049 2051 2052 2055 2060 2068 2072 2076 2078 2091 2094 2096 2100 2102 2109 2112 2128 2135 2138 2141 2149 2152 2153 2168 2172 2175 2177 2181 2185 2187 2189 2196 2205 2214 2216 2218 2224 2240 2244 2246 2250 2261 2266 2277 2282 2284 2303 2308 2341 2348 2350 2356 2358 2361 2365 2370 2374 2384 2395 2403 2405 2407 2413 2428 2438 2443 2449 2451 2456 2458 2459 2461 2462 2479 2484 2489 2498 2503 2510 2517 2522 2524 2526 2529 2534 2542 2548 2551 2558 2568 2572 2574 2575 2577 2597 2609 2613 2619 2625 2632 2636 2643 2646 2651 2652 2657 2671 2683 2689 2692 2705 2706 2708 2711 2727 2729 2731 2734 2739 2741 2744 2749 2751 2753 2757 2760 2765 2770 2773 2775 2783 2786 2796 2801 2806 2810 2816 2819 2829 2833 2837 2848 2854 2857 2868 2869 2876 2883 2886 2888 2900 2904 2908 2917 2926 2931 2933 2934 2941 2943 2949 2962 2964 2966 2973 2974 2984 2988 2991 2992 3005 3011 3018 3022 3025 3028 3029 3030 3041 3043 3044 3048 3050 3052 3056 3061 3064 3067 3069 3073 3082 3091 3094 3096 3098 3102 3106 3109 3112 3117 3125 3132 3134 3137 3141 3143 3150 3151 3158 3159 3174 3176 3184 3189 3200 3202 3204 3206 3211 3213 3218 3227 3232 3236 3240 3243 3244 3246 3251 3258 3274 3279 3287 3291 3292 3295 3297 3301 3305 3306 3310 3323 3324 3328 3330 3333 3335 3341 3343 3353 3355 3358 3364 3371 3375 3378 3388 3392 3397 3401 3404 3423
4714 640
1 13 17 22 34 45 52 54 70 75 92 97 100 104 116 119 122 124 127 136 137 153 154 160 172 181 186 195 202 204 213 225 229 249 260 264 269 272 282 293 299 302 305 325 329 332 341 370 372 378 403 407 426 431 435 439 444 453 454 464 466 469 473 521 525 543 547 558 564 571 582 603 605 607 620 633 639 645 649 675 688 697 698 701 703 738 754 769 772 787 789 799 808 810 819 828 833 834 841 842 848 862 868 878 883 888 904 920 933 935 937 938 942 948 951 953 955 959 982 985 988 1000 1001 1023 1035 1038 1040 1054 1063 1064 1072 1076 1097 1100 1104 1108 1117 1119 1131 1139 1143 1144 1145 1150 1152 1170 1172 1180 1190 1204 1205 1209 1214 1224 1230 1245 1254 1256 1257 1260 1265 1286 1293 1298 1302 1306 1308 1311 1321 1323 1329 1340 1343 1347 1372 1373 1396 1409 1415 1420 1424 1427 1436 1446 1457 1460 1464 1465 1467 1470 1480 1481 1482 1486 1492 1503 1508 1518 1526 1527 1533 1536 1540 1543 1546 1552 1560 1561 1563 1565 1580 1588 1589 1596 1601 1602 1612 1634 1637 1638 1646 1655 1663 1666 1668 1669 1671 1682 1693 1697 1702 1708 1715 1720 1732 1743 1755 1756 1772 1775 1785 1786 1787 1798 1801 1806 1809 1818 1820 1823 1826 1839 1845 1849 1860 1863 1864 1867 1881 1883 1891 1895 1908 1921 1924 1926 1938 1943 1946 1947 1962 1971 1980 1982 1990 2011 2015 2019 2021 2033 2042 2046 2048 2049 2067 2069 2077 2089 2092 2096 2113 2115 2118 2127 2131 2133 2141 2143 2147 2152 2154 2160 2166 2168 2172 2190 2208 2210 2217 2230 2232 2235 2241 2260 2269 2280 2288 2292 2295 2301 2304 2306 2309 2317 2330 2335 2340 2361 2367 2371 2376 2378 2379 2392 2393 2399 2400 2411 2420 2422 2427 2431 2439 2449 2458 2463 2465 2466 2470 2472 2477 2499 2506 2510 2530 2533 2535 2542 2554 2560 2561 2563 2575 2584 2587 2600 2606 2611 2614 2616 2625 2648 2657 2659 2662 2665 2670 2673 2705 2708 2739 2762 2765 2770 2776 2778 2781 2785 2789 2792 2794 2798 2804 2806 2809 2818 2836 2845 2857 2859 2863 2867 2868 2871 2880 2883 2887 2889 2890 2893 2898 2899 2903 2916 2919 2928 2930 2932 2938 2948 2974 2977 2982 2986 2991 3005 3015 3019 3070 3083 3085 3091 3103 3113 3116 3117 3126 3127 3131 3153 3169 3172 3180 3202 3204 3213 3220 3221 3238 3246 3253 3262 3272 3284 3289 3292 3294 3305 3315 3322 3331 3373 3376 3379 3381 3386 3388 3390 3397 3406 3448 3463 3467 3473 3479 3493 3496 3498 3504 3505 3514 3523 3531 3533 3537 3540 3552 3553 3559 3570 3576 3593 3596 3601 3609 3622 3631 3637 3653 3655 3656 3670 3690 3691 3694 3707 3724 3725 3740 3743 3750 3751 3759 3763 3767 3771 3781 3786 3796 3834 3840 3846 3848 3858 3861 3868 3870 3873 3874 3879 3883 3886 3890 3892 3893 3906 3911 3913 3915 3926 3930 3931 3936 3940 3941 3959 3968 3970 3971 3989 3993 4009 4026 4031 4039 4064 4069 4082 4083 4084 4090 4098 4113 4144 4150 4162 4166 4168 4170 4183 4199 4202 4223 4226 4228 4236 4244 4260 4261 4269 4273 4282 4297 4302 4304 4312 4319 4325 4327 4338 4350 4363 4367 4368 4375 4376 4395 4397 4402 4413 4427 4435 4442 4449 4451 4455 4459 4471 4474 4480 4498 4510 4520 4525 4529 4540 4541 4544 4545 4553 4557 4572 4579 4582 4588 4609 4611 4630 4639 4641 4643 4645 4662 4666 4676 4688 4703 4704 4708 4711
1052 659
1 2 4 5 6 7 9 10 11 13 14 16 17 21 23 26 27 28 31 32 33 34 36 38 39 41 42 44 45 46 47 49 52 53 54 56 58 59 61 62 64 65 70 71 74 76 77 79 81 83 84 86 88 89 90 92 94 96 97 98 100 103 104 105 109 110 111 112 115 116 118 119 120 121 122 123 125 127 129 132 133 134 136 137 138 140 141 143 144 145 147 148 150 153 154 155 158 160 161 162 164 166 168 169 170 172 175 176 177 179 180 182 184 185 187 188 190 191 192 194 195 198 200 201 202 204 205 206 208 209 211 212 213 214 217 219 222 225 226 228 230 232 233 234 237 238 240 242 244 246 247 249 250 251 253 254 257 259 260 261 262 264 266 268 270 272 274 275 276 278 280 281 282 284 286 287 290 292 294 295 297 298 299 300 302 304 305 307 308 310 312 313 315 316 318 320 321 322 324 325 327 329 330 331 332 334 335 336 338 339 341 343 345 346 348 349 350 351 352 354 355 357 358 359 361 362 363 364 365 367 369 371 372 373 375 377 379 382 383 384 385 387 388 389 390 392 393 394 396 399 400 402 403 405 407 409 411 412 414 415 418 420 421 423 425 427 431 432 433 435 436 438 439 441 443 444 448 449 450 451 453 455 456 458 459 460 462 463 466 467 469 470 472 473 475 476 477 478 480 482 483 484 486 488 489 491 493 494 496 497 499 500 502 503 504 505 507 509 510 511 512 514 515 516 518 521 522 523 525 527 528 531 532 533 535 537 538 540 542 543 544 545 546 547 549 551 552 554 556 558 559 560 561 564 565 566 568 569 570 571 573 577 578 581 582 584 585 587 592 593 596 597 598 599 600 601 603 604 606 607 610 612 613 614 616 618 620 621 623 624 627 629 631 633 634 636 637 639 640 646 647 652 653 654 656 657 659 660 662 664 666 667 669 671 674 675 678 679 681 682 683 684 686 687 688 690 694 695 697 700 701 702 703 705 707 709 710 711 712 713 716 717 718 719 721 722 724 726 727 728 730 731 733 734 735 737 738 739 741 742 744 746 748 749 751 754 755 757 758 759 761 763 764 766 767 768 770 771 773 774 777 778 779 781 782 785 787 790 792 793 795 798 799 802 804 805 808 809 811 813 814 816 817 819 822 823 824 825 826 828 829 830 833 834 835 837 838 839 841 842 844 845 847 849 851 852 855 857 858 859 860 861 862 864 865 867 868 870 871 872 874 875 877 879 881 882 884 885 886 887 889 890 891 893 894 896 897 899 901 902 903 906 907 908 910 914 916 917 918 920 921 922 924 925 926 928 930 931 932 936 937 938 940 941 942 944 945 946 947 949 951 952 954 955 957 958 960 961 963 964 965 966 968 970 971 972 974 976 978 980 981 982 984 986 987 988 989 990 992 993 995 996 998 999 1001 1002 1004 1005 1006 1007 1009 1011 1012 1014 1015 1017 1019 1021 1023 1024 1025 1026 1027 1028 1030 1031 1032 1034 1035 1037 1039 1040 1041 1044 1045 1048 1049 1050 1051
