32
3105 164
2 14 27 67 75 91 101 104 124 131 150 159 165 203 206 234 298 330 332 339 367 374 376 385 426 445 479 488 508 582 593 597 630 644 648 662 663 665 708 715 736 758 781 799 809 896 906 913 927 930 937 949 952 988 1000 1016 1027 1028 1029 1047 1079 1088 1122 1171 1181 1185 1189 1209 1292 1332 1334 1375 1411 1419 1425 1433 1444 1463 1474 1499 1502 1512 1521 1549 1554 1679 1712 1720 1746 1755 1757 1765 1772 1776 1784 1795 1814 1816 1845 1870 1872 1899 1909 1969 2000 2003 2043 2096 2118 2150 2152 2181 2217 2221 2233 2256 2258 2268 2274 2291 2297 2325 2331 2352 2410 2419 2444 2450 2471 2492 2504 2559 2567 2570 2594 2602 2648 2653 2659 2702 2722 2740 2752 2762 2766 2767 2791 2807 2813 2878 2887 2891 2925 2933 2935 2938 2971 2997 2999 3045 3046 3069 3089 3104
911 151
8 11 31 35 42 52 56 60 64 66 68 78 81 95 105 111 112 121 122 128 138 144 150 153 156 160 161 171 176 182 185 195 197 213 215 217 221 224 228 233 238 245 248 255 268 271 276 280 287 291 307 308 323 325 328 332 333 335 345 347 350 352 353 356 361 366 378 385 389 390 393 399 413 417 422 434 444 445 447 450 464 467 468 475 484 492 501 518 522 525 528 532 548 565 570 587 594 597 602 603 608 614 619 628 631 643 648 652 654 660 666 677 680 684 685 687 690 708 718 720 733 735 740 744 747 750 754 758 761 763 764 777 794 799 803 809 821 829 832 837 842 843 846 858 862 868 886 892 895 897 904
2539 177
7 8 29 51 53 81 87 108 112 119 121 124 152 171 182 213 219 234 257 278 290 316 323 343 348 367 377 381 389 411 414 416 423 433 462 471 481 494 496 554 594 597 605 618 626 630 637 650 651 723 725 737 746 749 753 766 786 791 811 812 852 867 883 885 929 949 961 962 965 984 989 991 1013 1018 1034 1065 1067 1093 1112 1143 1147 1176 1186 1200 1203 1211 1221 1229 1231 1281 1293 1312 1316 1392 1402 1410 1438 1448 1452 1456 1464 1467 1497 1509 1516 1518 1537 1551 1589 1601 1619 1628 1633 1647 1665 1675 1687 1706 1720 1757 1785 1789 1820 1832 1867 1876 1880 1889 1899 1913 1923 1934 1950 1956 1988 2001 2018 2020 2079 2096 2103 2138 2142 2145 2148 2162 2192 2218 2222 2225 2234 2248 2255 2269 2288 2297 2303 2308 2318 2320 2323 2339 2366 2371 2395 2396 2414 2425 2435 2437 2438 2440 2443 2462 2480 2503 2532
1289 176
1 8 11 15 23 25 55 61 64 75 79 80 89 105 107 115 117 122 124 146 149 156 180 191 193 201 213 215 226 241 242 243 256 262 269 275 285 289 298 300 308 322 325 336 345 357 365 375 377 388 395 396 417 419 433 435 438 444 447 453 456 462 469 473 479 482 487 490 492 495 498 505 518 521 532 541 553 563 575 579 587 606 616 647 653 658 663 667 669 674 689 691 702 706 729 731 743 744 752 768 774 781 783 793 801 808 819 823 835 840 847 853 858 862 868 881 891 911 919 922 924 927 931 937 941 942 957 971 978 988 995 998 1013 1014 1022 1036 1044 1046 1053 1058 1077 1082 1094 1103 1109 1114 1115 1134 1142 1145 1146 1149 1158 1163 1189 1199 1200 1202 1214 1217 1227 1229 1238 1241 1244 1247 1251 1252 1256 1261 1265 1275 1279 1281 1283 1285
3749 172
5 54 55 57 81 86 102 109 116 149 152 162 207 212 248 258 274 284 309 411 425 446 477 523 532 544 574 596 601 611 614 738 758 813 881 958 976 1036 1042 1055 1056 1099 1104 1139 1150 1154 1155 1187 1221 1227 1241 1312 1375 1390 1392 1429 1430 1433 1445 1463 1488 1513 1527 1529 1567 1612 1625 1628 1651 1680 1726 1734 1746 1750 1752 1797 1804 1816 1829 1860 1862 1892 1896 1923 1928 1949 2004 2031 2039 2043 2045 2068 2105 2128 2169 2173 2179 2182 2183 2205 2210 2237 2248 2249 2272 2282 2308 2310 2353 2399 2404 2409 2427 2447 2452 2459 2463 2483 2512 2523 2526 2536 2562 2599 2605 2608 2620 2634 2734 2785 2788 2797 2811 2819 2823 2829 2839 2865 2889 2897 2932 2933 2956 2966 2985 2999 3018 3042 3064 3133 3147 3180 3225 3251 3283 3302 3324 3349 3371 3375 3441 3460 3482 3519 3623 3636 3648 3666 3668 3672 3696 3709
2905 177
35 39 56 83 94 104 133 145 147 158 177 193 198 224 274 275 285 310 336 344 361 369 378 439 440 443 456 459 462 482 498 530 545 556 591 593 601 618 647 668 673 706 717 752 756 782 799 801 808 813 819 837 841 879 902 909 924 931 943 949 978 1023 1055 1057 1080 1158 1174 1180 1193 1211 1220 1235 1244 1247 1252 1287 1291 1307 1341 1380 1392 1413 1425 1434 1448 1454 1459 1464 1466 1474 1482 1501 1504 1545 1552 1558 1563 1586 1611 1615 1628 1633 1646 1647 1661 1673 1685 1742 1747 1750 1754 1760 1765 1770 1773 1807 1813 1818 1823 1883 1907 1912 1918 1929 1946 1966 2006 2011 2028 2053 2068 2077 2084 2098 2101 2137 2156 2172 2182 2213 2239 2256 2331 2335 2346 2355 2370 2375 2400 2419 2424 2425 2435 2513 2514 2557 2563 2579 2580 2585 2589 2606 2622 2633 2650 2661 2670 2680 2691 2725 2769 2797 2826 2832 2838 2890 2900
4350 154
5 18 33 48 60 66 151 195 219 242 250 278 321 351 359 380 383 431 438 491 511 529 534 587 605 608 687 716 732 738 749 833 866 870 880 884 908 943 986 990 1028 1066 1067 1077 1176 1198 1209 1213 1251 1261 1305 1382 1386 1421 1459 1479 1534 1565 1626 1639 1640 1674 1684 1768 1797 1820 1854 1856 1947 1952 1991 2002 2109 2110 2131 2166 2171 2193 2231 2236 2248 2266 2272 2291 2295 2391 2442 2496 2508 2611 2656 2676 2777 2833 2875 2877 2886 2967 3001 3014 3016 3036 3058 3076 3104 3151 3159 3172 3179 3188 3215 3233 3282 3289 3303 3306 3336 3343 3417 3439 3445 3489 3554 3607 3621 3677 3693 3708 3731 3740 3767 3774 3838 3856 3887 3909 3927 3980 3997 4021 4022 4036 4047 4049 4073 4137 4149 4164 4176 4276 4301 4316 4329 4344
3211 159
19 44 189 193 209 224 312 334 345 350 352 361 366 388 447 448 479 548 562 613 628 675 726 762 770 827 837 838 917 926 995 1008 1021 1028 1067 1071 1079 1089 1104 1264 1270 1272 1278 1288 1312 1317 1334 1345 1367 1429 1447 1451 1460 1510 1512 1516 1530 1549 1565 1585 1607 1611 1622 1646 1650 1662 1668 1676 1725 1736 1747 1761 1767 1773 1791 1802 1850 1853 1873 1884 1893 1902 1906 1910 1941 1942 1953 1954 1964 1980 2026 2051 2073 2089 2100 2110 2118 2121 2133 2142 2175 2185 2223 2232 2243 2245 2282 2290 2325 2342 2366 2418 2460 2474 2486 2497 2499 2518 2536 2538 2545 2554 2585 2587 2611 2658 2678 2726 2758 2786 2796 2802 2822 2825 2831 2838 2869 2889 2898 2906 2921 2925 2979 2985 3002 3035 3044 3072 3080 3091 3112 3117 3119 3143 3155 3156 3160 3175 3207
2701 164
21 78 81 108 115 130 134 174 179 190 217 233 275 311 347 352 390 410 452 498 512 518 533 541 551 562 565 573 577 587 599 631 637 642 643 660 675 707 720 733 744 827 832 834 840 863 870 871 878 884 888 902 918 961 979 982 1022 1028 1035 1039 1077 1088 1099 1105 1110 1114 1141 1180 1224 1227 1247 1252 1282 1323 1332 1363 1394 1426 1430 1447 1452 1476 1488 1490 1505 1512 1525 1532 1556 1558 1563 1566 1610 1616 1623 1679 1696 1705 1732 1755 1767 1771 1777 1812 1821 1831 1883 1899 1910 1912 1917 1932 1936 1949 1971 1981 1987 1998 2009 2011 2028 2040 2048 2065 2072 2073 2097 2103 2119 2131 2140 2150 2158 2168 2193 2202 2205 2214 2220 2236 2242 2246 2249 2261 2274 2325 2354 2366 2375 2406 2442 2451 2469 2498 2504 2536 2546 2571 2573 2631 2652 2675 2696 2698
3700 163
83 128 134 177 191 218 223 251 262 271 312 335 347 375 384 388 422 437 460 484 487 497 516 534 546 606 609 633 651 663 712 742 791 814 821 834 873 911 943 973 1019 1031 1035 1069 1083 1101 1107 1138 1143 1145 1150 1157 1210 1211 1234 1255 1259 1295 1310 1324 1331 1351 1357 1497 1523 1590 1596 1705 1756 1758 1775 1805 1820 1851 1883 1890 1949 1989 1994 2011 2025 2036 2090 2093 2098 2120 2153 2167 2175 2190 2240 2249 2253 2290 2298 2356 2379 2398 2414 2424 2468 2469 2477 2484 2517 2529 2643 2683 2686 2688 2699 2733 2759 2764 2767 2803 2813 2817 2826 2830 2849 2863 2872 2890 2897 2909 2920 2927 2946 2953 2958 2960 2969 2985 2997 3016 3034 3037 3054 3056 3073 3081 3100 3106 3137 3148 3161 3170 3175 3185 3190 3212 3265 3317 3367 3388 3509 3606 3610 3627 3630 3674 3690
282 154
1 3 5 7 8 10 11 14 15 17 20 22 23 24 26 27 28 29 31 33 35 36 37 38 40 43 44 46 48 50 51 54 55 56 58 59 60 63 65 66 69 71 74 75 76 78 80 82 83 84 86 91 93 97 100 102 106 107 109 110 113 117 118 119 120 121 122 124 125 130 132 133 135 138 139 140 143 145 146 147 150 152 154 158 160 163 165 168 169 170 173 175 176 177 178 180 181 183 184 187 188 189 191 193 194 196 198 200 201 203 205 206 209 210 212 214 215 217 218 219 221 222 223 225 227 228 230 232 233 235 237 239 240 241 242 243 244 246 248 249 250 252 254 255 257 259 263 265 269 271 274 276 278 281
1017 158
4 21 23 30 35 37 42 48 53 56 66 72 76 85 91 105 108 110 119 130 135 138 140 143 146 164 178 185 192 202 212 222 232 237 243 249 258 264 266 277 281 283 299 302 304 316 318 324 326 329 330 343 351 354 366 375 386 389 390 396 398 411 425 428 433 438 440 445 469 472 493 495 504 505 507 515 530 532 542 544 547 549 554 555 559 567 589 592 599 600 606 611 615 618 627 628 632 640 646 666 679 681 684 687 689 699 707 715 720 723 727 730 740 743 746 747 754 757 764 767 779 782 786 788 793 800 802 811 815 822 830 853 869 874 879 883 884 887 889 891 894 902 914 926 928 934 940 954 956 958 961 976 983 984 987 1001 1003 1006
4951 166
46 54 55 69 97 150 217 228 250 294 305 326 340 343 425 431 442 450 476 512 543 555 557 582 584 620 669 677 685 712 772 789 796 853 875 883 946 996 1031 1057 1067 1148 1175 1240 1350 1364 1385 1436 1506 1512 1527 1531 1580 1586 1594 1599 1621 1698 1722 1742 1744 1779 1791 1806 1815 1841 1844 1855 1897 1902 1907 1958 1976 1986 1997 2017 2027 2098 2167 2256 2300 2320 2331 2354 2371 2376 2383 2398 2407 2438 2461 2487 2515 2537 2560 2582 2600 2663 2735 2769 2795 2841 2859 2914 2972 3019 3062 3082 3136 3232 3270 3285 3311 3313 3347 3366 3371 3379 3387 3419 3437 3449 3575 3661 3709 3714 3723 3856 3857 3992 4030 4055 4084 4141 4144 4173 4208 4222 4318 4334 4350 4352 4380 4396 4403 4447 4460 4485 4501 4545 4606 4608 4609 4629 4638 4668 4757 4810 4815 4822 4843 4845 4904 4921 4933 4942
1506 159
1 3 21 23 27 33 41 53 78 93 103 111 112 121 126 155 162 170 185 194 200 208 223 242 248 254 257 260 263 270 287 292 297 301 304 307 312 317 328 338 346 364 375 379 386 392 399 407 417 425 433 476 486 491 499 523 535 543 546 548 555 559 564 574 575 585 586 589 602 633 646 649 660 667 670 674 698 716 718 729 735 742 746 752 759 768 774 778 787 798 803 807 811 830 841 850 875 884 888 892 900 924 971 975 976 983 1001 1044 1056 1062 1071 1089 1101 1115 1122 1140 1149 1162 1182 1194 1211 1223 1228 1238 1239 1241 1243 1252 1263 1266 1270 1279 1292 1299 1300 1310 1323 1337 1350 1355 1368 1369 1371 1383 1386 1415 1416 1423 1436 1438 1440 1454 1463 1471 1473 1480 1483 1486 1491
4383 155
15 17 19 73 89 155 164 190 193 202 275 294 320 395 453 490 555 562 609 611 683 791 840 849 883 899 954 993 995 998 1005 1125 1141 1144 1163 1201 1204 1275 1308 1339 1342 1372 1377 1403 1462 1482 1496 1500 1525 1561 1562 1657 1772 1791 1817 1819 1827 1857 1890 1916 1931 2026 2135 2136 2151 2154 2172 2200 2228 2247 2285 2288 2294 2325 2333 2344 2348 2368 2392 2399 2401 2470 2523 2542 2571 2637 2642 2666 2705 2731 2834 2864 2875 2908 2916 3014 3028 3072 3080 3087 3103 3133 3146 3169 3280 3310 3330 3342 3349 3365 3367 3373 3385 3455 3479 3522 3527 3539 3571 3572 3587 3589 3599 3607 3632 3633 3696 3719 3727 3755 3766 3770 3803 3816 3823 3830 3879 3953 3988 3989 3993 3996 4020 4024 4047 4068 4105 4163 4200 4207 4210 4221 4240 4253 4354
4918 146
23 52 66 124 205 215 249 262 422 442 448 449 480 484 607 616 621 634 723 769 871 904 914 915 926 976 1022 1074 1085 1130 1154 1180 1212 1284 1285 1337 1359 1369 1380 1439 1454 1476 1485 1545 1581 1618 1641 1667 1691 1701 1749 1791 1825 1854 1866 1877 1899 1927 1944 1952 1979 2015 2036 2053 2128 2187 2340 2433 2528 2538 2555 2625 2663 2670 2699 2733 2749 2755 2775 2819 2832 2925 2934 2939 3030 3039 3104 3141 3151 3160 3164 3186 3220 3241 3300 3340 3348 3414 3543 3559 3593 3610 3618 3621 3630 3656 3742 3750 3765 3779 3825 3869 3951 3961 3992 4143 4172 4213 4223 4228 4241 4267 4301 4327 4356 4383 4401 4403 4409 4414 4432 4505 4510 4555 4586 4657 4670 4678 4682 4777 4805 4816 4860 4865 4894 4907
3579 139
25 139 140 168 186 187 191 208 222 280 307 321 337 351 386 404 406 415 417 427 453 475 520 564 612 630 653 704 725 778 785 801 810 826 860 908 930 989 1040 1071 1167 1180 1189 1197 1216 1230 1264 1289 1366 1383 1402 1404 1429 1472 1526 1609 1632 1723 1773 1810 1832 1837 1844 1846 1858 1863 1868 1919 1924 1943 1954 1966 1999 2003 2005 2038 2041 2084 2147 2153 2163 2175 2214 2251 2369 2372 2378 2405 2410 2417 2431 2475 2483 2487 2496 2513 2525 2574 2596 2599 2652 2722 2726 2735 2777 2810 2818 2881 2915 2938 2942 2947 2957 2965 2979 3007 3038 3053 3088 3126 3135 3142 3151 3232 3268 3269 3277 3306 3318 3370 3380 3395 3411 3418 3450 3466 3498 3511 3542
3922 157
2 41 42 62 74 120 123 138 163 167 186 208 221 223 226 245 256 276 301 313 341 356 397 465 483 495 535 573 606 624 649 671 687 717 842 911 917 940 998 1020 1022 1036 1049 1051 1060 1086 1087 1103 1153 1176 1191 1228 1274 1282 1297 1315 1317 1355 1366 1395 1400 1419 1436 1459 1471 1473 1500 1523 1527 1581 1593 1632 1636 1642 1645 1661 1675 1688 1694 1696 1712 1761 1779 1849 1856 1897 1929 1950 1968 2046 2129 2143 2176 2190 2220 2235 2247 2254 2313 2339 2352 2391 2424 2452 2476 2493 2498 2521 2524 2535 2549 2561 2574 2578 2622 2625 2663 2672 2705 2746 2813 2878 2919 2936 2942 2954 2960 3004 3030 3128 3142 3173 3182 3189 3206 3214 3243 3251 3288 3294 3336 3352 3379 3397 3404 3413 3434 3508 3535 3604 3637 3708 3778 3784 3795 3851 3892
1473 139
8 21 24 30 37 69 84 94 96 103 115 119 139 143 159 163 170 175 180 190 195 211 215 220 231 236 276 309 315 317 329 338 345 354 390 431 452 455 461 484 485 489 498 504 511 513 518 529 538 541 551 558 581 590 591 601 618 620 622 627 628 635 637 640 646 652 659 677 706 713 717 718 753 757 768 802 805 819 826 851 868 874 885 899 903 909 924 973 985 990 994 1006 1023 1028 1032 1038 1065 1076 1092 1095 1098 1101 1122 1126 1127 1131 1147 1156 1161 1168 1181 1185 1194 1213 1232 1237 1244 1251 1255 1264 1274 1276 1284 1303 1316 1319 1323 1336 1340 1364 1365 1372 1382 1390 1391 1401 1402 1415 1432
4584 133
47 50 60 62 101 147 167 216 247 307 337 375 377 400 476 505 538 556 564 597 612 614 616 637 661 663 683 736 758 824 847 859 955 1062 1135 1161 1174 1192 1226 1280 1402 1407 1447 1452 1490 1521 1530 1541 1573 1587 1588 1626 1630 1652 1770 1789 1856 1875 1964 1998 2099 2130 2221 2234 2349 2383 2385 2387 2395 2400 2418 2441 2451 2477 2496 2543 2552 2573 2678 2690 2709 2750 2763 2891 2930 2943 2957 2977 3023 3041 3087 3147 3274 3294 3333 3336 3377 3415 3423 3428 3445 3599 3639 3654 3668 3736 3781 3810 3836 3843 3849 3860 3866 3872 3952 3961 4003 4043 4056 4173 4275 4297 4344 4349 4351 4395 4402 4441 4446 4453 4487 4495 4516
3630 158
58 85 140 153 188 191 276 282 302 353 373 390 407 411 441 485 531 533 548 568 576 581 633 655 668 698 727 732 739 746 775 781 796 823 878 932 939 978 1097 1106 1114 1116 1209 1270 1278 1290 1316 1392 1411 1412 1443 1455 1481 1519 1574 1591 1636 1664 1679 1692 1716 1726 1788 1799 1801 1813 1816 1827 1855 1864 1876 1883 1910 1917 1948 1976 2016 2054 2056 2079 2098 2103 2131 2145 2155 2169 2173 2191 2217 2238 2275 2283 2300 2311 2312 2314 2318 2347 2349 2401 2403 2404 2440 2490 2516 2541 2544 2571 2574 2580 2583 2589 2632 2637 2662 2669 2689 2765 2783 2802 2804 2806 2826 2831 2836 2862 2868 2876 2906 2927 2993 2996 3004 3016 3031 3041 3097 3134 3171 3212 3224 3245 3247 3263 3274 3303 3315 3353 3356 3365 3399 3441 3455 3513 3544 3549 3569 3599
2268 160
25 27 48 54 63 96 109 119 123 125 175 201 212 223 236 248 262 267 280 309 335 358 373 390 403 406 416 420 438 461 475 496 503 507 509 524 534 535 543 560 570 580 582 592 623 628 635 693 719 726 742 748 809 821 832 859 864 881 895 919 932 949 956 974 1008 1015 1059 1071 1082 1086 1113 1121 1122 1142 1157 1175 1186 1197 1199 1200 1216 1227 1283 1298 1312 1322 1329 1338 1355 1381 1415 1418 1455 1457 1463 1477 1490 1507 1509 1546 1549 1553 1556 1564 1579 1589 1603 1612 1618 1643 1651 1653 1688 1692 1697 1701 1708 1724 1751 1764 1780 1793 1797 1799 1806 1831 1835 1865 1873 1895 1912 1969 1981 1985 1995 2003 2009 2018 2027 2032 2042 2047 2064 2069 2082 2086 2103 2114 2127 2132 2142 2164 2183 2193 2195 2224 2243 2257 2262 2266
3624 173
59 62 98 104 122 133 134 142 145 170 189 204 274 293 298 338 427 433 451 502 531 533 535 558 582 583 603 610 616 633 647 649 673 709 714 719 737 755 762 782 786 858 880 890 922 927 948 1095 1128 1148 1161 1169 1207 1216 1235 1260 1268 1333 1420 1421 1453 1455 1469 1472 1500 1526 1544 1550 1560 1571 1572 1579 1583 1612 1629 1634 1650 1706 1709 1782 1807 1816 1835 1854 1865 1942 1953 1961 1970 1998 2136 2161 2172 2177 2182 2193 2199 2215 2218 2244 2245 2267 2271 2286 2297 2307 2322 2338 2356 2377 2437 2438 2462 2493 2506 2539 2546 2550 2554 2601 2607 2641 2644 2647 2678 2704 2705 2742 2762 2780 2794 2816 2832 2845 2862 2870 2873 2900 2901 2937 2947 2963 2984 3012 3034 3048 3074 3079 3081 3091 3136 3141 3158 3185 3193 3236 3269 3285 3315 3324 3339 3344 3355 3369 3399 3415 3437 3458 3463 3475 3507 3579 3605
3313 137
2 11 22 70 163 172 193 200 226 264 303 305 316 329 357 411 442 445 478 481 502 507 558 571 572 578 592 596 615 626 681 709 741 761 796 883 898 906 953 974 984 993 1051 1060 1065 1097 1125 1157 1202 1209 1222 1267 1294 1309 1342 1358 1368 1400 1434 1438 1452 1456 1488 1491 1555 1607 1618 1630 1675 1677 1686 1698 1701 1709 1736 1766 1781 1788 1790 1878 1905 1923 1936 1967 2029 2048 2053 2055 2095 2126 2142 2197 2223 2294 2300 2383 2388 2392 2406 2461 2493 2534 2557 2587 2643 2652 2668 2751 2753 2791 2817 2824 2829 2832 2871 2897 2901 2906 2920 2944 2951 2955 2977 2989 3023 3060 3062 3091 3140 3146 3158 3177 3226 3279 3283 3296 3305
1609 147
9 17 24 25 48 64 65 71 79 95 102 141 144 145 152 160 165 179 184 199 202 228 229 234 240 250 258 260 268 276 297 308 330 342 355 377 402 419 422 452 455 466 491 499 500 502 504 507 514 532 534 540 542 552 569 579 583 590 617 621 628 632 647 653 656 664 668 676 682 692 701 710 726 729 737 762 774 789 791 815 819 820 828 832 834 850 864 899 906 913 919 947 951 954 986 990 1011 1016 1023 1037 1039 1046 1056 1074 1077 1081 1097 1108 1117 1128 1166 1182 1184 1195 1206 1208 1226 1232 1239 1241 1253 1259 1275 1278 1291 1307 1312 1327 1328 1340 1346 1405 1419 1431 1439 1470 1484 1502 1516 1523 1532 1543 1549 1559 1561 1573 1597
2343 146
6 11 40 86 118 133 135 190 196 222 233 242 245 248 258 261 292 294 296 307 317 341 345 349 371 418 429 445 453 481 499 512 514 580 619 678 701 712 763 767 804 821 879 881 890 911 918 932 935 943 945 957 970 1008 1013 1033 1042 1076 1085 1095 1101 1128 1131 1150 1160 1168 1179 1194 1204 1209 1215 1234 1236 1243 1245 1252 1264 1288 1302 1324 1330 1348 1384 1416 1434 1444 1455 1462 1480 1489 1508 1518 1523 1540 1592 1593 1614 1623 1624 1631 1633 1643 1646 1654 1663 1666 1694 1710 1718 1742 1787 1791 1825 1834 1837 1840 1851 1875 1893 1909 1942 1972 1976 1983 1988 2046 2061 2068 2072 2103 2122 2128 2149 2158 2168 2198 2214 2223 2240 2253 2281 2286 2310 2312 2316 2317
4221 155
29 31 49 70 147 200 204 261 263 267 279 289 324 348 403 410 432 494 506 539 553 578 661 686 691 693 760 778 795 808 814 859 896 901 904 937 963 995 1000 1005 1010 1030 1038 1047 1062 1067 1099 1100 1174 1229 1241 1244 1249 1259 1285 1352 1362 1402 1434 1441 1486 1499 1507 1519 1600 1645 1676 1691 1711 1733 1787 1793 1834 1862 1896 1937 1994 2014 2025 2027 2034 2059 2069 2099 2110 2142 2193 2237 2238 2247 2271 2273 2301 2338 2341 2358 2380 2467 2603 2605 2629 2633 2654 2657 2665 2706 2713 2731 2733 2781 2823 2828 2845 2903 2990 2997 3046 3059 3066 3157 3197 3234 3238 3295 3329 3332 3336 3367 3372 3377 3404 3446 3473 3510 3513 3552 3617 3631 3687 3723 3742 3753 3758 3796 3804 3817 3839 3841 3914 3924 3955 4038 4159 4182 4191
2858 165
6 100 105 114 129 141 172 176 198 201 221 231 249 257 259 268 293 346 399 429 485 489 492 515 521 532 535 538 575 577 593 614 638 649 673 714 721 738 784 794 796 806 836 850 855 860 865 866 872 892 896 905 909 932 938 986 1017 1034 1038 1080 1096 1112 1114 1119 1137 1142 1147 1185 1202 1203 1204 1217 1235 1253 1289 1297 1321 1332 1346 1393 1397 1400 1412 1432 1435 1452 1465 1483 1487 1523 1531 1540 1541 1549 1580 1589 1606 1612 1625 1629 1641 1660 1713 1749 1752 1770 1793 1797 1800 1820 1838 1858 1872 1876 1884 1929 1938 1948 1962 1968 1976 1998 2030 2036 2086 2118 2165 2185 2230 2260 2275 2298 2302 2311 2327 2382 2426 2438 2444 2449 2458 2470 2499 2507 2535 2552 2577 2584 2608 2618 2647 2651 2686 2690 2692 2733 2735 2760 2765 2772 2780 2797 2808 2816 2833
2301 142
1 14 21 42 43 64 73 79 83 100 162 168 206 220 244 250 296 309 312 319 323 325 328 333 368 375 405 432 445 463 468 489 507 516 531 543 551 581 586 590 618 654 670 685 758 768 770 784 786 817 826 845 848 864 903 924 945 955 979 1009 1012 1022 1026 1041 1080 1095 1099 1116 1122 1124 1155 1156 1157 1159 1173 1189 1226 1240 1274 1289 1311 1320 1325 1326 1336 1343 1346 1356 1374 1396 1412 1445 1471 1473 1527 1533 1535 1552 1561 1573 1591 1606 1614 1615 1642 1643 1668 1682 1696 1703 1714 1755 1766 1792 1821 1839 1861 1871 1887 1898 1917 1920 1926 1965 1973 1990 2068 2140 2150 2169 2180 2192 2193 2205 2208 2236 2262 2277 2282 2289 2292 2297
3482 148
27 47 50 64 108 128 181 235 277 283 290 293 330 373 492 531 550 584 647 670 681 703 713 724 742 771 777 793 806 830 869 903 918 933 935 953 958 974 978 1007 1014 1043 1053 1092 1093 1141 1154 1175 1181 1186 1203 1262 1263 1294 1307 1327 1360 1388 1390 1402 1464 1468 1497 1566 1574 1590 1594 1609 1611 1616 1637 1641 1713 1718 1734 1741 1871 1890 1929 1969 1984 2005 2018 2088 2096 2101 2111 2120 2149 2204 2275 2281 2305 2310 2329 2355 2368 2380 2395 2400 2406 2437 2444 2446 2461 2500 2523 2544 2556 2569 2597 2610 2615 2668 2685 2689 2714 2768 2776 2779 2781 2791 2905 2956 2963 2967 2985 3001 3016 3049 3056 3090 3092 3106 3113 3137 3156 3192 3196 3219 3238 3305 3316 3328 3368 3378 3381 3461
4878 160
20 39 51 60 64 109 123 133 145 264 281 304 348 349 364 380 435 459 475 589 602 606 629 632 644 656 665 678 684 698 700 786 805 843 873 918 941 943 952 954 1011 1021 1024 1029 1064 1087 1101 1124 1126 1142 1162 1221 1230 1259 1313 1389 1440 1450 1523 1600 1630 1631 1641 1690 1706 1709 1723 1733 1806 1836 1903 1906 1955 1972 1990 2050 2055 2060 2123 2131 2138 2150 2153 2186 2198 2221 2248 2339 2352 2410 2489 2531 2553 2601 2626 2647 2690 2698 2731 2809 2928 2930 3006 3031 3060 3066 3087 3133 3176 3238 3315 3331 3374 3391 3478 3492 3505 3509 3517 3529 3545 3596 3619 3657 3662 3678 3818 3849 3866 3867 3881 3902 3930 3949 3970 4035 4039 4042 4074 4079 4119 4201 4248 4305 4330 4358 4429 4442 4501 4513 4572 4580 4633 4656 4663 4705 4733 4792 4795 4852
4790 146
28 34 112 135 203 241 308 400 408 423 430 431 492 506 548 569 592 657 691 713 738 740 752 765 786 809 827 832 876 895 939 943 958 962 970 1002 1029 1032 1083 1092 1147 1151 1170 1196 1225 1237 1239 1253 1264 1270 1331 1454 1498 1500 1555 1617 1676 1733 1746 1766 1856 1911 1920 1922 1964 2012 2099 2121 2126 2206 2255 2300 2354 2415 2462 2465 2466 2479 2480 2498 2500 2580 2624 2629 2708 2769 2810 2848 2855 2932 2934 2956 2985 3031 3099 3117 3125 3181 3231 3310 3317 3343 3355 3474 3479 3531 3538 3585 3599 3613 3642 3689 3728 3759 3834 3836 3856 3874 3896 3901 3907 3988 4003 4048 4065 4105 4117 4134 4138 4175 4177 4260 4286 4296 4346 4365 4444 4541 4565 4630 4632 4660 4697 4711 4727 4785
