8
365 59
8 9 14 18 44 49 50 69 90 92 94 104 106 108 113 115 117 119 132 134 137 158 166 170 178 183 187 189 191 194 196 197 212 215 221 223 228 230 236 240 249 255 260 266 274 279 289 292 299 306 317 331 340 344 347 349 351 355 359
213 60
5 11 13 21 23 31 33 40 41 44 45 48 51 56 59 62 68 71 75 77 78 83 86 88 89 90 95 96 102 105 107 110 112 114 117 123 126 131 133 139 140 146 147 148 151 155 157 161 163 165 170 177 185 186 189 195 196 201 203 212
195 64
8 10 12 16 20 21 24 25 26 29 31 34 35 37 39 40 46 48 52 53 56 59 60 64 67 71 73 76 82 84 87 89 93 99 100 101 108 111 113 116 117 120 123 126 129 132 137 139 141 145 146 150 151 161 163 164 167 170 178 179 182 183 192 194
401 68
3 10 12 14 17 19 28 31 32 44 53 74 90 96 101 109 114 123 126 133 134 146 154 161 162 166 172 180 183 185 194 196 203 205 209 213 231 234 242 247 253 262 270 271 274 280 282 285 291 292 294 297 304 308 322 334 336 342 352 356 359 366 370 383 384 388 392 399
474 79
25 27 32 33 35 51 62 65 72 78 79 82 95 100 102 111 119 133 148 157 159 162 168 175 186 190 191 195 196 200 209 218 220 226 228 231 239 242 246 254 261 268 269 285 303 305 306 312 315 330 334 336 344 345 359 372 374 376 378 381 382 393 398 405 412 414 416 418 420 424 432 433 434 440 442 445 448 472 473
237 55
1 7 9 13 16 19 28 29 32 34 42 48 53 54 62 64 65 70 75 79 81 99 110 115 118 122 124 125 128 130 131 134 136 137 139 143 147 149 154 156 158 162 168 174 179 184 185 196 211 212 213 220 226 231 236
457 50
4 18 21 23 33 47 51 84 87 109 120 123 147 149 153 156 162 163 182 196 202 204 222 247 254 263 269 277 279 288 290 292 300 306 318 321 325 345 346 349 372 377 381 399 412 416 420 429 436 452
304 65
3 8 10 11 14 17 21 38 40 44 47 57 59 63 65 66 71 83 86 92 97 100 104 108 110 114 118 133 136 138 139 144 146 148 156 160 163 166 175 177 179 181 183 189 198 204 214 215 221 230 231 238 246 250 254 260 265 268 269 275 282 288 296 298 302
