300 553
14 274
95 289
200 274 167721840
32 284 6027818
52 123 407289667
34 114 267003901
39 48 588921776
219 272 518232473
91 286 66215672
1 146 849378655
292 300 588207830
128 246 577094327
1 94 787460835
117 290 340064033
93 222 177236549
24 228 1000000000
22 87 126616363
22 72 249431461
29 277 7034988
97 140 425867545
105 149 5906585
41 234 828669386
61 162 287805323
18 169 805808865
113 244 240161784
30 119 216290510
52 117 143402250
20 61 446177626
67 216 4584580
41 127 696327618
261 285 7082536
69 178 286246966
292 298 507009978
184 233 482131905
187 226 224751749
25 241 821893465
65 270 198007518
248 268 842264138
4 85 413310225
41 292 153145111
188 197 2826706
212 280 925730243
97 169 609597904
89 225 6803167
6 206 624131920
60 100 432639865
33 242 798280188
146 212 801769631
41 190 452316043
136 299 378622725
70 171 499801396
164 287 786432035
54 241 374953053
96 169 951971351
165 273 195757438
117 268 7077427
4 105 904108848
4 104 76670847
176 211 551907250
275 278 1000000000
70 196 298555610
258 296 8441309
29 264 148986836
204 210 550424414
129 220 7994481
192 204 19463144
171 191 689091019
171 257 1000000000
197 221 7479829
118 186 671965722
18 239 826994883
27 39 5957391
200 256 258978757
81 135 112388264
12 100 586898577
110 208 973996196
95 130 318884124
116 183 542801402
46 290 434389245
160 227 749760492
2 106 1000000000
18 120 1000000000
21 88 190486313
53 251 90120589
50 214 1000000000
8 135 459547153
36 40 49254787
228 234 1000000000
160 228 137650802
88 213 308820471
168 271 474128474
119 240 67893822
136 231 6235352
9 25 7263292
155 295 758358375
93 289 1124944
95 131 1370599
48 243 198029140
152 198 1616077
22 138 843179114
38 74 8209130
8 116 45162122
63 198 9421215
210 212 371902868
106 108 884372624
113 283 413571066
75 221 974687281
71 205 759153342
180 201 326729242
128 270 126689408
238 275 980259866
140 187 1000000000
105 212 516081451
36 143 7808603
7 94 473068463
68 231 658850987
88 255 4153481
232 242 50117930
123 257 5812162
203 209 4978953
146 232 1000000000
65 283 81029310
39 117 513935405
125 159 565960282
59 107 772355419
159 195 82146974
111 175 644986062
56 224 782822751
188 250 10984145
5 190 1000000000
26 115 260469244
147 254 1000000000
120 215 1000000000
133 236 8937574
40 117 557748247
98 215 43336085
8 85 162753680
25 28 1000000000
158 165 229682191
65 157 436285080
37 284 356250535
128 220 307049979
33 34 20197370
109 283 1960257
258 260 279990733
1 25 354935699
122 264 236833351
83 123 1000000000
24 140 1000000000
187 253 254788574
57 283 889871410
3 242 1483379
223 299 324416779
72 90 9715757
64 271 1000000000
85 124 959080045
39 41 556445002
192 281 111122898
120 134 308094903
26 153 578248042
113 214 465734913
100 215 290161742
63 182 4135784
179 280 583671511
267 278 124358178
57 131 1000000000
76 85 19228170
143 274 3353033
182 220 896189656
218 292 541080694
79 266 409306730
105 137 4087455
262 289 6074992
199 259 5318133
3 277 7032352
153 282 406349931
90 123 18242916
72 193 103290060
58 264 244655988
57 230 836085856
43 204 1000000000
196 294 383159562
57 138 216614688
157 266 3836976
27 149 6894611
183 233 903085187
192 268 916691344
131 207 7426730
55 122 107048517
126 179 55268637
18 132 969046947
76 248 834491590
68 85 593265713
26 293 387328873
237 294 117277238
210 299 77912893
231 243 342978980
1 31 726144566
84 230 61428831
180 215 621793215
62 259 101962226
35 137 540588866
135 259 1000000000
8 256 787980208
84 206 139912276
43 75 1000000000
99 207 1000000000
183 269 8916074
237 260 245993930
68 97 528479975
65 229 1000000000
122 137 710147685
144 210 550806195
85 102 216011543
52 169 813407697
56 137 5875786
82 144 439882792
90 186 299026747
44 53 3647361
104 115 159865513
50 296 795829823
5 253 465845741
68 138 55496019
131 281 1000000000
93 265 1000000000
16 144 208907305
132 150 106431384
181 235 251695655
34 196 468302150
62 94 1000000000
137 200 1000000000
114 292 707514167
156 285 1825064
112 180 84655003
160 187 915819224
101 175 379123669
170 272 467142130
75 208 124550615
35 163 533123006
53 221 508367710
98 258 784155238
116 146 619136657
9 288 1000000000
74 188 30853253
151 170 1000000000
60 71 4043686
22 146 1000000000
64 245 78115056
44 59 425512204
74 125 514834604
16 170 781592911
120 281 122968354
12 33 1000000000
166 245 1000000000
220 261 577889572
223 278 70057951
66 75 5306861
97 160 324081845
208 253 354353908
186 269 78271783
90 212 589839466
138 175 54522697
108 130 30794307
61 299 114725099
214 231 809404225
237 278 275624190
24 54 50102181
157 258 90292784
158 180 236276708
139 272 4170678
42 206 528811373
155 282 840581378
80 272 258089519
15 104 887440581
216 273 1000000000
209 224 51509946
51 253 272867521
31 260 511688957
107 270 72426159
121 225 43956927
283 298 842529909
135 290 277858605
121 147 53380923
52 174 363168307
59 293 473833798
237 256 512610545
193 271 6366326
52 250 66266520
63 107 394159894
11 188 807987783
4 179 45968665
12 14 3615565
159 277 65404553
15 163 71555895
52 109 1576770
130 258 585846867
43 91 5939875
216 287 2884086
8 101 699616986
203 245 347472554
71 284 713757779
222 235 1000000000
161 192 176949054
79 253 393236525
34 131 1000000000
132 180 484527516
248 267 15614049
69 238 8039988
16 96 332874515
7 82 5803883
141 239 259911104
2 275 849295
176 195 718081969
101 192 65776300
183 278 1000000000
3 168 205394989
75 292 680606163
136 194 153732531
103 269 9667859
42 132 189170718
229 297 874283459
16 41 8399014
141 287 959516083
42 150 82739334
79 193 1000000000
168 244 8978275
71 190 1705193
30 218 115931417
21 227 62545177
51 199 590210892
47 131 614339980
179 290 22899332
72 179 922182441
34 150 90647171
188 202 981648945
10 257 6335088
119 257 1000000000
89 175 776989785
112 164 5864697
30 193 1000000000
15 72 4039678
67 157 898216223
40 141 126467886
146 231 892637733
118 224 104448462
195 220 763450266
232 293 597697581
102 229 746376864
106 114 106106860
30 134 6715339
204 272 577872523
104 138 201130316
121 151 8682900
52 249 821867959
164 240 646792004
11 149 1000000000
190 258 877548397
177 258 912896505
53 74 467207922
21 214 315899743
232 282 428481
54 77 1000000000
160 292 459329010
121 160 2707079
142 222 993877665
84 211 286283
98 257 228466468
222 291 5805197
48 297 8740382
199 262 2110801
34 162 81260056
64 199 1000000000
62 103 593978
70 205 118776731
204 298 240567229
88 259 693458632
42 199 1000000000
110 217 7163353
80 172 505124788
55 160 589781141
116 162 513887423
29 111 644605
141 285 443341477
29 97 227169408
113 191 3422968
244 258 434197892
32 213 233601213
110 121 38681283
39 67 6831651
188 254 913664485
169 228 1000000000
145 167 44303485
121 298 963631909
286 291 93452749
91 265 807921120
12 78 701919360
130 168 142670700
104 119 504833312
20 100 33642459
160 168 288240086
47 206 63460101
35 226 377893670
48 133 457801267
2 287 9327249
132 300 49380991
186 189 653678657
12 90 879204
247 291 8949060
152 183 812055
17 279 5269156
164 276 243697650
30 36 112310525
135 281 194723235
108 182 235968055
20 156 2671739
173 226 460390873
61 236 821372177
20 167 159183196
17 200 925594714
165 180 6594517
15 166 131346569
195 286 7999033
213 252 391467592
207 232 195761197
105 294 1000000000
166 186 153924743
81 110 727820314
48 184 6703116
111 144 8118566
281 287 1000000000
50 182 3632101
120 291 1000000000
93 163 8590701
22 225 4863465
187 213 110269751
50 187 971791485
124 167 812076573
31 160 963114477
84 250 52484892
114 160 1000000000
116 177 648692161
48 279 318473305
231 250 7172261
35 147 257085803
158 184 503303234
221 296 574609670
40 195 748287521
145 194 8317378
25 92 530601453
42 200 43304125
68 274 69232422
62 148 66692513
29 126 584993867
38 263 7223777
151 279 8797389
24 32 456830289
95 294 988011426
6 67 1000000000
73 206 8682321
111 295 16338230
18 283 4061805
56 239 1000000000
139 233 194291322
172 228 3470189
130 193 337824100
14 299 888324210
10 275 132401
53 196 242078476
42 51 519583984
37 154 161659445
111 117 166117260
63 251 647235159
2 179 900526336
158 202 308536349
24 276 263210284
20 264 1217110
85 243 277393706
139 189 14240501
41 136 106237714
131 173 402620741
23 205 459021938
2 228 136237867
52 186 126505836
56 236 93461107
96 247 1076092
249 294 127443323
121 287 267268499
27 60 92422689
107 290 273318587
30 181 46230614
195 267 1000000000
6 290 399329325
25 133 1174806
74 281 869912495
36 81 2959086
93 185 635142344
99 224 373740607
49 264 41859178
95 177 8165514
62 178 1000000000
11 59 119232957
1 17 211513387
78 148 557239542
9 49 314742591
264 292 213429737
111 292 361771968
4 213 132943141
148 262 42698647
267 270 694555911
59 170 6599343
158 172 982847636
139 162 347894960
119 134 209575171
248 299 534446957
146 298 120009578
34 80 528895101
60 295 265776295
63 92 476375811
127 171 227382615
181 297 583307846
32 45 228057695
19 232 795270236
121 196 428830047
91 209 378421863
16 268 43831184
24 95 1000000000
108 230 1230940
137 148 65955144
86 270 116405887
10 173 505546967
49 228 341690897
20 299 331452527
149 235 1000000000
252 269 1000000000
127 174 519071158
193 260 643680234
14 175 1000000000
32 245 290276777
234 272 505819591
13 158 382162305
38 92 198018855
121 201 282953994
77 199 260118375
9 140 8916796
67 177 75612502
259 284 762650072
161 239 55628252
236 249 1000000000
149 221 402656993
148 154 1000000000
58 71 638392598
196 287 696098546
14 85 569051407
192 265 248170286
116 283 343402830
