250
2
318 449
2
196 415
2
437 286
2
382 365
2
393 204
2
449 102
2
346 400
2
469 12
2
61 328
2
421 265
2
470 255
2
372 33
2
109 374
2
34 223
2
385 322
2
213 250
2
162 398
2
297 317
2
200 429
2
458 123
2
237 451
2
367 209
2
132 447
2
92 266
2
364 225
2
482 88
2
359 79
2
62 460
2
365 251
2
209 14
2
466 263
2
117 142
2
212 319
2
283 358
2
200 383
2
109 167
2
442 91
2
154 283
2
92 351
2
12 325
2
10 226
2
274 105
2
24 422
2
412 29
2
204 124
2
113 457
2
349 175
2
377 64
2
434 167
2
191 264
2
480 313
2
332 156
2
494 235
2
25 362
2
426 155
2
207 79
2
89 292
2
141 49
2
50 174
2
254 113
2
203 211
2
131 200
2
339 298
2
85 431
2
80 5
2
202 143
2
238 124
2
1 194
2
319 48
2
262 289
2
346 4
2
163 431
2
309 56
2
294 354
2
423 167
2
17 319
2
437 280
2
502 66
2
497 207
2
371 200
2
321 412
2
423 381
2
430 99
2
457 327
2
248 206
2
34 201
2
95 421
2
244 509
2
308 314
2
298 129
2
395 335
2
359 207
2
470 265
2
306 444
2
404 181
2
14 188
2
28 152
2
318 506
2
483 122
2
85 247
2
256 50
2
327 463
2
162 232
2
62 141
2
47 318
2
154 350
2
43 245
2
23 204
2
116 114
2
465 439
2
247 227
2
309 351
2
330 326
2
476 436
2
151 429
2
454 56
2
362 203
2
187 48
2
190 248
2
93 381
2
122 488
2
458 402
2
343 451
2
463 382
2
38 116
2
362 158
2
274 499
2
298 472
2
188 257
2
472 316
2
486 488
2
259 345
2
506 210
2
333 170
2
501 371
2
231 150
2
91 47
2
10 415
2
255 122
2
207 206
2
446 225
2
118 148
2
52 165
2
143 409
2
372 326
2
274 95
2
249 436
2
445 89
2
98 269
2
191 484
2
57 100
2
318 39
2
415 86
2
236 25
2
329 383
2
228 218
2
510 184
2
168 482
2
5 231
2
350 88
2
74 11
2
166 79
2
290 488
2
158 55
2
312 461
2
238 106
2
94 76
2
378 183
2
360 68
2
174 320
2
396 146
2
19 28
2
182 350
2
497 145
2
403 278
2
439 422
2
482 181
2
507 250
2
2 115
2
195 401
2
270 280
2
228 285
2
476 158
2
14 260
2
45 24
2
291 325
2
122 2
2
22 95
2
7 98
2
469 303
2
187 261
2
170 397
2
195 495
2
116 177
2
166 464
2
221 503
2
48 91
2
31 12
2
100 441
2
376 73
2
328 33
2
456 20
2
97 235
2
362 96
2
462 88
2
237 102
2
343 164
2
500 194
2
162 207
2
322 22
2
348 437
2
219 305
2
156 234
2
300 124
2
440 331
2
88 11
2
60 411
2
104 240
2
3 201
2
302 296
2
171 62
2
357 506
2
463 20
2
283 211
2
252 54
2
359 3
2
394 194
2
283 510
2
9 462
2
175 36
2
369 386
2
394 226
2
92 396
2
338 352
2
394 411
2
173 451
2
392 491
2
20 247
2
339 74
2
244 153
2
477 208
2
485 384
2
448 352
2
450 229
2
321 213
2
124 429
2
27 116
2
134 311
2
488 146
2
92 334
