10
45
394 280 323 183 34 343 405 181 310 232 141 435 332 214 155 62 4 224 367 366 296 361 440 148 337 285 442 459 137 115 165 85 23 52 59 9 40 187 399 354 397 110 234 72 90
54
55 389 443 188 250 329 408 60 165 325 35 270 283 92 431 398 399 294 272 115 34 406 461 141 434 473 260 236 40 162 68 98 366 405 336 280 503 138 103 499 466 394 291 221 242 143 420 228 95 23 368 206 205 71
40
369 506 416 404 222 60 486 33 70 69 153 407 476 162 136 376 227 28 316 357 281 110 462 191 470 495 193 498 212 86 493 365 274 286 49 338 321 349 123 283
45
467 20 344 106 339 394 13 366 497 120 304 46 21 74 125 443 69 114 463 291 297 272 302 150 477 322 76 83 158 174 308 422 105 175 184 469 416 431 203 374 320 271 261 250 473
51
312 485 379 315 456 231 477 357 310 174 436 501 489 320 234 388 335 297 43 128 29 316 241 72 461 244 8 210 165 510 429 347 361 418 50 419 445 80 466 373 224 269 121 12 177 400 222 214 354 246 25
50
399 103 447 200 376 167 391 131 73 449 373 109 330 204 426 384 322 308 175 476 183 176 27 136 57 10 269 147 161 291 206 316 159 227 246 155 344 413 7 434 49 353 403 371 128 31 421 450 44 92
54
390 183 276 92 236 279 195 165 330 292 350 220 67 305 96 369 31 281 104 164 453 487 403 507 273 359 316 26 375 449 343 344 396 397 430 28 193 441 57 63 252 468 179 240 346 307 47 290 93 11 235 366 264 471
56
236 376 281 356 238 182 62 198 14 395 320 150 275 258 64 205 33 226 106 83 98 465 455 40 8 232 250 500 10 120 436 153 140 52 207 418 180 390 39 291 48 350 193 360 407 449 67 234 321 380 467 75 96 329 191 199
54
371 286 471 105 41 13 169 148 370 165 391 111 136 17 258 84 281 273 447 351 196 4 502 505 302 69 142 15 488 477 205 456 461 38 409 235 422 431 177 340 444 7 219 510 59 365 97 376 294 326 67 317 277 367
51
407 401 231 296 56 267 451 210 344 158 41 352 384 30 364 394 483 87 354 470 62 80 324 191 499 311 116 3 335 241 28 304 32 67 59 207 164 94 85 425 493 118 317 258 84 473 382 33 438 294 322
