20
410
00000000000000000000000000000000000000000000000000000000000000000000000000000000000000000000000000000000000000000000000000000000000000000000000000000000000000000000000000000000000000000000000000000000000000000000000000000000000000000000000000000000000000000000000000000000000000000000000000000000000000000000000000000000000000000000000000000000000000000000000000000000000000000000000000000000000000000000000000
11111111111111111111111111111111111111111111111111111111111111111111111111111111111111111111111111111111111111111111111111111111111111111111111111111111111111111111111111111111111111111111111111111111111111111111111111111111111111111111111111111111111111111111111111111111111111111111111111111111111111111111111111111111111111111111111111111111111111111111111111111111111111111111111111111111111111111111111111
46385348 742602779 117354343 141508252 463432252 293371516 250905538 77896661 770361306 905075254 296893480 707154780 28564433 68782119 963329240 397387522 354330820 320051995 100151992 794177052 773025884 192291942 344258477 294080065 687756664 919989597 166797259 350108292 240730557 345998774 931609169 500708641 401268054 827956958 974408031 981855535 147513095 354157949 290512170 115031961 807845584 151422226 67223972 314625193 621584318 90147255 1592168 123397535 573737742 61958325 858581145 298034409 174378227 109289070 490340017 181580525 47472871 255906056 336493192 384957992 96428048 168198274 957640512 816453528 284490410 165212584 44360782 651747383 235660013 623402284 498138644 539848226 448559605 749132987 518084036 953935731 876702941 639225811 446874749 507950287 756554276 953544176 33604422 70007478 490005552 806625518 257513817 408753328 927311185 674619440 36398923 311366710 708558381 571841858 630981635 132032111 167439425 86589375 527774468 783349327 15743252 282484507 916049546 237205192 565921113 861399876 407127248 631171310 384627686 582806972 578390919 199045461 994919071 555128052 256019565 274029755 218429019 855126931 671806707 306944497 831753960 232395706 526177672 897915651 931903980 808373391 660225969 466373640 994640187 927709508 408794973 317208708 10423449 529648695 91802898 556442443 523846010 687815569 821663686 134915727 229505916 40375901 295503483 57778484 855193076 343668803 653453112 981272832 73640828 152791931 318810444 316513504 861579222 869429858 730571487 590055573 795793104 262465396 128974025 196852495 461460130 956320109 297991495 297186895 853170225 532311543 519033386 760712725 523058176 390744301 644644902 505305963 654432827 776490372 918666865 941388299 4703406 922820614 734272819 549619844 252322935 458901722 930795997 633032266 355934357 129991362 914568370 687755808 651876891 171126240 215486069 302612625 656771454 234854728 970915495 662575454 265451627 54951380 556068859 733948883 61665281 725963531 102637606 441290935 452934710 794709261 221891234 600403511 131198369 988688108 680833186 961659848 672866506 400456118 993326355 33490235 654417451 232233899 66425724 743502717 298007278 905659008 606304351 355477856 926254222 325975586 441995490 170267873 91090361 800173818 230288160 226291207 435046049 273837797 799605006 532072605 791126546 193634936 351838171 868717957 519340083 109611733 517636523 854850299 304223412 6682969 558869483 452634313 897308789 874065402 167020288 349138790 386077641 956057109 870752596 410350013 609354840 295775923 231135772 714993665 103985737 863645602 431743543 678977383 805802027 248226278 700929672 77854717 620945052 966292167 899192023 743039260 953436453 134198617 489181665 632344516 794206607 551856803 848238519 310799271 442185169 358490013 430795037 895667756 505419343 950439299 510962269 351881836 286274836 778087595 112287967 120880744 5413902 814992994 404808953 621709163 9006903 546690915 366094291 740869578 963432152 42854379 214291213 374865883 738892159 991176788 732483501 503653720 404667148 77485890 178318636 525109992 835454237 477377636 555252050 461785749 442829102 101512481 480890495 327450830 458439275 549977148 937622076 560268330 670750733 80406477 890027254 240011735 979984390 160227649 73849702 673652382 32430640 186327292 336269842 23028880 737158491 455383530 463356044 614569112 461195031 655184200 306472356 972915430 95517140 621624826 276573765 185593563 230723368 129483312 440492228 815464943 879969992 847173214 983389251 306497541 39526672 276401281 560989460 73091212 653157439 746349516 159911707 305894523 82155095 527745875 29616668 850971067 426284232 592021405 460309653 237518093 71647967 144264333 671385507 447963564 672558927 972347497 944215232 905049299 411136646 595814288 133078837 133424489 586876947 339036239 498441587 440093832 222174469 322936330 587919971 315408751 18303510 511055221 994463666 424064458 445390216 896161424 677323788 196164852 694974185 268580009 184206379 449601624 972756664 383000904 693376693 296088137 28817690 246982087
27
000000000000000000000000000
111111111111111111111111111
451835655 863564234 189006516 999708920 41324949 207370438 842250652 602098160 389187301 697805812 56817986 707807809 596045984 831965595 411699706 226342040 606603946 673375435 636167029 484301721 592957243 332969242 238110591 303621066 917374520 759370480 688922169
46
0000000000000000000000000000000000000000000000
1111111111111111111111111111111111111111111111
398195859 308004857 616452822 440733973 838746830 960527466 146139324 811293596 774369561 827886641 737301945 541827496 522392534 463932026 811286798 333605008 472548295 271412817 661454585 250261343 836249764 181863668 513953900 366912672 411427373 639027212 952477979 848076649 579181275 27183976 579141026 663911816 59744461 218418275 878621660 800084071 82738163 772360572 76948192 209165850 792565025 464040994 634919580 534830970 9541664 203182403
43
0000000000000000000000000000000000000000000
1111111111111111111111111111111111111111111
485349730 43485483 376668596 46678445 619009156 583735274 438580139 728086574 567015446 636800318 317715808 504553455 676895419 305745814 37839854 369976163 849932458 859025508 201147551 974123765 163968306 301327946 443711452 36530681 874807486 118118095 353448629 282762248 752574324 811946359 799896474 102290944 320707485 929870382 721268665 844866086 658696663 615706954 777713425 627398288 191168913 849068124 300285663
90
000000000000000000000000000000000000000000000000000000000000000000000000000000000000000000
111111111111111111111111111111111111111111111111111111111111111111111111111111111111111111
963194679 649431226 901029265 889361256 680256058 934898019 948447393 981047541 35990530 976519893 331058227 433041025 271236100 353196176 771656142 777631241 782838246 491524259 484939017 682084221 705093920 629743379 660014246 962978744 400247560 115283793 724499303 425768793 857350251 570627351 141511319 782269628 719856775 720463110 796161451 70037397 905096407 233491731 646752074 340290502 423789360 948196006 868815464 116305193 115951812 840739700 317116630 28072755 929612412 504219856 178026026 438194050 511286475 938410139 734237847 910901098 747827432 877696741 704915292 304103655 249039070 204735203 845418486 469472612 441913975 505582384 205477792 795476825 975485478 536334648 215845686 175575646 269591428 387264676 874226064 37684371 48473610 372188688 594719268 720803966 32057222 581889169 691887580 611439613 794549187 660574484 494229448 709790057 670856817 305441724
26
00000000000000000000000000
11111111111111111111111111
395383857 756127967 718169211 196763643 584211660 360118190 942851267 713893337 567689391 12867764 102204675 662015055 22972143 900760570 196980226 546383985 870890452 634397624 729858163 190016067 251536451 274488132 482331035 551527812 187080561 509142961
21
000000000000000000000
111111111111111111111
361800910 337096188 340226124 522713748 886449644 209126077 513518887 158298835 177342801 182644885 537925779 671579276 620882875 581886840 852747708 268358936 80555704 491195982 566715115 300248888 490550881
96
000000000000000000000000000000000000000000000000000000000000000000000000000000000000000000000000
111111111111111111111111111111111111111111111111111111111111111111111111111111111111111111111111
34715164 410205909 837051686 362664468 994244307 697282916 78988528 310543112 383562794 810227962 563467568 805696259 389046465 522684547 440862755 85486663 536272103 180420876 370931326 338529486 755979434 794968062 980716478 197934182 900936412 494602419 517549516 134420434 846009188 368201540 846346079 426436063 630854119 245874956 355511792 104567549 698688164 327310106 864391989 731632982 730572696 957866689 391017833 182063666 543298682 126981723 580433484 214768494 249653482 472755705 14006844 78530578 501390819 935185871 370530338 450327889 451707647 244631101 847324449 159502375 284368021 67599246 392833403 782207322 701655718 482700216 540005574 294042755 947056561 147236041 523120982 165830724 892983261 398060150 643316678 814276968 937692874 154508416 262880470 635680088 292710449 877771865 365208003 827873460 782678465 192943657 498920164 348720481 946802857 866533156 439878078 778220686 12425148 957728903 330769314 116573478
45
000000000000000000000000000000000000000000000
111111111111111111111111111111111111111111111
193435968 599413455 101433655 339386400 152647618 35319203 959168488 728105880 199136725 530777311 409764496 89658507 452551336 26743568 85180223 298204853 553325719 690094969 335820635 792415753 528124201 496718561 743813035 743567890 484736573 579956188 177575902 576530579 839634892 275914801 771659639 640213715 303686423 721659212 869044332 710612615 227392958 543141242 90440539 610272203 223098236 892155463 868840575 619500264 822054027
35
00000000000000000000000000000000000
11111111111111111111111111111111111
990940718 136992155 444024935 229209562 699392829 587121504 262295898 868913412 914856700 192221027 474852804 80640136 767160595 136526736 638818204 949718906 337492806 63373971 86826096 858602819 426427556 27296980 244727660 929649130 761180367 839090878 666634272 865081355 500629111 891447700 479405946 704243753 241481926 894751072 720230990
68
00000000000000000000000000000000000000000000000000000000000000000000
11111111111111111111111111111111111111111111111111111111111111111111
674232824 838135256 777545362 563196683 271715402 40155183 989550664 601216653 663362465 583305723 982059740 40729179 247788787 4859233 468880422 829446754 905582220 285851274 632771767 314283940 582555000 23523635 910692517 724724507 914975298 900125208 85888562 655542148 94553208 378024607 518075622 842634802 58515426 608342085 325560561 998279147 990936172 882354862 67449112 260553444 68454358 5309383 880064267 215429237 422651039 312833353 885383889 515154355 494958011 101086121 42660634 129254626 712615384 812860588 738257061 357463947 883188989 455849762 377701 229631796 618009899 255238983 956676510 861889930 170286987 982464989 935843714 17018820
48
000000000000000000000000000000000000000000000000
111111111111111111111111111111111111111111111111
492799675 319917755 156323349 885456830 412321535 198834471 254367554 766158843 227608004 181600757 43331725 189104442 877641081 230427071 260357625 540864863 127892294 152828003 260468765 184572223 151585362 87603099 672675224 369964312 490087155 78823607 83016039 27954748 736523871 718952568 17753126 725905097 503215750 434992153 30439371 878299450 47165521 237652138 316765172 696962104 341188705 577238076 102089485 347348254 369759000 39988946 18588258 681555729
49
0000000000000000000000000000000000000000000000000
1111111111111111111111111111111111111111111111111
786153421 491522762 494766537 751178914 367551449 610650512 127247462 177990205 66358475 61780858 133707174 39642581 205736216 466534805 831756643 634398789 867979421 663783698 755297856 9670567 4477783 8831127 575845367 356520840 1402014 948374631 712493463 590021979 283568601 387626166 719340975 413818563 539864719 3406568 150224977 943234391 81821747 818164998 756290875 306186502 72164598 691187240 856718478 265940950 894373072 888327111 234169812 465185621 343280904
52
0000000000000000000000000000000000000000000000000000
1111111111111111111111111111111111111111111111111111
120886836 669962978 269759485 881953422 410618653 214406388 580848828 471970071 629439730 721183878 895369208 373441388 890382456 538853711 354576977 629869064 729622004 652482453 708936302 375297261 443602566 746720151 704915387 51350131 991472160 918096026 20202025 520820833 267527616 606573378 869677658 955032570 270003256 728013648 538538631 454245211 435293195 42490847 707221374 488161588 396634290 232175498 788812919 480854052 208851016 891299065 415460423 520963311 415942768 342155893 205089016 187079988
45
000000000000000000000000000000000000000000000
111111111111111111111111111111111111111111111
834281714 198978583 549404436 380183412 514477118 702838922 478868911 681463711 997262041 49388359 261660110 939668755 214432598 54299600 326612974 605257587 310764682 634916870 873155208 585692819 338575530 945197446 528852295 343200527 469556443 2676421 166078009 895487173 480750722 518985236 336124701 748998167 305149486 298168562 378276519 918735188 405618272 200546457 325530276 694799158 925984237 899184610 79292359 81363164 984870700
99
000000000000000000000000000000000000000000000000000000000000000000000000000000000000000000000000000
111111111111111111111111111111111111111111111111111111111111111111111111111111111111111111111111111
862274691 495518908 467273417 873784762 951599776 393611870 326756457 243193631 260894033 495733669 679147344 427643975 750893268 853259902 68516258 599277507 334936489 303782197 63073951 568088580 351056751 542482689 834690762 481992881 507856749 185733466 33924231 373716124 564295557 328145459 829797112 710422380 333196094 817368645 677892938 229257278 298716567 322725232 547433246 692856636 439345129 826535222 927824710 678563669 117138304 25542344 582256095 509948954 295810840 346756455 553963753 191514779 439469704 824303581 508167571 799563582 440690058 965303087 916997686 158403344 983824419 228356321 517935625 927438425 671540717 677253804 918539860 168632585 427904476 774656791 796210314 599893988 840058294 587938252 4913777 536272448 519302344 495817543 958771034 141525875 183203742 385385177 646562254 457931426 155385461 497227824 877629594 693131755 238635980 986979288 324438602 218902612 675008247 11698520 533935513 125518829 658853627 402208326 772944048
55
0000000000000000000000000000000000000000000000000000000
1111111111111111111111111111111111111111111111111111111
737242190 481359653 624361747 409382238 82492985 306142622 67083970 593132354 814786719 580447705 683415387 892827368 822681884 217615498 363679647 346885769 586463970 137906967 64729121 342552635 143053230 541374334 524014482 316380578 43148645 466391240 809765225 939984748 515446262 948696845 743192453 303733714 719185517 997742371 566816110 7433993 389787566 375036959 149493810 530040282 569095169 749559161 640521351 347622889 952365145 671154927 783908296 89664308 719322885 901039476 518166902 561943189 789398748 288883343 270148438
88
0000000000000000000000000000000000000000000000000000000000000000000000000000000000000000
1111111111111111111111111111111111111111111111111111111111111111111111111111111111111111
902764862 828672128 982300527 820954622 159664872 817922678 74856544 799210824 93353447 288110101 719623864 276116213 243354594 906601233 484291903 807481138 755130785 702328649 101717718 897503377 364143646 676117077 342746586 687925490 450501697 441456 477559653 383105954 252538477 649294590 540644682 452140804 979877686 252198393 430952859 746063831 891568258 876587125 320551865 793223916 389219141 683003623 9830735 714168353 29233350 428996019 408731021 645591954 29102134 431689836 689880061 893964189 350533845 837717206 847011741 152106203 207632497 227036276 28932102 307886774 18322392 798976120 527173147 95590880 366336858 487273716 995639713 156260855 997804583 471682241 25755930 127226979 497613227 58709908 597489759 223728163 912880740 672768033 432027100 618806567 520463515 673740265 224731393 68726279 933656928 467133493 329944921 307478121
97
0000000000000000000000000000000000000000000000000000000000000000000000000000000000000000000000000
1111111111111111111111111111111111111111111111111111111111111111111111111111111111111111111111111
793535034 530083655 310837435 781286870 155689267 644899076 67821568 320695312 273365079 350917718 536248947 38965963 928284976 656392241 378508354 963560687 936385416 298474414 462804173 461326544 434769991 768074024 737112698 441280166 589878469 628752857 944012790 273916838 315296016 364241302 647165864 479813813 350616412 853117860 100077619 544248896 982609687 377156358 191544489 736633377 44949349 343577865 888767126 463198022 387949024 654289964 321848025 762016244 971878092 734506639 491400533 784226697 565012336 927852604 305706706 566463210 948392441 542385100 710363573 350870603 748491642 745016609 719858840 308420115 593544204 259151727 722785681 487403482 867744727 454996615 533163140 84719691 468534814 981966912 452298498 390049639 263868128 634012221 924112958 844936999 356558751 441587300 522640329 513510962 614037624 118772671 288935301 623230932 521282428 511297396 11627739 553996049 620414448 126965728 146136173 858327086 117524607
27
000000000000000000000000000
111111111111111111111111111
788699401 66133147 633094476 126942840 483400855 425378150 560566633 160876225 302162614 585272794 124024840 661647334 433597365 495370224 400841999 152121218 375593486 799256816 184038573 282989344 961355861 651849579 171822429 709955920 133088429 45033147 214604091
