20
64
0000000000000000000000000000000000000000000000000000000000000000
1111111111111111111111111111111111111111111111111111111111111111
628187248 859462189 189478655 329151275 12847776 387686496 450536960 668925796 297453397 388750788 358172542 820762778 719122508 731120717 901091664 593320694 932521192 191686773 752272731 266042148 418669081 633937666 663749495 994524527 56984745 383721965 659745484 774819671 660259388 699375753 369133339 590530187 311139912 676045085 368165508 499186267 672992130 725039547 543983759 595408446 141929135 323191256 853446372 390858868 110270989 588078811 291635838 838466712 767176750 970510687 979036525 498580384 327834039 309318574 332246974 757655882 667658768 441468407 419446606 294827579 347632850 826167652 394918849 820524283
13
0000000000000
1111111111111
758849967 826594967 189165930 520575769 817214575 424868208 447821098 288060407 27226077 27102497 166624508 417554746 728196911
64
0000000000000000000000000000000000000000000000000000000000000000
1111111111111111111111111111111111111111111111111111111111111111
211560840 729758735 566438825 194485133 231463321 591203842 788068759 36974140 468412021 718677713 348562503 946856217 243289118 804675169 946620491 589946477 921663759 662950950 990109835 73536034 323420638 363900198 644208637 909849306 417079092 568278542 746847235 863701435 559912275 504875415 69261185 777291791 560381670 712657916 471012101 447450736 892096982 183308781 494258546 971336989 292560498 461161174 213461220 987845866 780742069 253777470 680939080 136310073 288344625 758818771 71772939 884494057 957056542 978654302 197723841 316634312 571028900 823263405 174977496 744824493 851088700 836237665 224216179 233204069
51
000000000000000000000000000000000000000000000000000
111111111111111111111111111111111111111111111111111
499641365 459468436 237308547 308274180 142132786 235153346 433389319 631874894 255208819 683124332 624384186 114103701 121519910 309627747 217476529 997287206 574776145 721704287 717861713 777991937 388003716 269117689 745966189 805757133 379693058 127869979 451560077 438532940 750225917 547417452 664840253 356119557 238540337 864347001 931242782 177274805 726330285 284997198 951083883 904789180 872774867 373347863 130184708 849209542 592841686 75824598 504128142 914314014 467557604 413393917 407406443
798
000000000000000000000000000000000000000000000000000000000000000000000000000000000000000000000000000000000000000000000000000000000000000000000000000000000000000000000000000000000000000000000000000000000000000000000000000000000000000000000000000000000000000000000000000000000000000000000000000000000000000000000000000000000000000000000000000000000000000000000000000000000000000000000000000000000000000000000000000000000000000000000000000000000000000000000000000000000000000000000000000000000000000000000000000000000000000000000000000000000000000000000000000000000000000000000000000000000000000000000000000000000000000000000000000000000000000000000000000000000000000000000000000000000000000000000000000000000000000000000000000000000000000000000000000000000000000000000000000000000000000000000000000000
111111111111111111111111111111111111111111111111111111111111111111111111111111111111111111111111111111111111111111111111111111111111111111111111111111111111111111111111111111111111111111111111111111111111111111111111111111111111111111111111111111111111111111111111111111111111111111111111111111111111111111111111111111111111111111111111111111111111111111111111111111111111111111111111111111111111111111111111111111111111111111111111111111111111111111111111111111111111111111111111111111111111111111111111111111111111111111111111111111111111111111111111111111111111111111111111111111111111111111111111111111111111111111111111111111111111111111111111111111111111111111111111111111111111111111111111111111111111111111111111111111111111111111111111111111111111111111111111111111111111111111111111111111
912000274 829682419 896507158 609020709 357553434 919740644 494928650 260297400 57305614 47900824 506903237 982687704 940803146 71333152 219783724 830074958 319046903 127969892 316638865 421677096 248016834 198580315 452138986 979253223 35468028 883129934 975054943 676266813 783852876 457236065 124950761 661863269 877381694 321595162 574290835 304928704 725419901 60320740 19204762 140973442 634210660 83723704 759096424 581565301 225956184 878109564 647348391 48954319 532370527 586662504 797309701 159842642 173117046 763216468 380132464 524394429 620464833 831638496 856317296 422666931 792374473 758670001 853929657 915264516 798465138 395981279 776705457 529110591 514093075 328637280 708126329 627759817 330743760 590757154 365265010 858832566 259851828 165082558 509331149 266869699 229868033 338474316 837896806 467770293 83316049 170007855 542922139 258661322 837526988 431679627 384640497 798437940 741661112 105257127 694897505 973301598 202572391 138022480 508840650 252452142 493975494 807833663 8405291 361435756 231403705 597210042 498520363 391540294 140144666 274100765 826340917 763149713 533118385 92946010 379567851 255662078 51558599 218863620 226267875 358682737 703731181 551962359 515761887 153585608 639713500 970369076 545138041 195342052 98926929 358245910 113407982 693825053 675791426 257749342 242704314 358485368 927825019 990985805 768752915 99109511 59802738 910846574 652649215 252244042 753579037 912106805 22557757 635279906 927319525 815492927 777206067 542305082 331384998 172635169 149352811 969437804 998207676 104709127 476084062 548178627 999543211 764302334 994027987 258845640 263108125 958903071 771158832 554586743 492641962 812680636 527759644 228048240 613902224 662528327 578895835 313723613 397076995 904783886 450672199 72930656 689442011 74171024 233722044 594655816 189495856 974665136 202156964 545317765 785951820 727673197 762291508 353711223 710560136 446080117 727501581 91988262 483041788 837272221 127803176 135342965 303367164 677714017 559930143 322774300 951596633 690653162 130274063 701792014 904466026 172329364 380153152 816988878 259051615 363777244 561634894 34387010 378724824 131787395 275959038 719780298 445316537 541557958 589622240 241799247 24513315 911779080 745802329 584806145 535874806 188695043 873687068 223100755 71726968 143702607 700001769 333539476 554519383 657006371 383411962 564093925 949668518 107756668 153062521 304113831 13581100 875961153 356286556 131661956 827502683 976282350 418167315 854270112 320525992 455205542 27025669 82912853 49667570 325358009 429293867 538131563 256492464 28967636 724224182 588524898 821118770 623350866 482276727 704664640 557041233 775130162 548400510 290087417 709831102 529281911 332379190 857710299 410622797 365748404 754410193 468319563 448343991 895951170 178615304 678349918 680299061 968155505 641990771 240392632 662033554 19922286 281015552 164061416 995558877 36912395 460240950 978316007 723346708 556056349 877382629 981854423 873418451 969532448 540130547 621417089 789072290 479928827 806933011 497741524 716095727 260746518 847241501 940725448 744382727 703588760 124608569 98031661 720842990 16907914 601906698 651540586 17325022 586056446 251545730 579732131 360125697 781026482 618276072 281101711 402285826 308960269 579995677 383396903 932446985 251908682 899290630 972384107 663620821 234196993 402371916 139819841 927551255 32932057 486255579 688002546 407565286 529468656 204353532 371281756 526660137 128805742 672628844 695598603 72299764 738685710 960453217 215303836 782197927 910361172 384791634 836526331 222118468 315843535 528418312 530019217 807352651 367736606 614721937 236082290 556402506 96243126 166259581 748300468 667261192 342013370 821594925 573490006 621235790 118518080 195061277 848271802 787005238 225259675 162948414 435186406 821791047 725538214 127402606 157802434 713636856 71079722 125053372 410899340 914020043 750891606 644368789 42969459 263286850 85991322 151018867 928950761 757998245 220011229 88536301 8203287 251726766 813101247 970561514 834823042 314125428 941298815 119744294 381076300 187115260 318523940 878329138 143790009 343107201 526038018 155715967 713098554 166785964 230319530 647910127 365265261 273352558 37913031 568446019 645283524 989838170 228643879 737424630 988973382 927455780 566347077 220552249 670301396 636438821 251878439 386628404 248028416 334721454 725619862 257592746 130157035 600838555 261125256 401679588 743122483 371694453 115644746 570261066 39497743 514307066 138325532 290196060 393357954 612442054 282250654 958497012 252701896 13253651 40894000 105381973 425510612 656073392 947217751 831865889 144639435 510130813 285056208 212652566 736602512 506135170 286485070 848506537 277435586 233271996 810789754 248946394 539780832 543798811 465035344 278022140 694096325 369581845 170899233 849476830 983780820 625415173 684881075 920188937 216403947 487728065 350760341 754953941 470173716 158077603 438336735 946875503 347641646 399501305 36792801 84496955 648320181 264168069 674618411 947891585 128497933 44410749 862447512 544319276 705469494 889776617 916108818 686743332 132876836 864024722 24842174 783869129 698354528 590521342 222811579 973691800 629744551 638987286 893232686 479211767 762283515 995886089 794490467 13912278 877332250 448636247 646538996 135154120 461993327 814071776 798040210 70309004 991301998 581828599 687415650 508820126 485884451 986315795 914491693 105016869 90637841 841167586 336152076 461057390 757515249 76509927 238458810 929438018 537914519 525473001 269953607 392801443 36995951 444407820 553222855 164195795 949141803 834460173 444855496 623095834 588544197 678583660 806677399 867170313 602060216 110725763 24991868 750020283 946154664 280782289 582306375 541222517 414217829 193505488 672246958 307902349 169940771 707047360 416862139 227106869 254935550 210037952 835851295 614822326 36603782 670492770 996055574 42737440 52312265 746942333 66041244 491407519 390923473 875209493 814882603 180253059 754201982 957868837 85905317 725084222 764304167 645044049 789691030 793618577 843755316 735109856 191653112 783390757 806703287 712633050 406657963 577115618 55033753 2891888 429441774 685679723 497227964 269477862 907613498 430428772 61453772 68571565 907437524 543674477 837551593 435574775 329180161 607748838 14970226 782825869 209012247 51109647 82223727 251554247 650282440 575947204 508644401 573010312 611277674 716351539 203978054 305506240 763985991 457073906 956277450 915891660 26071101 636025300 727435347 553715642 997480602 436355274 496116911 351713612 192277723 872995683 347542094 56076181 538365999 704617438 339237892 635169683 297338520 625855992 218552350 299246746 635795995 693267907 688210116 132817630 976582071 669491079 790593406 196412849 173843171 717735299 235487333 639646591 245676037 184942140 294499975 379470873 175749571 42705234 174977682 384527917 522357021 249660741 971008075 117431674 535694687 888268316 263313834 791641658 87813883 437239286 976815007 913604508 607590594 783336519 954595246 532495367 55503564 597539145 920338102 870776680 568464115 885231314 579791478 586701498 606665665 809686313 3818008 371303354 130164784 809489288 342589933 794184303 926566910 283972168 30114433 103190046 42338507 417568292 269607012 316672659 617887850 363786633 560853268 692907124 742233814 115932490 598660971 273745425 80779412 772414061 908973369 355566804 135240138 437178654 464657422 249078852 347169840 96216387 837644626 180334266 876622996 658998734 842177175 650423785 935478581 738757541 283175142 239046770 99869351 20050287 569660528 463931232 805958650 435609946 479744918 118728415 979714337 982245128 616064478 125498038 449750217 931378725 361310608 364981259 718730357 301339056 880197362 339399203 534926001 549910346 917176499 510951465 668250885 527505787 848577962 816429683 13257257 277619853 3856339 846847016 415939499 148217150 311469126 415863088 648705427
82
0000000000000000000000000000000000000000000000000000000000000000000000000000000000
1111111111111111111111111111111111111111111111111111111111111111111111111111111111
903007218 49844909 673221882 801155245 135894403 518530284 816032786 123678796 76307627 545948384 334830930 375610478 950091158 586993178 999983251 383510481 844448787 331715601 870728656 435630241 157442095 752577539 502124085 766121740 172258359 212792553 796773871 399100160 734327253 193235137 928945648 116389414 898425558 972899565 789460359 67946681 187299230 755074547 752081678 320157181 568226481 586324811 819307268 684132093 723782810 56514306 72871386 258612044 383167645 732870169 942431123 693790272 151325005 617913627 688701209 885275548 548833556 665220604 432958000 358711491 68020730 6352576 947738121 381862305 107225078 921011048 369447405 227004947 469791517 535966542 883148511 245652126 616988673 118723448 688305801 833681742 647073187 57077636 629293091 116312960 356472558 736207782
27
000000000000000000000000000
111111111111111111111111111
613985196 881880981 361778446 458153892 335733354 446209396 775939704 149661518 606579178 676053693 531182536 116861705 719544154 696652656 660045301 986514828 52678328 804221995 937986292 930777697 250939619 134165299 84287990 847383299 522194069 324630610 997502230
34
0000000000000000000000000000000000
1111111111111111111111111111111111
122613017 537044414 444511046 749626643 55797655 87633965 975702953 956256066 123963448 788887098 333562162 992597084 17746757 748622579 962104182 421756372 180027532 276360771 834700218 500380646 456610695 419053102 489434777 491589238 967627273 249607922 810068740 851854925 797161627 190080972 120647764 112815436 958905085 237407818
71
00000000000000000000000000000000000000000000000000000000000000000000000
11111111111111111111111111111111111111111111111111111111111111111111111
757142968 488925238 657494044 941802743 516374928 236451385 325893668 145425315 434545493 534912045 479010109 458017972 55326702 55838404 810045604 876927469 634827515 368814646 736280121 613832511 842061613 169094037 24864747 301044824 272141529 789524214 745300149 263179542 30963317 868090912 337133505 146279292 463287523 76515673 275385901 17723534 349822674 584259061 797490024 340154397 515144274 813568517 778884714 30064430 91492516 944766089 162398855 401642059 196830931 806586560 39991303 503711997 84448412 881944795 859549591 859850007 407590879 763928871 132991336 140604753 534683890 903523239 68155833 338580818 52522239 98753548 803001642 119687941 200859469 860332741 772657111
39
000000000000000000000000000000000000000
111111111111111111111111111111111111111
914510514 150597198 131877873 229873858 375839028 527477123 644084908 508951606 763804422 669739338 402642709 108059814 492603205 877329359 983249417 995206936 342801832 92085734 874834607 282342927 80072955 542328341 528846846 939688684 847390901 666830741 96661202 111182026 800353924 975727672 375382480 795035504 733240387 654717534 328870832 722876728 636088018 805803964 776078263
82
0000000000000000000000000000000000000000000000000000000000000000000000000000000000
1111111111111111111111111111111111111111111111111111111111111111111111111111111111
999186524 165515774 767758898 134474355 494022650 308998110 881890591 961492593 707503185 821549988 179672784 541808094 67892181 908769995 726681002 562673660 877513818 766041355 117643083 469675302 553388846 660872437 587207575 369452728 161787918 37072122 189320517 600304137 606296442 660138772 353969346 394181183 66335312 479063816 128744378 600300521 868023622 802769510 997534849 99125237 824704480 454235623 902259276 19639869 941927223 73640760 563882815 205215753 756625243 359150294 573523672 435770592 847041729 69583689 514893816 22226974 769010250 799338890 428256913 136023811 766538330 899618571 71237666 416255884 488253303 925681733 189070663 725801550 123225329 946745883 735237089 876803959 130928829 184825221 715158599 840311182 974754467 886024943 31415575 450325054 864601934 801794568
40
0000000000000000000000000000000000000000
1111111111111111111111111111111111111111
661535183 122166526 246502061 289411820 688212423 247848325 815448379 987098458 166501061 46882654 875753679 292487106 961587597 134162314 652362938 364841215 450881684 86110524 227358590 764533832 947384787 589421131 275063359 325551290 259365675 216727153 415254531 469119679 958466585 829769325 913234791 868028783 9462935 250938322 44619397 759218697 943847325 904274429 430939230 392012993
57
000000000000000000000000000000000000000000000000000000000
111111111111111111111111111111111111111111111111111111111
605303280 320216945 723716133 883892016 112982401 741501420 451684789 367741697 454015213 591480076 401985005 816526473 468331745 529637460 591936722 665353956 344341824 443922524 543411674 759154916 966157175 8141333 582508841 446318136 109867575 181489086 680896312 899188748 214560310 151122535 455969311 141854429 792807716 323186294 164249401 527623291 740538484 568550610 385418248 461126108 463611738 661569560 926986951 398248186 559367914 576957110 847223421 260455320 6134448 898700053 342180735 146714431 775644305 704851742 651590372 312714887 806859719
23
00000000000000000000000
11111111111111111111111
675222890 970205531 51039375 487817742 342856684 569641752 123930667 600883594 346573921 673707791 946536915 301350935 865120931 245570072 291844735 725210043 152847918 357272786 763650053 519398196 788110679 632311068 591945253
74
00000000000000000000000000000000000000000000000000000000000000000000000000
11111111111111111111111111111111111111111111111111111111111111111111111111
941855862 432808034 356528917 556517684 214429883 864549996 86316677 15843333 973619667 525362451 575841404 690229027 13993305 731433887 781231725 879796100 714453467 420027309 324890295 9786026 256122003 218223668 430037871 851752612 547116885 220111314 605053343 475743908 700832086 809241848 512999447 640411582 602808843 523785610 680038016 878889146 215006068 317845353 511040451 660717843 508712913 409952311 119208129 779431089 919773124 260605793 33553391 47768259 359499594 360090183 834266224 702192142 766701141 311802651 974615568 689644964 909918739 694992804 450468366 644907566 745244998 348406984 765005741 570109589 111198659 996978397 180740174 252716768 835910771 104714098 998812513 83106574 622854972 793207102
37
0000000000000000000000000000000000000
1111111111111111111111111111111111111
612853855 17979883 342081321 592258314 540043023 316590257 674624742 155707383 500669485 458873293 674042701 262956538 171716024 634301932 418428914 122702958 873133812 698649246 201115635 255842704 526694798 483561311 273799584 626334715 582492969 352891973 176145910 51542027 103950226 622334199 432672666 820440890 41441361 809014145 710035192 463905124 876678648
97
0000000000000000000000000000000000000000000000000000000000000000000000000000000000000000000000000
1111111111111111111111111111111111111111111111111111111111111111111111111111111111111111111111111
356123865 765444629 488474369 506034670 27138896 532097637 711754776 198452110 140213388 561847953 693163947 997029871 98216885 974902758 66449143 457673241 460227628 572782468 940270591 476680307 559354328 937481130 376370219 965322471 257010878 219704531 363753902 408490374 70547956 557801915 41387766 156088151 826884470 452559894 959016922 764316248 738401536 14546455 881261127 511337923 133488809 872787332 154881825 358576616 905616296 237704583 247350935 613745710 531498889 418502975 836280025 392239752 715197063 973471050 659870551 415462002 43455468 753885598 629262324 419345283 940735240 166218071 155069260 595351549 669004486 405315973 688000848 67206357 126385847 775195035 981668736 871694749 399857451 66979468 169941005 664968653 205722000 66016817 899496030 443449409 123763604 411585815 88395492 790886186 568113735 921663276 379255086 689088380 857015891 889060359 86766617 489222992 460799309 61949357 362615051 284452636 327795457
21
000000000000000000000
111111111111111111111
711876472 580074488 626515543 96203416 394484305 965837499 46905865 206256109 363666456 490727698 249248342 179755426 852629598 28074549 409472368 825898631 495784807 372307029 563208803 548249298 178365390
42
000000000000000000000000000000000000000000
111111111111111111111111111111111111111111
168778461 233041641 949527554 267878134 600663616 539074696 323937691 156742014 285858936 931807421 557129096 521492204 690223262 764096777 65163319 70571114 323699665 812749352 553641504 610512675 800313662 38866740 374536702 754029810 468475513 996538045 62047514 776835859 225125840 254556637 284617798 644366979 41442826 98216742 814443398 654925513 939742247 763354507 999190920 722081100 548778659 780489958
80
00000000000000000000000000000000000000000000000000000000000000000000000000000000
11111111111111111111111111111111111111111111111111111111111111111111111111111111
267873005 145856300 391204034 870671014 212660804 59754369 714513813 110857928 578708004 598078820 46303503 269669414 359642231 716270120 143743011 898565428 792763115 849541814 676523390 155317060 923138451 100840853 452417059 264198669 257144862 185956895 424246192 334772995 762934429 828419076 747209613 689829538 387386842 892303409 463898058 464820587 267628766 358979430 986661312 448468932 777229148 422653974 314533886 305492855 592868369 32704842 537689923 354665730 379143844 138917439 391615757 594149330 590276096 968998199 118495539 7385289 729303653 813535673 423490581 637094367 723389311 521161517 870884935 820215290 736722579 664775944 991604138 36852496 177073149 358654530 9361678 118172086 612160256 540943851 755758910 371643440 963647664 684213232 704213538 138563815
