1000
129735000
93820447
591511041
958221809
324850627
246238864
159163187
706266125
214426999
807172953
324396121
446401099
654904179
111041383
762224657
378716381
880758990
375818528
6539203
205152768
659382181
941685287
483132294
45770508
253116125
871506748
4923961
648202140
247557829
165888000
597509136
143641
911026056
693909268
678646697
49455125
390558679
221823923
404167347
37200600
739241721
486220928
490449367
128512512
16892100
75502087
780256911
921486736
157216000
62821476
907502731
727424869
475970924
778306347
320758562
800960288
620344778
506418713
918983407
201924608
376475389
569203507
126785736
359249074
16471125
181260800
450595367
709366687
735815097
363397969
26896459
118650509
504299533
321564800
904272001
53919649
148958383
233625728
208440904
650193336
55775717
572585048
602143862
734352781
116281
696590449
110937519
723697283
92880500
72012196
133426683
5812921
201583204
468821777
135256900
739098883
339115697
363016809
238324707
979251849
78279264
351003329
601836241
479302211
567287131
968006659
679256959
146458404
987614208
34998917
922093568
886634807
184627328
113507716
890306244
717504727
377895877
226381077
538425616
749081129
369031718
676000000
339477431
53124683
67584841
57287808
976167367
759388249
539612741
548685450
470671793
444831533
90639648
201959526
999793787
255386115
255507349
358722675
133518025
387866952
3964081
830762957
176366537
19010673
179702846
510279137
228282781
52880328
512029831
88064172
219961
18721435
693268900
69672409
50481025
361891060
528810043
568775413
103124025
438334646
1267876
247162500
247107557
229990441
363458803
719215337
783342569
213114666
340603217
865988117
15438249
504550489
14032516
717084236
100122563
999192100
174620672
112058100
620446807
299828657
323189888
536508861
837986704
638926729
617160500
279792529
205119684
913001861
302516449
471980547
993261067
369659263
288288072
225497791
471490153
66884459
160083
924156032
255328441
385003125
890558527
664195984
14630625
569824641
434305453
82951387
149719696
258615347
629524457
104253075
209688467
33583239
539615077
46956700
693508553
773385408
195519987
385019778
63952009
292719023
662599081
10396800
1852321
473506601
167231297
640829851
183819364
473062957
333979115
130680000
866868889
12321
7013332
941876100
894635926
454542383
399398624
256585099
676351567
898576423
121287375
970120176
659246000
704159599
479829025
25148232
759829225
305587973
3162773
420332004
19466825
299187279
11022400
674799401
686501101
385467385
766752800
59319000
159220088
812081899
639988649
288564733
705330108
734576923
12952801
195084288
124703197
91757241
61496964
601050643
79608469
258289811
760714416
186429389
552714752
583480349
292768091
63409369
699402157
126683341
41143801
685601856
285543483
592209195
121000000
503179063
843712169
59447300
472866941
625150009
460574521
91222093
32440800
35784847
572260181
365882387
693564803
102837600
854193600
386370557
464648
174742272
328980257
792698747
33915848
383231861
974593728
27860175
433651483
260851500
380980827
899400100
194481
648418559
670030213
193301856
719501267
970818048
674414424
7994228
95808096
84704830
600981902
155000359
710819651
569031106
9984600
279725625
28483569
92294704
56948437
877146617
169897363
618534792
10962721
582893543
21530600
631202701
32478601
351993661
716763083
266006287
489456448
735737263
526610704
844902407
19265967
25920000
208972496
993331592
508887383
86065153
180659613
186660500
322494238
644757696
275858881
842722799
461996797
80964004
714439872
143403817
240898563
742379780
566999378
404682615
760546084
150600600
167806323
16072081
921323303
2989441
861604391
194613974
141770777
316410125
88224349
230857636
52403121
23302107
746855117
587410693
692531856
91541269
41223200
466335367
154631387
647567203
617137300
61984129
907849624
520341721
203262049
6111008
807212723
1990656
304563730
365461643
533952607
300640921
453119531
256328
971624452
479508512
461711580
184497889
609961
9732872
729679409
990073507
4538700
958988937
160220592
7225344
520616730
474721
384552197
93063963
623032043
45603009
622103364
993269989
747798768
396508000
195350616
120207456
230979204
769557289
486974354
217916644
113703200
150053623
128232976
103291373
487542047
63574088
601230400
42049152
353740864
128048927
505583021
900887589
112833798
66309128
396367021
98392392
788374084
453945636
210790193
530890523
405262477
36329288
31510517
22972163
871359602
223449800
42614912
822998907
97461125
189011533
715201648
414389898
998490702
280005453
745857712
814108517
258109031
1416100
559895970
699468353
955316623
973128421
754930576
167391844
953272448
186930287
297666009
13343643
172922500
771950656
20286977
74908800
605197503
929261629
470450000
830934813
127488512
805029232
326104112
148925221
563589209
980322028
90153281
217240496
680479396
605068181
426546409
1114407
954156745
851414041
68189941
394716125
848673424
57759752
38088000
41280625
283124808
8286732
274625
214329600
332536543
585718531
372953344
251181797
88209000
23151852
87985663
99846000
92035132
799928089
116372768
573738217
828253507
959409484
3077272
429127808
915041622
308560349
230736100
111960648
409327307
381716297
752953600
282676969
4443227
54784207
650071699
11719009
930052183
201668401
654285241
783501473
313638058
183315125
352162756
185530752
80003376
590257745
690195841
359633296
466689609
149173403
60204500
834864119
40214900
920547216
74166544
714397313
53233116
936406088
660910457
393109929
39970331
220855853
931531441
84469901
171321921
632187269
282078752
202877929
347793109
726966784
8844500
764466125
920595259
210714256
282760857
90601
611473984
734084836
989228304
91423127
274911125
95004009
654941527
2384732
376718272
102851271
163490400
272910400
983214919
471464579
338000
752600171
308944793
4741632
190754028
422246253
741514139
344556504
712195969
460302619
564631283
382055014
8904256
553948957
64443941
581541408
404871968
8714304
843216313
896510543
284090771
805001234
773696341
751508780
960079067
452884608
328962710
614866349
572214241
79235168
11407500
175430025
150786328
885003001
294112363
315136077
863704413
410579803
629627561
681784321
78517321
983819063
225598303
243324108
749375687
512072
50676300
713822511
10125000
631161379
42614219
570220367
947212083
619351273
401274691
651982662
69054752
204404209
857301689
575807336
150426125
9801
27521693
190905800
893846731
435951392
258466572
593635739
206192683
628096031
879075943
102941316
985824949
715188049
35259689
524563433
581967376
435951392
591129728
4276908
4853209
21736125
37100281
386668603
932900719
302088200
777372773
15007876
196574792
785176441
332432707
549623611
92212097
126924569
312500
926958916
775645313
732081249
158776875
364626577
460574521
190563597
525310921
126281483
529994864
948590167
100077667
291128251
751430419
399800025
94321307
457757141
276590161
190906236
34050483
300035416
622153249
24039409
2661336
232097693
899727623
347721277
277942115
169859089
782432784
822431583
969133117
452764232
54622152
905157457
248372743
350302883
884968838
332734081
722341911
323454623
811538000
199176769
954145928
809342953
19053144
346942289
547125908
316012500
550401075
44943616
17512421
89565728
431972117
339874643
395811025
385570271
247397768
247938973
683985473
293560837
279251712
35785800
541083133
298417597
44361864
555827776
627659323
179816648
678967249
766299648
61250312
194972496
810610651
929382631
876585503
895496377
624481334
495151504
947736783
118953749
498400579
852656687
494913671
123718248
264030001
944824644
568250244
296607368
165483351
156750400
29123712
142884000
269057183
71182969
503611369
273681479
68774832
354545899
436699259
721448500
957049903
127095721
552469091
398557099
541397669
600625000
769681410
40612727
102803346
934074504
257800703
789385216
636942123
640262731
644443759
32649796
696689792
453604804
331884972
278282813
611768429
585516983
336253707
99015075
120275089
307947922
577657789
847942859
23590449
663052267
657666025
44113519
922437152
245642929
232324000
68679200
370386000
151555331
36057032
480309021
18360361
100700269
88303609
993304309
407752649
444889000
22231225
77457601
59013248
566161676
283355617
202499287
40806544
696963971
331349209
94139253
468920490
107379055
730564189
315169009
55021489
520245353
88566921
643436581
4954952
545656403
824672839
68174042
964412153
6028568
180141003
150684800
326452352
180538951
374263381
76912900
827050013
244406011
843615557
92556639
510521200
555458777
231950547
297770797
397523844
62563843
18748900
665835358
413683848
875114755
845412729
83441680
117841952
708784129
608254477
383677271
459030625
50824368
758150693
9272709
852845000
931250471
400689504
43784689
442050625
538770773
305235841
12996025
395502253
521689694
129640996
273240900
3763600
78241741
112572100
896827067
43271453
121485312
786291197
424144681
213694325
176400000
25205000
974179201
485902399
132109488
263737600
726001199
475589952
20093400
169112377
73822464
205922500
633110528
612414009
459867483
973292417
426835600
93462012
797552619
270675557
23039053
89347469
198704965
516179471
676799077
1161288
590658493
4289041
932673987
710649000
341284296
5053504
546756696
36832761
57849343
721734161
350271043
645566464
456460201
359411624
943654892
12496225
57759449
91611648
783048289
328283865
855058971
770820109
918318715
262828944
527915162
760624769
287720774
344267087
10385793
835561277
879736729
414189240
728856200
607213393
49325963
191684025
376388131
786621371
642438989
346921
586756579
679039087
61936900
528655194
578409524
607474609
96334225
730452800
93536173
372295283
619561881
465436001
79619929
537486613
446723527
97713225
322705296
9604
103184964
516618368
46735112
51294244
231983361
932945851
402283249
