500
6497837524423139
970937469284357
5436027699200000
1707125658556032
3636326848000
7881182502563937
5130644916281441
3171301732017583
7880799906720959
1
2829888
332024
5327378643259861
8252988363636736
1014616770789088
3085126026983424
100
1663488
2040153051948743
2571481645056000
37748736
576
32768
8194522662590989
3275226669937603
7422052154474527
9065412920972443
42592
4
4878535600251648
3289395785139361
4812895111912093
5680000972800000
5884974560064703
4064256000000000
5952691998931968
64
3600
10240000
4539897555975037
16384000
173793692880133
9616932864000000
8356893213018473
3684179264078893
7320150515810304
6193895919360169
2209087546761683
2963263500
1848932540138687
3360453519991621
25288704
6321534885009931
5194255385493504
327281541120000
8645284338891323
16
5403974828032000
9260410807416787
2893029400804880
1048576
1777502539720849
5180244932998867
2634596446667231
52104052
825198329922899
5847148137606363
7126874312660761
27648
1592174480365277
8271385001459712
2936762711866663
6447576960000000
5814598238208000
9733775381357371
32
8293637680132043
8409127333068000
1
1
39542312619653
27
2048
2408886172426963
1
201127130585011
2601
6088420105126283
5170063107686400
1371751612556641
1102320738621343
2796679376784883
9604700835805237
1196163072
256
3628156928
19652
6898245919359643
555013616973083
6473725256209619
4476245114880000
1241209939303843
1083801600000
216
1102500000
8991894983568815
1
4
197137368
80494592
3057184605339648
73598976
7018231637993119
4840000000
3798254908358527
7332192154980883
6027896738517193
670574643200
5017508146227156
242697600
9
711087272512733
8838991821500272
16
9790200837320711
3872
6310014157037129
147968
125
365112871712723
4785225401181941
3336749229873851
2252920650132218
1
3576855019994014
8785680967006217
1
4
9531951039303578
7083175905669793
1728578828473843
9222744279371598
1213819155728533
16
1024
117577666816
273805213696
4318521093839213
2113648732673683
175616
1
3731510066688000
3580640801245728
8721308138834099
1
3926232224693651
1
6031239351886023
1115763201629287
1
12562583
1
4467945472043309
32
1
5020887449600
5385997195312031
6023193744085159
5236504657920000
7784878134574711
7134485215000537
2089581287817535
2848761661678023
8410521600000
26022076416
9948446240875019
1
5504856077360489
1
451400772354048
12644352
2380850914687415
1769359257866191
5666588391290473
2081027573969263
7149608780847007
1081600000000
196945408
2424921044028337
9893705763225600
1382889078665189
8993636428615067
2687164195931329
837043883636201
3385186664092963
8
864
2099739169546840
7892807712768000
4669034251419648
29206205329408
7594039329047939
8
63438848000
4631829827897302
672800000
1213648331866783
9591161118838441
133100000
4
3025575197388493
9176111852381167
1
1295986208979743
72000
1727361528796109
549941153910563
5149229234698427
9932492627997571
1366748361827831
3802721339648000
6566581719215348
275106204972800
1
956089728
5895574819347947
9994646124574969
409600
1958956622625487
5623300751345723
6209992289219564
992161622437317
507349948806157
540800
31752
2600233559092339
9398221993743493
4938602905600000
20971520000
4866611609600000
3686858501523811
704583099587189
13824
8437346445600000
8153352194521041
6724000000000000
2942129463544155
7372800000000000
4181259592814947
1703918983864187
3790624622372843
256
294631991430067
6339423590644483
4418236883808642
3520346073430336
8509988671257757
4000
6400000
4706613014298624
9853009567296873
1
6120673410983099
7974897337322668
9428312208179200
3714561653300057
641601
612500
7043746444723799
1550071030400597
3640981366041588
512
864
774400
1718592555573913
7440629760000000
2560000000000
8
3772714471197574
16
678262123065647
144
226149580800000
169
7824074342400000
33610899456
183997440000
2744
12644352
196
7879778872320381
3062807756800
8164054731571200
140608
3491677718605348
4211593417968421
8029159994117620
6600171160174592
6360095290919507
6836131298661089
359391614007667
2236958863482769
7753443991375653
2820380461760512
5812888090097521
16
3759181551131879
484326553735643
5790638100046141
108
5016235381556549
6400000
1727833396608000
113002603166351
864
9324698754218756
1657110424667233
9335424601974287
11664000
17643776
4739124674227957
9410085060631225
8436803916565051
8971685188816896
9472706753461379
64
3487957200
17904128
1
5554093774356557
30976
7588976866099200
3595651839381607
64
19947203854336
5331470223579302
85020800
1372
8998912
5591258454032384
7780072058183151
80000000
9765723284366641
7976545582841856
8171921866752000
108474901987328
8751517683743179
899891200
7056573456107647
85184
1620896
8594106938493367
1795180895535803
4699370297580759
7062386628788544
500740757913600
2608349184000000
2622874812678144
9151618599868638
1
4783361814146557
30752
6640013460610652
266200
1
8432506046848607
27648
6317653454550283
5842776105213041
2170786516972663
3491477115392000
8265678603501359
7990618292439552
64
1728496992372151
423200000
1652528615507453
6696022266987811
1352154891681792
65536
1
1944
3229519259418624
4081676544000000
55296000
193600000
497664
8974832380674048
5936955849901799
8227529793955037
976885519190475
2997144723958057
6872384519698381
834839921335833
512
4317284617158656
8616624804560693
4730547310975267
7239656179272799
8570407637429688
9859497332109577
7870231467623809
2504824927027200
6679260615733861
1381902545092608
429252041789317
4233748608000000
8278883853926400
2914358840705387
4962825576563903
7169271211059533
9339742736266341
4
4920180736000000
5116592455966829
3025
186624
9434625474560000
1408023502385501
5132747911725056
2897085958980649
6856720550649874
2706187533708173
3985264336422541
24920064
1017432244224
2488040422804133
5957580470078822
1
2275890232270423
1
7963803255673887
1738466810843489
8
4925175878783343
8158657365254359
3456
1982464
1961421137940893
8907235055935681
3016064238737297
2048000
4751571805798723
987047770160203
4249241844909233
8959235561285479
7822428158234629
125
9423666859631071
4000752000000000
4
4000
9886120655260589
692931728182345
7370058852187271
9
2909607940431446
176355239637854
2012752543824001
9536411406992227
7880513338644383
5474067735136000
1309999617894283
7401194422272000
99532800
864
104544
6343292289024000
32
1
32
5439881216000000
5082555223200517
889056
3742443070178682
3625216
6857645270950406
2904158620048663
9385319605594649
1842972679923634
764849016199934
402287228399731
6429572484562944
3031070669994210
4117028756596188
4000
25480396800
6459567115829761
9663676416000000
3469610188800000
1
10958466251581
1558269587357821
258746400
32049976608000
1877777842176
2500659200
2403288919954303
1
388842003355361
