5000
2
442 374
2
457 332
2
139 458
2
158 209
2
321 99
2
287 273
2
110 499
2
412 465
2
353 142
2
171 247
2
217 321
2
285 216
2
294 423
2
32 466
2
415 106
2
212 181
2
386 51
2
92 334
2
341 51
2
443 449
2
140 104
2
170 25
2
350 366
2
378 318
2
114 243
2
239 62
2
80 79
2
330 239
2
98 276
2
64 70
2
142 507
2
354 269
2
455 335
2
114 453
2
456 328
2
462 211
2
141 130
2
391 152
2
295 242
2
504 349
2
259 27
2
292 95
2
158 439
2
167 22
2
227 84
2
299 460
2
7 206
2
413 343
2
347 447
2
228 103
2
479 31
2
134 508
2
318 135
2
109 256
2
116 495
2
190 419
2
337 474
2
46 167
2
57 244
2
41 154
2
313 443
2
421 390
2
308 386
2
130 368
2
212 336
2
359 153
2
36 4
2
305 354
2
174 149
2
14 162
2
471 286
2
349 321
2
370 461
2
70 272
2
174 158
2
28 200
2
231 204
2
57 226
2
482 205
2
12 439
2
374 106
2
177 495
2
334 474
2
417 20
2
301 427
2
274 499
2
265 243
2
17 340
2
364 498
2
36 89
2
276 310
2
222 311
2
154 397
2
430 159
2
448 494
2
465 18
2
392 12
2
65 4
2
154 141
2
111 464
2
195 252
2
499 310
2
169 192
2
103 330
2
398 346
2
112 188
2
318 448
2
175 424
2
94 178
2
203 255
2
153 441
2
361 96
2
504 400
2
244 302
2
128 6
2
405 360
2
195 383
2
241 51
2
63 213
2
69 341
2
440 319
2
226 1
2
451 410
2
113 28
2
439 18
2
417 41
2
177 72
2
463 112
2
508 234
2
158 109
2
378 349
2
90 209
2
393 436
2
10 339
2
189 28
2
144 433
2
439 87
2
32 11
2
236 14
2
174 465
2
360 216
2
345 231
2
496 431
2
367 258
2
15 368
2
122 145
2
502 115
2
94 157
2
199 102
2
460 345
2
435 355
2
62 355
2
286 491
2
104 289
2
173 337
2
372 205
2
121 239
2
283 220
2
401 208
2
111 338
2
61 366
2
337 406
2
444 143
2
499 437
2
259 62
2
189 214
2
219 34
2
141 311
2
482 62
2
111 209
2
187 0
2
283 371
2
492 462
2
358 152
2
86 199
2
357 367
2
248 377
2
118 197
2
129 47
2
45 192
2
124 482
2
391 320
2
109 431
2
30 273
2
14 248
2
487 67
2
465 437
2
31 103
2
32 255
2
301 444
2
423 472
2
253 469
2
355 396
2
125 389
2
388 34
2
451 82
2
23 500
2
182 221
2
41 395
2
55 507
2
184 323
2
353 28
2
334 307
2
51 440
2
452 404
2
189 201
2
116 379
2
493 39
2
257 320
2
283 320
2
413 184
2
202 62
2
101 351
2
301 350
2
180 60
2
28 184
2
81 301
2
457 481
2
57 347
2
162 328
2
160 146
2
508 332
2
71 281
2
431 73
2
68 357
2
240 235
2
455 430
2
386 39
2
73 377
2
256 96
2
416 296
2
449 175
2
159 332
2
387 178
2
479 48
2
326 117
2
23 209
2
277 66
2
278 498
2
129 50
2
480 22
2
412 89
2
407 22
2
163 47
2
438 83
2
405 9
2
486 172
2
187 269
2
368 43
2
490 306
2
446 477
2
304 486
2
235 321
2
59 124
2
233 482
2
139 126
2
477 372
2
476 67
2
150 142
2
181 56
2
30 238
2
494 476
2
118 266
2
352 170
2
81 233
2
100 469
2
44 38
2
395 446
2
14 160
2
192 46
2
67 311
2
93 291
2
6 43
2
367 410
2
362 66
2
318 495
2
196 508
2
475 282
2
289 13
2
46 429
2
131 455
2
490 45
2
243 184
2
381 505
2
327 232
2
417 247
2
44 473
2
493 72
2
61 15
2
164 167
2
385 36
2
349 119
2
372 324
2
39 74
2
487 87
2
352 223
2
291 127
2
2 81
2
260 275
2
330 510
2
363 73
2
177 297
2
368 482
2
339 282
2
462 447
2
504 43
2
426 501
2
506 436
2
201 242
2
474 167
2
160 398
2
370 328
2
189 174
2
335 241
2
379 117
2
140 200
2
10 146
2
319 374
2
33 486
2
423 279
2
209 164
2
128 90
2
156 273
2
360 225
2
298 19
2
148 448
2
417 223
2
362 28
2
318 179
2
124 338
2
364 326
2
508 330
2
81 414
2
225 250
2
39 33
2
263 470
2
430 90
2
28 303
2
449 445
2
228 195
2
313 174
2
159 63
2
397 456
2
476 124
2
347 57
2
270 247
2
17 400
2
159 509
2
160 273
2
164 415
2
388 403
2
159 394
2
212 198
2
65 141
2
288 136
2
134 421
2
370 242
2
443 118
2
97 226
2
323 437
2
275 226
2
174 272
2
221 478
2
499 156
2
307 170
2
451 115
2
371 167
2
334 404
2
280 54
2
280 467
2
33 117
2
385 113
2
387 382
2
78 61
2
92 146
2
389 91
2
395 251
2
173 468
2
292 429
2
356 486
2
119 140
2
303 297
2
189 391
2
356 441
2
257 201
2
232 460
2
311 118
2
184 207
2
10 335
2
488 120
2
504 121
2
407 169
2
96 492
2
456 404
2
283 408
2
219 469
2
65 86
2
105 381
2
291 310
2
155 37
2
82 268
2
177 46
2
210 376
2
140 124
2
164 342
2
167 105
2
431 357
2
334 424
2
443 178
2
18 333
2
98 438
2
339 487
2
278 266
2
190 227
2
429 50
2
207 408
2
98 201
2
379 448
2
269 429
2
510 365
2
380 433
2
23 350
2
101 80
2
32 225
2
42 150
2
218 461
2
442 396
2
111 339
2
371 500
2
493 398
2
423 236
2
421 243
2
256 90
2
464 114
2
451 428
2
485 336
2
297 384
2
508 239
2
257 123
2
267 361
2
255 107
2
454 159
2
252 437
2
384 423
2
40 65
2
410 201
2
209 217
2
273 181
2
137 119
2
212 332
2
294 71
2
317 415
2
18 372
2
507 499
2
119 165
2
148 436
2
215 32
2
437 168
2
268 167
2
67 429
2
14 169
2
495 269
2
141 276
2
424 491
2
326 78
2
4 221
2
475 450
2
390 327
2
136 116
2
430 472
2
105 182
2
99 331
2
367 276
2
428 70
2
382 44
2
262 508
2
35 300
2
73 469
2
382 414
2
441 503
2
158 382
2
192 296
2
508 433
2
203 60
2
130 274
2
492 266
2
18 388
2
276 359
2
73 432
2
236 346
2
404 397
2
23 501
2
202 7
2
481 101
2
494 297
2
109 157
2
249 10
2
36 382
2
430 470
2
285 425
2
121 378
2
493 167
2
210 418
2
72 263
2
133 15
2
312 217
2
109 380
2
180 297
2
408 65
2
238 264
2
118 355
2
277 272
2
236 198
2
111 124
2
140 316
2
478 414
2
499 218
2
167 105
2
166 504
2
209 419
2
412 317
2
171 174
2
33 180
2
165 414
2
42 472
2
246 149
2
14 160
2
477 308
2
33 472
2
63 305
2
458 187
2
491 279
2
106 96
2
310 115
2
192 373
2
95 178
2
437 128
2
272 4
2
449 280
2
52 413
2
254 373
2
360 156
2
202 501
2
100 378
2
484 147
2
149 109
2
358 87
2
125 204
2
31 410
2
339 211
2
150 315
2
389 179
2
441 48
2
257 86
2
60 12
2
104 142
2
401 416
2
13 293
2
217 498
2
57 35
2
447 25
2
76 495
2
506 390
2
279 450
2
24 53
2
421 347
2
236 134
2
421 328
2
218 436
2
267 127
2
402 132
2
429 482
2
226 88
2
490 147
2
419 272
2
472 376
2
177 414
2
460 264
2
352 279
2
484 467
2
466 385
2
377 173
2
389 338
2
360 508
2
154 445
2
160 418
2
282 425
2
37 41
2
500 67
2
158 371
2
97 171
2
135 238
2
207 51
2
350 1
2
469 319
2
299 88
2
127 424
2
371 123
2
246 83
2
49 460
2
322 458
2
386 232
2
77 381
2
137 335
2
467 394
2
91 323
2
105 281
2
248 274
2
70 218
2
355 269
2
389 98
2
448 33
2
27 484
2
263 225
2
484 227
2
248 399
2
351 291
2
182 64
2
135 365
2
72 482
2
157 248
2
468 136
2
350 261
2
226 6
2
461 129
2
7 265
2
286 106
2
383 264
2
100 468
2
447 371
2
201 190
2
324 434
2
248 485
2
356 334
2
373 140
2
431 439
2
420 294
2
442 70
2
228 18
2
34 239
2
265 312
2
134 161
2
97 199
2
0 117
2
474 394
2
256 13
2
85 287
2
325 462
2
349 194
2
120 89
2
41 101
2
288 200
2
395 315
2
110 76
2
320 67
2
508 33
2
283 450
2
21 227
2
362 384
2
463 437
2
333 485
2
241 283
2
223 489
2
91 34
2
502 290
2
391 427
2
392 448
2
240 73
2
170 88
2
242 155
2
155 429
2
377 481
2
211 100
2
11 409
2
442 355
2
85 300
2
145 246
2
333 324
2
126 463
2
391 67
2
74 176
2
38 339
2
341 221
2
276 100
2
239 125
2
132 377
2
135 165
2
379 26
2
160 10
2
331 295
2
30 201
2
24 404
2
213 293
2
427 151
2
165 144
2
289 438
2
409 461
2
233 64
2
223 450
2
155 358
2
463 9
2
465 46
2
489 430
2
102 31
2
252 82
2
5 438
2
319 477
2
119 169
2
455 503
2
381 356
2
66 328
2
504 129
2
2 47
2
145 240
2
362 353
2
166 290
2
507 116
2
487 133
2
443 140
2
272 192
2
57 492
2
5 403
2
465 46
2
65 213
2
90 279
2
394 418
2
425 437
2
178 12
2
254 217
2
275 187
2
486 375
2
466 332
2
73 101
2
162 452
2
56 186
2
240 233
2
207 97
2
319 422
2
447 209
2
183 70
2
436 219
2
167 264
2
372 94
2
318 371
2
433 122
2
413 317
2
45 114
2
224 456
2
171 313
2
321 398
2
417 141
2
351 340
2
375 257
2
326 9
2
486 291
2
200 374
2
287 38
2
318 446
2
371 69
2
502 500
2
59 255
2
186 347
2
165 372
2
260 169
2
325 69
2
67 427
2
239 309
2
469 89
2
439 475
2
354 134
2
56 146
2
367 399
2
381 223
2
137 267
2
251 239
2
336 266
2
336 314
2
250 490
2
287 495
2
238 101
2
100 150
2
499 493
2
231 351
2
452 45
2
214 302
2
105 499
2
29 27
2
455 315
2
306 73
2
356 133
2
66 422
2
320 457
2
475 231
2
62 71
2
98 121
2
95 64
2
175 191
2
441 161
2
502 219
2
370 287
2
166 54
2
149 474
2
21 216
2
425 204
2
467 465
2
204 394
2
109 160
2
439 425
2
18 418
2
82 98
2
16 280
2
384 187
2
212 239
2
35 111
2
467 412
2
459 430
2
110 384
2
341 231
2
75 115
2
275 170
2
414 280
2
231 105
2
181 478
2
385 504
2
276 64
2
179 492
2
95 500
2
240 310
2
380 1
2
27 245
2
502 96
2
351 392
2
294 365
2
418 293
2
20 275
2
261 152
2
169 441
2
166 210
2
421 379
2
44 65
2
26 369
2
409 103
2
480 57
2
437 126
2
189 169
2
53 55
2
260 118
2
122 252
2
82 152
2
360 147
2
337 154
2
327 174
2
304 466
2
241 318
2
449 93
2
505 35
2
288 42
2
236 93
2
428 45
2
293 331
2
340 344
2
482 236
2
205 48
2
124 483
2
296 212
2
97 169
2
189 130
2
104 322
2
66 210
2
10 101
2
128 144
2
465 400
2
217 365
2
350 142
2
200 89
2
311 247
2
445 202
2
25 89
2
368 68
2
401 232
2
170 14
2
267 220
2
447 154
2
373 43
2
477 454
2
159 408
2
408 110
2
327 444
2
208 361
2
349 71
2
188 493
2
238 350
2
253 421
2
228 290
2
177 492
2
159 197
2
276 226
2
181 119
2
275 254
2
129 7
2
70 284
2
115 54
2
55 285
2
284 176
2
252 217
2
40 169
2
507 437
2
347 169
2
463 364
2
39 381
2
29 145
2
248 77
2
505 215
2
76 304
2
486 502
2
146 354
2
4 78
2
153 219
2
239 25
2
132 48
2
143 117
2
57 191
2
413 295
2
458 132
2
297 235
2
263 113
2
73 353
2
73 247
2
254 6
2
409 48
2
11 221
2
209 355
2
508 431
2
154 203
2
21 90
2
224 387
2
69 323
2
474 457
2
89 383
2
170 260
2
298 215
2
428 201
2
129 446
2
395 169
2
229 387
2
316 160
2
351 97
2
180 497
2
95 120
2
360 163
2
137 327
2
124 298
2
185 425
2
382 423
2
266 171
2
126 397
2
283 174
2
216 59
2
339 497
2
184 189
2
167 376
2
282 105
2
137 134
2
413 31
2
128 454
2
321 23
2
318 35
2
143 434
2
183 370
2
52 185
2
87 335
2
1 272
2
273 48
2
293 294
2
373 389
2
270 425
2
97 14
2
412 452
2
248 104
2
91 177
2
113 156
2
169 431
2
380 382
2
349 111
2
115 439
2
149 423
2
1 413
2
496 30
2
114 352
2
281 334
2
431 231
2
42 236
2
353 125
2
125 361
2
503 121
2
223 174
2
247 49
2
15 34
2
499 328
2
269 112
2
246 371
2
169 341
2
362 157
2
117 327
2
500 341
2
289 129
2
474 29
2
155 381
2
84 415
2
138 339
2
404 241
2
150 96
2
107 176
2
3 102
2
473 101
2
304 282
2
313 50
2
192 374
2
298 100
2
157 444
2
319 265
2
342 61
2
76 438
2
61 1
2
397 374
2
295 235
2
45 182
2
141 271
2
163 471
2
431 219
2
38 11
2
385 97
2
279 101
2
367 169
2
65 3
2
142 44
2
162 506
2
236 503
2
295 342
2
277 453
2
345 373
2
39 403
2
472 107
2
261 468
2
436 42
2
157 467
2
416 234
2
360 199
2
445 422
2
325 329
2
136 274
2
450 444
2
244 180
2
297 21
2
386 276
2
213 220
2
142 396
2
46 359
2
0 91
2
446 507
2
24 312
2
459 215
2
281 490
2
396 72
2
287 154
2
457 204
2
431 84
2
338 406
2
236 345
2
502 297
2
207 2
2
243 170
2
320 368
2
126 391
2
322 290
2
409 80
2
116 421
2
418 218
2
372 72
2
452 294
2
483 193
2
100 289
2
447 147
2
222 375
2
259 421
2
110 144
2
388 94
2
386 397
2
36 242
2
2 20
2
470 297
2
209 6
2
272 40
2
402 127
2
19 116
2
242 95
2
506 387
2
174 218
2
149 462
2
466 351
2
440 402
2
309 179
2
125 296
2
259 412
2
427 87
2
170 346
2
217 339
2
32 445
2
395 491
2
359 508
2
351 129
2
429 159
2
40 446
2
44 394
2
149 251
2
445 472
2
331 196
2
145 209
2
105 425
2
340 412
2
435 180
2
325 88
2
178 239
2
40 137
2
282 88
2
57 87
2
115 59
2
192 265
2
385 147
2
331 351
2
443 369
2
250 407
2
21 387
2
200 197
2
84 399
2
197 453
2
95 27
2
65 242
2
492 87
2
260 461
2
28 64
2
453 456
2
148 474
2
110 232
2
18 252
2
465 330
2
317 158
2
209 210
2
181 58
2
492 204
2
108 435
2
468 165
2
331 386
2
7 207
2
178 228
2
56 63
2
266 494
2
22 232
2
280 409
2
219 203
2
132 252
2
288 305
2
261 458
2
262 192
2
298 118
2
505 99
2
468 69
2
357 181
2
432 174
2
358 21
2
162 95
2
487 498
2
195 496
2
380 492
2
495 335
2
48 339
2
216 209
2
45 381
2
181 367
2
121 376
2
112 381
2
216 60
2
143 308
2
23 164
2
263 363
2
462 210
2
4 103
2
244 181
2
169 26
2
383 471
2
325 69
2
18 232
2
494 82
2
357 331
2
469 116
2
15 245
2
487 382
2
46 129
2
477 302
2
126 368
2
331 21
2
371 36
2
369 96
2
441 462
2
271 70
2
326 278
2
179 298
2
98 345
2
170 122
2
348 427
2
279 446
2
349 6
2
28 73
2
116 482
2
144 102
2
250 156
2
39 347
2
42 83
2
96 254
2
367 345
2
93 208
2
399 42
2
179 157
2
450 225
2
413 33
2
127 233
2
0 172
2
270 59
2
440 62
2
459 395
2
244 155
2
120 287
2
139 238
2
17 121
2
183 419
2
156 291
2
9 371
2
258 490
2
478 341
2
499 492
2
319 246
2
55 452
2
17 45
2
154 49
2
248 294
2
76 175
2
18 83
2
403 184
2
385 63
2
451 388
2
294 376
2
395 169
2
437 443
2
200 448
2
233 439
2
362 420
2
58 492
2
358 32
2
244 215
2
318 133
2
332 56
2
95 127
2
199 374
2
447 260
2
302 296
2
454 100
2
342 412
2
342 274
2
454 359
2
117 237
2
120 4
2
25 3
2
16 206
2
316 34
2
393 340
2
336 367
2
469 475
2
469 390
2
42 71
2
120 54
2
129 84
2
280 468
2
210 67
2
55 57
2
25 65
2
318 94
2
475 254
2
424 38
2
237 397
2
343 351
2
286 473
2
223 333
2
410 215
2
455 151
2
411 256
2
78 412
2
192 68
2
182 158
2
300 470
2
459 467
2
246 17
2
413 30
2
355 448
2
208 342
2
318 186
2
476 105
2
252 481
2
131 86
2
391 75
2
487 6
2
398 317
2
358 177
2
293 429
2
26 261
2
380 51
2
11 386
2
333 337
2
240 322
2
159 323
2
193 438
2
220 320
2
411 76
2
8 299
2
278 35
2
255 159
2
338 345
2
199 280
2
183 423
2
258 430
2
412 162
2
219 314
2
158 217
2
430 98
2
21 370
2
50 72
2
173 84
2
351 289
2
497 304
2
29 24
2
469 304
2
229 295
2
492 54
2
318 198
2
353 66
2
141 63
2
302 374
2
428 185
2
488 462
2
316 74
2
221 63
2
357 192
2
18 19
2
370 135
2
484 399
2
151 131
2
334 115
2
204 111
2
489 329
2
249 288
2
155 122
2
334 268
2
452 430
2
36 128
2
120 181
2
272 506
2
340 401
2
437 233
2
258 165
2
349 267
2
398 313
2
73 4
2
181 314
2
199 124
2
279 122
2
427 236
2
52 71
2
508 16
2
422 228
2
389 125
2
58 368
2
235 228
2
1 391
2
241 443
2
57 491
2
329 254
2
93 476
2
431 438
2
508 371
2
80 458
2
299 381
2
103 254
2
40 165
2
45 480
2
345 351
2
39 195
2
297 256
2
473 364
2
117 474
2
362 321
2
158 439
2
167 134
2
152 100
2
179 193
2
471 4
2
209 456
2
238 102
2
12 364
2
11 381
2
289 119
2
404 277
2
123 264
2
142 352
2
430 60
2
309 37
2
478 255
2
291 141
2
374 225
2
9 200
2
263 303
2
417 386
2
267 457
2
209 168
2
330 284
2
383 424
2
193 283
2
254 491
2
36 391
2
20 361
2
214 65
2
493 329
2
334 305
2
478 288
2
423 90
2
161 262
2
15 264
2
28 125
2
57 477
2
432 500
2
173 263
2
359 146
2
168 331
2
368 158
2
266 164
2
379 356
2
398 257
2
203 494
2
317 384
2
357 100
2
213 304
2
218 31
2
472 482
2
99 231
2
65 96
2
130 119
2
312 106
2
294 489
2
427 54
2
123 362
2
298 165
2
301 184
2
259 305
2
302 113
2
278 253
2
115 341
2
346 125
2
64 299
2
327 228
2
26 488
2
73 34
2
483 438
2
122 323
2
440 448
2
461 272
2
326 50
2
421 369
2
479 252
2
323 392
2
72 316
2
346 41
2
153 24
2
88 229
2
301 55
2
325 405
2
348 457
2
453 370
2
254 325
2
362 272
2
462 249
2
345 498
2
107 417
2
456 10
2
173 421
2
393 158
2
81 244
2
430 70
2
302 341
2
4 131
2
464 444
2
106 407
2
10 406
2
164 191
2
372 261
2
331 16
2
336 320
2
349 251
2
327 485
2
121 382
2
298 34
2
384 430
2
133 7
2
269 168
2
258 300
2
276 252
2
453 85
2
371 61
2
208 103
2
333 263
2
506 398
2
45 64
2
268 309
2
243 97
2
346 332
2
78 181
2
483 238
2
479 252
2
415 180
2
83 286
2
401 377
2
233 38
2
489 496
2
418 261
2
424 228
2
414 475
2
185 226
2
92 189
2
456 304
2
367 66
2
404 128
2
128 174
2
34 176
2
44 453
2
506 384
2
296 226
2
371 219
2
362 130
2
166 510
2
191 38
2
320 325
2
417 85
2
283 241
2
292 79
2
5 502
2
414 495
2
485 8
2
7 181
2
72 490
2
405 150
2
378 435
2
177 283
2
30 28
2
375 188
2
412 327
2
407 152
2
257 23
2
22 336
2
199 469
2
186 231
2
56 439
2
328 65
2
116 283
2
329 332
2
389 62
2
476 438
2
279 56
2
115 337
2
260 421
2
71 200
2
442 105
2
120 494
2
359 388
2
180 97
2
370 173
2
93 31
2
423 207
2
446 365
2
75 66
2
17 76
2
189 361
2
7 449
2
110 224
2
371 299
2
234 509
2
89 444
2
85 277
2
93 410
2
495 447
2
325 375
2
95 382
2
1 360
2
412 66
2
320 478
2
494 172
2
117 234
2
252 434
2
49 363
2
214 90
2
239 345
2
501 10
2
324 79
2
416 178
2
368 235
2
155 37
2
396 450
2
115 124
2
9 464
2
215 480
2
43 221
2
134 194
2
332 204
2
28 94
2
294 492
2
174 352
2
370 51
2
68 161
2
79 459
2
119 457
2
383 401
2
26 359
2
127 192
2
464 184
2
142 269
2
259 70
2
153 114
2
410 84
2
378 480
2
457 201
2
232 190
2
357 476
2
482 80
2
38 498
2
1 96
2
305 105
2
257 343
2
369 198
2
207 65
2
419 462
2
333 68
2
11 265
2
14 366
2
390 330
2
502 250
2
133 363
2
77 472
2
502 13
2
106 16
2
442 502
2
108 149
2
344 251
2
104 348
2
10 189
2
202 500
2
36 291
2
329 78
2
113 201
2
439 181
2
163 54
2
322 423
2
117 407
2
307 426
2
486 507
2
274 76
2
91 392
2
264 95
2
26 356
2
376 288
2
27 156
2
466 142
2
240 177
2
482 399
2
112 363
2
75 454
2
331 271
2
3 439
2
324 266
2
360 335
2
293 156
2
415 339
2
188 482
2
142 173
2
58 179
2
22 166
2
283 89
2
398 176
2
20 130
2
16 43
2
471 181
2
304 11
2
375 81
2
495 316
2
81 43
2
209 475
2
319 440
2
51 396
2
19 265
2
329 418
2
64 247
2
320 18
2
433 451
2
393 142
2
221 108
2
483 357
2
162 301
2
395 361
2
440 304
2
389 419
2
284 480
2
502 303
2
159 465
2
404 168
2
308 487
2
190 434
2
361 394
2
288 269
2
300 290
2
277 136
2
57 505
2
122 469
2
128 189
2
162 65
2
473 460
2
296 120
2
266 57
2
323 239
2
8 311
2
468 8
2
481 228
2
207 116
2
39 48
2
379 163
2
412 338
2
437 292
2
238 267
2
100 494
2
31 15
2
82 216
2
434 7
2
409 7
2
509 172
2
234 229
2
256 499
2
476 323
2
0 258
2
434 421
2
106 181
2
188 1
2
10 163
2
474 49
2
205 162
2
72 294
2
502 72
2
399 234
2
202 507
2
35 108
2
222 346
2
158 147
2
475 154
2
471 59
2
28 45
2
87 4
2
305 318
2
64 110
2
477 312
2
341 13
2
104 503
2
479 343
2
206 432
2
414 115
2
332 297
2
446 271
2
74 414
2
407 243
2
58 93
2
503 320
2
435 295
2
465 231
2
49 30
2
2 20
2
218 61
2
375 333
2
367 501
2
222 387
2
414 184
2
28 5
2
234 250
2
503 23
2
458 356
2
228 479
2
373 244
2
318 54
2
127 228
2
79 248
2
319 264
2
245 403
2
303 452
2
142 102
2
104 316
2
11 454
2
390 216
2
458 72
2
338 406
2
201 316
2
333 378
2
83 414
2
262 7
2
456 102
2
400 6
2
411 234
2
210 229
2
293 245
2
128 334
2
412 368
2
501 237
2
291 65
2
182 316
2
14 172
2
126 11
2
27 310
2
452 53
2
213 380
2
303 278
2
406 360
2
1 181
2
60 36
2
454 270
2
81 96
2
457 97
2
75 31
2
151 249
2
450 506
2
43 26
2
261 2
2
306 165
2
285 263
2
21 178
2
403 424
2
172 216
2
138 86
2
204 241
2
420 265
2
289 232
2
176 31
2
419 309
2
400 195
2
408 11
2
398 64
2
377 86
2
187 153
2
86 36
2
333 193
2
508 16
2
212 144
2
352 464
2
372 381
2
488 418
2
53 407
2
18 291
2
483 127
2
82 269
2
439 158
2
441 507
2
91 437
2
411 265
2
245 279
2
388 295
2
47 445
2
101 482
2
446 81
2
483 48
2
120 48
2
97 226
2
154 485
2
303 250
2
479 145
2
42 184
2
405 275
2
304 314
2
448 58
2
89 165
2
352 75
2
204 495
2
160 339
2
3 19
2
43 347
2
241 312
2
426 223
2
23 452
2
294 27
2
213 92
2
278 281
2
144 40
2
106 428
2
18 253
2
263 83
2
333 434
2
192 487
2
99 82
2
43 187
2
432 258
2
277 509
2
51 124
2
347 109
2
198 488
2
118 107
2
217 423
2
395 500
2
189 76
2
1 480
2
431 201
2
316 54
2
405 417
2
79 173
2
65 112
2
430 80
2
70 100
2
211 278
2
263 16
2
208 33
2
53 231
2
175 144
2
351 146
2
192 32
2
105 224
2
162 149
2
170 376
2
43 452
2
243 107
2
199 80
2
102 429
2
180 330
2
415 53
2
149 153
2
62 489
2
119 238
2
171 501
2
181 370
2
372 377
2
333 264
2
169 240
2
164 156
2
266 162
2
58 420
2
71 147
2
201 292
2
128 202
2
176 155
2
443 279
2
155 275
2
144 146
2
281 87
2
447 76
2
281 389
2
54 235
2
261 84
2
474 218
2
358 58
2
155 160
2
477 105
2
14 221
2
283 7
2
97 19
2
195 256
2
79 153
2
73 228
2
231 205
2
159 339
2
71 341
2
205 257
2
319 394
2
427 292
2
250 226
2
162 252
2
5 0
2
183 198
2
166 73
2
492 263
2
118 410
2
118 155
2
42 81
2
5 228
2
343 172
2
380 164
2
168 316
2
390 324
2
135 382
2
119 413
2
113 16
2
141 313
2
67 80
2
480 444
2
61 35
2
148 419
2
65 349
2
390 291
2
273 402
2
453 124
2
3 109
2
187 365
2
347 279
2
97 256
2
411 359
2
356 41
2
354 196
2
191 251
2
329 452
2
177 114
2
383 235
2
298 436
2
238 299
2
328 254
2
192 292
2
280 226
2
479 487
2
306 318
2
151 245
2
100 90
2
389 368
2
248 73
2
357 398
2
85 505
2
384 225
2
186 177
2
427 270
2
257 466
2
390 411
2
437 459
2
181 403
2
307 28
2
343 463
2
294 257
2
75 195
2
177 74
2
235 399
2
95 371
2
494 300
2
215 56
2
186 118
2
203 436
2
238 295
2
362 241
2
92 239
2
436 503
2
204 234
2
133 199
2
306 180
2
328 41
2
95 393
2
385 13
2
348 486
2
53 235
2
8 352
2
222 285
2
186 283
2
479 213
2
405 465
2
391 79
2
317 30
2
356 153
2
342 38
2
405 195
2
348 383
2
382 283
2
398 380
2
464 509
2
49 76
2
332 242
2
505 292
2
473 171
2
279 225
2
66 72
2
280 81
2
89 418
2
442 476
2
175 98
2
358 237
2
341 250
2
125 310
2
282 351
2
159 354
2
134 124
2
438 493
2
149 365
2
413 443
2
351 408
2
411 58
2
409 141
2
490 177
2
235 357
2
135 227
2
481 500
2
497 275
2
88 70
2
327 285
2
317 435
2
70 391
2
282 251
2
439 303
2
436 328
2
104 503
2
466 261
2
42 31
2
409 492
2
1 363
2
331 509
2
239 195
2
457 448
2
197 109
2
78 413
2
385 324
2
455 493
2
379 384
2
55 88
2
177 105
2
398 83
2
430 233
2
62 187
2
123 417
2
427 374
2
429 190
2
310 425
2
82 462
2
420 219
2
508 198
2
178 5
2
450 68
2
285 110
2
208 249
2
189 21
2
373 184
2
167 160
2
486 307
2
247 35
2
93 309
2
459 33
2
288 17
2
309 505
2
116 166
2
273 490
2
215 85
2
158 82
2
144 509
2
413 246
2
209 21
2
250 45
2
447 148
2
473 479
2
215 126
2
39 447
2
113 217
2
309 133
2
444 471
2
114 247
2
395 303
2
316 329
2
142 281
2
140 305
2
220 130
2
128 180
2
455 461
2
127 59
2
75 229
2
459 212
2
79 238
2
148 381
2
485 82
2
493 376
2
379 408
2
422 330
2
216 486
2
290 199
2
169 289
2
451 457
2
235 411
2
491 177
2
314 115
2
389 414
2
98 55
2
255 97
2
411 355
2
352 445
2
209 62
2
205 438
2
184 192
2
396 233
2
209 411
2
272 289
2
483 8
2
386 10
2
213 231
2
218 439
2
280 265
2
121 371
2
82 112
2
423 103
2
60 38
2
29 417
2
405 4
2
376 295
2
278 364
2
239 427
2
188 293
2
278 228
2
159 33
2
434 96
2
485 112
2
296 501
2
190 442
2
457 360
2
7 213
2
277 364
2
27 9
2
77 58
2
221 129
2
271 212
2
230 224
2
138 243
2
408 416
2
3 392
2
14 135
2
388 220
2
323 371
2
108 363
2
121 498
2
79 481
2
92 335
2
459 249
2
337 384
2
366 489
2
178 52
2
30 254
2
367 192
2
6 1
2
257 133
2
35 497
2
269 440
2
365 104
2
346 48
2
475 229
2
451 483
2
199 296
2
286 132
2
101 208
2
235 313
2
287 274
2
29 172
2
182 153
2
500 304
2
241 311
2
8 242
2
425 391
2
317 90
2
99 261
2
274 347
2
431 115
2
183 47
2
158 31
2
76 419
2
478 271
2
282 120
2
423 249
2
287 233
2
383 209
2
291 275
2
272 506
2
480 340
2
43 217
2
277 174
2
346 487
2
470 151
2
443 477
2
504 214
2
35 73
2
189 156
2
464 505
2
48 211
2
377 66
2
242 504
2
456 355
2
79 124
2
330 383
2
254 251
2
331 391
2
167 275
2
66 147
2
115 227
2
459 120
2
372 216
2
220 488
2
180 325
2
24 140
2
117 77
2
397 427
2
407 313
2
213 326
2
35 66
2
224 13
2
378 209
2
170 378
2
326 91
2
503 51
2
291 476
2
130 3
2
352 311
2
25 361
2
28 174
2
244 233
2
297 212
2
76 95
2
261 54
2
323 356
2
395 327
2
381 463
2
452 391
2
236 47
2
240 287
2
157 194
2
174 226
2
198 134
2
96 54
2
382 151
2
387 443
2
308 70
2
183 258
2
164 388
2
268 144
2
241 47
2
510 22
2
358 450
2
144 300
2
476 112
2
329 435
2
200 252
2
211 271
2
491 344
2
9 395
2
225 510
2
187 83
2
430 287
2
453 476
2
500 379
2
447 261
2
392 301
2
232 75
2
391 149
2
159 34
2
100 304
2
129 220
2
436 465
2
243 448
2
30 493
2
114 96
2
480 448
2
5 120
2
353 338
2
224 242
2
284 18
2
116 35
2
252 214
2
143 314
2
363 187
2
264 148
2
461 253
2
100 54
2
337 397
2
477 288
2
131 262
2
470 81
2
405 165
2
451 221
2
101 275
2
445 434
2
20 212
2
244 186
2
448 252
2
4 40
2
231 64
2
169 129
2
343 37
2
357 140
2
227 401
2
158 261
2
154 99
2
39 446
2
421 210
2
283 317
2
225 0
2
300 257
2
509 130
2
489 309
2
266 243
2
325 90
2
145 416
2
301 122
2
380 142
2
426 113
2
181 376
2
416 358
2
353 326
2
446 317
2
256 412
2
232 301
2
293 18
2
427 134
2
340 223
2
24 130
2
185 45
2
284 490
2
435 499
2
302 129
2
97 482
2
20 441
2
510 141
2
25 56
2
18 298
2
488 144
2
264 166
2
493 59
2
509 496
2
27 80
2
257 390
2
266 204
2
338 221
2
484 220
2
240 41
2
491 66
2
439 266
2
64 184
2
212 72
2
85 87
2
12 410
2
337 310
2
443 162
2
83 416
2
107 41
2
187 219
2
395 448
2
99 27
2
49 497
2
269 335
2
105 301
2
31 465
2
376 349
2
108 226
2
353 444
2
65 154
2
401 112
2
470 126
2
312 156
2
421 439
2
502 474
2
402 348
2
301 12
2
140 204
2
283 450
2
381 176
2
457 439
2
141 502
2
181 18
2
294 490
2
171 287
2
334 294
2
145 329
2
258 279
2
299 33
2
499 495
2
179 124
2
488 387
2
500 65
2
13 264
2
429 507
2
411 331
2
505 418
2
306 90
2
430 36
2
255 207
2
287 69
2
194 365
2
289 19
2
113 249
2
76 368
2
288 24
2
57 76
2
164 139
2
234 102
2
72 272
2
234 303
2
234 389
2
37 361
2
42 233
2
224 52
2
331 321
2
34 123
2
228 330
2
38 303
2
501 496
2
33 310
2
167 213
2
455 266
2
58 410
2
347 337
2
96 502
2
2 233
2
465 131
2
12 155
2
369 402
2
60 298
2
413 98
2
234 178
2
115 294
2
272 471
2
140 403
2
194 486
2
174 397
2
509 414
2
225 47
2
48 196
2
157 302
2
430 114
2
64 226
2
501 157
2
416 354
2
283 41
2
343 373
2
212 112
2
55 111
2
111 408
2
265 226
2
127 154
2
7 293
2
176 225
2
241 352
2
412 356
2
42 43
2
100 147
2
432 107
2
369 280
2
371 306
2
36 436
2
459 131
2
306 317
2
500 37
2
360 232
2
262 475
2
83 490
2
494 171
2
277 161
2
98 83
2
51 385
2
482 191
2
66 334
2
325 232
2
157 49
2
73 10
2
6 474
2
314 269
2
252 266
2
82 97
2
347 155
2
18 339
2
197 95
2
369 44
2
235 345
2
125 88
2
151 172
2
410 283
2
256 56
2
450 389
2
220 102
2
47 412
2
331 46
2
437 154
2
349 368
2
499 357
2
151 165
2
218 111
2
480 246
2
392 131
2
188 313
2
253 386
2
298 93
2
84 71
2
197 4
2
437 141
2
246 399
2
506 7
2
507 2
2
274 35
2
34 182
2
105 60
2
22 229
2
181 341
2
3 117
2
443 72
2
410 8
2
391 331
2
350 351
2
24 427
2
138 377
2
392 69
2
64 229
2
324 89
2
443 252
2
494 254
2
98 69
2
27 292
2
382 348
2
109 351
2
194 454
2
228 471
2
65 153
2
376 286
2
164 505
2
67 161
2
409 345
2
148 321
2
474 124
2
413 187
2
165 110
2
15 387
2
447 438
2
90 223
2
268 341
2
33 336
2
492 243
2
448 223
2
319 20
2
110 69
2
378 286
2
133 411
2
43 70
2
266 506
2
303 454
2
262 393
2
454 62
2
56 381
2
444 509
2
372 266
2
121 432
2
486 277
2
386 33
2
94 366
2
76 60
2
267 311
2
463 474
2
430 341
2
321 467
2
235 220
2
309 272
2
430 109
2
142 379
2
244 198
2
224 508
2
234 87
2
114 491
2
42 28
2
110 185
2
76 479
2
71 85
2
243 289
2
115 73
2
509 371
2
388 5
2
2 508
2
430 60
2
142 388
2
383 27
2
219 198
2
188 12
2
331 77
2
355 103
2
292 111
2
234 303
2
391 120
2
192 251
2
239 160
2
383 418
2
150 223
2
104 472
2
355 142
2
67 14
2
204 149
2
396 126
2
215 302
2
463 507
2
380 265
2
123 125
2
415 104
2
54 183
2
20 7
2
35 379
2
214 423
2
130 433
2
272 506
2
298 209
2
473 85
2
466 256
2
67 62
2
290 282
2
64 166
2
441 165
2
446 198
2
428 350
2
179 146
2
510 200
2
222 394
2
424 173
2
7 236
2
431 19
2
109 314
2
235 40
2
95 214
2
353 260
2
166 506
2
429 460
2
204 313
2
73 156
2
118 457
2
156 305
2
49 61
2
49 246
2
463 271
2
209 57
2
426 357
2
232 362
2
80 211
2
78 509
2
31 114
2
276 100
2
165 499
2
148 248
2
265 8
2
110 157
2
334 14
2
135 7
2
298 401
2
386 66
2
425 508
2
37 363
2
261 253
2
50 82
2
165 287
2
341 420
2
50 486
2
191 453
2
63 298
2
73 357
2
243 320
2
254 106
2
176 229
2
143 498
2
293 371
2
240 176
2
58 398
2
38 119
2
307 31
2
58 125
2
76 338
2
468 289
2
126 87
2
196 508
2
498 6
2
305 218
2
147 364
2
490 190
2
401 67
2
212 198
2
90 387
2
248 463
2
297 250
2
305 50
2
200 437
2
504 113
2
237 400
2
141 351
2
208 192
2
411 212
2
276 467
2
394 403
2
110 7
2
481 301
2
194 508
2
28 212
2
296 188
2
165 60
2
411 20
2
483 217
2
84 170
2
241 462
2
148 323
2
151 322
2
383 144
2
336 23
2
61 453
2
183 100
2
138 355
2
344 95
2
56 500
2
33 425
2
146 2
2
257 350
2
54 155
2
315 166
2
96 346
2
473 228
2
496 140
2
453 195
2
48 475
2
440 170
2
29 441
2
288 237
2
406 177
2
143 244
2
88 139
2
443 439
2
162 192
2
83 386
2
480 17
2
122 109
2
288 156
2
22 332
2
225 336
2
280 444
2
32 264
2
97 190
2
192 493
2
51 406
2
317 245
2
310 258
2
133 141
2
412 127
2
401 393
2
145 499
2
113 508
2
348 5
2
270 184
2
41 143
2
335 23
2
410 80
2
28 33
2
290 484
2
485 440
2
70 233
2
431 120
2
416 116
2
394 341
2
109 500
2
123 194
2
13 57
2
80 452
2
170 89
2
457 159
2
75 327
2
482 197
2
316 148
2
94 74
2
329 267
2
424 173
2
64 200
2
207 360
2
313 134
2
105 473
2
496 219
2
124 135
2
75 470
2
16 198
2
389 220
2
231 355
2
245 170
2
381 93
2
136 146
2
211 76
2
207 54
2
456 419
2
215 412
2
225 256
2
452 361
2
149 141
2
486 400
2
287 458
2
346 289
2
283 475
2
446 462
2
293 287
2
155 173
2
101 418
2
17 395
2
335 34
2
19 450
2
106 281
2
468 310
2
80 144
2
243 143
2
23 48
2
376 504
2
103 310
2
280 459
2
296 13
2
130 234
2
133 411
2
211 289
2
262 496
2
442 179
2
345 230
2
237 310
2
45 110
2
238 80
2
192 434
2
231 314
2
418 14
2
267 407
2
297 368
2
227 427
2
116 340
2
509 415
2
30 25
2
406 489
2
289 400
2
499 31
2
52 491
2
297 22
2
110 94
2
7 6
2
128 220
2
149 236
2
25 270
2
248 115
2
265 381
2
112 464
2
423 126
2
472 279
2
288 149
2
222 280
2
179 142
2
162 356
2
385 50
2
216 33
2
477 273
2
120 138
2
273 491
2
198 14
2
373 347
2
366 235
2
148 360
2
204 88
2
105 61
2
222 251
2
441 245
2
56 351
2
45 151
2
356 127
2
50 431
2
487 321
2
280 296
2
427 199
2
251 336
2
298 400
2
509 232
2
250 56
2
67 267
2
389 89
2
208 351
2
165 188
2
231 121
2
203 489
2
157 269
2
317 420
2
191 446
2
228 202
2
423 450
2
128 290
2
81 274
2
10 220
2
92 107
2
501 32
2
343 238
2
106 134
2
42 214
2
185 20
2
438 111
2
138 399
2
140 315
2
242 479
2
43 368
2
502 373
2
425 0
2
120 190
2
222 298
2
285 120
2
164 396
2
478 412
2
486 76
2
408 375
2
42 199
2
314 126
2
96 324
2
69 179
2
315 85
2
118 10
2
242 63
2
9 413
2
112 246
2
4 69
2
352 213
2
55 160
2
21 390
2
36 223
2
21 360
2
255 195
2
74 85
2
113 11
2
121 205
2
444 306
2
310 377
2
352 76
2
85 80
2
387 222
2
447 349
2
486 420
2
186 176
2
236 4
2
181 189
2
17 282
2
169 230
2
386 429
2
270 346
2
453 44
2
401 469
2
162 429
2
506 140
2
238 338
2
332 214
2
497 423
2
159 165
2
447 96
2
471 118
2
187 443
2
64 109
2
70 510
2
341 37
2
112 359
2
47 336
2
107 327
2
337 407
2
160 119
2
133 293
2
73 101
2
305 471
2
192 399
2
214 307
2
30 481
2
54 419
2
388 77
2
99 105
2
67 297
2
67 372
2
356 298
2
220 171
2
452 260
2
416 188
2
60 198
2
95 322
2
330 459
2
400 458
2
63 10
2
123 479
2
321 415
2
73 354
2
264 304
2
98 363
2
452 444
2
376 169
2
6 1
2
4 230
2
183 321
2
105 125
2
258 310
2
469 37
2
47 341
2
156 198
2
392 228
2
479 126
2
259 328
2
120 30
2
211 461
2
365 43
2
226 296
2
244 158
2
251 38
2
93 156
2
257 136
2
1 500
2
108 35
2
57 148
2
162 228
2
304 333
2
96 184
2
471 470
2
254 324
2
255 476
2
311 292
2
506 328
2
451 322
2
395 212
2
301 131
2
291 21
2
222 330
2
36 208
2
472 132
2
256 250
2
197 17
2
270 267
2
129 358
2
76 299
2
267 376
2
420 122
2
495 510
2
430 18
2
319 185
2
210 224
2
20 366
2
345 219
2
325 421
2
438 204
2
300 21
2
106 370
2
52 460
2
74 498
2
65 292
2
377 384
2
242 51
2
153 137
2
297 106
2
427 244
2
483 306
2
374 370
2
375 343
2
129 74
2
13 351
2
363 177
2
411 273
2
490 57
2
373 151
2
500 503
2
63 382
2
445 278
2
322 167
2
170 96
2
478 134
2
103 26
2
263 272
2
43 360
2
59 505
2
290 449
2
327 215
2
258 2
2
499 22
2
304 55
2
257 85
2
369 448
2
66 338
2
361 120
2
344 281
2
310 290
2
139 243
2
286 14
2
378 23
2
328 85
2
352 73
2
207 73
2
289 66
2
174 411
2
443 483
2
43 160
2
213 432
2
107 386
2
0 471
2
186 252
2
170 237
2
44 50
2
302 339
2
206 222
2
288 68
2
359 361
2
115 166
2
510 189
2
91 500
2
330 239
2
203 191
2
384 405
2
263 222
2
500 462
2
104 54
2
275 116
2
117 421
2
297 346
2
489 13
2
296 327
2
393 108
2
14 239
2
19 94
2
92 195
2
248 70
2
181 472
2
85 460
2
274 88
2
297 191
2
251 330
2
224 336
2
455 180
2
39 156
2
193 399
2
166 124
2
328 65
2
47 291
2
204 109
2
374 113
2
427 75
2
222 372
2
246 325
2
52 138
2
493 320
2
472 243
2
39 383
2
5 352
2
487 45
2
4 173
2
484 446
2
243 495
2
203 501
2
15 272
2
177 107
2
244 154
2
37 86
2
357 430
2
303 221
2
467 329
2
456 357
2
241 391
2
450 387
2
392 506
2
343 186
2
286 223
2
182 164
2
16 109
2
317 314
2
87 316
2
234 62
2
275 309
2
194 406
2
237 343
2
134 461
2
424 429
2
72 433
2
480 308
2
246 392
2
322 441
2
281 319
2
497 210
2
4 483
2
339 9
2
421 285
2
358 184
2
448 165
2
36 119
2
406 169
2
404 177
2
300 214
2
122 284
2
369 370
2
81 23
2
312 366
2
245 450
2
277 47
2
53 503
2
75 508
2
338 0
2
9 86
2
71 379
2
308 228
2
331 121
2
28 451
2
286 24
2
17 49
2
277 457
2
165 254
2
48 471
2
510 424
2
379 85
2
174 375
2
61 388
2
467 336
2
232 113
2
274 63
2
150 190
2
201 347
2
32 325
2
446 243
2
60 274
2
156 434
2
115 382
2
460 43
2
61 502
2
33 9
2
25 417
2
278 259
2
267 31
2
267 261
2
219 417
2
379 244
2
496 254
2
313 271
2
295 271
2
21 274
2
154 5
2
356 97
2
400 129
2
289 18
2
181 241
2
292 159
2
377 45
2
18 248
2
462 9
2
162 253
2
299 213
2
256 271
2
340 403
2
502 322
2
421 45
2
340 286
2
325 236
2
33 273
2
460 247
2
241 51
2
389 275
2
295 278
2
397 202
2
102 228
2
96 165
2
180 216
2
263 193
2
363 180
2
457 169
2
271 215
2
86 461
2
237 216
2
57 64
2
468 349
2
291 501
2
462 409
2
251 104
2
429 85
2
232 85
2
467 31
2
195 267
2
496 407
2
221 104
2
49 461
2
510 94
2
162 486
2
343 165
2
72 100
2
442 50
2
121 288
2
342 126
2
70 420
2
99 317
2
255 174
2
374 74
2
501 306
2
135 198
2
258 199
2
138 59
2
163 214
2
211 90
2
362 265
2
284 307
2
48 293
2
53 252
2
389 233
2
141 10
2
436 352
2
244 274
2
460 302
2
220 355
2
430 275
2
410 310
2
217 200
2
258 334
2
293 33
2
8 222
2
294 12
2
331 459
2
366 107
2
53 380
2
400 127
2
417 334
2
474 114
2
385 23
2
484 276
2
36 89
2
154 17
2
502 95
2
125 318
2
107 471
2
188 380
2
458 79
2
385 97
2
319 414
2
452 377
2
104 344
2
392 256
2
401 96
2
474 104
2
131 491
2
208 297
2
353 143
2
320 463
2
247 129
2
399 197
2
230 277
2
361 81
2
123 156
2
191 274
2
452 299
2
111 488
2
361 185
2
254 501
2
322 39
2
10 464
2
243 19
2
84 67
2
291 279
2
265 152
2
479 455
2
30 102
2
128 332
2
345 117
2
80 474
2
304 288
2
463 508
2
285 62
2
497 136
2
282 452
2
262 41
2
285 199
2
291 393
2
29 160
2
424 247
2
25 136
2
460 369
2
207 508
2
358 353
2
147 158
2
484 284
2
476 481
2
360 288
2
249 345
2
230 232
2
135 289
2
193 133
2
244 149
2
14 318
2
156 97
2
95 221
2
483 26
2
86 283
2
51 120
2
52 372
2
238 418
2
24 151
2
189 36
2
322 465
2
216 206
2
472 137
2
257 423
2
435 416
2
2 347
2
378 391
2
211 399
2
280 510
2
177 89
2
204 156
2
323 89
2
267 443
2
418 330
2
403 263
2
168 397
2
228 332
2
449 177
2
430 166
2
108 273
2
509 36
2
331 479
2
88 1
2
265 209
2
383 234
2
354 379
2
26 6
2
51 0
2
73 116
2
394 150
2
233 235
2
14 399
2
95 418
2
335 315
2
74 97
2
86 114
2
180 441
2
183 117
2
291 49
2
56 395
2
242 47
2
320 312
2
48 217
2
438 155
2
203 38
2
4 228
2
380 40
2
70 120
2
335 402
2
372 22
2
347 349
2
146 276
2
214 302
2
117 409
2
438 46
2
275 243
2
429 150
2
440 16
2
285 304
2
50 481
2
435 275
2
40 224
2
345 207
2
488 459
2
329 219
2
65 172
2
350 492
2
32 195
2
85 199
2
50 334
2
73 187
2
187 457
2
405 169
2
142 356
2
126 273
2
296 253
2
222 63
2
211 99
2
418 221
2
401 152
2
487 244
2
239 308
2
337 134
2
185 259
2
12 303
2
275 449
2
440 58
2
166 71
2
4 505
2
467 348
2
276 246
2
163 12
2
412 119
2
218 64
2
450 437
2
123 445
2
149 403
2
374 226
2
227 239
2
17 211
2
65 102
2
350 201
2
195 468
2
224 502
2
75 136
2
114 117
2
365 181
2
327 365
2
4 283
2
238 36
2
372 430
2
215 248
2
196 480
2
2 115
2
239 70
2
372 244
2
464 357
2
275 14
2
79 145
2
361 191
2
16 337
2
349 82
2
113 97
2
451 203
2
18 386
2
281 306
2
406 344
2
23 98
2
6 422
2
433 486
2
493 233
2
447 237
2
501 487
2
261 365
2
117 296
2
245 243
2
71 141
2
43 205
2
499 12
2
358 27
2
297 286
2
39 336
2
214 1
2
377 147
2
17 317
2
286 215
2
149 346
2
361 33
2
348 179
2
361 450
2
401 47
2
78 25
2
242 46
2
369 310
2
403 258
2
234 270
2
151 422
2
401 4
2
486 127
2
181 102
2
390 404
2
508 100
2
161 296
2
400 0
2
455 443
2
80 39
2
30 312
2
54 371
2
458 468
2
353 412
2
417 197
2
129 431
2
362 271
2
337 499
2
413 236
2
473 310
2
249 67
2
63 212
2
213 299
2
185 334
2
155 399
2
170 371
2
315 422
2
331 431
2
328 429
2
46 339
2
42 413
2
392 488
2
236 468
2
425 369
2
460 168
2
123 10
2
252 208
2
228 46
2
438 210
2
45 261
2
383 35
2
286 313
2
398 56
2
405 360
2
66 431
2
82 252
2
264 496
2
407 177
2
432 397
2
307 273
2
78 172
2
325 73
2
245 192
2
398 317
2
388 146
2
292 157
2
19 313
2
471 500
2
458 229
2
342 175
2
214 368
2
216 331
2
435 317
2
326 281
2
159 410
2
276 133
2
126 405
2
94 117
2
486 170
2
90 260
2
47 375
2
450 173
2
450 389
2
273 500
2
34 502
2
191 305
2
111 464
2
52 203
2
502 380
2
164 11
2
15 419
2
373 204
2
227 130
2
408 32
2
408 422
2
107 417
2
94 219
2
325 175
2
147 349
2
160 473
2
181 501
2
338 476
2
502 305
2
343 472
2
448 378
2
259 487
2
118 300
2
427 258
2
132 476
2
329 44
2
497 441
2
106 302
2
34 439
2
397 317
2
411 282
2
430 215
2
293 185
2
158 198
2
464 413
2
161 72
2
253 330
2
463 269
2
241 72
2
460 299
2
252 41
2
128 176
2
155 403
2
118 203
2
74 53
2
395 95
2
282 288
2
56 410
2
299 166
2
36 113
2
460 507
2
3 318
2
88 90
2
127 174
2
144 404
2
150 384
2
240 316
2
407 155
2
303 479
2
429 107
2
108 447
2
122 228
2
125 379
2
318 40
2
296 91
2
181 322
2
42 74
2
370 294
2
409 45
2
347 121
2
481 263
2
316 189
2
147 444
2
145 83
2
1 208
2
181 254
2
134 186
2
465 158
2
85 338
2
331 440
2
154 77
2
509 257
2
161 436
2
279 455
2
267 449
2
118 316
2
142 318
2
333 474
2
93 63
2
170 374
2
382 66
2
203 499
2
141 398
2
247 27
2
353 392
2
163 224
2
156 284
2
32 82
2
471 453
2
342 316
2
183 335
2
8 254
2
158 412
2
270 32
2
217 18
2
0 438
2
253 211
2
439 22
2
112 142
2
350 247
2
155 450
2
113 84
2
230 504
2
170 125
2
46 272
2
198 255
2
155 365
2
465 380
2
479 31
2
481 127
2
226 312
2
219 386
2
80 394
2
345 129
2
427 158
2
143 235
2
503 476
2
212 355
2
32 342
2
211 125
2
390 495
2
439 273
2
328 485
2
16 24
2
19 491
2
352 24
2
32 218
2
321 226
2
310 218
2
423 64
2
146 40
2
126 481
2
92 336
2
441 317
2
86 66
2
305 30
2
222 294
2
30 401
2
273 240
2
386 281
2
5 442
2
156 232
2
332 384
2
5 468
2
187 24
2
432 56
2
414 22
2
427 236
2
434 71
2
450 377
2
43 337
2
346 214
2
120 53
2
272 475
2
413 110
2
87 427
2
375 70
2
170 461
2
347 166
2
444 261
2
413 340
2
74 206
2
389 150
2
192 231
2
344 248
2
377 333
2
115 295
2
403 59
2
96 319
2
410 17
2
291 485
2
254 266
2
35 376
2
325 51
2
249 18
2
463 66
2
62 449
2
484 34
2
147 419
2
141 312
2
253 246
2
337 52
2
283 84
2
309 243
2
178 423
2
21 253
2
489 106
2
210 178
2
211 25
2
116 373
2
306 303
2
486 169
2
114 253
2
191 456
2
95 0
2
6 276
2
189 416
2
394 456
2
164 437
2
278 374
2
118 403
2
121 398
2
503 213
2
431 183
2
461 100
2
43 336
2
188 84
2
95 190
2
361 172
2
172 149
2
454 328
2
204 112
2
273 201
2
495 449
2
448 268
2
245 425
2
131 366
2
340 135
2
435 77
2
26 437
2
419 499
2
47 507
2
480 472
2
111 138
2
488 352
2
276 404
2
46 269
2
151 239
2
143 69
2
430 344
2
473 131
2
324 16
2
320 299
2
124 374
2
65 87
2
121 31
2
85 504
2
69 473
2
365 32
2
347 247
2
252 444
2
313 254
2
412 448
2
294 87
2
506 155
2
105 71
2
368 333
2
9 272
2
69 483
2
85 227
2
330 504
2
325 31
2
414 431
2
420 375
2
168 185
2
322 177
2
51 454
2
324 359
2
454 348
2
383 301
2
430 297
2
434 281
2
384 488
2
411 121
2
166 23
2
262 88
2
370 295
2
150 220
2
224 76
2
397 159
2
393 400
2
257 303
2
38 48
2
12 200
2
145 209
2
105 317
2
194 91
2
89 337
2
188 241
2
209 226
2
326 201
2
452 113
2
474 228
2
251 154
2
165 85
2
175 190
2
250 150
2
154 427
2
300 399
2
403 441
2
479 334
2
107 493
2
114 166
2
168 234
2
1 481
2
176 46
2
322 175
2
125 416
2
372 403
2
1 219
2
367 334
2
202 152
2
216 12
2
431 484
2
141 319
2
50 243
2
91 365
2
11 438
2
361 77
2
272 282
2
403 386
2
293 251
2
347 17
2
333 342
2
357 442
2
440 78
2
505 34
2
4 398
2
364 131
2
137 48
2
403 121
2
348 429
2
442 468
2
174 364
2
78 395
2
211 209
2
116 218
2
304 46
2
207 173
2
277 143
2
24 341
2
223 370
2
265 66
2
231 365
2
301 429
2
184 340
2
353 412
2
280 173
2
145 219
2
322 422
2
425 205
2
353 307
2
484 47
2
121 229
2
139 212
2
402 178
2
119 230
2
141 219
2
143 165
2
31 337
2
203 305
2
340 495
2
102 366
2
141 108
2
338 55
2
313 133
2
249 329
2
359 385
2
334 107
2
471 484
2
350 50
2
243 136
2
230 481
2
13 319
2
195 336
2
338 472
2
242 313
2
149 44
2
356 172
2
208 231
2
161 405
2
378 19
2
450 269
2
142 167
2
158 330
2
62 312
2
352 247
2
45 122
2
374 69
2
140 469
2
341 257
2
489 501
2
233 509
2
239 180
2
395 365
2
430 504
2
57 395
2
20 170
2
308 108
2
366 145
2
470 344
2
352 413
2
137 374
2
456 161
2
405 438
2
378 369
2
12 200
2
251 408
2
223 287
2
382 474
2
356 447
2
210 191
2
320 330
2
315 408
2
492 273
2
372 6
2
333 376
2
387 331
2
59 359
2
326 447
2
453 324
2
52 59
2
328 40
2
113 217
2
334 228
2
35 473
2
461 380
2
439 166
2
129 229
2
208 352
2
136 335
2
406 395
2
307 106
2
298 335
2
262 179
2
479 190
2
478 442
2
58 31
2
441 162
2
485 251
2
317 67
2
104 489
2
215 311
2
133 489
2
278 19
2
406 461
2
174 132
2
46 54
2
169 329
2
482 45
2
64 51
2
192 224
2
302 201
2
8 62
2
373 308
2
266 216
2
269 337
2
449 310
2
95 275
2
374 302
2
227 353
2
201 423
2
264 132
2
236 429
2
53 86
2
132 443
2
205 338
2
331 112
2
266 6
2
293 102
2
217 454
2
246 263
2
69 84
2
451 256
2
488 163
2
373 416
2
362 290
2
4 151
2
347 285
2
85 83
2
10 359
2
316 270
2
447 30
2
84 53
2
253 1
2
70 464
2
337 401
2
228 77
2
283 56
2
294 164
2
109 225
2
497 53
2
413 145
2
426 220
2
79 395
2
1 30
2
78 81
2
506 368
2
156 192
2
291 9
2
58 486
2
411 312
2
442 327
2
252 219
2
67 307
2
331 236
2
449 384
2
498 507
2
326 208
2
5 238
2
434 164
2
381 503
2
110 157
2
303 113
2
417 460
2
451 145
2
392 337
2
362 41
2
210 258
2
207 339
2
307 161
2
488 354
2
339 383
2
313 471
2
43 1
2
271 335
2
72 38
2
137 216
2
373 415
2
84 348
2
258 190
2
250 415
2
98 454
2
89 490
2
196 104
2
413 161
2
61 275
2
366 223
2
337 351
2
308 451
2
157 438
2
155 312
2
392 386
2
40 80
2
453 368
2
119 328
2
314 213
2
73 200
2
113 308
2
379 337
2
257 125
2
38 416
2
138 363
2
103 51
2
299 429
2
189 505
2
435 375
2
186 464
2
399 403
2
392 491
2
481 61
2
212 290
2
349 13
2
124 130
2
442 58
2
490 386
2
257 57
2
353 267
2
34 36
2
25 479
2
347 467
2
30 13
2
388 143
2
344 419
2
1 429
2
21 206
2
66 47
2
357 16
2
41 142
2
442 20
2
117 485
2
402 314
2
393 140
2
183 58
2
437 118
2
244 331
2
418 362
2
257 197
2
215 454
2
451 187
2
35 286
2
237 321
2
418 142
2
300 74
2
56 163
2
206 29
2
98 92
2
477 479
2
273 508
2
265 351
2
354 381
2
143 24
2
441 308
2
241 143
2
57 175
2
351 205
2
159 23
2
22 289
2
220 170
2
75 297
2
341 186
2
357 468
2
414 284
2
88 247
2
437 415
2
104 239
2
203 150
2
125 309
2
106 299
2
109 244
2
68 379
2
114 213
2
205 307
2
291 160
2
310 481
2
190 396
2
451 238
2
133 395
2
289 399
2
203 142
2
186 221
2
448 251
2
78 440
2
420 349
2
493 140
2
51 64
2
265 269
2
98 262
2
450 285
2
306 130
2
274 405
2
293 428
2
67 268
2
79 117
2
113 366
2
91 467
2
355 215
2
216 387
2
372 486
2
444 171
2
303 227
2
98 243
2
303 76
2
218 31
2
174 412
2
464 313
2
15 375
2
78 127
2
467 29
2
240 43
2
443 88
2
100 248
2
312 91
2
18 144
2
379 51
2
201 475
2
212 378
2
187 506
2
482 121
2
7 445
2
375 305
2
407 196
2
268 217
2
38 242
2
434 24
2
485 15
2
155 222
2
428 344
2
205 440
2
142 455
2
11 369
2
344 35
2
171 416
2
238 119
2
301 138
2
98 167
2
409 271
2
317 161
2
483 335
2
82 422
2
74 233
2
263 101
2
76 235
2
509 262
2
426 439
2
86 101
2
89 101
2
160 441
2
218 348
2
452 328
2
58 420
2
208 285
2
466 300
2
48 393
2
179 366
2
81 207
2
282 405
2
262 210
2
329 412
2
72 163
2
297 19
2
145 240
2
225 269
2
211 469
2
452 261
2
35 132
2
497 476
2
11 141
2
478 262
2
235 429
2
484 114
2
474 352
2
376 319
2
396 366
2
38 162
2
91 373
2
316 419
2
374 18
2
351 42
2
429 287
2
458 503
2
49 387
2
19 249
2
93 253
2
365 162
2
502 458
2
421 142
2
23 459
2
410 463
2
179 434
2
140 88
2
400 150
2
267 261
2
318 6
2
360 404
2
489 93
2
410 175
2
242 389
2
293 118
2
488 34
2
211 365
2
279 256
2
331 464
2
68 439
2
274 278
2
369 408
2
309 163
2
117 175
2
192 422
2
448 290
2
283 262
2
134 64
2
324 144
2
450 258
2
318 498
2
407 186
2
275 164
2
105 63
2
360 390
2
171 243
2
53 102
2
261 359
2
397 337
2
493 379
2
506 218
2
363 26
2
374 358
2
166 23
2
105 244
2
125 442
2
86 336
2
501 117
2
109 64
2
329 83
2
204 113
2
145 319
2
3 487
2
189 104
2
252 374
2
34 22
2
72 132
2
156 444
2
170 292
2
78 101
2
432 415
2
296 50
2
94 235
2
319 394
2
440 186
2
311 236
2
242 297
2
239 81
2
302 391
2
54 88
2
90 462
2
465 336
2
487 503
2
335 93
2
410 226
2
252 137
2
26 30
2
340 256
2
453 403
2
236 23
2
416 383
2
280 201
2
463 9
2
453 42
2
322 25
2
55 279
2
120 344
2
277 221
2
485 270
2
317 7
2
312 169
2
307 96
2
353 342
2
259 303
2
105 504
2
233 44
2
72 264
2
103 441
2
151 280
2
24 313
2
297 479
2
236 138
2
152 384
2
270 161
2
13 41
2
49 200
2
328 312
2
27 257
2
80 91
2
64 94
2
261 352
2
63 72
2
286 340
2
340 20
2
97 459
2
210 138
2
42 251
2
47 104
2
401 121
2
370 426
2
225 143
2
508 394
2
384 290
2
398 435
2
216 355
2
227 381
2
228 293
2
410 404
2
121 504
2
175 150
2
332 399
2
28 503
2
489 254
2
170 355
2
220 188
2
268 238
2
233 283
2
102 131
2
175 494
2
470 461
2
306 85
2
72 21
2
164 92
2
54 243
2
482 92
2
234 405
2
319 389
2
203 21
2
122 157
2
129 1
2
385 64
2
304 137
2
315 169
2
325 452
2
405 445
2
265 249
2
132 296
2
419 455
2
284 500
2
267 331
2
482 474
2
450 493
2
77 495
2
177 266
2
403 69
2
345 26
2
277 192
2
300 317
2
57 488
2
264 371
2
78 468
2
39 396
2
7 186
2
240 114
2
229 450
2
390 194
2
458 356
2
217 191
2
287 241
2
257 260
2
469 481
2
376 227
2
263 375
2
271 403
2
56 201
2
303 241
2
49 376
2
238 324
2
434 279
2
411 479
2
310 199
2
347 157
2
259 321
2
216 99
2
294 163
2
50 236
2
158 255
2
127 167
2
444 392
2
209 7
2
373 78
2
331 85
2
113 290
2
436 184
2
13 459
2
386 356
2
161 500
2
380 311
2
103 138
2
499 259
2
4 456
2
172 408
2
336 424
2
397 503
2
204 176
2
272 55
2
399 410
2
120 226
2
383 120
2
184 210
2
452 132
2
136 334
2
114 482
2
392 73
2
128 103
2
268 188
2
78 387
2
13 486
2
260 80
2
232 383
2
56 254
2
504 485
2
274 480
2
69 92
2
15 110
2
136 173
2
190 172
2
302 155
2
382 84
2
311 75
2
308 298
2
335 37
2
296 113
2
94 407
2
464 436
2
477 426
2
227 486
2
490 121
2
9 195
2
60 289
2
434 192
2
480 112
2
389 483
2
377 39
2
322 260
2
471 300
2
263 175
2
179 157
2
16 344
2
472 468
2
184 351
2
469 148
2
244 70
2
120 409
2
383 465
2
160 419
2
294 57
2
263 122
2
351 20
2
16 288
2
176 164
2
461 458
2
104 324
2
328 404
2
366 122
2
49 338
2
385 443
2
12 254
2
214 238
2
334 185
2
120 492
2
16 148
2
45 463
2
191 503
2
73 130
2
283 399
2
188 99
2
131 434
2
219 465
2
253 210
2
157 73
2
400 56
2
381 440
2
83 182
2
167 32
2
222 2
2
102 189
2
459 56
2
368 109
2
224 267
2
477 256
2
173 79
2
70 459
2
191 455
2
418 193
2
481 42
2
433 251
2
306 500
2
188 363
2
95 143
2
92 16
2
229 410
2
325 299
2
137 129
2
326 138
2
429 336
2
467 151
2
0 485
2
254 22
2
258 504
2
409 158
2
301 471
2
321 410
2
8 197
2
271 27
2
449 401
2
97 160
2
152 504
2
27 172
2
503 290
2
147 186
2
285 102
2
172 369
2
483 14
2
381 51
2
99 483
2
112 372
2
176 23
2
128 51
2
166 159
2
61 468
2
475 36
2
442 266
2
496 198
2
229 443
2
124 376
2
433 420
2
10 284
2
460 454
2
479 352
2
111 413
2
268 271
2
205 210
2
214 204
2
139 4
2
329 366
2
193 46
2
62 97
2
405 344
2
253 229
2
440 81
2
123 259
2
232 303
2
469 320
2
220 113
2
57 324
2
201 94
2
453 489
2
453 215
2
305 138
2
56 308
2
101 290
2
331 298
2
170 454
2
62 260
2
314 357
2
156 203
2
214 176
2
166 19
2
216 113
2
110 219
2
469 197
2
147 283
2
502 310
2
45 342
2
331 441
2
281 272
2
458 64
2
250 453
2
86 359
2
441 435
2
288 466
2
149 432
2
291 189
2
378 160
2
79 327
2
243 464
2
475 431
2
49 141
2
456 46
2
55 340
2
171 287
2
186 104
2
72 497
2
491 381
2
122 271
2
2 483
2
200 426
2
88 495
2
279 15
2
57 201
2
172 232
2
150 202
2
88 305
2
378 388
2
45 92
2
502 285
2
381 34
2
21 288
2
146 111
2
71 505
2
188 212
2
350 249
2
179 318
2
220 59
2
107 318
2
138 224
2
25 70
2
165 150
2
440 416
2
30 168
2
27 107
2
56 242
2
232 118
2
14 172
2
134 111
2
160 463
2
278 155
2
287 43
2
357 60
2
171 169
2
206 143
2
305 307
2
202 15
2
485 489
2
500 62
2
423 327
2
262 23
2
371 134
2
475 426
2
448 388
2
501 184
2
484 190
2
20 114
2
284 116
2
296 119
2
49 73
2
382 290
2
160 388
2
219 81
2
507 31
2
414 322
2
52 217
2
186 358
2
168 86
2
175 203
2
246 65
2
135 501
2
291 125
2
92 383
2
379 264
2
56 453
2
178 141
2
83 9
2
143 405
2
337 146
2
455 257
2
387 242
2
34 500
2
348 387
2
116 12
2
371 475
2
127 107
2
80 429
2
47 120
2
241 332
2
67 187
2
373 302
2
212 273
2
48 171
2
331 505
2
255 220
2
383 486
2
78 463
2
167 481
2
89 446
2
169 390
2
165 108
2
120 232
2
481 66
2
81 372
2
365 371
2
306 358
2
179 37
2
508 322
2
136 255
2
310 487
2
49 28
2
122 407
2
483 259
2
178 97
2
315 368
2
504 173
2
44 301
2
50 205
2
156 257
2
202 99
2
360 301
2
491 450
2
247 148
2
85 364
2
256 243
2
465 176
2
312 328
2
469 71
2
41 475
2
99 24
2
356 314
2
447 391
2
165 487
2
59 396
2
118 288
2
506 369
2
297 35
2
329 277
2
484 348
2
168 273
2
89 185
2
437 184
2
100 461
2
201 436
2
241 482
2
51 207
2
351 464
2
80 254
2
433 486
2
167 457
2
26 117
2
127 467
2
18 367
2
19 306
2
464 15
2
8 137
2
108 19
2
501 462
2
487 491
