40
4
174564778 249944421 571615351 214102172
3
435340190 942468193 526286826
6
53135183 636337277 659163659 959930224 594769101 325193780
6
862607803 310531876 352815402 810127757 1035596996 865241534
4
570605605 799337757 1061447923 515994524
8
135890953 129348690 289942313 683257207 512026190 402058555 1059815892 646279147
6
277062035 365802344 558213800 847096211 578695598 517456349
4
874729302 713667620 85009194 390445173
3
600067873 712820176 251443965
3
793466536 335531388 500190942
7
378219080 622687204 359222957 223376863 884289326 775156344 38842146
6
558664305 422081391 190945371 62488817 766662603 764727627
4
874576370 1229822 314198476 878022962
3
26615331 697146829 887686317
4
846791586 787484581 491860832 990561105
5
966329244 73364459 738574519 374149500 1003010304
2
1004210499 337051602
6
267757706 599927134 182468529 854105824 612807121 508061041
6
150105092 2403685 149249316 375271789 783009647 435227733
3
58830636 1014404327 439532088
5
17326691 806273462 321792253 862628183 440691756
5
37721990 34025459 211473508 736480242 325091459
5
967099211 272192169 344812820 863155613 1048498386
5
520244405 241348718 106186932 208277530 456352098
6
283285303 187254758 1065564022 443561264 111309826 918891014
7
999810732 91102758 1027450365 705139577 218680628 245481591 180462234
4
1017011666 287854660 647278296 1031364611
3
150476054 167620608 219557869
6
142989912 325407524 1031886987 243368151 772759924 1065802182
7
1038323256 118896383 362452757 849395355 265893397 927609096 976338554
3
789235411 697527827 846682275
6
192351925 1023192172 135286871 428461314 814886593 735514431
4
53301253 451319092 471697530 631279969
9
403372085 905960593 197257823 788547552 500329181 633623946 443695988 281660857 989685295
6
930939289 598134939 638755506 607397719 556210477 340837741
5
244927808 106313339 761003425 710935581 968808060
4
119716665 531370308 886630679 284056736
5
463458243 356009546 479588633 547428603 111756777
6
113195501 186960516 647896785 459386368 676869395 36635678
6
533045483 979651933 79543686 198231104 540102500 979590366
