100
3
11 385 492
2
393 426
4
75 215 465 38
6
177 57 105 510 434 124
5
50 128 145 224 93
4
119 426 214 34
4
322 383 97 382
7
169 141 136 478 239 507 451
5
503 312 279 477 42
3
491 94 201
7
375 508 85 308 446 482 167
3
73 207 387
5
383 357 332 239 294
5
389 264 18 92 171
5
104 417 232 427 215
4
394 210 254 241
7
186 121 0 86 32 224 11
4
238 382 417 298
6
281 156 344 352 210 57
5
360 367 349 298 380
7
446 128 426 219 174 81 276
3
356 352 3
8
189 392 84 179 394 198 281 302
8
175 180 197 157 33 17 347 497
4
16 295 327 494
4
8 337 244 260
4
238 31 0 21
8
159 262 158 331 255 391 270 320
5
414 137 360 219 386
4
50 174 391 500
5
284 510 441 200 181
4
150 45 458 508
3
287 429 275
4
489 377 477 111
5
124 135 478 38 187
3
161 47 112
6
113 229 49 179 208 247
4
33 223 39 300
5
380 294 38 171 193
4
475 209 264 401
5
115 236 420 228 232
3
245 301 454
7
110 349 334 75 123 285 265
2
390 82
7
207 187 242 63 481 0 372
5
137 238 347 20 162
6
171 82 86 139 26 145
5
120 163 62 338 147
9
466 406 132 33 478 102 339 355 374
7
35 442 158 314 117 321 187
9
302 424 262 224 454 330 151 127 41
3
366 228 467
5
315 143 51 89 244
6
277 394 355 302 215 183
4
379 365 289 217
6
509 56 48 63 279 232
3
24 504 185
5
353 376 211 49 30
7
101 352 56 0 195 411 132
4
82 400 338 241
7
145 99 417 245 510 306 429
5
308 395 470 93 182
4
438 246 235 166
5
258 253 162 491 47
4
362 427 322 280
2
489 409
6
393 385 199 12 33 15
6
472 473 91 432 418 360
3
313 263 293
9
334 55 200 294 483 69 7 373 372
7
443 106 509 301 227 81 19
6
268 265 188 134 488 507
5
286 490 128 451 101
4
86 215 121 184
4
208 265 427 483
5
78 258 62 285 149
4
339 262 31 59
4
14 54 88 275
3
268 225 420
5
164 9 431 350 272
6
474 387 52 259 183 195
5
238 441 36 506 139
6
402 306 359 382 308 51
3
112 67 83
2
418 432
5
262 488 179 300 132
7
326 36 172 356 9 342 408
4
278 162 457 146
7
493 257 381 136 292 374 196
3
184 235 493
4
34 160 182 252
4
125 147 241 166
6
134 367 102 215 171 456
5
14 45 118 500 62
8
239 111 313 381 488 354 371 101
5
279 413 482 346 441
9
206 297 184 152 131 412 262 163 247
7
346 355 183 388 442 194 45
3
413 421 130
3
119 209 49
