50 34861
80826 115687
23214 58075
76529 111390
5534 40395
94261 129122
12865 47726
59865 94726
72260 107121
76525 111386
40221 75082
3695 38556
13838 48699
92592 127453
62643 97504
19406 54267
44181 79042
82240 117101
23619 58480
39589 74450
70504 105365
14589 49450
14542 49403
75557 110418
54855 89716
30183 65044
65277 100138
100380 135241
62437 97298
92965 127826
102842 137703
62137 96998
1752 36613
24760 59621
78248 113109
34542 69403
34023 68884
24857 59718
83054 117915
5142 40003
74341 109202
56449 91310
420 35281
46852 81713
82328 117189
96862 131723
100352 135213
44255 79116
49315 84176
80078 114939
64217 99078
