50 998244
37169220 49570581
18255125 19260279
4057232 5069851
1509112 45727859
4244206 49533384
11177808 12187950
31418264 32434857
25357024 50168851
44536219 45548294
2042329 3047003
21297759 22302910
24335967 25353298
50613980 51630416
6099917 7109538
22307044 23318538
7128498 8136324
40499928 41513132
25365670 26377655
1009436 2024752
27395559 28411495
5071820 6086227
15249477 16258584
28511975 48718341
311622 7450490
9973015 25325700
48585611 49589714
22210390 41333214
41526699 42532701
14225438 15229801
6415355 35215320
8875388 51119881
38467010 39478088
8149395 9160591
39493063 40494443
45550281 46549011
46567286 47576788
35432408 36431580
3103851 31002162
12288864 48119527
10291451 17926558
20271352 21283965
24399468 47274855
37438642 38454336
13437521 45685509
49594759 50602362
11163201 37847971
3203609 42739015
13199662 14207739
10161392 11166703
15641730 46098606
