50 92223
999538879 999631112
985973330 986065563
999354438 999446664
997971084 998063318
998985542 999077775
394815174 998261340
997325524 997417759
998616646 998708881
998339982 998432218
995893173 995985407
999077765 999170000
997048861 997141089
807211909 998998099
735391580 897377853
998801097 998893327
999169984 999262216
999723322 999815560
482625572 998414387
997417755 997509983
996864390 996956624
995122247 995214481
641758312 999928359
998524423 998616659
992485717 992577944
996679763 996771996
999631098 999723335
999446658 999538885
996383768 996475999
997602202 997694432
998432202 998524436
998708873 998801105
997694418 997786648
993520099 993612330
996584625 996676863
999907775 1000000000
996956636 997048870
990376896 990469127
997233306 997325542
994893126 994985358
998063313 998155546
750437086 750529321
869672581 869764808
997878862 997971098
548515141 548607366
998155536 998247768
998893314 998985548
997141086 997233312
997786638 997878871
999815545 999907780
996772087 996864317
