50 55026
997962782 998017814
348724771 998968941
997769878 997824911
998459267 998514298
998019008 998074047
999449735 999504773
998954499 999009541
999064556 999119591
999944966 1000000000
999284659 999339688
996920571 996975602
995694690 995749728
998404238 998459275
998184134 998239173
999889947 999944976
997562567 997617603
997644526 997699555
996694136 996749170
637553797 999965816
998514295 998569327
999394713 999449748
950723921 950778961
808661059 808716089
997881772 997936805
999779891 999834925
997098366 997153411
999229626 999284671
341686266 999293139
998624348 998679377
998569320 998624360
998239165 998294199
999174607 999229645
999834917 999889958
998844454 998899482
999724860 999779905
997704116 997759146
999669841 999724879
999504764 999559797
999559784 999614828
998789426 998844460
983074118 983129155
998129099 998184140
999009531 999064567
998679375 998734406
999614810 999669847
998734396 998789432
899045285 999341928
999339684 999394719
998074079 998129113
997826508 997881543
