50 12345678
169056353 592032279
162591067 174972993
43580230 308187096
487502263 499996860
112118515 124688803
137334609 149870108
200015083 212385157
586644487 599153322
500867818 574982520
50035797 62514114
994623 621928923
150059239 162542185
28624186 202315698
4396815 617972497
238390191 547260118
437763819 450127760
77702235 537012319
224923673 237403532
611586467 624010159
362948728 375454676
350340900 362811619
151908155 327002097
632454 36512172
264198356 520165602
425335865 437736201
124918801 137272667
274888912 287363006
624070389 636469955
63202655 314602871
383005854 583931210
450200788 462610849
25135539 399271134
187443926 199828481
51676271 574765467
387845727 400434912
143034143 489952085
105386136 476365351
324862257 337429863
358123246 578209612
406020602 627414831
452685623 517883255
4208873 95510037
287599758 300107422
73703444 259686353
337661802 350240521
37381730 49920398
237610392 250062115
51410408 467768434
12510089 24947245
71054513 292113147
