50 662
1198 1860
1024 1686
42 704
1746 2408
1648 2310
1190 1852
1853 2515
329 991
1067 1729
1962 2624
284 946
255 917
423 1085
1961 2623
601 1263
804 1466
1660 2322
1034 1696
1878 2540
1705 2367
730 1392
710 1372
1487 2149
346 1008
1400 2062
1877 2539
1490 2152
417 1079
1388 2050
1120 1782
1854 2516
534 1196
735 1397
1792 2454
1555 2217
914 1576
1898 2560
624 1286
1833 2495
743 1405
1479 2141
1299 1961
1349 2011
1949 2611
894 1556
1448 2110
1788 2450
989 1651
1318 1980
619 1281
