500 44903
984149236 984194144
731830944 995625096
990300946 990345860
979748742 979793650
979344613 979389524
995374986 995419901
988010899 988055802
993399256 993444170
984732974 984777893
987516965 987561877
979524228 979569137
997350713 997395627
982173506 982218416
993938090 993983002
990705073 990749982
980332476 980377398
984553367 984598274
990390754 990435663
996766981 996811894
165348600 972433323
989851917 989896828
986618898 986663816
999955089 1000000000
988998765 989043673
978202561 978247475
694501598 997764449
12088921 999901734
989268173 989313096
989762110 989807026
994072802 994117714
693246759 999396182
980107963 980152879
986304583 986349492
988055802 988100715
979703841 979748747
995779114 995824025
987921092 987965996
986574002 986618909
997620133 997665045
999820378 999865295
981499961 981544876
989223273 989268193
980242680 980287591
982667435 982712353
804539256 992526623
998518201 998563110
988100698 988145611
980601898 980646809
987696569 987741484
995689304 995734216
995644406 995689319
980512089 980557011
996003628 996048544
988190501 988235421
999595864 999640779
979569133 979614042
979209903 979254815
985137101 985182011
993533965 993578881
987472060 987516972
978805776 978850697
981455060 981499974
992905320 992950237
988549732 988594641
987337351 987382265
994521830 994566747
986214772 986259688
6966498 999242370
993084934 993129846
996452662 996497576
982442919 982487837
997036402 997081309
980377382 980422294
986439290 986484197
983116466 983161384
985810644 985855557
988415020 988459933
983340981 983385895
982981763 983026671
990570368 990615278
987247544 987292452
993623771 993668679
274625423 997991761
986169876 986214779
991737842 991782758
998293677 998338598
15341405 989964094
985451424 985496336
985047293 985092208
988145602 988190511
990884686 990929600
983834916 983879828
982038792 982083713
992995132 993040035
988459928 988504837
686345080 991827424
997260910 997305827
978444998 978489914
985092198 985137110
993309448 993354361
989088570 989133476
988325211 988370129
978076915 978121827
979614032 979658947
993893191 993938104
978256357 978301264
992097065 992141981
989357983 989402900
995599502 995644414
993040034 993084945
980422285 980467199
726123626 997720147
988953855 988998766
981679566 981724485
995509690 995554605
994476925 994521839
992186872 992231788
812634213 999304076
986843416 986888326
981275440 981320355
123496342 993625096
999910194 999955106
988370116 988415026
983655299 983700214
992815513 992860427
991558236 991603149
989537597 989582512
989402888 989447798
998922323 998967234
999101930 999146849
978023058 978067968
980961124 981006037
998563095 998608012
977517607 977562518
985226908 985271819
564082738 990006601
998069171 998114076
996632272 996677187
998697809 998742722
990435652 990480569
980287578 980332494
942444402 999731977
994387121 994432028
994881058 994925969
991603137 991648048
29913260 999900302
998024268 998069172
23039006 998681597
997934461 997979370
996722078 996766994
997395620 997440538
995554593 995599510
978536103 978581011
990121333 990166246
790910301 987047163
990660173 990705089
981365253 981410166
984283940 984328855
998473290 998518203
997754850 997799762
984194141 984239056
978895587 978940503
998967228 999012143
991288817 991333722
994836152 994881063
987023027 987067941
993354350 993399268
985002390 985047302
984373750 984418661
992411390 992456297
988504825 988549736
990794882 990839792
370136490 999207412
997126206 997171111
989717207 989762120
979973254 980018165
982083696 982128611
982398024 982442937
979299707 979344630
986663803 986708716
987561862 987606777
984957487 985002404
984059428 984104340
988684442 988729353
991513332 991558241
999550961 999595882
991782743 991827663
839973053 998143102
981320343 981365257
980826411 980871327
988639535 988684445
987606762 987651677
999371358 999416267
988235409 988280321
996811883 996856790
998383482 998428399
992007261 992052176
999865285 999910197
992546102 992591015
988774241 988819159
996093433 996138346
997799746 997844665
990929587 990974503
981634668 981679580
994207509 994252426
985541227 985586147
978352784 978397699
995060670 995105583
981993893 982038807
994925958 994970868
999057036 999101948
984328846 984373763
991917453 991962372
796630887 994794246
994566732 994611645
980691701 980736622
986798513 986843423
983071569 983116478
987651675 987696581
467062197 996819134
988864050 988908959
994656535 994701451
996542462 996587380
996587363 996632279
985765745 985810652
901158983 994762900
996273046 996317954
989672300 989717215
993129839 993174749
996183239 996228148
990345847 990390764
999326448 999371362
983565501 983610407
996317954 996362862
67811601 999726025
762688931 992781711
981904085 981949002
985720844 985765750
985271811 985316727
995195375 995240292
999236648 999281555
985496329 985541241
990076432 990121347
414614327 994772837
762999158 996353617
975797855 975842772
993444156 993489075
994297313 994342225
980152865 980197777
439616598 992280160
981814285 981859194
996407753 996452670
994746340 994791258
981006021 981050935
999730581 999775489
998652910 998697815
989492693 989537610
988594632 988639544
984867680 984912601
739512406 994965340
991692943 991737855
767387594 990840285
194505556 999606135
983430783 983475705
998158968 998203885
983745106 983790025
292889340 999172356
997305815 997350729
989133471 989178377
996946594 996991504
978940484 978985396
979254807 979299724
998742708 998787622
991154099 991199020
992052167 992097077
982353114 982398034
993489060 993533969
983520599 983565506
981140739 981185650
982263312 982308221
994342213 994387133
994027896 994072813
984508464 984553372
996228146 996273059
986888321 986933231
993982991 994027910
983475688 983520609
995419890 995464799
999506065 999550975
992456287 992501201
983924726 983969629
991962358 992007271
981410155 981455069
984822784 984867692
989178376 989223290
984239040 984283957
991019398 991064308
986080070 986124973
986529094 986574012
998877421 998922337
990615268 990660178
978490213 978535134
998248783 998293696
993668670 993713584
997889557 997934465
79545338 984951667
997530334 997575247
986484190 986529105
991872551 991917463
979793640 979838562
999146835 999191749
991827646 991872565
979883450 979928363
979389516 979434436
979838548 979883457
988280312 988325221
987382253 987427162
982532726 982577637
997485428 997530341
987157732 987202654
990974496 991019403
997665042 997709951
982577635 982622548
994162601 994207523
978850684 978895596
987292442 987337362
995105567 995150477
947826776 997781737
497230346 998747205
506082238 992596989
987067935 987112846
991243909 991288824
984014526 984059437
987741479 987786392
993219642 993264559
993578862 993623777
998787616 998832522
991109196 991154110
903979821 989845841
991199005 991243920
991468430 991513338
493531926 493576837
963847750 963892668
977465788 977510695
995240282 995285186
203877352 976225004
990166240 990211151
964640287 964685207
981230540 981275459
995734212 995779119
996901689 996946602
997575229 997620145
987831284 987876198
978301839 978346756
979434419 979479339
738823677 986239754
994432019 994476933
985990262 986035171
991423522 991468439
991378618 991423533
981859188 981904097
985900451 985945366
984598262 984643179
990839788 990884693
992725709 992770621
986933225 986978136
978626074 978670982
980197767 980242690
990480560 990525470
992591004 992635911
999775483 999820395
935483866 997259899
985316713 985361628
990256045 990300955
992276676 992321597
982847050 982891959
548014676 998162128
989582504 989627415
992141965 992186880
993848288 993893196
990525461 990570371
595390420 990222842
978715944 978760862
982218407 982263324
985586133 985631043
871164684 981917338
983790009 983834922
645813496 997681669
989313086 989357995
379190414 999520740
103741107 988970645
981185638 981230548
17114609 993456027
988729347 988774253
983969624 984014533
981589760 981634674
999416258 999461166
977746285 977791195
206865200 990519280
993758473 993803386
992635900 992680819
986124970 986169885
991333719 991378626
985182009 985226923
992501197 992546110
995958727 996003641
855716878 855761784
983700202 983745120
997216009 997260926
989043668 989088578
980556995 980601912
984463559 984508475
998832515 998877432
984777881 984822792
998428390 998473299
988908951 988953869
994117699 994162615
989941718 989986636
981544860 981589779
993174741 993219656
987965996 988010899
979120097 979165015
980646807 980691714
999461164 999506070
987427158 987472069
997709941 997754858
987876184 987921096
993713574 993758483
994791250 994836165
985945352 985990270
994701438 994746352
988819146 988864063
982757240 982802156
979075197 979120108
979658937 979703846
990211137 990256057
979479320 979524238
986978126 987023034
985406516 985451428
996362847 996407760
974734111 974779023
189564747 995455192
984912586 984957497
980018160 980063075
997171107 997216018
979165008 979209918
805636040 988070487
993264543 993309458
983610400 983655313
87328871 998533192
992680810 992725720
995330085 995374998
979030296 979075203
984104329 984149242
998203876 998248792
618016864 982644289
978985393 979030309
977874373 977919288
989986631 990031542
982802143 982847064
985675938 985720852
992366484 992411395
989627400 989672315
992770614 992815524
995913819 995958730
999281546 999326463
991648038 991692947
995150475 995195380
989896815 989941730
992321587 992366497
981050930 981095843
999191740 999236658
986349485 986394398
999012132 999057046
998114064 998158986
980736609 980781517
982891956 982936863
978760872 978805781
996991499 997036407
997844652 997889569
983385880 983430802
982487820 982532739
996138341 996183246
983251172 983296086
984643172 984688083
980916221 980961132
987786381 987831289
339484321 997565759
983026661 983071574
990031526 990076439
989447794 989492699
994252412 994297325
992231778 992276688
978399482 978444394
989807011 989851928
983161370 983206287
983206275 983251188
979928355 979973272
985855551 985900467
985361620 985406534
