500 88466
996019029 996107502
978148897 978237366
987437826 987526294
997522942 997611420
972310133 972398618
997434477 997522954
999646128 999734607
965940583 966029057
959305637 959394111
164061100 981911744
587928779 990290710
957801711 957890190
971956268 972044752
979122018 979210499
963728940 963817406
976291103 976379579
968683027 968771502
982926060 983014528
996461357 996549828
959394098 959482575
982218332 982306804
978856624 978945097
984076114 984164590
956148990 956237456
156466432 986800252
968417633 968506106
977175766 977264246
998319137 998407614
966117521 966205989
961517282 961605756
994161240 994249718
967709906 967798379
975052587 975141054
985580038 985668509
968506097 968594579
975229510 975317987
980183607 980272089
995842092 995930565
969302291 969390769
995222834 995311309
993984306 994072783
972398602 972487075
970540818 970629290
966205983 966294461
978591221 978679696
983722253 983810728
988322488 988410956
959128706 959217179
966648315 966736788
982660658 982749140
990711066 990799536
961428823 961517295
991153390 991241872
985491569 985580049
962755810 962844284
284006523 997980163
969833086 969921570
958509439 958597919
968063766 968152245
962578873 962667357
984518448 984606920
60627601 987800037
989207148 989295615
956650514 956738992
976379573 976468052
962667340 962755823
969656152 969744635
977618099 977706568
998761466 998849942
977706561 977795035
959040235 959128715
970275414 970363900
255016857 986317797
994780503 994868973
972942685 982854006
988676345 988764818
179261015 984734328
989914866 990003342
981864463 981952936
957270857 957359337
980360541 980449018
967532968 967621448
993541981 993630457
994603566 994692042
286270360 973998464
967798367 967886847
980802876 980891347
981156736 981245218
967975302 968063779
961074957 961163430
978679686 978768168
988764813 988853286
982395266 982483732
998673010 998761486
994515101 994603578
971337016 971425491
970983150 971071628
961340348 961428833
963198141 963286614
999203799 999292275
979829747 979918224
978414296 978502765
986022364 986110841
957359352 957447828
107188851 976492704
973548662 973637133
960101825 960190301
995930560 996019036
986464696 986553177
993807380 993895856
975937241 976025723
960190290 960278775
958863301 958951785
973283258 973371743
465668334 999676247
989295613 989384081
996195953 996284438
956916861 957005337
975141053 975229525
979652815 979741289
686686933 999107773
997257545 997346026
991595726 991684203
977264232 977352704
999557664 999646145
964171262 964259739
969921552 970010031
514908196 985651828
940810402 995794416
974167927 974256394
998230677 998319147
984872311 984960782
987791684 987880159
980537479 980625954
642104292 999789613
345296377 997484297
992038057 992126536
967267572 967356047
976202639 976291116
997699883 997788357
990888000 990976478
572936076 996843900
969390760 969479233
980979803 981068284
973814054 973902530
971690870 971779352
996638288 996726759
973371728 973460202
972752470 972840939
989649470 989737946
964878989 964967464
979387419 979475895
981245200 981333677
980006675 980095153
983633780 983722266
990180265 990268743
967356039 967444517
482767952 998036481
279900401 997396476
959217168 959305640
967621439 967709913
976468044 976556510
232600122 994563027
969567689 969656169
997876816 997965285
970010023 970098492
988057082 988145561
342178476 995266436
957447841 957536322
960721089 960809566
966736783 966825250
971602404 971690886
957713245 957801723
989472536 989561014
972929396 973017875
983014526 983103000
974256391 974344868
966294450 966382923
993099649 993188125
960809552 960898031
985403100 985491579
18052271 970545463
974610253 974698724
966559850 966648320
738747845 970823697
996372889 996461362
969479222 969567706
985845436 985933910
992214989 992303459
863390267 996416697
572959696 978534365
959659496 959747979
155362375 988260313
175140872 996797244
993453510 993541988
998849932 998938413
962490411 962578889
971160078 971248551
964348194 964436668
990976458 991064937
970186950 970275425
977087305 977175772
988941749 989030225
993365049 993453517
985756971 985845442
973460190 973548673
971248541 971337022
961782683 961871163
968859961 968948435
955087704 955176176
992303452 992391926
980449010 980537486
957890179 957978659
79561613 996096312
956828348 956916829
816613426 816701898
978325828 978414296
996726751 996815227
956048781 956137257
956466895 956555371
968594564 968683040
981599064 981687544
955217017 955305496
245837670 997402232
809185073 992426430
990534135 990622607
977795031 977883503
986376226 986464711
337741727 991265754
996549826 996638297
684447105 984445353
999115335 999203807
991241856 991330332
996107492 996195965
971513945 971602421
975406444 975494926
993895842 993984313
970098485 970186960
991418792 991507272
964525132 964613602
990622598 990711072
958332508 958420983
963286604 963375081
563113528 978937343
965586719 965675194
997965278 998053755
986199296 986287778
986641625 986730105
961871145 961959620
958597904 958686386
293269329 995994417
406182454 999488143
977352704 977441179
977971961 978060435
999469194 999557676
966029055 966117523
982129864 982218344
998142214 998230682
159964398 981975736
982306799 982395276
988234013 988322488
992834249 992922721
974079455 974167938
978060432 978148904
965763655 965852133
975848773 975937251
266856785 986353452
982572189 982660666
967002181 967090655
988499415 988587896
986110828 986199304
123727195 970513048
987968617 988057090
993011177 993099660
973990989 974079467
964702065 964790532
974344857 974433329
987172425 987260896
964967457 965055936
991684191 991772662
979741284 979829760
990445671 990534146
981952932 982041411
900713790 999536302
960986491 961074964
983899181 983987659
335936927 982798465
93288761 974837586
989826405 989914879
987614758 987703229
970894684 970983156
977883492 977971969
997346014 997434494
524596077 997982367
990268739 990357211
985668506 985756984
976821898 976910384
981333674 981422146
964790524 964879002
128237625 995312778
989561006 989649481
970717748 970806226
996903684 996992159
971867802 971956286
974698715 974787194
981510604 981599077
961959615 962048092
985137711 985226183
992568846 992657324
966382917 966471396
227002718 227091197
963375067 963463545
981422134 981510613
860617480 993126938
758792267 993905815
966825240 966913720
999823061 999911534
991064925 991153403
971425472 971513952
978768150 978856635
973106336 973194810
995134360 995222844
421604151 976597396
972487065 972575547
969213830 969302306
976556501 976644983
996815223 996903692
972133205 972221677
970363883 970452362
979033551 979122034
984606906 984695390
970629279 970717754
991507257 991595736
483973985 986503304
997080622 997169090
983810721 983899196
973637122 973725600
956561718 956650202
986995490 987083967
960013368 960101836
975671850 975760318
988410950 988499429
989118675 989207158
994957433 995045913
968152234 968240706
980095148 980183623
993188112 993276591
983456849 983545332
974433322 974521799
996284422 996372895
985226168 985314645
997611413 997699888
965409786 965498268
875759025 977602246
995488227 995576701
961694217 961782691
620589984 999902520
997169080 997257561
987349358 987437836
991861128 991949598
976644972 976733450
987260893 987349364
978945082 979033558
972575536 972664012
972044741 972133214
972663998 972752479
966471382 966559858
987083958 987172432
965321322 965409803
962844271 962932754
994338175 994426649
968240705 968329177
976910366 976998850
980625938 980714414
999380731 999469204
994249701 994338181
956739394 956827872
958686368 958774852
958155579 958244056
991772660 991861128
978502761 978591234
990091802 990180280
959924902 960013377
973725597 973814066
959836432 959924906
43843998 981285873
956251840 956340321
976998834 977087314
965852118 965940599
998496076 998584550
990799530 990888003
993630446 993718924
957182358 957270834
976733436 976821918
980272073 980360554
998938404 999026884
989737935 989826415
972221667 972310149
964436668 964525142
977441161 977529641
892921873 978924858
977529634 977618106
174794911 993313843
962225016 962313484
960455690 960544172
995753623 995842105
991949586 992038062
986730092 986818566
986553167 986641638
994072776 994161250
978237357 978325831
992126518 992214994
992480390 992568863
963817397 963905872
957978642 958067123
462962541 998556497
969036896 969125374
984429977 984518450
999292271 999380748
962048080 962136554
956366011 956454481
982041402 982129875
963994338 964082809
967179108 967267584
981068268 981156743
959482566 959571041
983987648 984076127
986287766 986376240
146865066 997888347
985314638 985403111
967886832 967975309
995665156 995753640
995576691 995665166
980714405 980802880
958420972 958509451
986907024 986995502
973194802 973283276
957005404 957093873
963640470 963728948
959571031 959659504
974787184 974875659
984695378 984783849
983279924 983368396
960278766 960367240
979210490 979298962
999911529 1000000000
964082801 964171272
965675183 965763660
995399759 995488234
974521783 974610260
972840933 972929411
984341517 984429987
975494915 975583389
993276574 993365058
988587878 988676353
965055922 965144397
960898022 960986501
958067115 958155588
970452355 970540831
970806210 970894691
994692040 994780510
975583375 975671855
999026867 999115347
960632624 960721098
961605748 961694226
980891334 980979817
961251885 961340361
965144386 965232864
961163416 961251901
981776000 981864472
989030208 989118686
958774842 958863311
957093891 957182361
674039462 997111455
966913707 967002189
962401948 962490424
976025710 976114181
124508434 993280500
963905863 963994348
963463537 963552013
984164585 984253057
987526293 987614760
911970704 999530666
964613592 964702070
979475888 979564363
992745787 992834259
965232862 965321329
962313481 962401950
998407607 998496081
998584535 998673013
963021202 963109679
968329164 968417648
960367230 960455704
207245414 998074746
979298951 979387423
982749123 982837605
959747967 959836444
991330327 991418800
984253047 984341520
984960770 985049247
