500 25100
994603497 994628607
438200539 997452329
989683900 989709004
993373592 993398710
990788299 990813407
989106599 989131707
998293190 998318303
995607494 995632607
104600425 995379130
255735789 998806023
998443790 998468905
994452895 994478003
991315393 991340510
990838499 990863601
998017099 998042201
990210999 990236104
992796291 992821402
993800299 993825405
997941790 997966905
988202990 988228103
996887596 996912703
999623497 999648602
991240099 991265205
999673697 999698808
996561291 996586405
993147691 993172804
999573290 999598407
999021092 999046204
991390693 991415802
998268099 998293203
990185894 990211007
995732999 995758101
993699891 993725002
999372498 999397607
993975995 994001101
992771196 992796307
997364496 997389600
605129101 998966886
996988000 997013103
999246995 999272109
987901790 987926896
997238998 997264104
993524197 993549304
990461990 990487104
990888697 990913803
996611500 996636605
992193894 992219005
997690797 997715909
989131698 989156802
994327394 994352509
997013094 997038200
994879594 994904700
997841399 997866500
987775718 987800835
991440900 991466000
996862495 996887607
983423090 983448205
996059294 996084402
998493994 998519100
997615497 997640603
996159700 996184808
995281190 995306306
993950897 993976002
997314291 997339410
274850093 996380126
990060390 990085505
996435793 996460909
989834490 989859606
999146597 999171707
990236100 990261202
991465994 991491102
998619494 998644608
993599498 993624604
989608600 989633700
994377596 994402703
988780295 988805404
997916693 997941810
989809390 989834501
998719892 998745001
989483095 989508207
991691900 991717003
988981090 989006203
991214998 991240100
264897834 975935016
992695893 992721005
990035292 990060400
990989097 991014206
989332495 989357606
998343394 998368507
991290297 991315407
992344490 992369601
991365599 991390708
995030192 995055307
997289190 997314306
988102596 988127710
990537297 990562400
992846499 992871604
992545293 992570409
993499096 993524208
988730097 988755207
976940742 976965859
999899598 999924703
997715896 997741001
995657690 995682807
82915511 995365703
989081491 989106601
990863600 990888710
988830498 988855606
988679898 988705006
987826311 987851424
990662795 990687904
992495093 992520210
989884700 989909807
996912693 996937801
990587498 990612606
994252095 994277210
994001100 994026205
997791196 997816304
999221900 999247005
997740992 997766102
987523048 987548156
994678796 994703904
992394696 992419809
995883600 995908707
990010193 990035308
988905791 988930908
999924700 999949810
994954895 994980003
993248096 993273203
992896700 992921809
988328499 988353604
994578397 994603504
988554391 988579502
726198192 999505744
995908699 995933802
836578184 991420512
988604593 988629704
999523091 999548202
822545930 999552383
989658792 989683904
998393591 998418702
990361595 990386703
997138594 997163705
999723897 999749007
988428895 988454002
996536198 996561302
522687281 998261513
998744991 998770103
988353592 988378707
998870494 998895606
994754099 994779210
989156797 989181907
994302300 994327410
988002200 988027307
988303400 988328504
996335393 996360503
264466971 999788532
998092396 998117501
990436900 990462008
131398927 993513572
990286298 990311406
988228099 988253207
995180799 995205909
998117492 998142609
998042193 998067309
989859591 989884700
999171690 999196810
992570390 992595510
997565297 997590408
995582395 995607504
993724995 993750106
990261195 990286307
991089498 991114609
994804297 994829407
995356490 995381603
994051298 994076404
995005094 995030203
993649699 993674808
998644595 998669701
995958890 995984004
986914635 986939750
998368499 998393608
994728990 994754103
58696435 996696618
997188798 997213904
997038195 997063301
992244098 992269204
998192798 998217904
988177894 988203007
992595491 992620608
256388207 992719161
995381590 995406703
991164797 991189904
989533295 989558410
995105500 995130610
998318294 998343407
999548192 999573309
992294292 992319407
991716997 991742104
997816298 997841408
992068394 992093503
997665691 997690805
884427015 993844862
998569294 998594404
996736994 996762108
994653695 994678802
993398691 993423805
987801035 987826148
999849400 999874501
999347391 999372509
989257193 989282305
997891594 997916709
991993098 992018209
993925800 993950906
997590392 997615501
991641698 991666802
991014194 991039306
994929792 994954902
990738098 990763202
993348494 993373602
998594400 998619502
988378692 988403810
995406700 995431804
999949790 999974904
995130596 995155710
994703891 994729006
248893659 999892987
999598396 999623510
996937797 996962909
998795198 998820310
993323392 993348503
995808295 995833403
996787200 996812307
991516190 991541309
999297191 999322308
992118593 992143709
989759194 989784306
995230992 995256102
988654797 988679901
992444895 992470010
996109495 996134604
993298290 993323401
989458000 989483110
988479097 988504202
991491098 991516201
993775193 993800307
996410692 996435800
998770090 998795209
996009098 996034203
994553290 994578410
862596671 999859965
999322299 999347407
999472893 999498008
990160793 990185906
990336500 990361606
992645692 992670801
999748991 999774100
68993741 993426660
997439795 997464902
993875595 993900708
995481997 995507110
994779197 994804302
994979993 995005110
997966896 997992008
995632595 995657705
993473992 993499102
999196794 999221904
989633691 989658805
997339397 997364508
989307397 989332503
990938896 990964007
990085500 990110603
989708990 989734104
989909792 989934903
994201898 994227000
997088397 997113509
995205890 995231004
991039290 991064409
988403791 988428909
992670795 992695907
997414699 997439807
991616592 991641701
988880697 988905803
949891250 996295876
996360496 996385604
991064397 991089505
998418693 998443809
995557298 995582407
996310298 996335400
994904692 994929801
998995995 999021106
861840 996459908
994176792 994201901
991792297 991817408
996485993 996511109
992093498 992118601
988629695 988654810
993423792 993448903
995155691 995180807
989934894 989960006
20764174 989766217
989282293 989307403
992821394 992846500
995783190 995808310
990512192 990537307
999799199 999824308
989357594 989382710
998945799 998970906
999422700 999447801
998142600 998167702
999774099 999799209
988855598 988880700
990411799 990436908
988278295 988303409
995507092 995532210
991591494 991616603
989407795 989432907
999046196 999071307
996134596 996159710
871436228 996550976
989583493 989608602
419402413 999565896
994226996 994252109
992520200 992545307
987710987 987736099
319074377 319099483
998242992 998268106
991139692 991164800
991942897 991968008
993624599 993649710
993900693 993925806
995983995 996009105
994101500 994126601
995858491 995883602
999447798 999472900
991917796 991942905
988805397 988830507
996460899 996486009
988930893 988956005
939146825 939171943
995080394 995105500
998820294 998845403
993047296 993072403
997540191 997565303
996762100 996787207
982723191 982748301
999071293 999096408
987926890 987952008
992218990 992244108
996812292 996837404
995833396 995858501
993223000 993248105
990135694 990160801
993674790 993699904
990963994 990989109
995933796 995958907
996084392 996109507
995532197 995557300
992143692 992168802
989558397 989583509
991767198 991792306
990637697 990662805
288931662 996305602
992168790 992193900
997264091 997289202
993097500 993122600
993825391 993850506
989206990 989232109
431883805 998971549
994402695 994427800
994829400 994854505
998167700 998192802
990311393 990336506
992971994 992997102
993172794 993197909
997163696 997188805
998970893 998996001
997640590 997665705
987750485 987775593
987951991 987977103
248021490 992889941
988704992 988730109
998694797 998719900
999121500 999146607
992269192 992294302
994477996 994503101
989508197 989533300
990913790 990938900
517279753 997119089
999874491 999899605
933252570 933277688
992620596 992645708
987612318 987637425
988127693 988152803
993273192 993298307
991189898 991215008
992921798 992946909
991541297 991566408
996711900 996737010
992997098 993022200
993750098 993775201
996034190 996059303
987977098 988002206
988152791 988177903
111010523 999557263
998217894 998243005
988504193 988529303
994076393 994101510
845927624 999858094
988529297 988554400
997766095 997791201
318640101 998324850
998544196 998569307
994277192 994302306
997866500 997891601
995055294 995080402
996636593 996661706
994427795 994452910
990110592 990135701
988755199 988780302
995456890 995482004
997063300 997088400
988955992 988981107
991967997 991993100
997515093 997540201
995331390 995356503
991742090 991767208
991817400 991842500
998519098 998544208
993448900 993474010
988453998 988479108
990763196 990788304
997389595 997414709
998468890 998494008
995707895 995733009
790220320 992103422
999096397 999121507
996209897 996235000
993022194 993047303
994026200 994051305
990687893 990713008
996962893 996988007
988052391 988077503
993549299 993574400
992946900 992972009
990562399 990587508
899491032 997976521
989959999 989985106
992419793 992444903
991340491 991365602
992369598 992394705
989181898 989207007
992018195 992043306
991892695 991917809
990712998 990738106
987876686 987901797
992871590 992896708
993574396 993599509
994151691 994176804
164773949 996853382
996686791 996711906
994126591 994151703
991867592 991892706
997991995 998017107
995431795 995456907
991666797 991691909
997113496 997138603
997213891 997239007
270874271 999120228
990386690 990411800
990487093 990512200
989985100 990010201
989382690 989407809
994854494 994879610
989056392 989081500
989006196 989031303
996661692 996686805
997489996 997515108
994628594 994653706
989784297 989809407
996184790 996209904
990813399 990838509
993850498 993875604
988077500 988102608
766541123 998835364
996234997 996260100
994528195 994553304
996385593 996410707
991265190 991290302
998920692 998945804
989031297 989056406
993122597 993147710
998895592 998920701
996511097 996536204
991415799 991440907
991842492 991867607
993197900 993223002
998067290 998092407
999974899 1000000000
989432890 989458008
