500 32905
784793819 998790737
989108445 989141357
989404582 989437503
998683795 998716712
991049831 991082749
998486369 998519282
991378887 991411795
983874113 983907027
996742399 996775320
999111560 999144475
990260119 990293027
984600451 984633371
989503298 989536210
999308987 999341904
293808818 998521086
986574752 986607675
963832872 963865794
997894070 997926985
59194906 996896627
992859608 992892520
986179898 986212809
985850848 985883758
984995319 985028226
992366040 992398953
307122220 998820919
997071446 997104367
986015367 986048282
990951120 990984037
988417439 988450352
985653420 985686327
988911012 988943928
987759339 987792245
987693520 987726443
986607660 986640573
987134138 987167050
991214364 991247272
995557823 995590732
993945470 993978393
995524911 995557835
990424640 990457551
991543407 991576320
989569106 989602021
993616424 993649339
994768101 994801013
987199955 987232861
995327486 995360398
992069894 992102806
994537766 994570680
972984223 995648571
987528995 987561910
990523352 990556265
985126940 985159852
987858050 987890966
996906928 996939837
992168607 992201520
991313080 991345988
992596371 992629281
523499911 987601352
999802561 999835483
999243184 999276100
985291455 985324376
992530563 992563470
986837999 986870907
991411792 991444702
967892099 998971822
993353186 993386101
999605130 999638051
999769658 999802579
983985169 984018083
991016935 991049848
985587607 985620516
989733638 989766547
997268884 997301795
999736759 999769669
999210272 999243190
985554705 985587610
986212798 986245717
993320278 993353195
990490449 990523361
994899723 994932639
661149412 991008533
984337206 984370122
986772183 986805098
999374805 999407714
346855314 998989444
993550614 993583529
992826710 992859615
991773747 991806655
998716702 998749615
865094062 998171594
778151972 998099016
996676591 996709502
998190223 998223130
997104354 997137266
986936712 986969623
984567549 984600466
987463186 987496106
748643558 999998487
985982470 986015382
999901279 999934190
986640561 986673478
997170166 997203078
989240062 989272972
994702286 994735206
989470396 989503314
994142909 994175823
996281731 996314640
995360395 995393310
999703845 999736764
991675034 991707946
62531322 995593766
996084297 996117219
987825149 987858057
994241622 994274540
999012849 999045762
996413354 996446264
996446254 996479167
991181454 991214369
996939831 996972741
988450335 988483256
999967086 1000000000
990194302 990227217
991642129 991675041
989207154 989240067
284912160 998685995
994570669 994603582
997729549 997762465
925498234 925531144
987331575 987364486
587188848 998541947
991345977 991378894
836944275 995571767
991576318 991609233
986344420 986377338
993254473 993287387
990293019 990325937
994504861 994537780
984699172 984732081
998157314 998190228
993879666 993912580
997532118 997565040
993649329 993682245
992629273 992662193
990062687 990095601
986146994 986179909
991971174 992004093
994175815 994208723
989141342 989174263
987496097 987529009
998420557 998453469
995228767 995261689
170396678 998572967
992695086 992727996
988483246 988516157
283186478 983805070
994669383 994702300
987167048 987199961
991740844 991773751
994307429 994340344
414778348 999983689
994439048 994471970
994373244 994406153
988647774 988680689
989536209 989569115
995195861 995228775
986081183 986114092
991609219 991642137
998585082 998617997
984205414 984238337
344470123 992222703
988121291 988154205
984534647 984567555
999144463 999177379
997795356 997828276
991806648 991839560
993287375 993320288
986969615 987002535
985061126 985094037
998387648 998420561
989634915 989667837
989667820 989700739
996610784 996643698
987037245 998700859
985719220 985752145
995985582 996018503
992267318 992300235
990589164 990622082
995656533 995689449
473030687 999308489
996117206 996150119
999078650 999111568
995919770 995952693
35732036 993938671
254063140 998233522
997466312 997499226
984468834 984501752
988252913 988285830
994274528 994307439
224151631 999670572
984139566 984172488
992760893 992793813
988351628 988384535
994932629 994965537
987101235 987134149
995031341 995064254
985686325 985719236
987002522 987035430
991444699 991477613
994110002 994142920
985324360 985357278
872868693 994675718
998321841 998354758
986673471 986706390
985028216 985061135
997400496 997433418
998124407 998157325
992793805 992826713
993813860 993846769
984732080 984764985
998617985 998650904
990391736 990424654
995492011 995524925
985785030 985817955
984797887 984830797
989865254 989898172
990786593 990819513
999670942 999703862
987265763 987298680
998979944 999012856
993780951 993813865
761800002 994550629
989700726 989733649
985258558 985291473
992727988 992760906
991905369 991938279
987890950 987923866
997235976 997268893
994208714 994241630
993024133 993057053
996775309 996808223
996479158 996512080
989009725 989042643
997499217 997532133
993484800 993517721
992234417 992267334
995064241 995097156
984304301 984337222
985817942 985850856
995426197 995459116
658723446 998083295
999934190 999967096
984929504 984962419
995755252 995788167
998058604 998091517
985094025 985126943
988318721 988351636
998650889 998683810
994866813 994899727
986508950 986541856
984863700 984896607
77584025 989926213
991839557 991872468
990029784 990062696
995590730 995623640
999572231 999605145
985390179 985423086
998519271 998552185
981683379 981716285
993715138 993748055
985225651 985258570
987068327 987101241
992135697 992168612
996150108 996183025
986903801 986936715
992892510 992925426
997663740 997696655
999473520 999506425
996808206 996841130
999539326 999572243
998815413 998848332
990457544 990490463
988055476 988088393
827307737 998049252
989075536 989108446
995853962 995886884
53768100 999860663
984764981 984797890
990885309 990918228
228057714 998436095
985192747 985225656
996380449 996413355
994340330 994373255
984666267 984699181
991477601 991510518
998914131 998947049
997992786 998025708
987364475 987397389
990819504 990852414
994406150 994439063
993748045 993780958
994603572 994636495
989602014 989634932
987989671 988022583
997334687 997367601
991872463 991905376
997367590 997400505
987232859 987265771
495652348 996234602
993057042 993089957
992431850 992464756
988713580 988746496
986476035 986508955
992036987 992069895
988285815 988318726
988220000 988252925
999177368 999210287
985883754 985916663
985423075 985455995
983583213 983616127
985620508 985653430
990325927 990358839
985916658 985949575
989766539 989799451
897385736 996624938
983921160 983954072
988187102 988220011
995886871 995919788
997301783 997334700
988845204 988878120
991148547 991181469
996018489 996051405
996577870 996610787
988812297 988845205
992333133 992366049
985488890 985521810
995788160 995821073
73745961 988896269
999045747 999078665
992300221 992333137
985752131 985785044
999276083 999308995
989832354 989865269
995393295 995426206
986541845 986574760
995459110 995492025
986245702 986278618
994077098 994110015
997005637 997038556
993419000 993451908
999835465 999868384
987923863 987956780
989996876 990029790
978868217 978901127
992958329 992991243
986739283 986772197
986377321 986410242
989338775 989371690
993517715 993550626
997959884 997992802
664045024 987876885
984035613 984068521
986278614 986311527
997203066 997235985
989898164 989931077
985357268 985390190
805344454 998913372
832119557 832152478
983695532 983728448
999440608 999473525
998223126 998256043
988088387 988121301
992464753 992497666
986048273 986081195
992563465 992596382
997696642 997729565
993122846 993155766
995097148 995130064
996874016 996906935
986870904 986903816
990918216 990951134
987298667 987331582
988581955 988614872
997828260 997861176
995623625 995656540
995952685 995985592
996215916 996248839
990687885 990720791
958543086 958576009
987660616 987693538
997861175 997894087
995294580 995327500
990358826 990391747
984370121 984403032
992662176 992695094
994471952 994504873
998288936 998321846
468023268 468056186
990556260 990589177
996183015 996215928
987397382 987430299
989174250 989207164
699770144 998981085
987627717 987660634
984106632 984139545
986410235 986443143
984072280 984105200
994044186 994077103
991707930 991740852
158674309 993013281
988154191 988187115
988384530 988417448
989371684 989404593
270429423 998503281
658499680 658532595
997597930 997630846
994801008 994833916
993188656 993221576
989042626 989075546
986805089 986838008
987561910 987594822
988549050 988581965
990128493 990161415
996248822 996281741
984238386 984271300
998848323 998881235
29813868 998965071
997630838 997663752
987726429 987759342
988779394 988812305
996643688 996676604
989931063 989963978
997038542 997071462
990753690 990786604
992925420 992958332
992004082 992036996
999638041 999670959
995261680 995294590
992398937 992431851
990622072 990654985
447699931 999838741
995821062 995853972
998256027 998288949
986114087 986146996
988976825 989009732
996972740 997005655
999341896 999374811
988943920 988976832
987792244 987825157
996709496 996742409
991938269 991971184
990161402 990194310
984271292 984304201
988878106 988911017
987035428 987068336
989963974 989996881
998552180 998585088
989305867 989338790
990095590 990128509
996347539 996380460
984403027 984435941
989437494 989470401
991115645 991148561
321221872 992704039
590072581 997761303
993583518 993616432
996544974 996577887
989272962 989305882
994965533 994998443
985521794 985554715
984501741 984534656
986311510 986344430
992201514 992234425
994735197 994768108
998453457 998486378
997762451 997795374
305546018 997203391
993386088 993419008
984830794 984863710
992102794 992135713
995130058 995162973
999506417 999539338
23566710 997813182
988746484 988779402
993155753 993188674
998881225 998914142
990720785 990753697
876087964 999339997
997565022 997597944
991247265 991280181
863777414 999056196
460895395 997158995
984435928 984468846
984172489 984205402
998947036 998979949
891903991 891936916
999407706 999440618
990654974 990687890
995722348 995755258
988614863 988647775
992497655 992530573
