500 5651
28725098 999627479
998005188 998010857
999271019 999276673
998282088 998287750
998717218 998722884
999700489 999706151
999208853 999214516
997620926 997626580
998327304 998332962
997264899 997270567
46226336 999826489
998960214 998965870
997349673 997355339
663014803 999841938
997216851 997222512
997909130 997914782
998344251 998349908
998056055 998061711
997931728 997937385
999915233 999920888
998954563 998960226
998202973 998208642
999169301 999174964
999920879 999926541
250287075 999249666
997406183 997411842
912900697 999034584
997711341 997716997
998491175 998496834
999158001 999163652
997637874 997643540
998745473 998751137
998508128 998513797
999926536 999932190
998191678 998197337
995992144 999988571
999434897 999440558
999293623 999299279
999265363 999271024
997784804 997790459
998852841 998858500
104948351 998380657
997592670 997598332
998242532 998248195
999468797 999474459
788593947 998822321
704613628 704619287
999751346 999757015
999214504 999220170
998948909 998954565
999242758 999248417
650253006 998805029
997383577 997389244
999802210 999807867
455971049 997686442
998994122 998999781
999762658 999768317
997959986 997965649
998858490 998864158
999355782 999361445
999406643 999412296
997473998 997479662
997547464 997553120
998027800 998033461
938535454 999817111
999254064 999259720
999502702 999508371
999971735 999977406
999576165 999581832
998796330 998801991
999514008 999519670
999581816 999587479
998214280 998219938
999530966 999536622
999417947 999423598
997428787 997434449
999118439 999124098
999384038 999389692
998451620 998457283
999011071 999016731
999361435 999367097
996253870 996259534
999621380 999627039
999141040 999146700
509455161 999967518
994177112 994182766
998604193 998609864
999559219 999564877
999638334 999643995
998937605 998943266
999033670 999039332
999276668 999282325
997417484 997423149
363457237 998733180
999785253 999790915
997892176 997897834
997993890 997999552
997767854 997773514
514220660 999701357
594812605 999967748
997315766 997321432
658321285 999181198
999101485 999107143
998982814 998988472
997327073 997332737
997304469 997310133
997790453 997796118
999745695 999751361
998169068 998174728
999039327 999044986
997700036 997705704
999124088 999129756
998632457 998638110
999830466 999836124
997677435 997683094
997649180 997654843
998824583 998830248
998332947 998338606
997457050 997462710
998672014 998677672
999237108 999242768
998688967 998694625
999310569 999316230
998366858 998372521
999180597 999186257
998530734 998536394
999966089 999971745
516003121 999168942
998773730 998779391
999304917 999310578
329182002 999799711
997490954 997496617
897685349 897691018
999717450 999723101
918863494 999783762
997976941 997982602
227523870 999656431
997965638 997971292
999711790 999717458
999858725 999864385
998445971 998451635
998186023 998191689
999491409 999497061
999757004 999762661
997372275 997377937
999095838 999101496
998587240 998592909
999909577 999915235
998536383 998542043
997451390 997457057
998276438 998282097
999864367 999870028
998355551 998361217
998479877 998485538
997880866 997886535
997830007 997835673
999073226 999078892
999022368 999028029
998050401 998056065
998485524 998491191
998790684 998796344
998643759 998649416
998801984 998807642
997694391 997700047
998649403 998655066
999847418 999853081
998174723 998180381
999740052 999745706
998931955 998937616
379991212 379996877
998779383 998785045
998971518 998977176
999954787 999960445
998841545 998847196
998751123 998756782
998022144 998027802
998417717 998423378
691723984 997652356
999287974 999293627
998909353 998915013
999344483 999350145
999903926 999909592
998785034 998790696
999655280 999660946
997310120 997315779
997999538 998005199
999870022 999875686
999197552 999203209
999327531 999333182
998920649 998926320
998683315 998688971
998886749 998892408
999734396 999740056
999723094 999728752
998253840 998259497
280013003 999616101
270431996 998923525
997666133 997671794
998835887 998841551
998564636 998570297
999440550 999446206
407246470 999863604
999400993 999406652
997287515 997293171
998084304 998089964
998739819 998745480
998140812 998146472
999350133 999355796
999666581 999672250
995050155 995055816
997863920 997869577
997270565 997276222
997716994 997722653
998474229 998479888
998581592 998587259
997801756 997807413
999389687 999395350
997570064 997575730
999547910 999553571
998711565 998717228
998010845 998016508
999937838 999943498
998293390 998299049
987324597 987330259
997246819 997252488
997587020 997592681
998310351 998316010
998208629 998214289
997321416 997327079
997869566 997875231
999423588 999429252
998722866 998728532
998434670 998440332
999061931 999067586
359310524 999803802
998547692 998553344
997496607 997502268
997332726 997338382
997603971 997609635
999259710 999265374
998044747 998050412
997198449 997204107
999604422 999610085
998638104 998643767
999248412 999254070
997886521 997892178
998039099 998044756
999107142 999112802
998881100 998886754
998383808 998389470
999231455 999237123
998016492 998022160
997553115 997558770
998468571 998474237
999016718 999022383
997818711 997824368
999836121 999841780
997813063 997818724
999028019 999033681
997824364 997830024
996297794 996303462
999898272 999903939
997796106 997801769
999163643 999169305
999446202 999451854
998756776 998762432
998525083 998530740
999943484 999949147
997728292 997733956
997360982 997366639
997575712 997581372
998609850 998615513
999174947 999180610
854259689 999341252
99084410 999452339
447539627 999007973
999813507 999819174
999191897 999197562
37421681 997714387
25665331 25670985
998412064 998417725
998502483 998508145
999112793 999118453
997615272 997620932
998106907 998112573
999853064 999858728
998570289 998575951
998338603 998344259
999627032 999632693
999796564 999802225
998378163 998383818
999299273 999304934
997440088 997445758
997558760 997564424
242135146 999716059
999135390 999141057
997513557 997519214
998033443 998039111
997536159 997541825
997259251 997264909
998457268 998462938
535844949 997942896
997530503 997536171
998818937 998824601
997434439 997440104
999451846 999457514
997654828 997660488
999078878 999084548
997688738 997694397
999819162 999824827
999694846 999700504
998496833 998502485
998830243 998835900
998157769 998163432
997773497 997779167
997835657 997841325
998429012 998434673
998231233 998236897
998265143 998270803
998598551 998604208
999994348 1000000000
998575943 998581599
999146695 999152354
60864 997483206
998999771 999005429
998700264 998705931
137178280 997772107
999542268 999547924
999988696 999994350
997377935 997383588
997485302 997490962
998977167 998982823
998180368 998186034
997937375 997943045
999983047 999988704
999773955 999779613
997338373 997344036
998660707 998666371
998892403 998898065
997253517 997259176
998903700 998909357
997739591 997745252
999672236 999677893
998395115 998400774
998462921 998468581
999497053 999502712
998734167 998739829
998875442 998881107
997502251 997507915
998219935 998225596
998372503 998378166
999881324 999886984
997762200 997767857
998304691 998310355
997394889 997400548
997609619 997615281
999090185 999095845
711277976 999830045
998558988 998564647
997852617 997858271
998666361 998672025
383109369 999150421
999084530 999090198
999457502 999463165
997971287 997976952
999632680 999638346
998592891 998598562
999395339 999400998
997807404 997813065
998926308 998931968
998259485 998265144
997926083 997931734
997524852 997530515
998061704 998067363
997988234 997993896
999598775 999604439
997903477 997909140
997897825 997903482
998236884 998242540
998626802 998632460
998089959 998095617
999892628 999898283
853560645 999764347
999367083 999372740
999875670 999881333
997519210 997524871
999378389 999384051
998864148 998869804
194366782 998535796
997581372 997587029
999152341 999158008
71615309 999939171
997745249 997750908
997468345 997474003
999067578 999073238
998943259 998948924
999508359 999514017
999824811 999830476
997954335 997959999
998123861 998129523
998287740 998293398
998869795 998875461
999321877 999327533
999220155 999225816
999536616 999542273
999728747 999734408
998389458 998395116
997779156 997784809
999683538 999689202
999807864 999813522
998349901 998355564
999463146 999468816
997750898 997756561
998270785 998276449
998915002 998920668
998067352 998073012
997982584 997988253
408216075 999994266
999474451 999480112
998615502 998621166
997671784 997677444
999949138 999954802
28767505 998609700
997920428 997926084
999564869 999570527
997293166 997298832
304528248 999468040
998542041 998547696
997507902 997513562
999960440 999966098
998135160 998140821
997445748 997451403
997841309 997846971
998400758 998406420
998768082 998773741
585044241 999790344
999553561 999559226
999480100 999485759
999050632 999056284
999429249 999434910
998553342 998559004
999790907 999796570
997541806 997547472
999372738 999378397
998321650 998327310
998118211 998123878
989387288 989392957
998677665 998683325
999519657 999525318
998513780 998519444
999338832 999344490
998361210 998366861
999841770 999847425
587894457 998100111
998655062 998660720
997281868 997287526
998965863 998971527
997344020 997349685
999282315 999287980
999587469 999593138
997479650 997485306
997355328 997360991
999485750 999491412
998225581 998231246
999610075 999615736
998519434 998525091
999768301 999773970
997705687 997711352
997875219 997880879
998847189 998852851
998813286 998818949
999225807 999231473
999593122 999598789
998807635 998813294
997462699 997468353
999570519 999576183
999316229 999321887
998073004 998078663
999186249 999191910
999203205 999208869
998101258 998106918
998406409 998412072
997756548 997762205
998152113 998157779
999649635 999655293
998078654 998084313
998299044 998304708
997733941 997739600
999333172 999338843
997858262 997863932
998197330 998202982
998163415 998169079
998146472 998152133
997914775 997920442
340358842 999019739
998694617 998700279
998112566 998118227
999129744 999135399
997722643 997728305
997846959 997852630
