500 55307
991869868 991925187
532778414 995565143
981085000 981140322
990763729 990819047
984458731 984514049
417831245 979297708
985067108 985122426
994413991 994469308
974724696 974780011
977655972 977711280
975333073 975388390
974005709 974061021
998893850 998949171
982135836 982191151
996626273 996681581
986394474 986449786
988274908 988330231
157551339 981408655
997345260 997400580
983407895 983463217
984679957 984735270
999612847 999668161
955301636 993786607
981472149 981527464
291735428 999169907
976494519 976549835
988330215 988385540
996017889 996073206
989546976 989602290
976383901 976439222
988993897 989049219
973119241 973174562
85828746 999098885
984514039 984569355
982467673 982522989
983131364 983186673
860634154 982863035
984790570 984845890
986781619 986836935
996736877 996792200
975554299 975609620
981140305 981195622
999446929 999502241
991206184 991261503
988440830 988496147
994303374 994358696
991095569 991150880
977490046 977545368
999834078 999889392
984016270 984071588
977324121 977379438
986173244 986228566
982854830 982910144
988883287 988938606
994911755 994967067
984956494 985011803
990984956 991040267
979536404 979591727
979315172 979370497
91085422 976626040
978540884 978596191
990155351 990210663
991703949 991759259
272538373 998098592
991427406 991482731
991316795 991372110
991759252 991814570
993141922 993197245
982191136 982246462
982080532 982135846
297867647 993046016
985620174 985675496
971801984 971857300
944894800 985378232
999059781 999115095
982246446 982301768
882512301 982698781
993860921 993916238
996405040 996460353
995409514 995464833
991372107 991427416
993584386 993639704
975664920 975720231
987002846 987058165
983463206 983518524
998285474 998340800
995022362 995077683
999115087 999170404
878330445 878385759
997068720 997124037
983739740 983795051
995796667 995851983
986062626 986117944
977545351 977600669
975388383 975443702
908765982 908821303
990321272 990376582
977268821 977324137
977434740 977490055
990819034 990874355
980863775 980919085
229480827 997143114
983795040 983850361
983186672 983241988
977600662 977655978
988108994 988164307
983352591 983407900
994026838 994082153
989215135 989270448
900089182 997139030
973286681 973341999
371045371 994700590
973507942 973563254
980255393 980310712
326631325 992407495
980034172 980089489
998727930 998783254
979923555 979978873
975830838 975886151
980421316 980476637
978098422 978153741
841612659 841667983
979038639 979093959
972454677 972509992
987445305 987500624
998230172 998285489
994358680 994414002
215006297 998032069
985233029 985288346
993529074 993584388
992920697 992976011
980476624 980531944
977821886 977877209
981361540 981416857
980642549 980697866
973895093 973950412
995520133 995575440
974448164 974503481
976439215 976494532
988385526 988440847
981416846 981472157
997400570 997455882
990874342 990929659
993363157 993418473
995962581 996017897
990542495 990597816
394920642 989098164
987224083 987279391
977932499 977987819
993750309 993805625
419625718 999886970
993307851 993363160
986615704 986671018
973618559 973673872
973342014 973397322
973729166 973784489
82369631 993063152
978596190 978651508
993197233 993252555
979259865 979315187
987500609 987555935
992810080 992865405
220034386 999599501
989104516 989159832
984845873 984901198
973950398 974005720
998838544 998893860
982357062 982412376
996128507 996183818
999668153 999723471
997013416 997068739
989436361 989491678
998451401 998506714
978817415 978872736
997566484 997621805
975001226 975056553
980974392 981029708
984182197 984237511
928114823 928170135
973673867 973729179
990431883 990487203
999889386 999944696
986117943 986173253
992644161 992699482
979481098 979536412
982910127 982965454
991925177 991980494
988717363 988772683
976273289 976328610
986671005 986726320
984624648 984679970
824679176 998414732
981527454 981582776
995907277 995962592
987279381 987334699
997898334 997953649
983020742 983076068
973784472 973839796
998064253 998119564
990210656 990265973
978872725 978928037
977877195 977932516
996515649 996570972
974890615 974945932
992146406 992201714
994856445 994911759
984292806 984348125
990376573 990431898
988938593 988993910
992588859 992644170
986283862 986339181
988053678 988108997
977766578 977821898
973630918 998832689
976328595 976383915
987887766 987943077
975996753 976052079
993639692 993695002
992367626 992422949
998562015 998617332
997787717 997843030
974945922 975001236
981693374 981748697
974503467 974558784
987168767 987224089
998506708 998562022
986947542 987002859
978374956 978430277
989823512 989878823
981969918 982025228
327845100 990009425
974614079 974669402
988219606 988274917
980531931 980587249
997953635 998008953
997455873 997511193
985841401 985896723
979204559 979259878
985398949 985454263
992201703 992257024
991980479 992035799
42722830 999950254
988551445 988606763
999336310 999391629
981914604 981969922
999778763 999834080
980310707 980366020
991648635 991703956
985730787 985786107
274898390 991222004
990929646 990984962
977102899 977158209
999502233 999557552
973175856 973231169
977379427 977434745
979812940 979868262
973397321 973452634
999225699 999281013
993473774 993529083
992035782 992091105
995741358 995796676
974795548 996896587
983518509 983573829
986228549 986283873
997124028 997179346
985786101 985841414
978706805 978762120
974392852 974448166
714976354 996828062
998783237 998838557
203294476 989802432
980366008 980421326
984735267 984790584
977213506 977268825
982301753 982357071
976162677 976217991
996902803 996958122
992865395 992920713
981582767 981638084
525403682 981213261
997621791 997677108
8766875 998010890
507356095 994591509
976549822 976605146
974226930 974282245
974337543 974392863
988496134 988551456
32451009 999189622
981029695 981085010
978485569 978540890
979978862 980034182
985675481 985730802
967228825 996279705
992478241 992533564
978651490 978706807
976107366 976162693
985454250 985509568
987721845 987777159
974835315 974890624
975941448 975996763
985288337 985343645
984569340 984624654
976660442 976715761
995464816 995520143
199438089 984580669
989768203 989823516
980587241 980642553
991538019 991593338
996847498 996902815
995630742 995686064
979702323 979757638
996073196 996128517
992533554 992588869
928159632 990857767
987611230 987666548
485055784 985995788
981859294 981914621
982025223 982080534
983241971 983297295
984126883 984182208
992976005 993031318
978983333 979038649
996183813 996239130
993805612 993860931
984237497 984292816
978928030 978983349
76539902 975379250
977711279 977766594
987666539 987721854
982744208 982799527
990487196 990542513
992422938 992478258
995132976 995188296
981306229 981361550
192477502 988601518
987058157 987113475
995077675 995132994
983850356 983905664
975111843 975167166
995298899 995354222
994469295 994524612
999723462 999778773
974171630 974226939
990653108 990708427
989989428 990044743
993694992 993750310
990708420 990763735
965472265 965527581
981803996 981859307
997179342 997234651
999170389 999225707
976881664 976936989
974669386 974724709
978762102 978817426
973839784 973895105
998396092 998451411
976826360 976881680
985343640 985398959
997234641 997289967
979093950 979149262
988827977 988883299
986892232 986947557
983076056 983131375
993031310 993086631
973452627 973507952
101815936 993732842
995851971 995907291
995243589 995298906
420972294 987197577
979370489 979425806
985564864 985620180
981195616 981250934
134349186 990637042
997732405 997787728
78148409 992822491
992312323 992367642
976605134 976660447
984901182 984956497
978430261 978485586
997843017 997898335
994690522 994745837
987998374 988053695
987555924 987611234
986836933 986892244
988164299 988219619
984071580 984126898
996958113 997013432
976771057 976826371
989491667 989546982
975056535 975111856
36711882 988809335
996460343 996515660
986505083 986560402
994745833 994801146
201203248 991952400
984403421 984458734
997677102 997732418
980753161 980808473
994524599 994579921
993916228 993971541
983297281 983352594
980200086 980255403
982799521 982854838
981748683 981803997
975886142 975941462
989049210 989104529
991482721 991538037
978319647 978374972
976217987 976273304
985122417 985177731
974116319 974171635
980697857 980753164
422420549 995413273
980144781 980200097
996681579 996736894
987777152 987832466
975277766 975333087
975609603 975664921
985896705 985952030
974780008 974835319
988772674 988827993
985177714 985233035
987943068 987998381
973563246 973618563
994082143 994137461
994579911 994635229
986726311 986781629
994192760 994248076
988606754 988662067
974061016 974116325
971379677 971434987
986339169 986394480
998340780 998396105
985011801 985067115
987334693 987390012
994967063 995022377
999944689 1000000000
975222455 975277781
996294430 996349743
985952019 986007329
994635211 994690537
978209039 978264349
996570956 996626278
974558779 974614092
967502972 967558294
994801136 994856452
989934125 989989440
996239123 996294438
977158203 977213516
987113459 987168783
980919085 980974396
990044731 990100048
976052062 976107377
989657585 989712907
976992282 977047598
982633599 982688911
979149260 979204575
983684428 983739749
991814557 991869878
989381046 989436365
979868252 979923566
999391622 999446937
998672630 998727947
998949167 999004484
979591713 979647027
976715743 976771065
992091095 992146411
980089475 980144792
983905658 983960978
979647016 979702341
977987810 978043127
993971535 994026849
138228873 989595276
979757632 979812951
974282240 974337555
983573821 983629129
979425786 979481104
999281008 999336321
992754780 992810095
634407237 991731381
999004472 999059786
975720220 975775535
995686046 995741368
996106611 999814833
986560390 986615706
972982273 973037586
976936973 976992294
995354210 995409528
993086617 993141935
989878815 989934130
990597806 990653119
987832454 987887772
994137453 994192772
993418463 993473781
993252542 993307855
995188285 995243602
982522987 982578296
990100040 990155355
999557542 999612861
646808328 998322506
