500 13351
994579484 994592846
997169580 997182947
995647567 995660929
999759679 999773035
998798405 998811761
999813077 999826445
996021394 996034763
999225637 999238996
996101508 996114865
993577940 993591299
999025375 999038738
996688948 996702304
585764903 999669472
994566135 994579494
995113528 995126887
995954637 995968003
998104148 998117517
996475335 996488696
999265693 999279046
996381871 996395239
993805129 993818492
414639237 998659940
998531390 998544742
998544737 998558096
995634222 995647577
997009367 997022730
995020071 995033437
998264370 998277727
996729002 996742366
999639520 999652875
995847839 995861194
997863835 997877192
996835805 996849172
996128209 996141568
996275063 996288432
996648889 996662257
999332450 999345804
440552473 998603656
998464625 998477994
995487362 995500720
998090805 998104168
997369848 997383206
995220339 995233700
993631567 993644932
996088154 996101515
998758349 998771710
997716976 997730336
998704947 998718305
999038718 999052079
995674269 995687629
997757023 997770392
994779757 994793111
995967993 995981356
996955972 996969326
996555438 996568802
469676736 999010510
990980617 990993974
996528734 996542100
996301763 996315126
997089472 997102842
795648620 996455248
998771698 998785062
995086829 995100186
997997340 998010704
999826434 999839796
998251009 998264374
998210962 998224319
994886564 994899922
997436599 997449967
997249685 997263050
994472677 994486045
997943943 997957307
996702294 996715657
41372182 999752202
998037399 998050755
998998669 999012027
994445978 994459344
998504678 998518049
999626170 999639527
997636871 997650230
993536197 993549550
999612818 999626176
848358430 999873340
996421923 996435291
992703641 992717011
993618209 993631569
995073473 995086837
999372497 999385854
991966529 991979883
994966670 994980032
996715644 996729013
999946588 999959953
994726347 994739715
997823779 997837140
994659598 994672959
995060124 995073482
994098858 994112217
996408578 996421939
995273740 995287097
996141555 996154921
996929264 996942628
994392570 994405939
994125552 994138912
997289739 997303101
995006718 995020084
998130853 998144211
397759052 997741356
258989619 998963527
996181613 996194969
995367202 995380554
999599466 999612827
558714141 997156371
993751724 993765091
993591399 993604752
998945268 998958626
995180288 995193646
998170913 998184270
164702924 998760020
997383197 997396555
998197615 998210974
999279044 999292403
994753052 994766418
993818478 993831844
662424462 998344761
997062778 997076140
995580813 995594170
999933236 999946596
406450927 998612914
998558085 998571450
998891861 998905221
995874533 995887899
994873213 994886567
998024047 998037407
996582136 996595496
998905213 998918573
995407253 995420615
994899918 994913274
999425902 999439266
997423247 997436616
995914586 995927948
996542081 996555445
998611486 998624853
999879839 999893196
994365868 994379236
995567459 995580823
994859863 994873219
199208843 998897960
996809104 996822465
996261716 996275074
997329790 997343159
993473926 993487286
995594163 995607531
999452605 999465966
942593260 942606621
998437929 998451284
998157554 998170921
997503353 997516716
998918561 998931923
996849162 996862520
994205657 994219022
996635538 996648906
999052069 999065440
415667782 997366375
995193630 995206994
998291066 998304424
996461975 996475341
993992040 994005402
999158881 999172246
995460655 995474020
996368520 996381888
993778432 993791786
999212284 999225651
994926611 994939976
999773033 999786390
980447976 980461338
998624841 998638198
994793107 994806469
995433952 995447311
998811752 998825115
999679572 999692932
995687617 995700988
997663566 997676934
996168254 996181616
999479306 999492662
993444772 993458133
554827418 996347725
997917243 997930599
995660923 995674283
997049427 997062789
998371174 998384538
996769055 996782418
998985320 998998676
996235014 996248375
999132177 999145537
995861188 995874544
996341816 996355187
997596814 997610175
337094810 999518196
998077452 998090815
997102832 997116190
997743676 997757041
860053305 860066669
997970638 997984001
993671616 993684983
997583463 997596823
993493925 993507278
994512729 994526091
997810433 997823797
994192308 994205667
997236338 997249698
998678248 998691611
993938642 993952007
997530055 997543422
994819810 994833164
996915912 996929279
998344472 998357837
998878507 998891869
994699646 994713013
999359151 999372507
998958615 998971981
997316441 997329801
996862511 996875874
997076129 997089483
994325819 994339184
450519590 996031987
995033428 995046785
997690274 997703634
992990057 993003416
998184256 998197615
995781084 995794442
997276396 997289755
996435277 996448638
995287096 995300448
994713002 994726356
994112206 994125567
993698318 993711683
993564349 993577710
997543410 997556772
995233693 995247046
999252339 999265698
998144202 998157572
994312474 994325834
998785051 998798412
998411224 998424582
999986639 1000000000
994272416 994285776
993911937 993925295
998331121 998344483
997449957 997463320
998224310 998237676
995700975 995714334
995607516 995620878
994419272 994432634
996568789 996582146
994032094 994045459
995153578 995166940
995727676 995741041
997783726 997797086
994539439 994552793
997303098 997316449
998825104 998838470
995981340 995994706
995206983 995220344
995714324 995727681
994526080 994539441
994632898 994646258
996008041 996021403
998304421 998317780
997516711 997530071
989282819 989296181
994018746 994032107
995327140 995340510
994806461 994819815
999546058 999559427
999692921 999706279
995140235 995153596
996221663 996235021
254271641 997368890
998931917 998945277
998838455 998851818
993711678 993725035
994178958 994192315
993644917 993658275
994833158 994846520
993925289 993938654
997476659 997490013
994619539 994632906
996755707 996769068
998491328 998504696
996288418 996301781
994045448 994058813
101018441 998738694
993831828 993845193
997903889 997917253
980551687 980565052
998357826 998371182
997463303 997476666
996595491 996608847
995527406 995540767
997182931 997196290
997703624 997716986
999919890 999933246
997676924 997690280
996154911 996168273
994939962 994953332
994672947 994686310
998851811 998865165
997610170 997623524
996355172 996368537
999839779 999853142
999145532 999158891
999666224 999679585
994993374 995006736
267796640 999208620
999319099 999332460
995126881 995140239
999092127 999105486
999519364 999532724
996114858 996128215
995247043 995260395
999786377 999799738
999559413 999572776
994592841 994606201
996315120 996328480
105679753 999501769
994953322 994966682
998865163 998878523
522463366 999449605
999652872 999666230
381142205 999699136
996208313 996221677
994152259 994165623
996675599 996688957
996515382 996528749
998384529 998397884
73417192 995870229
994432624 994445992
995554109 995567478
999572760 999586125
993520837 993534197
998651540 998664909
998744996 998758363
999292397 999305754
999586115 999599475
997730322 997743686
997797085 997810441
999893183 999906544
994005398 994018757
998584785 998598154
997930592 997943946
254914347 999507600
949508273 949521637
995821136 995834492
995794429 995807795
999532706 999546072
995741024 995754392
996328469 996341831
996969317 996982675
996742346 996755710
999732976 999746336
999172230 999185594
996061449 996074815
995620865 995634232
998451278 998464644
994459333 994472688
999185588 999198947
994766406 994779768
997983991 997997354
993765077 993778440
999465958 999479313
996048097 996061462
995834486 995847839
995447307 995460668
999492654 999506014
994072152 994085516
994138905 994152266
994259067 994272422
995046777 995060136
995393901 995407261
995514056 995527420
711488501 997892700
996942613 996955980
995941295 995954653
998518032 998531393
999506004 999519365
996822460 996835813
994352520 994365881
997343146 997356509
994219010 994232371
993658266 993671634
997490011 997503371
997356494 997369858
998237667 998251025
994339175 994352536
993738373 993751740
998691599 998704954
999118830 999132195
999746329 999759688
997409897 997423264
998117508 998130861
999439250 999452614
994379220 994392589
999799731 999813092
279873512 998790043
994499379 994512742
996782404 996795764
995474011 995487367
993550459 993563816
999078774 999092140
999866488 999879844
997556760 997570121
997196284 997209641
996889213 996902575
995927939 995941296
999305740 999319102
993858531 993871900
994165612 994178966
997890540 997903899
546271531 997447426
999238991 999252353
999706274 999719632
996608839 996622205
999412555 999425910
996395225 996408586
998477981 998491343
134391467 988349031
996622189 996635551
997837129 997850496
997850485 997863844
998971969 998985327
999719621 999732980
995540758 995554122
995100173 995113534
994686302 994699663
994913260 994926620
993898588 993911946
997396552 997409906
994646243 994659609
994486037 994499389
999853136 999866500
998731645 998745006
994232366 994245723
993725024 993738386
999906538 999919894
995887884 995901247
998050751 998064107
995420602 995433962
996074804 996088161
303420531 996327932
997022719 997036087
103436315 997491047
993885234 993898595
993684967 993698334
994846514 994859866
996875865 996889223
993978689 993992060
994085498 994098863
994058803 994072157
993845180 993858544
994552782 994566145
993965341 993978708
995300440 995313804
998277720 998291080
995767731 995781084
999959937 999973303
996982669 996996035
999973296 999986652
995901243 995914602
125327030 999082269
995313791 995327160
995353852 995367209
993951989 993965356
997129531 997142891
996034746 996048110
994606190 994619553
834927431 998481879
714225486 995821531
998598142 998611501
999065429 999078785
998064096 998077459
516748959 995334359
997222987 997236348
999012016 999025379
999105482 999118837
995994699 996008055
996795751 996809114
997142884 997156244
995380552 995393905
996488687 996502041
993604774 993618139
999385848 999399205
997623520 997636873
994285763 994299132
997957287 997970648
996502033 996515389
999198940 999212298
995260386 995273747
996902563 996915925
743822658 998375401
998638188 998651555
