500 77508
981320572 981398090
972019607 972097123
967911682 967989199
961864496 961942011
999147405 999224922
983180764 983258277
975739990 975817512
991396602 991474122
968764275 968841791
985816031 985893544
973104716 973182237
979925418 980002941
978297752 978375277
983645810 983723321
994884467 994961988
974034817 974112335
968531745 968609265
986668617 986746136
997907282 997984792
980855517 980933036
971089512 971167028
964811368 964888881
980235452 980312978
994031880 994109399
773400647 982047790
972872193 972949709
422606809 986049638
191236535 994022927
978142743 978220258
972174618 972252138
998837371 998914896
990776545 990854065
981940633 982018145
995892070 995969584
976670086 976747609
984575903 984653418
964888872 964966392
992946771 993024287
968299226 968376743
977212641 977290156
966671558 966749074
969616856 969694374
993179290 993256813
993566827 993644347
990233991 990311506
967756665 967834182
990156477 990233995
962796154 962873678
173274467 999040707
992326699 992404218
965353919 965431438
984343374 984420900
997209710 997287227
962486119 962563643
978607782 978685300
964113796 964191314
978220249 978297763
971167017 971244538
984033350 984110864
800752788 984248883
973259730 973337255
228929154 987726204
996279612 996357132
998217311 998294828
982638201 982715722
970159413 970236929
973802289 973879814
967989188 968066714
991164085 991241599
995272007 995349526
968221711 968299234
975042418 975119935
966206503 966284028
978375259 978452781
981398078 981475589
963106186 963183705
995969576 996047102
985350984 985428504
991706638 991784155
991861656 991939168
969151807 969229328
976747594 976825114
397794038 977861229
982793221 982870736
269312267 998853489
971554561 971632077
975119930 975197446
968066702 968144214
989381401 989458922
980467975 980545492
998139807 998217324
977987728 978065245
999844984 999922497
988606320 988683832
978762805 978840318
968376728 968454249
738952253 990117230
962718645 962796166
963028684 963106202
977910218 977987736
991629131 991706653
997519735 997597257
962253549 962331068
996667152 996744671
997597249 997674768
993876862 993954380
983413278 983490804
995194499 995272020
573914527 983371409
977367662 977445182
791470014 994846911
995116995 995194507
987753733 987831249
988838839 988916366
970624463 970701979
990931558 991009072
722385488 993782437
993024273 993101790
977057623 977135145
984730919 984808432
976592576 976670096
986281081 986358593
974189836 974267346
962951168 963028692
998992391 999069908
986901142 986978662
980933024 981010542
993256802 993334321
979615389 979692909
995504534 995582046
989613918 989691436
980157951 980235470
988063759 988141286
965973982 966051502
990544021 990621540
976515073 976592586
998449830 998527351
997364724 997442246
975895007 975972524
978452769 978530291
983568296 983645822
994574438 994651953
982483188 982560704
972252133 972329654
966749064 966826585
973957310 974034827
983103248 983180768
987598712 987676238
999457444 999534952
973492260 973569774
961250855 961328371
975972520 976050033
978530282 978607795
992016669 992094187
985583512 985661030
985506003 985583512
995039486 995116997
955084288 955161813
977677686 977755211
968996799 969074315
999689962 999767478
965431429 965508944
968454237 968531760
995582038 995659552
976437566 976515081
972949700 973027225
969229314 969306833
986358586 986436106
976980121 977057633
996977185 997054701
981630598 981708115
965741463 965818978
996202104 996279622
986048558 986126077
197974659 994236500
993721845 993799370
963803761 963881274
513715788 985314471
987908749 987986264
973337238 973414763
993954370 994031884
26583522 996586885
970469445 970546969
961527428 961604954
966361527 966439043
966284018 966361533
976825107 976902617
989148871 989226393
984420889 984498404
971942095 972019618
997132201 997209714
996822168 996899685
990621531 990699044
998062299 998139808
976902611 976980128
989768942 989846456
966516536 966594061
991784149 991861660
980622992 980700515
989303889 989381413
965121391 965198908
984885937 984963454
972407147 972484663
963958779 964036289
991319097 991396612
980700505 980778025
994186897 994264412
985428489 985506010
994109385 994186902
603259961 999124366
986823637 986901155
971632066 971709583
992791752 992869268
992636733 992714249
986746128 986823648
558780896 996150142
993101784 993179301
978917824 978995337
972794691 972872205
196569005 990938724
978685290 978762809
979072830 979150356
982328171 982405688
984110850 984188377
982250667 982328185
973027213 973104724
979227852 979305364
978995331 979072850
966051493 966129006
999534943 999612462
981243063 981320577
964191300 964268819
987288679 987366199
979382868 979460381
983723311 983800833
987521205 987598729
991474120 991551635
996899673 996977196
985971044 986048570
988683828 988761346
979305354 979382875
994961979 995039496
991086578 991164092
961660813 961738329
993411811 993489336
994496926 994574440
998682363 998759877
985661010 985738531
967601651 967679173
998527338 998604865
976282546 976360067
987986256 988063769
994651946 994729459
963881272 963958786
990854050 990931574
987443696 987521216
970004402 970081914
967214109 967291625
164578414 993467241
987366194 987443706
988916353 988993871
965896479 965973993
970701972 970779485
973724781 973802300
981785617 981863130
985195967 985273481
994264403 994341917
970081912 970159427
971244531 971322040
964578839 964656359
997674758 997752276
981010530 981088051
481855266 993507741
992869263 992946777
996124598 996202116
967136608 967214126
983800826 983878337
994419415 994496939
146545279 998368727
981863126 981940637
995427024 995504538
989923951 990001474
977755198 977832712
966594043 966671565
964656351 964733870
973647277 973724795
975429955 975507480
962098493 962176009
985040953 985118474
971011999 971089525
988761331 988838855
243226655 999194141
974964914 975042434
999302426 999379941
270288840 998094170
991241591 991319105
965198902 965276416
973569771 973647289
963648740 963726264
990078970 990156489
964733859 964811370
998604851 998682373
985893540 985971057
973414751 973492271
966129001 966206514
994806963 994884472
541716981 541794498
971399538 971477058
983258265 983335786
966826574 966904092
998372331 998449842
980080437 980157955
997829767 997907290
974654877 974732401
958258022 958335538
967369122 967446643
996589643 996667162
964346312 964423831
981088041 981165558
984963448 985040961
986513607 986591122
974732386 974809906
964966383 965043898
976050028 976127538
988141274 988218789
999767474 999844992
985738518 985816036
524744648 968840989
982560694 982638216
986436090 986513613
963261207 963338725
970314436 970391949
977832709 977910230
981165555 981243064
996434631 996512147
420110649 984511182
985118462 985195972
975662478 975740001
970779474 970856997
972329639 972407152
995349512 995427034
997984789 998062304
965818964 965896480
974577371 974654886
980002927 980080445
972097120 972174638
977135133 977212648
996357116 996434638
979537883 979615406
966981582 967059101
984498397 984575912
995659542 995737061
963183699 963261213
991009071 991086585
975274941 975352460
989846448 989923969
979770402 979847920
989458905 989536427
969926887 970004411
968686758 968764284
989691429 989768954
988451298 988528824
963726246 963803771
967291622 967369141
864242299 993947983
982095646 982173160
974422357 974499875
989071372 989148890
998914881 998992406
971477056 971554565
962175997 962253517
983335777 983413296
822209263 985653102
988218779 988296301
996744660 996822174
969074306 969151824
967059090 967136618
987211177 987288697
983878329 983955844
970934498 971012013
991939162 992016680
962408608 962486126
999379929 999457446
968144208 968221724
995814560 995892082
964036283 964113800
997442228 997519749
986978652 987056171
981708106 981785625
968609250 968686778
974476918 996173888
969384340 969461854
989536410 989613932
979692894 979770420
992171685 992249209
986126064 986203582
976205037 976282562
998294817 998372339
977522679 977600197
975197432 975274955
969539349 969616864
984265872 984343390
993799356 993876872
972562159 972639684
982948238 983025758
992714239 992791760
980390471 980467984
997287210 997364735
972717180 972794692
981475580 981553106
963416224 963493735
984808432 984885940
977290154 977367670
974809894 974887418
971787078 971864605
990389008 990466517
966904074 966981594
987831243 987908754
979460374 979537895
233345501 996527385
970856989 970934507
241726350 996572362
969771877 969849392
976360057 976437571
961784128 961861656
997054693 997132204
991551626 991629140
944477621 980271126
983025740 983103264
971322032 971399548
996047083 996124607
967446635 967524152
979150338 979227859
980312963 980390483
990001462 990078976
188815389 969550546
980778015 980855529
995737050 995814574
974112325 974189839
980545488 980623002
967524143 967601657
966439027 966516554
969849388 969926902
818459651 818537163
975584976 975662493
982405684 982483198
973879800 973957316
969694370 969771884
978840308 978917833
614120677 995753019
848613462 973635485
973182228 973259747
994341913 994419425
992404210 992481733
999224916 999302437
970546956 970624474
986203571 986281086
993334311 993411824
988373791 988451311
974344848 974422367
964501328 964578852
974499859 974577379
983955835 984033354
988993854 989071375
962873658 962951181
998759868 998837383
965508939 965586452
292171923 991673117
992481721 992559238
999612454 999689976
968841776 968919302
999069903 999147421
993489324 993566837
993644340 993721861
963493731 963571245
988528813 988606325
965043887 965121410
996512134 996589651
353865607 999782341
999922487 1000000000
647631900 980812773
965276409 965353927
965586440 965663966
972484652 972562170
992559222 992636747
982715706 982793231
242409738 994832618
970236919 970314438
975352454 975429972
924052749 996837662
962331099 962408611
987056157 987133676
984653412 984730930
971864588 971942111
969306828 969384343
971709578 971787093
968919291 968996810
975507464 975584983
972639669 972717187
963338709 963416231
