500 338
999909407 999909758
999978367 999978706
999869523 999869873
999895218 999895560
999872228 999872578
999980390 999980736
999989517 999989869
999935440 999935782
999858039 999858382
999965178 999965524
999974648 999974992
999926314 999926656
999940169 999940518
2858617 999999551
600364108 999891323
999836534 999836882
999882028 999882377
999902647 999902998
999949634 999949983
999985801 999986151
999937126 999937477
999969909 999970257
999953694 999954033
999983775 999984123
999869866 999870218
557956286 999973980
999766715 999767061
999973293 999973645
999982418 999982769
999987825 999988174
999854991 999855340
337073360 999975301
869547757 999987870
999908737 999909085
999970587 999970933
999908402 999908747
999993570 999993924
999923267 999923616
999918539 999918881
999868854 999869199
999848231 999848581
169659930 999945319
999948959 999949307
999880341 999880696
999984784 999985134
999971260 999971618
999964171 999964511
693844620 999994130
999916848 999917200
999864122 999864465
999886429 999886778
999993909 999994260
999893521 999893868
999928681 999929022
999940842 999941195
999879671 999880010
999881353 999881703
999997962 999998319
999973631 999973980
999948624 999948964
999960782 999961137
999910082 999910431
999880007 999880348
999915836 999916184
999862765 999863112
999870202 999870554
999952673 999953025
999865128 999865479
999966874 999967214
334139731 999971381
999854322 999854668
999882375 999882721
999962135 999962490
999973967 999974320
999935776 999936127
999952002 999952343
999921914 999922263
999976669 999977018
999943207 999943557
999942201 999942543
999972282 999972626
999992902 999993240
999865472 999865815
999944568 999944907
999884057 999884404
999855672 999856020
999886093 999886437
999883387 999883734
999906712 999907053
585435028 999963965
999938144 999938491
999979041 999979387
999991211 999991560
999910767 999911108
999991549 999991892
999838176 999838522
999947608 999947958
999909745 999910101
999904677 999905028
999892170 999892523
999957408 999957751
999856345 999856693
890945838 999897539
999892513 999892854
999898932 999899277
999948281 999948629
375932445 999957110
999912112 999912459
999957071 999957415
999927325 999927671
999857694 999858050
982194161 999970885
999874257 999874605
998137949 998138300
999873921 999874274
567924674 999989621
999856680 999857034
999841132 999841482
999994588 999994938
999896906 999897255
999921576 999921928
332056126 999989396
999997628 999997979
121275239 121275592
999980051 999980402
999859388 999859740
999941855 999942204
999986816 999987162
999968900 999969243
999875952 999876299
999913132 999913478
999936788 999937132
999899951 999900299
999913470 999913813
999946933 999947273
999836120 999836466
999884735 999885083
999920560 999920917
999967214 999967558
999930362 999930710
999933066 999933417
204822853 999986341
999874933 999875288
999913803 999914156
999889136 999889481
999974312 999974657
999872567 999872913
999901972 999902319
999968560 999968912
999888117 999888467
999907388 999907729
999908060 999908404
999994922 999995273
999842488 999842835
999975994 999976349
999868517 999868861
999863776 999864134
999958079 999958433
999955376 999955730
999891155 999891505
999981400 999981753
999861417 999861763
61598078 999993183
999857021 999857372
999932399 999932745
999906028 999906379
999909075 999909425
999988506 999988854
999878319 999878666
999858372 999858720
999866145 999866490
999864791 999865139
999887776 999888131
999985126 999985472
999892847 999893198
918940708 999993852
999840461 999840806
999877296 999877654
999982759 999983102
421849466 999991721
999945572 999945924
365210558 365210906
999922932 999923275
590294536 999982128
999924960 999925306
999852292 999852632
999871898 999872236
999897241 999897587
999855328 999855678
999756895 999757239
999878652 999878998
999956059 999956402
999884402 999884743
999853979 999854322
999677269 999677615
999853636 999853988
999968227 999968569
999992222 999992572
999879330 999879675
999987491 999987838
536915947 999983200
999940510 999940859
999922250 999922599
999866482 999866831
999919553 999919904
999837699 999838052
184063158 184063502
999843168 999843516
999953349 999953699
699721393 999933059
26923110 999973300
999952341 999952683
999986470 999986826
195990456 999921546
999960444 999960795
999867833 999868185
999842150 999842499
999969576 999969918
999931040 999931386
999955712 999956061
999974981 999975329
999871216 999871564
999950646 999950994
999953017 999953357
999987146 999987496
999905356 999905701
999850601 999850950
247138258 999964971
812297854 999988112
999966529 999966881
999981741 999982093
213409394 999871598
526165785 999974796
999955045 999955388
999921242 999921593
999941526 999941874
999905017 999905370
999967885 999968236
999924622 999924968
999934758 999935113
999977349 999977693
999988168 999988511
233204356 999896473
999950307 999950661
999920902 999921250
999960113 999960455
999936453 999936802
999965524 999965865
999850940 999851290
999825960 999826307
999885751 999886101
999846883 999847230
999845865 999846210
254384492 999900660
999943551 999943896
323983714 999953924
999914482 999914827
711089800 999955144
999956391 999956743
999840795 999841145
999900281 999900631
777633508 999975260
999912792 999913138
999999318 999999669
999928003 999928350
999842823 999843171
799796991 999974354
999849581 999849932
909543354 909543700
999873581 999873932
999972953 999973304
999984104 999984452
999880680 999881029
999838995 999839339
999961800 999962148
999971607 999971954
999916505 999916852
999856004 999856354
999929020 999929360
999896229 999896577
999915493 999915847
999954706 999955050
999959777 999960120
999945919 999946268
999866819 999867167
999897922 999898272
999894874 999895229
999269359 999269699
496660045 496660392
999967551 999967897
999870874 999871231
999894201 999894549
999922597 999922941
999887441 999887784
999937808 999938156
999951659 999952007
999978701 999979047
999995941 999996288
999926992 999927331
999962474 999962826
999982076 999982428
999845191 999845539
999914822 999915167
999844518 999844862
999942540 999942880
999944897 999945244
999937461 999937809
999975658 999976012
999959435 999959788
999851951 999852296
999925969 999926326
999844857 999845199
999890144 999890498
999900966 999901308
999926651 999927000
999930031 999930375
999996953 999997300
999901302 999901646
999985463 999985813
999904005 999904351
999930704 999931055
999976339 999976688
999848905 999849261
999929355 999929703
999988839 999989192
999888450 999888802
999942873 999943222
999934428 999934767
999883720 999884068
999964510 999964858
999860060 999860414
999860399 999860747
551682434 999999475
999846538 999846894
999865807 999866158
999853301 999853653
999912449 999912802
999911096 999911447
999919209 999919562
999849921 999850271
999939836 999940184
999961464 999961811
999898259 999898609
834370964 999993413
999906366 999906715
999875269 999875620
999947268 999947619
314167205 999965941
999978020 999978369
999852964 999853317
999928337 999928692
999893185 999893540
999861757 999862100
47816736 999959965
999848567 999848915
999990528 999990877
999917523 999917867
646959059 999904532
999917182 999917529
999951320 999951675
999990869 999991221
999997296 999997644
999863446 999863796
342817188 999862053
999947945 999948294
999850261 999850607
999950988 999951337
999939496 999939841
999895888 999896235
999925631 999925985
999904343 999904692
999857357 999857710
999851274 999851627
999907717 999908074
999939159 999939508
999839777 999840124
999862089 999862440
999875614 999875964
999945239 999945584
999946251 999946599
999849249 999849592
999918197 999918545
999961125 999961477
999980733 999981077
999893860 999894212
900243012 900243362
236472044 999988081
999876627 999876968
999898594 999898941
999881693 999882042
999991887 999992228
999883049 999883398
999929687 999930044
999984442 999984800
189688529 999944601
999843841 999844186
999901641 999901982
999983438 999983786
999890481 999890831
999864456 999864802
999999658 1000000000
999877977 999878330
999885413 999885759
999954370 999954711
999889466 999889815
999918874 999919223
999959100 999959446
999859050 999859392
999989181 999989525
787622727 787623070
999870537 999870888
999837126 999837475
999840119 999840464
877888842 877889183
999876282 999876631
999886763 999887110
999923609 999923954
999949969 999950320
999936117 999936462
999966190 999966544
999885075 999885421
999910424 999910772
999902310 999902663
999923943 999924289
733661580 733661937
999852626 999852970
999932053 999932410
999963827 999964180
999896570 999896916
999899269 999899615
999916169 999916521
999903662 999904017
999847897 999848245
999938817 999939164
76097912 999978861
999977682 999978039
946488203 999896893
999956734 999957076
999905690 999906043
999979381 999979723
999888792 999889136
999998980 999999331
999993232 999993584
911482515 999918512
999878989 999879343
999995259 999995607
999958423 999958764
999887105 999887448
999841807 999842164
999962817 999963159
999998306 999998656
999873249 999873593
999860743 999861087
999958761 999959111
528321090 999994189
599956101 999864573
999934083 999934435
999965860 999966203
996680845 996681201
999931385 999931724
999867501 999867849
999869188 999869539
999949294 999949639
999992564 999992905
999851616 999851962
999829995 999830351
619181094 999898889
999996617 999996960
999995597 999995950
999943886 999944240
999979713 999980068
964196764 999945225
999907040 999907388
999990195 999990538
999914143 999914496
999845533 999845872
999872905 999873256
999935095 999935452
999891495 999891850
999911779 999912127
999941178 999941532
999895556 999895898
999994246 999994600
999867163 999867513
999971937 999972290
999868170 999868527
999881022 999881370
999874592 999874947
999871550 999871899
999897576 999897934
999977013 999977361
999975325 999975667
999996273 999996622
999931724 999932066
999938484 999938827
999861079 999861430
999932732 999933081
999917865 999918207
999894541 999894887
999863104 999863448
