3000 44529
343908148 969209785
952131322 952175859
894332674 894377222
964866615 964911154
954491355 954535898
917354169 917398714
905643045 905687588
947856540 947901073
973505235 973549777
918422871 918467410
956673276 956717812
925770153 925814686
947055010 947099554
483003478 992340646
918957213 919001755
924523337 924567877
903327539 903372072
985038249 985082792
962061289 962105827
877233537 877278082
872068182 872112720
999376586 999421128
977290200 977334745
895223254 895267795
885604993 885649532
879771696 879816231
993543285 993587827
938906208 938950751
885961229 886005766
916463593 916508130
887118978 887163524
911253695 911298240
863044104 863088645
876031258 876075793
879682634 879727172
882621551 882666093
527083904 963368127
638100933 911563539
968072702 968117236
929644171 929688714
878079589 878124131
955159292 955203829
958098211 958142745
954535888 954580428
959077844 959122385
316968261 972839246
979071360 979115906
902303372 902347912
988867749 988912282
999153948 999198488
951418854 951463397
919580617 919625156
966380604 966425144
981743104 981787639
924389750 924434297
971545969 971590504
468467678 963030013
165778300 999286031
941444358 941488904
959166903 959211444
446127782 920716923
948257298 948301839
939440557 939485096
995368974 995413521
955114758 955159300
890458656 890503191
888187679 888232214
956406099 956450638
954179652 954224193
917888515 917933060
883868358 883912900
960591826 960636370
985127312 985171851
942290413 942334949
215209621 950207185
882933255 882977797
932315920 932360452
977735495 977780034
918823623 918868164
912545035 912589576
757951507 941448968
938594501 938639040
890770357 890814899
910229534 910274066
955426468 955471003
884447239 884491782
886940867 886985407
933295554 933340096
158356825 954845041
887208035 887252582
973727883 973772422
899052755 899097289
886985394 887029928
943448164 943492701
890859412 890903950
942156821 942201368
997461847 997506382
972792772 972837315
965400959 965445497
961304289 961348829
982188392 982232935
933963485 934008030
881998147 882042687
866980888 867025429
988556042 988600578
946164433 946208978
902926772 902971310
969364043 969408579
876877306 876921848
876699192 876743731
38277962 972923920
970566324 970610868
915038662 915083204
892952279 892996814
973059954 973104492
870732307 870776842
906533624 906578158
970121035 970165575
957964614 958009158
934097073 934141616
892284348 892328881
940999074 941043612
988645101 988689638
962773753 962818291
949325990 949370531
999866403 999910948
946342547 946387091
990737961 990782500
942513054 942557593
897850468 897895006
871311180 871355724
954758530 954803072
908982722 909027257
945451968 945496514
936145409 936189943
989402097 989446627
897716881 897761416
920248553 920293095
870108897 870153441
949370526 949415062
924122583 924167120
913302036 913346576
923365582 923410129
980629876 980674421
896024777 896069316
934186135 934230668
946565190 946609735
965846250 965890796
867615280 867659813
891883587 891928127
212323923 968015752
969274990 969319529
945630091 945674625
452600849 947356777
948569005 948613544
971145208 971189742
989580204 989624752
977423797 977468331
979472123 979516663
954803063 954847601
893887383 893931931
895089670 895134213
913791846 913836391
963441687 963486220
878524885 878569418
946832364 946876905
991539489 991584027
965935312 965979845
905910219 905954753
472636187 994311306
996393149 996437685
933874428 933918974
983257094 983301633
938772622 938817156
937659398 937703938
889746196 889790726
979561183 979605720
956450631 956495176
873804814 873849344
931291752 931336292
927907544 927952078
960858999 960903548
953778896 953823435
915083192 915127726
966202483 966247022
979917411 979961955
994522927 994567471
870197960 870242499
959745774 959790313
970299150 970343694
974440347 974484885
972035785 972080319
898696516 898741064
722742470 953821770
602065451 995215077
989134923 989179457
931247215 931291753
498732080 989074194
938282804 938327343
925725621 925770161
998486013 998530547
959968425 960012964
907112501 907157045
575125901 991935882
899408986 899453523
888855612 888900151
903505656 903550188
912322390 912366932
995279924 995324458
993320648 993365188
924057780 977917580
989847383 989891917
940019428 940063966
884981585 885026130
975998864 976043405
908047612 908092145
997016554 997061087
886896334 886940879
988244339 988288880
960636358 960680895
897894995 897939534
882577018 882621560
948880705 948925238
80827831 992897216
876476553 876521086
953689834 953734376
793585145 973175116
936590699 936635234
931024577 931069111
935833705 935878249
912901269 912945811
912055221 912099758
404326262 973239069
31422365 938157094
928887185 928931716
967048536 967093071
935432950 935477480
767842135 983208505
899097280 899141819
870331552 870376087
903817355 903861893
406307016 959587052
969764803 969809342
978759664 978804206
643032928 984952799
975019224 975063766
978447957 978492494
998886768 998931304
951240744 951285284
981609520 981654060
901056557 901101096
905687578 905732112
960725417 960769952
104966920 935976211
907914028 907958561
882888728 882933266
869975318 870019849
869752675 869797214
908893656 908938198
947411246 947455790
992875358 992919890
391976162 926868103
613775212 997472686
897004422 897048959
929154354 929198900
958320856 958365393
871711950 871756486
984860130 984904673
980184591 980229130
995903329 995947866
899364455 899408989
945095734 945140276
965668139 965712676
913123911 913168453
916597176 916641718
954624945 954669483
997417313 997461847
876654662 876699207
989357561 989402106
946743308 946787848
889167318 889211853
934497833 934542373
979872883 979917427
888499380 888543921
934631420 934675967
935566528 935611067
935477479 935522009
907023439 907067980
972213896 972258442
915350371 915394906
956940448 956984988
907424200 907468742
949103351 949147885
958053676 958098213
888989199 889033741
905331339 905375880
992563648 992608191
959255961 959300500
906400039 906444578
949682230 949726766
899676161 899720694
906578156 906622694
903193953 903238486
923721822 923766352
951151682 951196221
874517278 874561811
890280536 890325080
973772412 973816953
938015630 938060169
534906504 997426762
867793390 867837929
900032394 900076928
986953003 986997536
973995060 974039596
867526219 867570755
983479740 983524275
989535675 989580219
967805528 967850070
939396026 939440561
992830828 992875370
984103145 984147681
939974906 940019439
907735902 907780445
908314785 908359323
871979115 872023664
90735808 975583818
931069101 931113638
987175648 987220181
993765940 993810479
960948064 960992603
984592963 984637504
882799667 882844203
898518403 898562944
986418653 986463189
922029721 922074255
927106022 927150562
953867955 953912491
892907750 892952292
966825887 966870430
916062831 916107372
916908885 916953419
878213177 878257724
867751027 992378928
980051008 980095540
950483747 950528281
918111164 918155699
888588440 888632978
980585355 980629895
979026833 979071374
887519746 887564278
929822288 929866833
869574550 869619098
926349031 926393568
889300905 889345440
985394484 985439021
898830105 898874641
871266652 871311192
962016755 962061298
974395815 974440362
933161966 933206503
986596769 986641303
984904662 984949198
872736111 872780648
900833910 900878446
892729638 892774169
909695178 909739721
898651989 898696533
927373198 927417740
991049664 991094207
921584426 921628963
38102662 970854997
877723361 877767899
795317530 999737254
995769735 995814275
665412553 969813623
993632352 993676884
994701039 994745579
894599850 894644396
924612393 924656938
929243414 929287952
883334018 883378551
795081616 987723728
933829896 933874445
941266244 941310779
968161763 968206302
927952073 927996611
674751809 946872350
995012747 995057289
443646056 991999152
910051413 910095957
85945250 947416301
952086796 952131334
929332468 929377011
925948264 925992811
888766550 888811090
946654255 946698795
932538562 932583104
922742179 922786720
999732825 999777359
978982307 979026841
948925232 948969775
957341215 957385752
966558712 966603256
483532053 986855308
885426880 885471413
718478246 956879226
894822498 894867038
886584636 886629169
951552443 951596983
934765012 934809548
966336070 966380606
460212844 977447528
897761409 897805947
903104886 903149430
922608592 922653135
950305629 950350167
950617332 950661869
965000203 965044741
996704851 996749392
923098412 923142953
930846457 930891002
894733438 894777976
979160418 979204957
922074248 922118784
881196622 881241159
963174517 963219054
989223981 989268517
833608057 957212124
914281672 914326214
862279157 862323687
936501639 936546181
969453100 969497642
969987449 970031989
934052547 934097090
989179443 989223987
895891198 895935728
982099340 982143876
919981382 920025917
874650864 874695395
917621341 917665883
892996810 893041348
987086587 987131119
897316124 897360664
966959474 967004020
932583089 932627623
906355509 906400047
909428004 909472544
973594300 973638840
947233125 947277671
922475004 922519541
953333607 953378143
990426264 990470797
960769945 960814484
910541232 910585774
104671324 934238473
949637697 949682230
926393561 926438098
994122168 994166707
946253495 946298030
965222841 965267381
935076717 935121256
41770099 967157488
966914951 966959485
927640371 927684908
883200427 883244963
954046066 954090607
889122787 889167321
937080513 937125057
985439017 985483555
924478810 924523350
966425132 966469673
925013164 925057699
943136465 943181003
937882045 937926582
986507706 986552244
962951866 962996401
916107359 916151893
917843988 917888525
949993930 950038466
943848922 943893462
895267788 895312329
926037328 926081867
932983852 933028388
882265321 882309859
361098236 875720253
929555113 929599659
988377922 988422469
969542161 969586702
943492694 943537232
901769018 901813563
977780022 977824566
874161043 874205577
963708860 963753400
921495363 921539911
987442821 987487354
988466986 988511524
946030842 946075387
930089463 930134001
956984986 957029524
954357774 954402308
879192817 879237359
971946728 971991267
904218118 904262651
954892122 954936662
959567666 959612207
887831447 887875984
957207624 957252164
974618464 974663000
991227784 991272318
827356523 997276038
960680884 960725429
891393760 891438301
949459583 949504122
969942925 969987455
884135538 884180075
895000608 895045150
888009556 888054104
869530024 869574559
224761450 884772836
997684492 997729024
872825173 872869707
927462249 927506791
976666797 976711337
969853861 969898406
911164640 911209176
896113834 896158381
944294216 944338759
931915150 931959692
951997732 952042267
985661653 985706196
995725206 995769747
872647050 872691597
971679547 971724088
876342958 876387497
976176978 976221521
999599239 999643768
949815810 949860350
945362911 945407456
940910012 940954549
884224596 884269139
986641296 986685838
900477675 900522216
964643974 964688512
950839978 950884513
923321061 923365596
568320531 992800902
880573212 880617753
889033732 889078261
931469867 931514406
971367852 971412388
921762537 921807076
920293084 920337628
991895716 991940252
929911350 929955885
987042061 987086597
941845116 941889663
935878238 935922769
905286817 905331355
961215241 961259780
900210504 900255047
733888317 982303123
881641909 881686447
907290616 907335155
901590903 901635444
986329591 986374127
867303520 867348061
960547302 960591835
957652918 957697459
893263980 893308526
907557793 907602332
999198473 999243012
962328458 962373003
887430681 887475217
891349238 891393775
957252151 957296698
908492899 908537436
857337174 857381715
908760069 908804617
968028170 968072714
869797201 869841733
892685103 892729648
928798119 928842660
875185210 875229748
928263776 928308320
934675951 934720487
947633887 947678426
987888103 987932650
879860752 879905290
984637489 984682028
918378335 918422874
948702588 948747131
873715747 873760285
967182118 967226656
929510593 929555127
869173793 869218333
897138003 897182542
883912892 883957432
945140269 945184802
890236011 890280545
951596972 951641509
983746912 983791447
981564990 981609526
889211841 889256384
871533827 871578366
890993008 891037546
883734780 883779318
999777353 999821888
947678421 947722954
872424406 872468944
881419265 881463808
910585759 910630300
985706189 985750729
926749785 926794330
983346150 983390683
874250098 874294634
934943125 934987666
360244879 897660299
989491153 989535695
879638105 879682648
913836385 913880914
903683771 903728304
911387285 911431821
960146542 960191077
937125045 937169584
908804599 908849137
590632873 962564688
877367130 877411664
902659597 902704137
983613328 983657862
589812648 980648004
895757608 895802149
963842442 963886991
945541032 945585568
868149624 868194165
913613735 913658278
931959688 932004218
985305423 985349965
999109417 999153951
902392425 902436971
955560056 955604597
970967085 971011624
971100677 971145208
960057486 960102018
943982518 944027055
697369150 997181464
940553781 940598320
964510383 964554919
998040722 998085262
957697443 957741989
309837081 953309602
918333804 918378344
883155899 883200434
951641499 951686035
984682018 984726556
938371856 938416395
481221170 987678258
929198880 929243420
937837509 937882049
968384408 968428943
936724281 936768822
971768612 971813153
913969970 914014508
928931712 928976248
952443026 952487564
869930782 869975325
913524674 913569211
938460917 938505452
946787844 946832376
888543911 888588444
925369389 925413934
988110749 988155288
934854067 934898612
580897188 936592960
980540819 980585359
748459929 930528102
904618881 904663414
873760279 873804814
877634299 877678847
991494957 991539499
896069309 896113847
480500186 994689218
938549977 938594515
908403846 908448386
890414126 890458663
930312115 930356649
872914233 872958765
397088202 991764548
101811494 948538871
940420197 940464727
876075790 876120330
921050074 921094622
894110033 894154572
922653123 922697657
961705052 961749597
944605918 944650462
957608389 957652924
908092135 908136679
960502771 960547314
921450835 921495381
880617742 880662282
958187264 958231804
978848723 978893264
986730349 986774888
915795651 915840200
976622273 976666813
915483956 915528489
872602524 872647060
940776421 940820961
962283937 962328470
902214310 902258854
936991458 937035995
126600199 963422151
910318585 910363131
877010896 877055434
893709267 893753815
910674825 910719365
894466270 894510801
933651788 933696324
956227993 956272526
899319927 899364467
892410540 998294731
960992595 961037130
37308027 995187103
968517989 968562533
995680684 995725221
989045866 989090395
872869699 872914241
876565606 876610151
990381731 990426268
965133785 965178323
952665667 952710212
993498758 993543302
920114972 920159504
867659807 867704344
964911146 964955687
901902613 901947142
952220379 952264922
897227061 897271605
889968840 890013371
975108285 975152822
963575273 963619809
897093479 897138016
958988788 959033323
959211427 959255973
38672372 975728787
951329797 951374335
894377205 894421747
993142527 993187063
879593574 879638118
983301619 983346156
970833504 970878044
912945795 912990335
956628747 956673289
916730769 916775305
914994131 915038677
913702797 913747329
889879777 889924317
991717599 991762142
915840184 915884725
939351499 939396031
988823212 988867758
900299559 900344107
938104683 938149220
958588025 958632565
933785376 933829910
958899733 958944269
904529821 904574362
955960814 956005355
896692714 896737254
982811801 982856336
942245880 942290426
994433869 994478405
900878443 900922979
920070436 920114983
943715336 943759873
892106229 892150768
923899934 923944478
920515728 920560264
870643250 870687786
947589359 947633897
942557587 942602128
912188806 912233349
927551311 927595850
878613938 878658477
967983648 968028185
967226653 967271192
916775293 916819833
982411040 982455582
976310568 976355108
920649319 920693860
972302959 972347491
945941791 945986333
864564317 864608852
880662274 880706812
867837922 867882466
909116309 909160848
887965028 888009571
957519326 957563863
937525808 937570349
931737040 931781573
901412785 901457326
939885842 939930388
986374125 986418655
995992389 996036922
883601192 883645723
925903743 925948275
990648902 990693447
973683351 973727900
985082775 985127319
951018099 951062635
875630495 875675032
987264705 987309243
915394892 915439434
915127720 915172264
930757396 930801934
893531157 893575692
941934181 941978719
958454439 958498975
970521793 970566341
973549774 973594308
966291539 966336080
911431814 911476349
955248349 955292891
963040920 963085462
961660528 961705070
628457492 987728351
878702995 878747541
913880908 913925449
994478398 994522939
933740840 933785381
894154564 894199103
938639032 938683573
964777557 964822098
933340077 933384621
989313031 989357578
867032572 867077102
324480541 999174670
891705463 891750004
921005551 921050091
914192612 914237147
884269123 884313658
909338947 909383493
875942198 875986737
997328255 997372789
881285679 881330225
891304704 891349243
900566737 900611278
922519535 922564075
907246093 907290629
890547715 890592248
999064890 999109426
926705259 926749795
878925641 878970184
912723150 912767699
919357975 919402510
949014290 949058832
953511723 953556253
925413923 925458457
903283002 903327550
871044015 871088551
885293292 885337826
939529611 939574148
882487966 882532498
834923872 930732975
936768820 936813356
838825582 878228464
879148288 879192833
891260177 891304718
977023031 977067567
868238680 868283222
894867022 894911570
970076503 970121051
994923691 994968233
952532079 952576621
904975105 905019653
981386869 981431413
916330003 916374548
985928827 985973367
939841316 939885859
909517062 909561611
887029923 887074462
877901475 877946015
908359312 908403850
872379883 872424424
932093269 932137807
896915358 896959903
877189015 877233554
980451764 980496300
980095532 980140066
872958759 873003298
898562938 898607468
91308732 908492254
858486411 969866628
983168038 983212576
937481283 937525822
964154150 964198694
901190139 901234686
916018299 916062845
922920294 922964831
907780439 907824971
874918030 874962571
933117441 933161977
937971093 938015640
990916082 990960613
906845326 906889869
988600575 988645112
972659188 972703731
869886261 869930793
949904868 949949410
924078054 924122594
876253909 876298439
903728296 903772836
933607252 933651790
683591088 990453012
903416589 903461134
948658056 948702601
975642635 975687168
960369184 960413726
897449712 897494244
881374737 881419282
902837718 902882254
890903947 890948483
879549054 879593590
886451050 886495579
951953209 951997738
655315734 991410340
902481489 902526020
874962568 875007102
890369600 890414139
884580824 884625370
939128857 939173387
962462049 962506585
973149009 973193551
926081855 926126390
986106945 986151486
958855204 958899738
999910932 999955480
988734160 988778699
972525606 972570139
974752056 974796590
899542573 899587106
895445905 895490442
912990330 913034868
871890057 871934598
930223053 930267587
981475927 981520470
317956677 976802021
952710199 952754740
871444770 871489315
911298229 911342767
989001327 989045868
56282048 999841755
903060364 903104901
992207415 992251962
973282590 973327131
911209165 911253704
952932846 952977376
890636773 890681311
953422660 953467201
867748870 867793402
979650246 979694779
953155487 953200030
969675745 969720288
918511930 918556469
915528483 915573017
949771283 949815827
918690039 918734580
970165563 970210108
883823832 883868370
930445695 930490238
752336358 974834650
954847591 954892130
735683016 978141415
905420404 905464940
915172245 915216790
22329342 991948373
995858801 995903334
345556810 934954185
833828571 955109110
984548434 984592970
929466061 929510600
879816224 879860762
869485494 869530035
921896132 921940672
892506987 892551530
905954747 905999281
886629161 886673704
966157956 966202489
964287737 964332276
921539898 921584432
909071780 909116317
926482619 926527158
936457116 936501652
868951143 868995692
891749993 891794531
896559125 896603672
904930576 904975115
805210543 967200253
891527355 891571894
881686438 881730978
899453511 899498051
930401164 930445712
871222122 871266663
971011620 971056156
963976030 964020573
911476342 911520887
930623818 930668357
891972637 892017183
886673689 886718226
942201350 942245892
959834835 959879378
920426670 920471212
208334876 879096237
881552860 881597398
879415465 879460001
893442097 893486633
938149215 938193757
904574352 904618886
972703719 972748256
921985190 922029722
984325792 984370323
983880496 983925033
870687783 870732316
902570538 902615080
986196002 986240549
935522000 935566543
868461331 868505865
950439219 950483761
905153225 905197769
968696109 968740644
870776835 870821381
905865692 905910230
870910423 870954968
871667415 871711953
868728499 868773042
906221921 906266461
917176052 917220592
950528281 950572813
320515665 993107350
926571679 926616212
955693642 955738177
991762129 991806667
306922613 924098653
938728087 938772635
990515316 990559852
968963278 969007821
872557994 872602536
878894265 964515380
947322185 947366728
987665465 987710003
916285479 916330012
996482199 996526746
478952709 881921382
935388414 935432953
928709067 928753605
908671014 908715555
980763466 980808003
965757193 965801731
887653328 887697871
919669676 919714223
902436958 902481495
414526044 983901600
990693430 990737972
911342753 911387298
896291958 896336488
879103757 879148294
974529411 974573941
992073829 992118372
874294623 874339162
967850060 967894591
893976443 894020984
926304500 926349034
959612193 959656733
869262850 869307395
944828569 944873101
695513259 977310812
912856741 912901283
983524268 983568806
996036911 996081452
935655595 935700126
939574140 939618678
989446627 989491157
968918757 968963296
958142732 958187276
954402300 954446842
970878024 970922567
942735700 942780241
924656931 924701471
954446826 954491367
972881835 972926372
941533416 941577962
872335348 872379886
901279201 901323741
266307498 976419371
943804397 943848939
373643418 992704453
896870830 896915367
873404052 873448586
889701665 889746201
962239400 962283938
900207732 972385984
926215447 926259980
940242080 940286614
891037537 891082066
976087923 976132463
921940654 921985195
924434278 924478823
893486624 893531166
886540106 886584647
868906614 868951159
918645513 918690051
526096524 943489033
172014904 894905583
942334944 942379484
968651580 968696113
961259765 961304308
997239197 997283733
918467397 918511931
996437680 996482209
998753178 998797725
935789182 935833712
908537429 908581963
905064165 905108702
887252564 887297107
929866817 929911360
950394692 950439230
919847790 919892335
871088541 871133080
925057687 925102229
997729021 997773557
923855403 923899949
954224179 954268725
922163303 922207845
909739711 909784252
790948598 941744936
929020766 929065303
881775496 881820041
875764086 875808619
923410115 923454650
922118771 922163316
972169367 972213907
901234669 901279208
992608182 992652721
977201152 977245686
992385532 992430075
970343684 970388221
947901070 947945601
908938194 908982729
906043800 906088340
977379264 977423802
923232003 923276537
877055426 877099964
882532495 882577031
902347893 902392442
998263360 998307907
877812422 877856955
957163101 957207639
944650450 944694992
961393356 961437889
948301822 948346370
999643758 999688300
867258858 867303396
799886382 981689211
930801932 930846464
972748245 972792786
923142945 923187478
960235597 960280136
880172452 880216993
945986313 946030853
996259557 996304103
662811979 998904843
886272924 886317473
935165767 935210312
990960612 991005143
956584222 956628754
885649528 885694064
911877106 911921643
977512853 977557389
887742389 887786929
579184182 903441910
943225516 943270057
882309844 882354389
891438289 891482829
970788974 970833509
950127519 950172055
898785581 898830113
957563854 957608393
949192405 949236950
887697855 887742391
976399628 976444161
878168647 878213187
875051623 875096162
938861676 938906212
958498964 958543509
70879866 939883475
926438082 926482621
990203615 990248158
891794523 891839059
898874639 898919174
973238067 973282609
372026629 936521015
990070030 990114563
354206963 958481594
914014493 914059035
929287945 929332480
997283730 997328265
933206491 933251031
887297095 887341633
930178519 930223063
874339155 874383695
898607459 898651996
641770454 994596462
868550383 868594929
942780226 942824766
904307176 904351711
881820030 881864565
946298019 946342555
956762339 956806875
993721404 993765941
935700114 935744662
991316843 991361374
910763883 910808416
923053884 923098425
941488894 941533430
914415262 914459799
934408773 934453320
990470785 990515323
975553574 975598111
914148078 914192624
972970896 973015427
962729224 962773764
72235385 958678390
868416800 868461335
926660731 926705276
963619802 963664346
971813137 971857678
940509254 940553785
981075170 981119707
984726551 984771082
110071264 953902027
921851596 921896136
956895918 956940460
964243209 964287752
988956801 989001342
898073116 898117658
976844911 976889450
953200017 953244559
975152815 975197357
961883171 961927712
883378549 883423084
940331131 940375675
941978705 942023242
997595432 997639967
973905999 973950543
933518203 933562740
926927902 926972447
926259973 926304508
919224390 919268933
237970815 989658383
932360444 932404988
899987862 900032402
975375456 975419994
879949807 879994348
991138726 991183267
911609929 911654466
983034442 983078982
976711331 976755863
925458444 925502992
901635438 901679970
690565884 948070400
901724490 901769028
963263569 963308105
975731687 975776231
939173377 939217918
889434493 889479029
909294419 909338961
992251948 992296490
920560260 920604798
924968629 925013164
549386205 985457714
70101067 995837823
903015833 903060368
977690968 977735504
894288150 894332690
974484881 974529415
940286611 940331150
870242492 870287033
349190570 988951096
908581955 908626493
975954334 975998873
946075373 946119914
902036196 902080730
967939120 967983658
982054803 982099347
981654042 981698589
948390885 948435422
19120687 960231239
947010481 947055020
948791650 948836186
998530543 998575076
888321262 888365802
902526017 902570558
978002666 978047204
936857869 936902415
885115175 885159710
957385744 957430281
880795864 880840403
975687166 975731705
996304087 996348632
961927702 961972240
974128644 974173184
998575070 998619604
876298435 876342975
920827434 920871971
873003282 873047826
950750925 950795455
877545242 877589788
943359106 943403643
937392218 937436758
969141396 969185937
987932639 987977172
983123505 983168039
622176928 888458694
922341415 922385956
900165978 900210517
944784038 944828570
996972021 997016560
954090591 954135140
910941991 910986531
560201852 968978568
984949193 984993735
967716468 967761006
880484161 880528701
977557377 977601913
977156623 977201153
919714207 919758746
964198680 964243213
930935516 930980058
967360243 967404781
956049870 956094409
984370318 984414851
925191270 925235817
73825877 961432190
902125258 902169792
913658262 913702799
923009356 923053891
982232928 982277467
910006884 910051428
501972893 896365875
941889648 941934188
891660940 891705481
941577946 941622484
888276732 888321278
904707933 904752475
928041130 928085670
942646639 942691184
882354378 882398916
899631624 899676172
928530946 928575487
948969758 949014299
228485256 963330171
896247429 896291962
945808197 945852744
969809328 969853871
885471405 885515941
900522211 900566749
909606130 909650669
953066430 953110968
927328672 927373209
321777167 968560465
878881118 878925652
996615793 996660329
922207834 922252374
963352626 963397171
968720174 981736864
877678829 877723367
940731901 940776431
881018505 881063041
923454641 923499182
989669272 989713803
947722950 947767487
922564063 922608601
898206699 898251245
893353040 893397581
947366721 947411257
974707519 974752067
975241867 975286415
868683979 868728511
973816942 973861479
868639450 868683986
878302238 878346780
387042777 909714215
885872173 885916705
873359516 873404056
870865897 870910437
921139135 921183670
884180062 884224603
874873509 874918047
870420601 870465147
962907342 962951880
937570336 937614875
993053476 993098009
871177599 871222134
951196212 951240755
900344097 900388637
994344812 994389355
56665715 909270802
955604584 955649121
507849926 995114405
873982921 874027464
915706597 915751136
892551516 892596055
982589158 982633700
983791438 983835982
999243003 999287543
930980050 931024584
967093061 967137606
963129978 963174526
939796785 939841323
925859212 925903748
889479013 889523552
993587821 993632359
932939318 932983863
989802857 989847398
286980925 952711580
905108698 905153235
933696309 933740852
932850260 932894803
870821361 870865901
907602315 907646857
898429343 898473883
501023468 893278100
893842858 893887402
928976243 929020780
932894787 932939334
963797915 963842456
926972431 927016975
912589564 912634108
980941583 980986122
989891911 989936450
967315706 967360250
350076102 947462228
886495569 886540116
903149415 903193959
654909965 940896886
885916696 885961231
869040204 869084748
981965753 982010285
889078256 889122790
934720486 934765016
917087001 917131531
936056355 936100894
972258428 972302962
930579285 930623820
986997523 987042063
867704334 867748873
991361366 991405913
979605716 979650247
876387493 876432034
894059069 984028524
954313241 954357780
998842246 998886781
980897051 980941595
883512134 883556673
903550183 903594725
970432741 970477279
895401377 895445916
955070231 955114776
900121443 900165991
969052339 969096883
911654461 911698998
947990119 948034667
808440243 992703062
707323881 934471284
926170909 926215449
945585552 945630097
904262647 904307185
900255033 900299569
948836177 948880717
939707726 939752270
887608798 887653336
971412375 971456916
970655385 970699927
896781776 896826315
985839777 985884308
870153427 870197968
946476133 946520677
929777757 929822301
941132659 941177201
31631605 999907046
956317046 956361585
877767888 877812430
887920502 887965039
925324864 925369404
915216775 915261323
920693843 920738389
938505448 938549981
923944465 923989006
910452179 910496717
945273853 945318388
910630293 910674826
992786294 992830837
914905075 914949618
893219451 893263989
869129262 869173798
593880444 984974873
969586684 969631225
881730971 881775510
980362706 980407243
999688293 999732829
976978500 977023042
875452377 875496918
904084533 904129072
886851804 886896345
941667008 941711543
917665872 917710408
997105614 997150147
948123710 948168250
965356432 965400974
899008227 899052760
977334734 977379278
924300700 924345231
907646849 907691391
323984559 979006632
942602119 942646654
886807276 886851813
868862087 868906624
909828772 909873305
886050280 886094825
927996605 928041142
868060566 868105105
934230657 934275198
972347482 972392024
904886055 904930593
843746143 907256653
50780184 999951687
943403639 943448173
907824968 907869506
975419992 975464521
936011824 936056357
889657129 889701671
878792056 878836594
982544632 982589163
984815608 984860140
966647775 966692313
885515939 885560479
871801002 871845543
968473466 968517998
928664534 928709080
993810459 993855005
918734574 918779113
894688910 894733452
147569122 969342136
873671221 873715756
966955519 982902105
925681092 925725635
881597384 881641919
992474595 992519135
693094827 953018685
934008019 934052557
959523130 959567678
980986115 981030654
867079623 867124161
967894586 967939126
914103559 914148091
927684898 927729433
875541444 875585977
32613935 936375519
901947135 901991675
425989718 957991049
202237577 978458479
969631213 969675760
961437877 961482417
895846669 895891207
903639235 903683773
953734360 953778901
967004003 967048541
929377000 929421535
988689631 988734165
981921219 981965760
991806655 991851196
143385373 994016213
958810674 958855213
750735409 946751887
896648191 896692724
929421532 929466072
875318799 875363334
878124118 878168659
576705820 943188087
872112711 872157251
932761209 932805739
960814477 960859016
889345426 889389972
892061699 892106243
906489098 906533631
914370733 914415267
915573015 915617552
998129775 998174320
916997938 917042477
989936439 989980983
983835968 983880506
999020361 999064893
890681304 890725842
961482414 961526954
904796994 904841534
962595632 962640170
935343889 935388425
935210297 935254834
918244753 918289294
30098451 949891279
892818692 892863231
877322605 877367139
920382148 920426687
919803263 919847801
953912478 953957014
875675025 875719571
958766137 958810684
921406311 921450853
901457322 901501861
904173588 904218125
933251025 933295560
918556458 918600989
914949607 914994146
893308516 893353047
72328666 931053272
999554709 999599246
926794323 926838858
904485293 904529825
915261306 915305844
870509659 870554197
924211638 924256181
965623604 965668141
994389345 994433885
879905283 879949823
911075580 911120116
930000402 930044951
885159703 885204238
871934594 871979132
948079186 948123715
912812213 912856751
969497629 969542174
959434081 959478620
907958557 908003094
935922767 935967306
917487759 917532294
840649153 978770679
974930173 974974709
79693230 998446831
128577326 978997001
872157232 872201771
600479364 902774052
989758320 989802860
945006684 945051220
893798325 893842873
878480351 878524894
982767271 982811812
952487553 952532095
949949402 949993937
995324445 995368987
964020562 964065103
998218833 998263377
153537326 999439735
968339874 968384412
971501434 971545979
966692299 966736841
943047408 943091942
910407643 910452184
965178315 965222853
948212770 948257302
931336272 931380814
641401439 977357376
897405174 897449717
951463390 951507923
885204235 885248777
987220170 987264710
941043599 941088139
183411521 996877610
993365178 993409718
953244541 953289088
958009145 958053683
867926985 867971515
920738376 920782919
953823424 953867956
934453302 934497841
938238269 938282813
935611064 935655605
926838850 926883389
934275192 934319726
928397363 928441900
878391299 878435835
938327329 938371867
998975833 999020363
966024367 966068903
977112094 977156627
964955667 965000212
987353760 987398298
982856330 982900869
867392630 867437167
958632553 958677092
968250821 968295360
903372062 903416607
953021896 953066440
978136253 978180792
958231790 958276336
906934386 906978919
919135335 919179869
936946934 936991472
925636567 925681108
958276327 958320863
891215648 891260189
950706388 950750928
931158166 931202703
962818277 962862819
978492488 978537030
876788247 876832787
946520663 946565209
880751334 880795870
874561797 874606342
978626074 978670619
980006471 980051010
967137589 967182137
936278994 936323534
577074078 953930208
894510799 894555334
993409702 993454237
961616002 961660535
961348823 961393366
880884920 880929458
902169786 902214326
766839554 951334453
869351904 869396449
891171119 891215654
984459373 984503918
951062624 951107164
954714004 954758546
937614871 937659409
970031976 970076519
256685049 959713255
930712873 930757407
986240533 986285078
457204683 964480659
946208960 946253501
644622317 970454491
894911559 894956099
986062422 986106952
894777966 894822504
871489302 871533843
957296680 957341221
965445494 965490035
908003081 908047624
987620934 987665472
958944261 958988800
897538767 897583305
948435410 948479947
872468938 872513477
924790514 924835054
996125971 996170512
990159081 990203620
958543496 958588031
635931660 994418666
990337199 990381737
989713801 989758338
905999276 906043819
897182529 897227069
888811086 888855617
901991664 902036208
546627052 988379169
996660323 996704858
984414846 984459388
972080313 972124849
939084322 939128857
942869286 942913822
967761003 967805543
949281467 949325998
353384647 935563782
909383481 909428019
881241154 881285689
992162886 992207430
896158371 896202911
873493101 873537650
891839051 891883593
996571259 996615801
932672145 932716686
928308308 928352842
898028588 898073129
898919165 898963703
895534963 895579504
892596042 892640588
879994345 880038877
875719558 875764095
917710404 917754945
981698575 981743120
947144074 947188607
892195290 892239826
968562525 968607057
879459990 879504531
938683559 938728106
643338506 945514640
880706808 880751339
900789381 900833925
880350574 880395116
956183458 956228000
991450423 991494965
950973565 951018105
996348620 996393152
912411450 912455987
74124109 970221060
909160832 909205377
992964418 993008957
880528690 880573225
197269842 962023779
941221717 941266256
990871545 990916091
191171863 990612397
972570132 972614669
953289074 953333618
873314994 873359526
984503908 984548439
891928109 891972654
933918962 933963501
944205155 944249694
208658076 904468713
970388209 970432747
966247015 966291553
974039590 974084127
920337609 920382150
935299356 935343896
911743521 911788061
962194878 962239410
942824758 942869293
890013360 890057907
915305839 915350374
919001741 919046288
916864355 916908896
977601913 977646448
965712669 965757202
997639961 997684494
905821161 905865695
997773550 997818083
969230461 969274993
948747118 948791657
934542364 934586901
982010274 982054816
964421326 964465862
704846564 994070212
188815299 987335889
953645302 953689843
988021697 988066237
951686026 951730573
977468324 977512862
961972230 962016771
985884306 985928839
958409906 958454444
934898597 934943131
937792985 937837522
993231588 993276126
875808616 875853151
897805936 897850478
964733022 964777571
749873807 906503075
900922974 900967513
984192203 984236738
874784444 874828986
930133994 930178535
876966365 877010911
963664327 963708868
944962148 945006689
972436547 972481088
943759866 943804406
895713075 895757614
966113431 966157967
954268711 954313250
914726955 914771504
946431613 946476148
882220790 882265325
987843576 987888120
896336485 896381026
66601245 988442998
925592034 925636571
955649107 955693652
968206288 968250828
954981174 955025715
972124843 972169385
874828973 874873515
377919509 939561379
956094396 956138944
983212563 983257106
981208759 981253291
930534754 930579290
939262441 939306982
19985300 975009985
905019641 905064173
60854193 998906094
968829697 968874230
887786920 887831456
982722747 982767278
907201558 907246097
934141605 934186146
977245675 977290212
569322426 961400090
906132864 906177402
939039794 939084334
991984772 992029312
953957007 954001543
933473674 933518204
973104475 973149015
894020971 894065519
965801724 965846257
994166699 994211234
900611267 900655807
920604789 920649326
969185932 969230463
949147874 949192417
942023233 942067771
906088336 906132872
918868158 918912694
946876897 946921433
869307377 869351919
994834627 994879165
973861467 973906016
960102011 960146555
945496504 945541042
852107595 852152138
975776218 975820755
908181201 908225737
880306044 880350577
974841105 974885645
984147667 984192212
928085655 928130196
184133375 970528536
959300492 959345027
913391091 913435632
944694980 944739511
922875769 922920308
949726755 949771288
961571469 961616007
924033517 924078056
974173179 974217714
884001949 884046486
930490224 930534760
896470075 896514606
874428211 874472752
878658475 878703007
977958142 978002675
920961019 921005554
998619596 998664131
911966164 912010701
896959888 897004425
606965176 986615125
899275396 899319934
959033312 959077854
981787632 981832175
573029799 989996696
871756472 871801014
936813349 936857884
994033113 994077650
895624020 895668561
910185001 910229544
959389547 959434088
901858083 901902615
888677495 888722039
995547092 995591637
921094609 921139142
905776629 905821169
985973355 986017900
868194159 868238693
921628950 921673493
980718934 980763476
991094200 991138736
901813554 901858090
895134202 895178739
904040001 904084541
904440762 904485304
922786710 922831246
912366924 912411460
971278789 971323331
992697239 992741773
942112296 942156838
932627617 932672154
870287020 870331559
904752464 904797001
916240947 916285487
572990443 996619222
893931914 893976452
378653545 950596550
975464520 975509053
892417934 892462471
923543697 923588240
978091729 978136266
955337404 955381947
899720688 899765227
873225928 873270466
894243615 894288155
890725832 890770372
232436959 980538534
63464259 982906710
964376792 964421333
906667215 906711750
900388626 900433161
873270459 873315001
885827644 885872182
927195075 927239620
950572802 950617344
876610134 876654673
910808406 910852944
951730555 951775093
946387082 946431620
975330925 975375463
946609721 946654260
887386157 887430689
170428412 970820110
870019843 870064388
930668343 930712884
637767269 916663018
982321982 982366522
970744446 970788984
949860338 949904884
718625598 922726423
980807994 980852533
915884715 915929249
982143864 982188404
978225317 978269855
867124286 867168824
994300286 994344823
893174922 893219463
971456902 971501450
989268508 989313049
999955462 1000000000
867169278 867213811
889523541 889568083
888365792 888410328
930356636 930401175
946965958 947010493
904663411 904707949
871622883 871667425
998441485 998486016
932048743 932093279
928130193 928174733
965579081 965623614
917131530 917176062
972926364 972970906
932716679 932761212
908270255 908314795
879237350 879281885
975509043 975553581
979294014 979338554
915929242 915973786
968607047 968651586
994656513 994701056
661913114 929294044
911921638 911966167
898384818 898429353
215027340 977999477
931781563 931826103
875585972 875630511
902258838 902303374
987131116 987175653
985216367 985260907
931647980 931692524
889568076 889612618
923810877 923855410
886183867 886228411
957786507 957831043
868505863 868550397
968117230 968161771
932004209 932048746
899898799 899943341
912678630 912723160
872023644 872068193
971189730 971234276
971635024 971679558
899498043 899542582
976043398 976087930
874116507 874161054
504516983 948437110
917576817 917621360
913480151 913524689
997372781 997417320
959790312 959834843
889924308 889968847
885783113 885827652
885026113 885070656
984281263 984325798
956272516 956317053
980407233 980451776
978670608 978715140
878747530 878792065
876743720 876788261
912500510 912545046
900655791 900700332
891126587 891171130
976488686 976533220
952843779 952888319
978269841 978314380
942379464 942424012
975865278 975909811
921807076 921851605
899943333 899987871
996838438 996882973
922385953 922430482
910095939 910140479
949593165 949637711
878035065 878079598
924835045 924879578
981119703 981164235
936323525 936368065
897360649 897405194
903461125 903505660
909027253 909071785
985349950 985394495
987576401 987620941
936368058 936412597
869619079 869663619
892373398 892417943
900967497 901012036
903772826 903817368
950884503 950929044
951374329 951418867
952888318 952932852
287047905 983299662
891482819 891527362
914504319 914548859
951285265 951329809
873047818 873092359
990827025 990871565
940063964 940108503
974217701 974262248
943002872 943047418
952264903 952309451
895668548 895713087
910363117 910407662
921272721 921317260
963931505 963976045
881330211 881374754
913925441 913969974
922430475 922475019
972392011 972436558
842694855 989988688
918289282 918333821
961838642 961883186
884402715 884447248
893130390 893174935
914816021 914860557
884625361 884669898
974306761 974351304
978715138 978759675
952309432 952353979
974262237 974306772
929065294 929109832
914682430 914726967
919536088 919580628
912767688 912812218
905509462 905553998
941711535 941756068
924256170 924300708
971991253 972035789
869440968 869485505
893041333 893085881
985572594 985617133
928174717 928219257
951908680 951953212
970210091 970254635
901101082 901145624
954135121 954179660
931603447 931647985
975197342 975241886
948168234 948212774
898162175 898206707
978937781 978982317
988422460 988466993
871133074 871177605
890057890 890102437
960903536 960948076
880929448 880973986
336882033 980789262
913435622 913480157
912099753 912144286
872780647 872825176
882710606 882755148
936412586 936457123
980318180 980362718
906800803 906845334
875007087 875051634
792912287 971734110
895802139 895846672
944917623 944962163
859124720 859169261
926883376 926927918
918200220 918244759
970477270 970521808
877099952 877144489
940598312 940642853
923187470 923232010
537231822 952371352
884536301 884580835
959656717 959701258
5411876 984712232
897672358 897716893
943581747 943626289
885337818 885382360
948479938 948524485
983657851 983702387
827381950 975442112
944249691 944294227
916151888 916196427
945674610 945719153
953110957 953155497
917799457 917843999
877411656 877456199
971902201 971946739
965979836 966024381
755399000 999374935
898473873 898518411
210001808 950247234
993097995 993142541
934987653 935032196
940820951 940865488
998797710 998842253
938817145 938861688
876164843 876209384
875897669 875942208
885070649 885115181
919313446 919357984
991272315 991316852
877856946 877901482
888143148 888187681
976444156 976488688
875363320 875407864
870465137 870509671
929955878 930000414
915973769 916018315
231067494 924523674
992652708 992697252
909873300 909917839
936902397 936946942
9808630 942015492
919758742 919803280
941756061 941800599
961170703 961215249
967404769 967449305
944160630 944205163
1570286 996471660
916953414 916997952
300873053 963038262
953600780 953645313
628573532 997314284
968428933 968473471
986863944 986908477
964465848 964510388
118978060 119022592
896425536 896470078
881953619 881998160
940954537 940999084
184574635 913570853
916508118 916552663
950929042 950973580
934809541 934854074
889835244 889879793
954001541 954046072
883022317 883066849
882755140 882799675
917532283 917576831
915617542 915662083
988288867 988333402
898295757 898340295
672436222 994492956
997550903 997595440
559360342 973494750
884491764 884536309
909249896 909294434
926527150 926571679
927016959 927061503
931558925 931603464
47415089 930621471
908448368 908492905
984236729 984281264
910496701 910541248
937436750 937481289
892150762 892195296
955827231 955871766
937926565 937971104
944739503 944784043
995057272 995101817
698562824 999212028
904129062 904173598
897271596 897316126
962150346 962194882
895178733 895223264
976533217 976577746
970610855 970655397
947277663 947322199
887875973 887920513
950172049 950216579
237929662 976322888
952042262 952086800
873092345 873136879
961126182 961170717
909784241 909828783
908849137 908893666
596303855 938652357
993187059 993231593
848236351 951545181
960012955 960057492
925146746 925191283
879504517 879549056
911120110 911164645
961081645 961126191
997907134 997951675
886406513 886451060
913212973 913257510
931380805 931425341
871845531 871890077
915751125 915795669
889256369 889300906
979739301 979783838
877500712 877545259
519287017 988743893
955203825 955248357
928219250 928263782
995591619 995636162
962684690 962729235
815258027 895964991
896826297 896870837
998352423 998396959
885560460 885605008
896737248 896781781
888054089 888098628
981431405 981475945
978047196 978091740
973193541 973238079
993944050 993988586
872666493 981510668
890102421 890146966
982500100 982544639
997194669 997239202
422257251 944584503
907513260 907557804
957831035 957875571
437648521 999335174
993854988 993899527
672807646 997798368
885694056 885738592
878970169 879014715
733603337 999115193
919268922 919313457
943270047 943314586
924879574 924924116
973327128 973371658
977913611 977958146
964109616 964154164
963886981 963931513
963397156 963441697
884848002 884892545
923632755 923677303
382445266 924505637
902882249 902926788
883779303 883823845
893085863 893130407
995814270 995858803
993988584 994033114
932271389 932315926
868757896 961140379
879370934 879415478
897494237 897538781
906889859 906934390
920916494 920961025
905242288 905286817
999332065 999376601
979783825 979828371
902080721 902125266
992919887 992964424
920159494 920204037
912144282 912188816
920025913 920070453
976266039 976310576
980273653 980318187
989624739 989669273
957920086 957964629
907468735 907513274
987531875 987576419
915439421 915483964
997150141 997194683
922964825 923009369
994567458 994611997
961749580 961794122
882977783 883022321
916819824 916864365
956361574 956406109
968295352 968339883
872691589 872736119
990559849 990604387
91392193 992819774
889612604 889657148
998664120 998708663
898340283 898384827
887163510 887208048
909472539 909517081
895490436 895534969
928753594 928798131
903861880 903906419
882398910 882443441
994611984 994656530
765260948 990084282
995101807 995146342
933072910 933117448
942913820 942958351
84727260 974410900
916114955 995347751
869663609 869708147
961526937 961571474
731240792 977407877
996882960 996927505
982455573 982500110
875274263 875318805
423523681 983781216
897627826 897672358
867214329 867258866
867882456 867926992
877946010 877990540
990248146 990292682
860563097 985182529
917398695 917443234
553850545 973527093
968874227 968918765
921183668 921228208
437113954 998823537
898741047 898785591
891616411 891660953
888944671 888989213
947500308 947544841
376940307 996889999
908715546 908760087
890191485 890236016
983078975 983123511
959879371 959923901
941355301 941399842
983969556 984014093
933562729 933607261
988912276 988956809
984058608 984103149
908225722 908270267
901368262 901412794
871578357 871622893
414289696 998669256
907379675 907424212
927239608 927284153
873849341 873893873
905464924 905509463
945897264 945941796
906978909 907023448
879059228 879103772
869218319 869262866
868105097 868149638
319020912 962749278
992741766 992786305
929109822 929154364
963085458 963129993
997506368 997550913
967538350 967582894
201986076 986029162
935121237 935165784
970254628 970299159
993008947 993053476
911565398 911609935
994077634 994122173
892239810 892284350
356656238 994302440
979383063 979427609
368171497 999542764
887341628 887386159
917933048 917977582
911520875 911565408
928352834 928397373
247048952 959661750
995190858 995235406
995947851 995992398
935967289 936011837
921228194 921272735
943180986 943225532
994255756 994300294
953378128 953422675
360231528 995501569
256162208 953121360
882042677 882087216
892774167 892818705
940153020 940197558
956717807 956762345
892863222 892907758
866825488 866870034
927506786 927551324
995413505 995458043
895045139 895089684
310320452 953794383
675373187 969843834
882844197 882888739
924167105 924211651
989980965 990025513
912455986 912500520
934319717 934364259
508595923 895883056
914860552 914905086
938416384 938460925
894956089 895000625
964599438 964643977
906622686 906667219
414137408 976792551
948613525 948658070
956539691 956584227
918022104 918066642
884358186 884402723
919179858 919224397
899230866 899275408
910897471 910942010
939618676 939663214
931826099 931870640
930267580 930312115
919936853 919981390
973950535 973995064
928486422 928530958
874205574 874250104
979204954 979249492
901679960 901724504
986151476 986196017
465850026 998699700
484216951 981561407
979427594 979472140
880973980 881018519
967627413 967671950
957029511 957074049
917443234 917487769
969096864 969141403
457729076 993086348
992341003 992385543
971724076 971768618
945407438 945451982
981342343 981386884
957430275 957474813
994968222 995012752
892017170 892061711
946921427 946965967
391879314 958490755
992296476 992341012
866603781 866648318
880127925 880172465
883957417 884001961
928842658 928887192
996793909 996838446
920871957 920916496
996170500 996215043
900076921 900121462
990114562 990159099
531291922 967857166
868817556 868862103
887564275 887608808
867437157 867481702
979249480 979294016
972614665 972659195
919046274 919090817
986685829 986730366
882087202 882131739
15819370 976394596
873448572 873493118
955470995 955515534
963308098 963352633
590647140 999828771
904396231 904440773
913034859 913079392
867971505 868016053
974084117 974128652
991405894 991450439
893664745 893709280
998708652 998753198
943670809 943715350
935032187 935076726
976755860 976800396
950038456 950083001
996927496 996972037
965311901 965356445
981520460 981565002
962372993 962417533
938950733 938995274
948524473 948569010
944472332 944516867
880216985 880261526
955782694 955827236
937035986 937080532
894065505 894110047
888410317 888454862
944561391 944605932
923588229 923632774
975820753 975865283
956005348 956049881
964332269 964376800
555677319 940275669
988778692 988823229
479329525 956697668
925235808 925280347
984771079 984815618
932404977 932449512
966469661 966514199
937214106 937258641
925280338 925324873
985483541 985528079
882666084 882710620
954580419 954624958
959345015 959389555
945763674 945808207
899093354 985281038
917309637 917354185
966781362 966825899
983925031 983969562
936635227 936679766
965890776 965935319
893753805 893798340
895356843 895401382
868196800 966985469
908626482 908671029
927417720 927462263
965267376 965311910
964688500 964733032
912233337 912277877
151781381 949107581
979961948 980006481
985750712 985795255
962506572 962551118
960191065 960235607
917265112 917309650
902615071 902659615
984014086 984058618
870064371 870108910
914059021 914103562
884892527 884937072
982633681 982678221
932182325 932226865
974796579 974841120
940375663 940420202
983390676 983435214
913168448 913212979
886228401 886272940
943626279 943670816
982900857 982945396
910852933 910897472
979828355 979872900
975063752 975108298
985617131 985661669
993276118 993320653
927773960 927818492
249846984 947123727
905553986 905598523
955292879 955337413
532841616 935087627
978804192 978848730
874383683 874428222
874739914 874784453
963530739 963575283
974974692 975019234
908136667 908181212
941800597 941845133
878346771 878391302
928575478 928620014
967582878 967627424
324151028 988488804
996526736 996571268
884758940 884803482
986285061 986329606
906711740 906756280
918912691 918957228
976889446 976933981
973416183 973460716
946698781 946743316
939485084 939529622
987709994 987754526
921673484 921718024
950216568 950261110
998931295 998975838
914771490 914816023
884669890 884714422
966736827 966781369
920204027 920248568
888098616 888143158
909205364 909249902
875096154 875140692
969408576 969453115
628155869 992612894
931514395 931558929
993899520 993944062
981164230 981208767
44616852 998295230
889790720 889835258
778049283 943482449
954936649 954981182
879727161 879771710
471565609 906934984
954669469 954714007
868283216 868327752
230758777 981995142
929599650 929644190
920782907 920827442
143517010 999884685
945852733 945897269
903594707 903639251
103297415 958559614
913346562 913391096
221256932 997721660
883556659 883601194
965490015 965534555
988199814 988244352
942958349 943002882
972837300 972881840
902971302 903015845
898117643 898162187
939930378 939974917
991584015 991628550
995636156 995680688
942423993 942468532
918600978 918645518
962640168 962684707
927595844 927640375
913079382 913123929
837684948 983227201
982989917 983034451
876120319 876164853
969319514 969364052
906177392 906221930
535012944 971719788
884937054 884981597
974573940 974618478
924924105 924968640
952754725 952799265
899186339 899230876
962417519 962462059
969007811 969052350
950350161 950394694
986552233 986596780
945184798 945229337
902793188 902837725
996749383 996793918
929733228 929777776
980852524 980897064
890814890 890859426
884313655 884358189
975286400 975330934
907335142 907379684
987977165 988021704
952353969 952398507
971857666 971902203
889389960 889434494
879281875 879326412
527119517 975381062
907691379 907735913
976800390 976844930
932805739 932850268
949504104 949548648
937347689 937392232
868016041 868060583
995458040 995502576
883066837 883111382
987487351 987531885
877589771 877634312
995235390 995279934
914326203 914370742
945229324 945273868
940108490 940153024
132218282 980866117
964554915 964599447
809059257 999582606
620667129 998157303
936546174 936590714
903995468 904040011
878257704 878302249
983568791 983613336
944427806 944472338
903950941 903995483
986819409 986863950
939186469 986974684
994745571 994790113
988511508 988556054
862412459 862456991
939306966 939351509
976577746 976622278
899141811 899186352
884091007 884135549
913747318 913791858
876432024 876476560
924701455 924745994
886718214 886762761
988333399 988377940
986774886 986819422
942468532 942513069
894199091 894243625
896202892 896247433
881107566 881152101
971234265 971278802
873893865 873938405
898963693 899008238
874472744 874517282
987398290 987442828
986908469 986953004
989090385 989134924
991628544 991673077
877278067 877322606
431815705 980998638
922831242 922875778
874027453 874071988
913569209 913613748
998307889 998352433
874071982 874116523
915662066 915706610
946119901 946164449
911832572 911877109
869084740 869129271
978537020 978581557
328916180 984029028
868372275 868416813
911031058 911075592
916641703 916686251
895935724 895980263
923499175 923543717
265695633 968805794
971056148 971100683
901012028 901056570
982277458 982321988
985260893 985305437
987309230 987353774
927061489 927106030
947188598 947233142
977067560 977112100
955871755 955916291
887074446 887118987
910274055 910318602
890948474 890993013
937748454 937792993
941310777 941355313
277600219 995571769
872513470 872558012
916552649 916597189
917754934 917799476
925102221 925146759
304960830 996119747
978180790 978225323
958721607 958766148
870954949 870999493
297139733 907315537
924567874 924612413
513674383 966522613
949058820 949103358
938995261 939039804
736425014 947503028
895980255 896024794
934364246 934408786
986463181 986507715
901323735 901368274
881463793 881508339
944516861 944561400
919491566 919536098
885382349 885426886
133573978 987215691
997862604 997907143
955515527 955560061
962105815 962150352
976221505 976266048
932449507 932494045
868327740 868372277
383565721 915444221
971323315 971367853
905197758 905242292
947099541 947144081
912277867 912322407
957118573 957163112
936100882 936145414
953467195 953511734
950661864 950706398
967493828 967538366
993676882 993721414
628722065 926116033
960458241 960502777
81667643 992682906
875229739 875274273
890503183 890547724
951864145 951908686
382326829 992601248
974885642 974930182
888454848 888499388
897048951 897093489
947812009 947856548
931692504 931737044
328884558 910508083
971590497 971635029
941177190 941221726
942691169 942735716
870376072 870420617
775657541 923554849
898251227 898295767
931425331 931469875
921361782 921406325
993454237 993498770
912010693 912055230
893397567 893442103
922697648 922742195
890325067 890369610
950261099 950305641
980674408 980718947
724359134 963943024
956806867 956851400
439072801 918468590
940687365 940731905
894644386 894688918
905732101 905776643
872201763 872246308
881063034 881107577
714839258 934495397
990782497 990827032
899809744 899854286
891571880 891616414
867348051 867392594
947544830 947589369
916374537 916419070
208294498 957358438
962862809 962907353
944027044 944071580
900433151 900477685
951775083 951819626
892462465 892507004
869708141 869752684
467975541 965409552
893575686 893620222
949548639 949593178
994790099 994834645
963753389 963797931
981876697 981921232
520840776 990309899
938193742 938238278
949415048 949459591
755240455 999940597
962551109 962595645
863142669 863187209
558174494 976477100
916196413 916240959
880038872 880083403
870598726 870643259
314888538 961865113
914548843 914593381
881864562 881909100
883289482 883334029
956138934 956183473
906310979 906355522
997818076 997862609
896381011 896425550
917220580 917265128
904841519 904886057
879326407 879370943
976355099 976399638
907067971 907112510
917042469 917087010
936189933 936234479
983435209 983479751
880840387 880884931
591738242 985845614
904351698 904396247
972481077 972525611
939663195 939707739
914237139 914281680
952576612 952621149
879014702 879059236
931113636 931158168
947455775 947500314
983702381 983746917
921317253 921361787
20852021 929993238
951107158 951151689
944873096 944917636
480710965 982100319
992519123 992563666
925502975 925547520
927863019 927907558
966603249 966647783
909650656 909695197
875986732 876031269
872290822 872335366
894421736 894466275
896514594 896559143
924745985 924790528
100957619 997106100
923276527 923321070
873582167 873626701
978358902 978403435
887475213 887519756
943937988 943982525
994211223 994255767
919402508 919447042
926126380 926170927
870999482 871044022
875407855 875452392
986017886 986062427
895312315 895356856
876209371 876253913
977869082 977913616
939217912 939262451
905598512 905643058
868773032 868817568
