3000 96455
875283684 875380145
717001023 717097492
763878156 763974616
828503000 828599473
944345463 944441924
953990965 954087420
720569861 720666327
917241602 917338070
959971168 960067633
790692642 790789115
716711665 716808129
878563147 878659613
879334791 879431253
721148592 721245060
996527610 996624076
727514619 727611085
859657975 859754436
752400006 752496471
984856560 984953030
861876440 861972902
765807260 765903723
791560741 791657204
50236111 997737129
943670277 943766735
765710798 765807264
938075880 938172348
917820340 917916804
857921779 858018247
977718890 977815352
720666318 720762784
766578891 766675355
890137747 890234211
713625098 713721564
720087581 720184049
878948970 879045436
938172337 938268810
904027265 904123734
949746938 949843400
910682664 910779126
992958780 993055250
959681806 959778273
879817067 879913535
963154185 963250652
796383487 796479958
816060315 816156775
762334880 762431341
732337367 732433839
931902764 931999233
336744579 992551901
950229220 950325681
801109787 801206248
866892097 866988558
847408186 847504650
919267156 919363623
993826874 993923344
812753190 922564661
800434601 800531061
976368519 976464987
810755287 810851752
817603594 817700054
738703395 738799869
717965580 718062040
766385986 766482453
751628369 751724837
782493968 782590434
861008344 861104803
762141968 762238433
967784020 967880485
811623381 811719840
956305885 956402342
711790305 711886772
735616843 735713307
758766038 758862502
940776624 940873086
977043702 977140168
826959729 827056193
578435959 919329152
805739629 805836085
899783254 899879716
471398250 977092083
934314138 934410609
897564790 897661255
746612712 746709175
785001798 785098267
995563069 995659529
752496469 752592927
982831006 982927471
267329432 869584179
904702450 904798919
981191268 981287738
717386843 717483307
931999217 932095682
946081649 946178118
919074249 919170712
832361210 832457669
872775848 872872313
745069433 745165894
772752018 772848476
880299345 880395809
949361118 949457582
929587840 929684307
838823693 838920154
793972117 794068584
747384349 747480817
901133615 901230087
826477448 826573915
728864990 728961459
733109006 733205471
755004297 755100762
730986995 731083468
960935719 961032181
786352168 786448639
936243240 936339710
860815428 860911896
992380048 992476519
779310951 779407420
727900436 727996909
836894590 836991059
738992766 739089235
949071751 949168215
326273826 930232963
761177412 761273880
990643858 990740326
766771800 766868274
976464976 976561445
458135898 967478410
788474182 788570646
761563230 761659700
997877986 997974448
818085868 818182329
938847526 938943991
829178185 829274660
904413086 904509556
833904486 834000948
769376094 769472555
720955679 721052141
715940019 716036486
758862490 758958955
996334702 996431175
920521079 920617537
868242469 868338934
739089217 739185680
869207011 869303485
881746169 881842634
763010065 763106520
733301922 733398389
930745300 930841768
779118044 779214508
167501155 885776393
991801318 991897785
872293572 872390039
975018145 975114610
764071065 764167530
746033977 746130450
925247374 925343830
759344767 759441239
725681973 725778445
829660467 829756929
980901910 980998365
909911020 910007491
987750214 987846671
994598519 994694976
950711488 950807951
789149361 789245831
800048776 800145245
843839355 843935816
990354497 990450955
785194707 785291177
877887970 877984435
765903710 766000171
984953016 985049475
918784890 918881355
905474100 905570565
865155910 865252374
801592055 801688529
928526845 928623304
860718974 860815445
949843390 949939862
971835131 971931604
952061861 952158324
986399842 986496300
974921692 975018159
911357848 911454316
873258120 873354594
873065215 873161679
746130438 746226905
759248312 759344775
844321625 844418089
167190656 895432731
899686792 899783259
921678534 921774995
321456605 968451234
941162446 941258915
735231025 735327489
994212693 994309164
795226032 795322492
914926682 915023146
718737216 718833682
999324814 999421273
919749438 919845897
890234208 890330673
723849330 723945794
782976248 783072711
888208650 888305115
927658740 927755206
745262338 745358801
839498873 839595340
730118910 730215371
768315089 768411545
974246506 974342970
899879708 899976170
721823773 721920242
849337282 849433751
787606087 787702546
937207787 937304256
940004985 940101453
862551619 862648088
869496383 869592846
789824555 789921020
737931764 738028226
842585436 842681905
858307597 858404060
762624241 762720704
973764234 973860702
918206155 918302619
923800548 923897011
901712354 901808817
760116408 760212871
752882290 752978754
921871440 921967914
761370323 761466792
886858280 886954743
783362066 783458529
856378500 856474964
825705808 825802280
802556607 802653072
999710631 999807091
940487264 940583723
923028901 923125365
989872219 989968683
822715705 822812169
839788244 839884702
764263970 764360436
870268016 870364480
765035613 765132082
993441054 993537521
985821115 985917579
754232652 754329115
915119590 915216055
807089991 807186461
729925997 730022465
809404920 809501385
999903540 1000000000
600839855 953493565
477131231 999869595
909621659 909718121
778635772 778732232
325028796 855647159
907789010 907885485
822233429 822329898
742947423 743043886
874994310 875090780
730311814 730408283
777671221 777767680
984084915 984181384
823487347 823583808
937882973 937979435
830721467 830817938
845189720 845286184
995177243 995273707
813552475 813648942
783747886 783844349
942898639 942995103
771112276 771208743
948300117 948396583
761756148 761852605
760791597 760888055
756451116 756547585
831493114 831589572
818568136 818664608
863805532 863901998
853002570 853099043
933735413 933831874
726646522 726742994
783072705 783169164
974535880 974632345
866409820 866506282
763588791 763685252
915023141 915119601
937497150 937593619
759730591 759827058
815674487 815770952
749313452 749409911
502709853 986236487
757897944 757994414
716615203 716711665
882614259 882710726
849144372 849240837
979937360 980033825
794261485 794357946
712756888 712853362
806704175 806800641
816253220 816349689
730408272 730504733
916855783 916952250
757608584 757705042
757126304 757222771
716422296 716518755
76029658 899266013
743236789 743333248
845671996 845768459
965469109 965565574
863419718 863516179
952351221 952447686
968941480 969037946
954376785 954473246
873643943 873740415
573518194 997528901
866120456 866216918
719798223 719894683
955244880 955341338
848083368 848179835
940969536 941066004
741404144 741500603
928816205 928912666
750181548 750278010
947817845 947914302
878177332 878273793
722981240 723077704
87833504 842782515
771208738 771305203
604151872 938837811
838534322 838630795
983409736 983506202
741597047 741693514
843164168 843260626
929298478 929394940
785387625 785484085
857150137 857246605
723077690 723174154
788088357 788184828
734073562 734170026
970098943 970195406
918881338 918977810
783651435 783747893
877502146 877598615
535696831 830649429
813263119 813359582
926887110 926983567
959874720 959971182
852038023 852134488
712274538 712370999
938268796 938365257
773330740 773427214
723752879 723849339
801399148 801495620
940873075 940969550
940680167 940776637
895442776 895539242
788377728 788474189
993055233 993151704
372817080 978495240
842296067 842392540
925150916 925247378
742272234 742368704
848758557 848855017
727321713 727418177
795418945 795515406
813938296 814034766
713335733 713432203
770630003 770726466
804485708 804582180
806993538 807090005
988328945 988425402
933446042 933542505
745358799 745455260
963732916 963829375
828117187 828213654
792428840 792525299
991126131 991222604
842778344 842874809
759537682 759634147
831589569 831686035
149927472 929105189
821847609 821944079
854352947 854449411
749699265 749795731
743140328 743236794
758669583 758766054
888015739 888112207
833422211 833518673
754132766 864176093
744683608 744780080
841620886 841717352
204990330 786302789
101880413 957139670
882591540 981470312
468248406 837773632
716325842 716422307
976561431 976657900
793762269 974205532
927755203 927851669
809790736 809887196
917530968 917627433
861587073 861683537
711984285 712080750
976175612 976272074
824355438 824451907
872582940 872679401
583998537 973396932
900554893 900651359
840463430 840559895
726550065 726646539
915216054 915312515
970870583 970967047
350565998 996790957
765517890 765614360
952833505 952929960
739764406 739860874
339934707 880579933
757512124 757608586
880588704 880685168
484939362 898821876
918399060 918495532
859561510 859657980
739475040 739571509
619551154 998504395
875573049 875669515
886761826 886858294
959295980 959392449
972992600 973089060
990933224 991029687
726742979 726839443
712660415 712756880
795901220 795997683
896600230 896696701
795033124 795129585
127683210 911946379
502901829 999165593
844225170 844321632
787798994 787895464
876248230 876344693
973571328 973667789
941355351 941451816
873451035 873547503
777188949 777285407
965758473 965854940
832747024 832843491
934024776 934121238
771305185 771401650
801881430 801977890
795804761 795901226
849819559 849916020
635964149 900216751
767639897 767736365
858789880 858886336
771498095 771594570
816446126 816542597
834483220 834579681
995080794 995177256
895056954 895153419
822426344 822522806
987943123 988039583
908946476 909042943
889462564 889559030
819410986 975111031
863323262 863419722
910972027 911068491
373791027 993262894
933060227 933156686
962671913 962768372
884253999 884350459
755100752 755197214
731276362 731372832
952640590 952737057
983313275 983409742
965951378 966047849
966337195 966433666
875187222 875283691
852616751 852713217
927272924 927369389
888305100 888401574
835447762 835544229
374385993 810992491
723270599 723367065
719123036 719219497
897757698 897854159
960453440 960549914
781432962 781529434
727128800 727225263
25289824 970683168
747287895 747384360
871521939 871618395
915698326 915794792
821075969 821172438
922739545 922836001
773523657 773620120
820690154 820786614
799759412 799855883
812587929 812684390
976272061 976368527
755390110 755486577
900651345 900747810
838727233 838823705
893610132 893706591
732819641 732916108
914830225 914926697
862937442 863033900
822329883 822426349
754522015 754618486
888401558 888498024
853967124 854063588
167842913 978377267
804582164 804678631
963443551 963540011
782397520 782493977
713142804 713239268
924379279 924475736
966240741 966337205
969906033 970002502
899300970 899397438
918495521 918591989
754618473 754714938
771811042 889676461
467961045 903153222
798409040 798505508
978104713 978201175
899204525 899300989
850494744 850591208
747866627 747963088
338580049 979990537
739282125 739378592
995466615 995563078
877019870 877116337
565502057 972422228
789535180 789631653
722209594 722306064
817700049 817796515
874801408 874897865
784519521 784615990
875669504 875765966
865348816 865445285
819050416 819146875
738317577 738414040
905281183 905377655
788570631 788667100
866024004 866120460
830625014 830721484
842971250 843067723
731372820 731469290
770919371 771015840
448293450 448389914
472892324 862887081
835640680 835737144
803521156 803617625
772366194 772462659
729829540 729926001
728093351 728189812
997781529 997877991
939619160 939715625
818020661 862983615
926983558 927080029
967976937 968073405
954569695 954666150
839402422 839498890
811526928 811623393
802363697 802460162
981384183 981480644
885604365 885700831
767254085 767350549
966915931 967012391
987171485 987267947
336983920 985590261
816928403 817024866
975693333 975789805
991415497 991511964
147969412 901893683
857246596 857343064
885700822 885797286
883771725 883868186
850398295 850494756
929202023 929298485
997009891 997106359
854160030 854256497
733494833 733591295
816735497 816831961
797926775 798023235
995755972 995852445
873354575 873451040
757705035 757801499
825030625 825127095
755775936 755872403
988425390 988521861
893899491 893995959
801495605 801592070
614861032 614957490
731855094 731951558
772127095 904577945
774391755 774488215
74367344 988655776
748252445 748348909
662883948 904862412
334286416 882422681
867470828 867567289
215059205 916462587
941837630 941934091
713432186 713528652
775742120 775838585
464585662 968349195
947914299 948010765
959585349 959681820
879238331 879334804
920906898 921003357
890523568 890620036
848469191 848565651
780275506 780371970
803424707 803521173
229039489 919666939
234089620 880015653
995370151 995466623
718062033 718158496
685623305 834505932
954762605 954859060
979455082 979551549
972510315 972606789
952447682 952544145
580065866 580162333
996141797 996238263
788667087 788763551
986785662 986882129
710450311 943188371
773813019 773909480
574031502 981730267
471992713 976137313
354203081 974801631
812054165 992236960
991029677 991126144
910103937 910200395
858596962 858693428
846250722 846347186
893417216 893513689
835158396 835254866
986496298 986592765
932867319 932963780
882228435 882324908
738414033 738510499
900747802 900844260
970484761 970581225
751917732 752014202
871232568 871329037
951579582 951676048
772944921 773041391
317681170 829016012
949264668 949361128
816349670 816446136
717193937 717290400
939426258 939522725
777381853 777478323
884639811 884736284
770726458 770822922
861683520 861779994
883964625 884061093
808536822 808633288
928044565 928141026
812491473 812587938
736292027 736388489
852906118 853002582
894767594 894864057
285460403 996460546
957656249 957752720
788184810 788281281
711096949 848014722
785869898 785966355
708261533 708357999
981287724 981384195
855317500 855413957
750278002 750374461
808633272 808729740
868435373 868531840
974053602 974150065
947528471 947624937
912322397 912418869
964311644 964408114
931613400 931709867
903448541 903545009
781336510 781432974
722306055 722402516
548760805 794911411
707591228 707687687
907692557 907789020
855799772 855896234
802845973 802942440
946178100 946274568
888787384 888883842
853195482 853291955
725199704 725296163
889655472 889751945
922643090 922739546
834772577 834869049
939522710 939619178
957945612 958042078
721534415 721630880
739957313 740053783
950615032 950711497
723174145 723270614
742079324 742175794
934699963 934796422
973185505 973281974
769472546 769569011
994502060 994598528
803328246 803424712
881070979 881167445
968169843 968266307
878370244 878466707
734555833 734652295
847601100 847697561
944538367 944634835
881649710 881746177
846443634 846540099
999807090 999903545
142114100 856777432
895346316 895442790
894960498 895056963
776031490 776127954
771787461 771883925
977911799 978008260
990450952 990547418
902869815 902966275
948589476 948685945
825512897 825609365
762238420 762334887
758573132 758669597
802653069 802749535
753461020 753557478
963540008 963636465
794743755 794840221
173159040 946587299
724524518 724620976
730890543 730987012
346844270 816930698
715843563 715940025
999131898 999228368
866602726 866699194
743815515 743911984
887244101 887340567
881842624 881939084
790113919 790210385
772655556 772752028
799277138 799373604
811912747 812009209
785291162 785387634
746226895 746323353
816639041 816735505
883192993 883289458
844610993 844707453
734845201 734941665
836701678 836798141
792911114 793007571
721630868 721727333
954473238 954569703
984374282 984470755
929684302 929780770
882421354 882517816
950422124 950518592
735713293 735809760
771883916 771980385
996913431 997009896
902676897 902773367
796190583 796287049
837762684 837859153
964601005 964697480
895539227 895635694
120343857 945598732
772269742 772366206
996431165 996527625
892549129 892645586
422926135 976734617
903062716 903159188
872390027 872486498
766000161 766096634
934796417 934892881
834290301 834386770
923993450 924089918
740825413 740921874
896214415 896310877
760019952 760116419
950904404 951000870
716132927 716229397
920810437 920906903
738028213 738124681
743719057 743815520
820786607 820883065
877405692 877502157
806221899 806318361
874897860 874994321
744876522 744972980
764939163 765035628
723367059 723463525
943187999 943284468
769183180 769279645
842006700 842103173
991897774 991994244
979647992 979744453
405838915 928086881
712371009 712467468
809115549 809212016
937786518 937882986
897371878 897468336
906245733 906342201
770437098 770533563
985145923 985242395
792525288 792621756
982348732 982445195
824258984 824355455
864287810 864384278
935664514 935760979
774970485 775066943
879045428 879141885
768025720 768122186
215454592 965800143
974632326 974728793
867567284 867663742
832554115 832650584
584524593 950814363
859368608 859465065
999517723 999614181
979744442 979840910
133681500 973109008
983699100 983795561
863516170 863612640
983795550 983892018
956112966 956209433
862455166 862551629
845961360 846057820
995273699 995370170
890620030 890716486
894478221 894574693
946660384 946756843
871425480 871521940
832071843 832168308
922835990 922932459
972317411 972413877
846057816 846154277
966433660 966530119
853774220 853870680
998746082 998842549
776320850 776417318
945792289 945888750
353124142 806600164
977333069 977429540
798505505 798601963
945020645 945117111
814654573 998572658
561276324 851441494
842874804 842971262
922064359 922160822
778828684 778925150
996624065 996720535
983216822 983313285
828695919 828792380
738221125 738317593
902387533 902484005
888690920 888787393
847986914 848083377
736099113 736195580
731758636 731855110
548771206 949535889
909814569 909911030
774198835 774295303
915601874 915698339
777767674 777864137
958138521 958234985
903352088 903448553
906149282 906245740
907981922 908078389
981480635 981577102
780468418 780564876
796672850 796769320
798698410 798794870
791174923 791271387
846540093 846636550
843935807 844032265
911454302 911550766
978008252 978104722
971642225 971738689
780854236 780950702
250972636 900131454
484219783 883016104
748927630 749024098
913286947 913383419
710656646 710753116
989486399 989582866
860911882 861008355
957463343 957559807
391003159 984445227
979840905 979937368
789052910 789149377
840656333 840752795
494023994 944943033
789921001 790017465
868917654 869014115
848179830 848276293
896503781 896600240
767446989 767543453
790017459 790113928
738124665 738221130
730215356 730311824
712177820 712274283
751146099 751242563
904606002 904702461
786448627 786545094
863226809 863323268
989197032 989293502
828020731 828117196
955920063 956016528
727418169 727514627
836508765 836605238
841138610 841235074
912804678 912901142
877309232 877405697
910586206 910682670
833808032 833904492
720473407 720569868
742850963 742947433
717483297 717579762
932189277 990539145
748445355 748541816
870075115 870171571
934892866 934989337
893513672 893610144
875862410 875958875
966723025 966819486
849626650 849723111
804967981 805064452
876441143 876537610
911840124 911936590
867856645 867953106
784133709 784230170
851555749 851652214
718682135 974358387
778925140 779021600
961707358 961803823
736388479 736484949
766964712 767061184
802074338 802170796
814806392 814902864
785676988 785773446
936725510 936821976
927369380 927465840
849433739 849530200
754714928 754811400
882035526 882131991
969809583 969906043
931709855 931806323
974825238 974921709
813456026 813552486
883482351 883578824
928022881 983506580
975114608 975211075
866313360 866409835
721173129 917841190
784326612 784423075
729443718 729540185
818857501 818953973
903255631 903352095
736774305 736870761
725489064 725585525
791850108 791946575
958042070 958138533
988232490 988328948
853099032 853195496
746323340 746419812
981770001 981866460
989968674 990065138
924765099 924861564
935375146 935471610
97903518 740039317
841235060 841331532
292594909 886333652
865831091 865927550
997492165 997588628
984567194 984663664
958717259 958813722
775452757 775549221
549424324 928286438
798891319 798987786
808922641 809019100
916952240 917048701
365791042 762209235
965276194 965372662
832168299 832264759
55672998 834019857
15281100 907013929
923704093 923800559
777285402 777381868
861394162 861490624
133427351 998064039
973860686 973957158
775163387 775259859
930070121 930166589
758187314 758283772
959006621 959103081
945213554 945310018
756161756 756258222
978394073 978490536
363261452 997828192
153205384 811793507
942030543 942127009
895732139 895828610
911068487 911164955
799566501 799662968
852809670 852906133
924186369 924282832
982638091 982734564
975307513 975403980
791464287 791560747
899590341 899686800
916759335 916855795
807958094 808054553
742368692 742465153
773427200 773523665
931227580 931324043
980805450 980901913
763492335 763588801
869014107 869110575
962961271 963057743
803617615 803714076
991222587 991319052
853581301 853677767
908078380 908174844
939715620 939812083
776224390 776320856
953798047 953894514
799373590 799470065
904316636 904413097
725778429 725874895
830817929 830914390
815578031 815674496
932963770 933060236
766193071 766289540
717772663 717869132
963250643 963347110
979358630 979455092
741211228 741307690
974342961 974439429
935085779 935182242
916469967 916566427
492283095 953319499
976947255 977043713
921389174 921485634
906728009 906824480
771691015 771787473
916180605 916277065
714782562 714879027
851845113 851941575
783844337 783940802
953219325 953315786
948396566 948493039
753557471 753653940
771015826 771112290
885411451 885507922
859175694 859272155
22322444 910891327
849723104 849819573
806800628 806897092
726453615 726550081
851748662 851845122
842103162 842199630
920617532 920713997
953026410 953122874
758476680 758573142
751435462 751531929
942802184 942898640
911261392 911357864
804871527 804967995
937014877 937111347
790885551 790982025
878273790 878370251
901615891 901712365
956402330 956498801
734967233 969220621
872100661 872197135
841910247 842006711
812009202 812105667
909139387 909235847
773909475 774005943
542734238 948880636
925054464 925150929
919363617 919460085
793200473 793296937
884061081 884157546
935953871 936050341
892742035 892838495
101140773 961219513
954087420 954183877
914347952 914444416
911647211 911743685
951676038 951772510
834579674 834676138
911550765 911647226
898239974 898336433
972413870 972510335
840270517 840366980
709682096 709778562
714975470 715071938
915794776 915891246
813359569 813456035
322985321 932118733
944634826 944731286
856860770 856957245
100815628 973289527
974728782 974825250
943284456 943380917
753364561 753461027
401776344 990226755
781818780 781915246
719991132 720087597
869785746 869882210
990161584 990258049
869303475 869399940
776706665 776803130
859465062 859561530
936532600 936629073
983892009 983988475
989679312 989775772
824451900 824548364
539558978 787297538
814034754 814131217
903159178 903255640
893127855 893224325
943091544 943188009
772076827 772173292
876537594 876634061
927080016 927176479
795322490 795418952
965662016 965758485
725874882 725971353
850205376 850301850
965179744 965276206
818471684 818568149
950325671 950422138
797444493 797540963
829756919 829853381
905088276 905184743
804775079 804871545
938365247 938461719
888883835 888980300
949457575 949554043
989004122 989100590
769761912 769858373
968748578 968845042
773620114 773716575
809597821 809694287
971738685 971835150
774488200 774584675
923414721 923511193
998553165 998649637
887147645 887244115
809308461 809404925
959488890 959585355
964215186 964311659
185694783 876144153
948685932 948782403
731083453 731179920
862648075 862744542
965565565 965662022
936821967 936918434
812395022 812491485
894285316 894381778
742658056 742754518
869399927 869496385
757222761 757319226
827345545 827442008
900361979 900458441
864577174 864673639
891584574 891681037
933253140 933349605
876826956 876923430
589352501 947485396
898722248 898818713
864962994 865059455
915987693 916084157
945406468 945502926
785775197 968644710
834869037 834965497
794550841 794647309
912708222 912804688
833711576 833808038
840559881 840656344
720184039 720280509
835544225 835640687
941451806 941548274
896407320 896503792
940390802 940487272
774874025 774970486
870171564 870268029
722498957 722595423
724428057 724524527
971256400 971352870
876634055 876730510
910007478 910103949
716518754 716615215
769086730 769183190
963347096 963443556
921292718 921389176
798987770 799084239
792235922 792332388
886183092 886279565
715361286 715457757
865927550 866024005
495341512 757387849
916566418 916662889
892934949 893031408
969327305 969423765
979551539 979647998
461676273 902963795
953605142 953701605
955051964 955148433
761466775 761563248
855028127 855124596
521394795 940005807
901519445 901615909
218566586 976441337
962286088 962382559
809694279 809790746
718930130 719026588
821654702 821751167
921003351 921099816
753653927 753750389
997106349 997202810
750953187 751049647
894864042 894960506
884350447 884446911
720762773 720859231
791367830 791464290
730022451 730118916
753846831 753943305
570671504 992893451
956884609 956981077
751339006 751435469
839884695 839981164
898529334 898625795
716808119 716904583
910393298 910489764
830432105 830528570
819436238 819532698
769279635 769376097
138537282 973026772
336724314 890296759
887533463 887629930
882710715 882807179
908464199 908560668
853484851 853581317
721341504 721437961
756354661 756451133
716229381 716325852
817121317 817217776
906631555 906728023
868338917 868435388
868821199 868917656
617720829 933776671
526967136 759371256
851169925 851266393
762720694 762817159
715264837 715361304
957559793 957656259
819822058 819918518
970002492 970098954
933928322 934024784
774763917 961168938
960260537 960356998
915891237 915987698
719508855 719605324
787123806 787220280
925922559 926019024
772462651 772559115
884446905 884543373
840945695 841042163
955148415 955244880
741789957 741886422
971545770 971642231
780950686 781047159
903930818 904027280
436253549 953777105
820883064 820979523
894092400 894188873
999614176 999710637
723463510 723559972
935471601 935568065
918302606 918399072
172747290 869471531
746998530 747094990
852134482 852230941
964504557 964601020
750470909 750567371
802460152 802556624
908174830 908271296
892452666 892549136
908850019 908946486
922257261 922353730
880781614 880878085
902098172 902194630
961514455 961610920
780082599 780179060
982252277 982348741
804292796 804389267
371416814 927610503
724331605 724428072
962768365 962864829
845575543 845672004
952254773 952351234
825898717 825995187
905763455 905859920
987846661 987943127
714300286 714396752
818182319 818278781
977236619 977333083
887919280 888015749
590269124 839524136
980516085 980612553
724813885 724910342
822908611 823005081
726935895 727032360
945888743 945985207
716036474 716132943
740343137 740439596
776183602 999402746
827249095 827345554
929009114 929105585
836412316 836508776
968652122 968748580
982059361 982155827
985338840 985435299
936339693 936436162
943863185 943959651
824066079 824162541
838052054 838148515
957077520 957173984
888112199 888208659
822619251 822715717
983602646 983699112
850880565 850977032
856089135 856185605
851073470 851169936
956691696 956788170
779889685 779986152
798119685 798216148
453256690 997197069
803714073 803810531
756740488 756836950
967591116 967687583
883868172 883964642
922932449 923028910
759151855 759248321
807861633 807958096
842392527 842488988
874222673 874319136
2859020 954627289
975982703 976079162
823101522 823197985
769954819 770051283
809983645 810080114
981866456 981962915
845093261 845189731
904895367 904991826
900265522 900361988
879913518 880009989
985628202 985724667
753750385 753846844
800723965 800820428
792139465 792235940
772173287 772269751
928141017 928237482
864480725 864577185
736870759 736967215
891970399 892066858
718640755 718737225
813841850 813938312
970291857 970388316
960356992 960453456
880009977 880106438
846636547 846733010
908560655 908657117
969134393 969230860
871907752 872004222
922353725 922450183
992187144 992283604
883289440 883385914
711238138 711334608
792718201 792814663
712081248 712177717
951290218 951386681
819146872 819243335
907113829 907210290
848855005 848951473
794165025 794261490
762431328 762527797
856474952 856571417
787509633 787606094
990836772 990933232
721920231 722016700
854449404 854545863
843067707 843164177
710953545 711050003
942512818 942609280
890041291 890137765
735327479 735423941
895635684 895732154
842681890 842778360
676945916 877237036
828213639 828310108
946756831 946853299
859272154 859368612
931034667 931131134
997299254 997395724
747480801 747577268
808440364 808536835
117052467 883452326
854835224 854931686
785098259 785194716
515931512 865501926
848565645 848662109
268640987 825776432
891488119 891584584
843742895 843839365
987075020 987171494
152719970 913066356
910296850 910393308
768507991 768604456
920424624 920521086
783265606 783362074
885218548 885315005
918591977 918688443
788763550 788860011
737642395 737738859
112308295 975378451
980226725 980323190
755968849 756065311
346705124 824128348
849530195 849626663
745648155 745744629
101740129 866745048
900458433 900554900
962189638 962286101
908367748 908464209
750567364 750663832
820304328 820400796
796865763 796962229
920328165 920424628
919170704 919267168
743429690 743526156
227826236 992462964
909235836 909332308
800916878 801013342
725392614 725489070
868049556 868146023
932481491 932577965
722402503 722498966
779214497 779310964
837376861 837473334
718158484 718254952
998938995 999035459
838148502 838244970
822812157 822908621
912129494 912225960
770051277 770147736
948782393 948878860
809501367 809597834
669806286 915474454
744587156 744683625
898432878 898529341
65394514 987657147
732530278 732626750
975886247 975982709
855606857 855703320
94749070 795848665
744201333 744297802
726164250 726260717
860526064 860622530
971931591 972028057
964118730 964215205
755872385 755968851
778153493 778249963
274144570 929100519
800145231 800241701
980998355 981094823
763395884 763492346
986592755 986689216
752689378 752785836
643176054 914355196
923318269 923414739
603982193 963513175
997974441 998070910
975403966 975500431
952158310 952254781
755293661 755390120
902194622 902291095
752785827 752882291
985724652 985821117
764746251 764842716
879624151 879720622
839981152 840077611
736484935 736581397
779793227 779889692
891391662 891488126
806897082 806993551
973378420 973474885
921196259 921292720
957366883 957463346
913672771 913769238
733012554 733109015
992090685 992187152
851362838 851459301
792332379 792428840
374908633 999858125
759441223 759537688
717097482 717193942
777574766 777671235
974150052 974246519
816831948 816928419
740728951 740825416
961417995 961514462
799470050 799566518
994694969 994791437
896889596 896986065
871039664 871136122
760984507 761080972
226693013 895425481
841717342 841813802
891102300 891198762
714589648 714686117
757801486 757897952
846733003 846829467
947335563 947432026
828985276 829081750
918013240 918109711
817314222 817410686
836122954 836219416
862069349 862165813
808247457 808343916
941644719 941741190
850301840 850398304
736002659 736099126
735423925 735520399
826381000 826477458
829371103 829467560
760034395 998421208
837666226 837762700
919652975 919749440
819629148 819725605
795129573 795226044
844128715 844225175
775259848 775356309
836026497 836122964
782108151 782204613
792621744 792718214
968362750 968459217
900169073 900265534
977815345 977911812
876151771 876248241
900844260 900940720
747577257 747673726
899976157 900072625
962382545 962479007
822694253 981643822
946274557 946371028
981094820 981191275
936629063 936725522
890716480 890812947
768893816 768990278
774584661 774681124
800241691 800338152
938461700 938558168
824644800 824741270
840366968 840463439
808826183 808922646
814227661 814324125
728768535 728864999
958331439 958427900
926404827 926501298
984470743 984567200
995852426 995948896
801784974 801881431
962575455 962671916
854642314 854738777
734266469 734362940
917434510 917530978
550715704 838707611
953701599 953798059
791946559 792043024
926790654 926887115
712467479 712563944
229191485 763714942
799952328 800048786
483949099 896159702
916373511 916469976
867760186 867856656
429632524 889371893
898915158 899011616
885122093 885218551
774102381 774198853
887051195 887147659
854738768 854835235
883823280 948850890
749216996 749313463
965083290 965179751
749409910 749506374
942995095 943091551
992572962 992669420
929105565 929202038
760695137 760791605
925826100 925922568
637425050 970027935
901905260 902001727
794068565 794165030
961610900 961707373
944827732 944924195
939812074 939908543
751724823 751821288
893706581 893803049
832650569 832747031
734170012 734266482
793296930 793393400
836605220 836701686
748734718 748831189
851941571 852038033
763781696 763878164
949939853 950036315
911743672 911840130
543686898 943634360
940101445 940197905
866795642 866892102
759827046 759923509
750760279 750856737
951097314 951193770
877116320 877212789
933638954 933735415
743333238 743429709
817410676 817507148
833132844 833229307
787702538 787799008
909042928 909139395
829467551 829564019
819243327 819339794
881939071 882035538
729733081 729829545
839209514 839305978
821558240 821654711
888594471 888690936
714396735 714493204
583325813 998346747
799180689 799277150
739571497 739667956
815288674 815385132
866506278 866602735
949554026 949650492
976447231 998644038
975789791 975886252
874704947 874801411
988907670 989004136
812684381 812780848
907403190 907499660
754003946 938370941
777864129 777960591
938751069 938847533
280871305 952217179
656896234 990887275
878080874 878177343
749024086 749120545
812298563 812395034
821944061 822040529
910200392 910296853
738606947 738703409
742465141 742561605
747191445 747287909
862358714 862455171
790596195 790692655
809212007 809308469
960742809 960839279
992765866 992862335
815867395 815963866
836991045 837087513
912997581 913094047
713914465 714010927
866699188 866795654
786930901 787027367
914251505 914347969
837183957 837280422
963829369 963925840
827056180 827152643
243915554 998270137
765421436 765517898
772559110 772655575
787895449 787991910
810851744 810948206
712949873 713046342
793007566 793104032
910875577 910972043
731662181 731758646
851266384 851362848
755486565 755583036
760598687 760695146
969230845 969327316
775356303 775452768
722788322 722884787
735809753 735906219
814420575 814517039
924572181 924668650
855703319 855799783
973089048 973185516
753171646 753268114
928912665 929009130
932674410 932770875
831975384 832071851
762913604 763010075
746902073 746998543
874029762 874126226
910489756 910586222
702739521 702835985
994309147 994405616
726260705 726357171
897082509 897178978
995659516 995755980
961900270 961996730
861104796 861201263
756933392 757029863
959103074 959199535
784615975 784712450
855992684 856089140
951868946 951965418
729154359 729250823
875958868 876055326
985242376 985338841
778249947 778346420
896310869 896407340
746419800 746516264
849240827 849337290
740246684 740343147
766868257 766964730
920135260 920231723
804099891 804196350
799084227 799180699
759055400 759151873
988618307 988714768
960839266 960935726
744297788 744394250
963925820 964022289
826091625 826188100
985435285 985531750
891681033 891777491
789342278 789438745
308404166 959797657
741886418 741982882
798216139 798312602
885507909 885604378
732048002 732144475
873740404 873836861
820111420 820207881
717290394 717386854
887340550 887437018
850108927 850205387
827924276 828020739
748638262 748734732
969616674 969713140
881263892 881360355
951000857 951097319
934989327 935085785
890909385 891005856
845382627 845479091
730601183 730697641
820400782 820497246
933542496 933638966
975211062 975307529
973474865 973571333
918109700 918206163
905859916 905956380
791078463 791174925
937593608 937690075
869592835 869689297
863130353 863226820
906052826 906149295
947721380 947817855
911936580 912033047
782794995 947979196
739667953 739764418
802170787 802267260
742561601 742658066
835833590 835930054
921967895 922064363
711887552 711984017
770822920 770919383
750856727 750953193
764456885 764553352
961128632 961225094
818375226 818471691
825127080 825223545
931324038 931420505
740439585 740536057
763106516 763202983
985531740 985628214
663311074 979836336
847311727 847408197
848276275 848372750
867181463 867277922
823776705 823873174
986110472 986206935
940197894 940294356
897950610 898047073
823197983 823294445
823680256 823776720
962093182 962189648
903737903 903834371
883385898 883482365
944056098 944152555
237482629 930944220
727707530 727803996
980033814 980130279
843453529 843549999
965854920 965951387
770533547 770630015
758090851 758187325
763974612 764071073
784905345 785001808
765228523 765324995
714203830 714300291
736581390 736677854
887629915 887726387
350503714 964821798
820014966 820111427
956498787 956595254
733880650 733977119
790982012 791078471
724042245 724138707
770340638 770437109
967687571 967784033
884543361 884639827
767061165 767157639
724138700 724235165
761080957 761177430
996816976 996913445
865734634 865831104
906920920 907017382
597959167 987422628
998263805 998360270
731565727 731662194
888498014 888594475
408247307 948011323
886954730 887051200
807668721 807765185
728479167 728575630
962864817 962961282
757029850 757126314
913576312 913672783
991704862 991801325
763685245 763781706
841524430 841620897
844803898 844900360
930938216 931034683
901808805 901905275
874319130 874415593
240581256 850573210
767736350 767832819
890812938 890909399
358988362 776426013
822522794 822619256
765132068 765228538
939233343 939329815
844514537 844611002
835737127 835833598
982734551 982831017
810273005 810369480
176929464 976917591
774295292 774391763
957173979 957270435
748155987 748252459
755197201 755293666
781240054 781336516
789631636 789728100
982541645 982638101
732916102 733012560
823390885 823487354
725006787 725103257
875380130 875476595
728189804 728286269
790403277 790499741
840077602 840174068
614392210 899131502
986303386 986399852
817796496 817892963
948975298 949071764
845479085 845575546
945502915 945599386
966530106 966626579
711689369 711785843
941548263 941644729
326816938 975279763
980130262 980226735
957752710 957849173
948493021 948589486
661485814 823923200
884736270 884832731
928623299 928719759
79568598 978470477
995948883 996045346
923221813 923318285
307075813 958531752
865252356 865348825
849916015 850012483
374231438 999188399
944441913 944538383
751531920 751628379
546227197 967184740
945695825 945792300
967205292 967301757
833036390 833132853
943477361 943573829
817989411 818085871
932770855 932867321
842488978 842585446
968459214 968555670
858211144 858307615
850591196 850687662
915505417 915601885
811719830 811816298
926211918 926308389
864384263 864480730
844418080 844514542
748831177 748927643
884157541 884254004
733205468 733301927
840752786 840849258
929973669 930070131
958427888 958524359
914058590 914155055
729250813 729347277
919942342 920038814
961225080 961321546
753075194 753171657
938943985 939040443
776899580 776996041
329835647 938923804
929877213 929973671
988714762 988811225
923125355 923221821
239021898 940303455
883096535 883192997
893224314 893320780
847324201 949790259
735134563 735231026
902580447 902676907
818664598 818761064
905184726 905281193
904991816 905088280
851459290 851555764
998649620 998746089
808054543 808151008
780371962 780468424
793104022 793200489
906342191 906438650
761852604 761949070
996045341 996141804
798312593 798409051
810080096 810176570
930166579 930263037
898818695 898915160
767832810 767929273
823583805 823680260
745455246 745551716
779154359 975977563
798794869 798891333
853291935 853388407
893031397 893127870
956209420 956305885
781915240 782011707
718544309 718640767
847697550 847794010
810176553 810273020
946563924 946660389
881456805 881553262
966047835 966144301
862840982 862937450
956981061 957077534
794454387 794550851
756547576 756644043
515273920 913888995
524806890 961747164
713528646 713625113
316618527 929541093
953315779 953412241
709278691 709375157
931420491 931516958
370878262 814545153
880492252 880588719
743522740 920804132
876055318 876151790
773234287 773330760
768218631 768315096
878659604 878756075
863998445 864094908
924282825 924379288
804196349 804292807
903544997 903641464
821268875 821365344
806125446 806221906
26698584 913315178
825995178 826091645
968845027 968941497
867374373 867470833
837955593 838052062
874608491 874704955
641440270 983599194
942319906 942416365
937400702 937497164
832843480 832939948
728382717 728479180
787316717 787413189
921582083 921678543
883675267 883771726
768411539 768508007
175539946 993349537
988521850 988618316
891005847 891102309
810948191 811044655
634674459 969249592
774681116 774777584
855413950 855510417
779503867 779600330
864770083 864866553
877695055 877791519
714879016 714975485
854256485 854352951
754811389 754907848
993633965 993730429
928719754 928816216
976079150 976175618
784037247 784133711
910779118 910875582
717676207 717772672
848372733 848469198
719219488 719315956
875476590 875573054
986014016 986110487
956788151 956884623
967494664 967591129
843260622 843357088
914444411 914540874
803135341 803231802
757319210 757415682
753268109 753364571
827441998 827538465
744104883 744201344
839016601 839113060
892163308 892259770
778057043 778153508
745551710 745648169
820207872 820304338
836315861 836412323
811816295 811912750
877791509 877887975
895153408 895249872
853677764 853774220
856571407 856667871
807282907 807379368
892259760 892356223
765324976 765421442
79628188 994728134
994791422 994887891
855896229 855992688
834676124 834772587
752303550 752400022
7227751 908681610
919556527 919652987
826766817 826863276
723278681 887720066
496474061 847494877
983506188 983602652
719026576 719123042
856667870 856764326
751821281 751917747
989582852 989679325
737063670 737160126
997588624 997685080
770147730 770244198
872197122 872293583
978201160 978297634
713046352 713142820
954859056 954955518
973667775 973764247
721727317 721823787
807765182 807861648
879720614 879817075
886665368 886761836
860236695 860333160
759634130 759730596
930552391 930648864
805257347 805353816
742865973 907843926
915408960 915505430
927948109 928044575
861297705 861394174
826863266 826959736
136679362 907316350
974439418 974535888
787413180 787509636
857825328 857921795
925536740 925633199
905956365 906052833
896117960 896214429
523027536 902105088
794647296 794743768
852520301 852616763
858404057 858500521
720280490 720376965
872872305 872968766
777092490 777188956
791271378 791367844
834000935 834097408
968266296 968362762
797348038 797444508
747770165 747866632
847022363 847118827
867277911 867374381
825802263 825898732
895828596 895925065
930455944 930552408
865541729 865638189
944731284 944827741
76585820 937893596
775645665 775742130
834965491 835061957
778346409 778442866
976754337 976850800
857439510 857535966
879431249 879527707
896793148 896889609
947046204 947142668
984181380 984277838
935182237 935278696
717869118 717965584
944924185 945020650
863709075 863805540
991608411 991704879
901422990 901519455
889944841 890041305
836798133 836894603
981577094 981673560
940583719 940680178
949168214 949264671
924861545 924958019
904798915 904895374
913383407 913479867
837087503 837183962
773041377 773137843
966819475 966915945
886472459 886568926
839691787 839788246
731469274 731565737
800627507 800723977
936436151 936532614
958620802 958717270
982445187 982541645
870557387 870653853
831396656 831493122
834386764 834483221
925729645 925826107
947142655 947239125
806414808 806511272
58402825 917122702
979069259 979165730
972124501 972220964
912225943 912322409
892838490 892934950
970388309 970484775
720376945 720473417
856764315 856860789
104587643 890137130
971159949 971256412
933831863 933928325
817024862 817121327
994405601 994502072
744008427 744104887
713239276 713335740
998360264 998456730
866988550 867085018
958524349 958620806
938558164 938654626
732723190 732819654
984663651 984760118
781529420 781625884
979262169 979358636
842199617 842296081
937979427 938075893
862744535 862840998
861490615 861587075
986882113 986978577
917338065 917434523
239398357 911935936
908657114 908753576
778539320 778635776
797637403 797733875
931806310 931902773
998070893 998167362
308394200 900233163
193471302 917323492
789728096 789824563
859850880 859947349
926597738 926694200
715168375 715264845
854063583 854160050
923909901 993310654
877212777 877309248
820593690 820690157
912901133 912997594
767350532 767447000
891873940 891970402
912611769 912708234
771401644 771498114
793489840 793586308
953122864 953219332
794357938 794454405
986206932 986303391
916662878 916759345
797155131 797251593
904123730 904220194
745841072 745937536
817892955 817989425
939329797 939426264
782590420 782686893
760405770 760502243
797540949 797637414
998167348 998263817
755679485 755775940
963057726 963154200
889269653 889366122
972220960 972317418
802942435 803038891
723559967 723656425
813070202 813166672
864191357 864287821
742175776 742272248
990065128 990161599
722691874 722788332
994887884 994984340
704288909 947826831
749892176 749988645
945599379 945695839
945117105 945213566
835351306 835447776
789438726 789535192
951386674 951483144
964890371 964986839
942705722 942802191
750663823 750760285
761949051 762045518
971449315 971545784
997685076 997781541
837569772 837666242
970581218 970677687
926308375 926404845
932577952 932674414
589896599 974692826
810562370 810658841
830335645 830432115
886376001 886472465
946853292 946949754
999228355 999324820
839595332 839691795
747963083 748059549
847794006 847890469
744972977 745069440
942416355 942512825
763202970 763299432
753943292 754039754
814999306 815095774
814709936 814806407
885990187 886086647
795997672 796094132
858114689 858211152
819918512 820014973
929491392 929587853
918688427 918784890
860140240 860236713
741018320 741114781
828599464 828695930
986689200 986785665
988039577 988136040
424208442 852570624
742754511 742850970
754039749 754136212
786737990 786834456
867023425 994568860
762527788 762624254
736195573 736292038
980708996 980805460
676245201 875110942
725103245 725199711
315783547 961736944
966626563 966723035
860622519 860718981
880202881 880299348
743043878 743140345
841427975 841524442
978586983 978683451
835930040 836026501
515534625 827688235
782879788 782976250
728961442 729057914
794936665 795033134
903641454 903737913
913190494 913286957
751049642 751146107
858982789 859079253
912418850 912515324
894188861 894285324
935857423 935953887
917048691 917145157
828888821 828985290
766482441 766578902
938654611 938751078
833229300 833325762
880685165 880781627
970774126 970870598
719605310 719701780
921099808 921196273
817507139 817603599
895925046 896021515
459261304 939552481
804678615 804775088
871329021 871425486
898143514 898239977
941065995 941162451
936918425 937014895
865638185 865734648
684533245 886033271
767543447 767639908
788860003 788956461
914540860 914637330
204556102 875038626
823294435 823390905
964408101 964504566
805836084 805932547
765614342 765710805
913962131 914058597
79416207 954703262
993151690 993248155
838244957 838341422
957270435 957366895
897275417 897371884
793393388 793489850
141578516 952574885
871618388 871714859
718447848 718544319
803231793 803328255
811430471 811526931
805932538 806029001
837280415 837376877
724620974 724717437
858886329 858982796
992669419 992765879
756836939 756933402
932288581 932385053
158796034 891005936
870653836 870750310
796962222 797058680
909718115 909814583
945985199 946081660
961321541 961418001
863033893 863130355
723945788 724042253
964697470 964793930
766675353 766771819
730504730 730601186
826573907 826670375
810465916 810562385
916084146 916180611
958234980 958331444
907885475 907981933
818278779 818375239
795515394 795611863
955534235 955630707
903834358 903930828
715457740 715554209
769665451 769761922
847504638 847601110
772848475 772944933
813745392 813841858
870846748 870943218
814517031 814613495
920038798 920135268
843549982 843646446
953508682 953605146
902483988 902580456
784230155 784326630
994116240 994212704
746709168 746805634
961996720 962093188
882131983 882228453
822136971 822233443
797251586 797348046
768797365 768893828
852327388 852423856
240196631 971789983
875090766 875187232
728672084 728768548
822040523 822136985
804389254 804485717
934603507 934699971
747673715 747770177
914733779 914830241
948203656 948300127
906438647 906535111
576422288 980070406
756644026 756740497
778732223 778828690
75681390 948687101
779600322 779696782
924958008 925054468
987267940 987364395
830914382 831010848
795611845 795708314
908753566 908850028
965372646 965469119
825609357 825705825
776803121 776899586
15413698 997465813
893995954 894092420
811237557 811334030
990547410 990643873
773716561 773813034
835254852 835351316
797733864 797830323
839113055 839209519
818761050 818857518
889751926 889848400
809887191 809983651
761273872 761370338
788281275 788377736
388508412 975086397
889366107 889462573
790499734 790596204
780661329 780757786
797830317 797926781
988136030 988232500
897178963 897275426
930263029 930359493
735906210 736002674
826670358 826766828
744780062 744876535
786545075 786641548
831878929 831975395
738799859 738896325
776513762 776610230
781047143 781143608
714493198 714589656
738510494 738606959
809019092 809115559
919845895 919942350
639279726 992303238
870364479 870460935
821461786 821558260
390570273 816494492
890330656 890427125
722595415 722691884
745744616 745841080
993344600 993441060
931131129 931227590
740150227 740246692
989293494 989389951
841042154 841138615
967012390 967108851
876923417 877019877
950036302 950132773
854931678 855028138
900072612 900169081
681315848 945053668
859754422 859850893
887437009 887533471
406034857 762241080
726839436 726935897
784808894 784905355
892645576 892742042
936050325 936146793
463361299 981496492
894574684 894671141
874512041 874608508
725296153 725392621
748541811 748638272
757415672 757512130
767929270 768025731
718833666 718930138
978972802 979069269
979165717 979262178
907306743 907403200
943380913 943477374
749602816 749699281
757994401 758090863
849047918 849144385
981962913 982059378
856185593 856282059
741982873 742079338
733591284 733687746
733398380 733494839
621427742 838637549
127183299 909516013
940294351 940390814
857728869 857825338
872679390 872775863
746516250 746612722
947432019 947528485
785580535 785676991
190732879 879244843
767157624 767254088
813648930 813745395
922546631 922643092
947624927 947721390
94660182 857599464
715554204 715650661
824837713 824934181
969423762 969520226
847118818 847215287
857053681 857150154
797058679 797155139
764360428 764456895
752110640 752207110
954666144 954762610
787220260 787316730
120447115 975210919
926694195 926790663
926501281 926597755
972028047 972124511
806511261 806607725
737835302 737931767
933349591 933446057
760888052 760984515
978297619 978394082
970677672 970774144
730697635 730794097
930841763 930938226
866216914 866313376
801206239 801302703
745165882 745262351
925343823 925440291
834097397 834193861
838920144 839016606
830239190 830335658
874415586 874512045
885893735 885990194
751242555 751339013
899108060 899204529
921485621 921582095
960549895 960646364
946371013 946467478
880878068 880974536
729636631 729733099
993730421 993826884
887822827 887919294
939908531 940004997
87251593 988739422
889076746 889173214
749120536 749217007
972896138 972992607
869978652 870075124
987653753 987750222
850012470 850108935
762045512 762141979
562527670 950798158
924089911 924186376
960646359 960742824
713818013 713914472
934217689 934314149
982155818 982252282
845286178 845382638
775066938 775163401
985917570 986014032
722016684 722113145
785484077 785580538
870460934 870557393
858693416 858789881
942126992 942223456
630390742 841980933
865445272 865541733
872486483 872582948
953412226 953508698
796287034 796383501
779021591 779118055
911164941 911261405
749506365 749602825
860333155 860429622
913094036 913190509
954955512 955051970
929780752 929877217
823873170 823969635
733784193 733880658
858018235 858114704
777478313 777574774
882517807 882614269
966144289 966240759
817217768 817314239
814902848 814999317
928237473 928333941
741114780 741211236
889173205 889269668
731951549 732048014
951965407 952061870
785966349 786062811
21013769 857971865
279696807 986004232
758958953 759055413
994019790 994116249
897468327 897564792
768700905 768797372
971063496 971159961
921774985 921871456
834193851 834290317
869110556 869207030
806318353 806414816
904509543 904606007
748348905 748445361
907596107 907692566
715747113 715843580
978683445 978779904
790306829 790403289
873933306 874029771
760212868 760309333
805064440 805160908
821365332 821461795
865059449 865155913
754136203 754232669
943766726 943863192
912515314 912611780
206971018 996313333
741693507 741789971
843357076 843453544
907017370 907113835
98317318 879326103
950518583 950615049
926019009 926115470
37036580 997592950
928333928 928430390
744436821 923285767
291262388 976489983
870943202 871039666
812877298 812973763
821751160 821847618
991319050 991415505
769858369 769954825
886279553 886376015
825416449 825512912
909525208 909621672
836219401 836315870
906535103 906631566
730794090 730890555
785773442 785869902
916277060 916373519
733687742 733784210
769569004 769665466
952737043 952833507
793682752 793779210
755583030 755679490
787027354 787123819
913865684 913962144
937690070 937786526
833615123 833711581
844996813 845093280
782204603 782301070
841331518 841427980
885025637 885122105
796576396 796672866
878852517 878948978
786834444 786930912
924475729 924572196
799662956 799759427
830528557 830625028
957849159 957945627
768604446 768700916
255041577 788755797
851652202 851748671
850687660 850784122
783554974 783651444
460109863 974309732
933156684 933253149
819725605 819822062
805160896 805257359
935278693 935375155
653996656 952219620
801013329 801109794
807186445 807282912
721052134 721148596
588960441 994250475
856957227 857053699
967108835 967205307
945310010 945406480
990258037 990354510
977622436 977718900
902773352 902869818
152185740 800532404
828310091 828406556
734362921 734459392
861779980 861876448
790210371 790306832
803906981 804003450
788956455 789052921
738896310 738992770
146484238 996757930
868146012 868242479
877598603 877695067
959392444 959488910
879527698 879624170
793875660 793972120
714010916 714107388
863612628 863709093
727803986 727900455
745937528 746033989
815192211 815288682
770244184 770340651
802267248 802363711
739378585 739475046
861972889 862069360
919460066 919556539
729347269 729443734
719894673 719991144
873653176 945013171
942609268 942705734
935568050 935664520
884832721 884929193
961803810 961900282
758283765 758380229
962479003 962575461
881553257 881649721
739185680 739282135
936146780 936243245
741307685 741404150
969037944 969134400
964986832 965083297
290955246 978071820
741500596 741597062
791657198 791753655
976850800 976947257
920713982 920810447
805450260 805546729
927176474 927272935
939040440 939136895
946467465 946563932
758380221 758476680
815385120 815481589
927562295 927658754
752207104 752303565
768122180 768218635
733977104 734073569
926115467 926211932
813166658 813263128
847215276 847311735
734459381 734555842
727032345 727128812
561580222 880304892
899397434 899493898
978876346 978972818
879141884 879238340
840174064 840270524
804003431 804099895
734941652 735038119
949650482 949746946
800338146 800434609
958910165 959006635
764167521 764263983
800531054 800627524
888980285 889076756
907210286 907306746
853388399 853484865
901037162 901133626
880106428 880202899
820497237 820593703
740921869 741018330
774777575 774874038
964793922 964890381
754329114 754425578
103067910 970284722
901230080 901326536
783458524 783554989
719412396 719508861
719701761 719798226
811334016 811430479
824741261 824837722
967398210 967494668
889848390 889944845
881360343 881456812
906824468 906920926
884929180 885025647
787991903 788088373
94349960 917938855
782011696 782108162
956595246 956691712
833518664 833615134
852423844 852520314
798601953 798698420
902001713 902098178
721437958 721534418
846154274 846250739
894381772 894478234
832264747 832361211
798023221 798119685
260621728 983360116
779696774 779793245
917145147 917241619
812973754 813070216
725971338 726067803
830142737 830239201
954183870 954280331
720859220 720955689
731179907 731276376
890427113 890523580
905667007 905763467
275677558 992198074
789245825 789342280
998842537 998939005
997202805 997299261
848662098 848758565
827152636 827249097
951483135 951579596
868628289 868724749
805643174 805739633
563456378 996403416
980323170 980419645
766096621 766193087
955823606 955920069
807379364 807475822
726067792 726164265
898336425 898432887
852230938 852327395
882324895 882421364
943573825 943670280
878466696 878563155
830046282 830142748
917916791 918013252
983120365 983216840
914155050 914251513
782783330 782879802
80541372 938009806
737738851 737835316
823969623 824066086
771980376 772076839
863901989 863998460
837859142 837955600
872968762 873065223
715650652 715747121
978490533 978586995
920231710 920328174
812780840 812877301
752014194 752110660
908271285 908367753
826188084 826284555
816542589 816639046
748059532 748155996
829274650 829371113
885314999 885411464
781722332 781818796
887726378 887822844
775935025 776031497
941934080 942030550
716904572 717001035
824934175 825030635
727996894 728093361
967301754 967398213
743911968 744008438
838437874 838534333
874126222 874222683
951772499 951868958
727225252 727321718
791753649 791850115
986978569 987075034
880974528 881070993
722884781 722981242
947239110 947335577
907499645 907596119
864094905 864191365
898625785 898722254
892356217 892452684
736677850 736774307
996238251 996334713
815481575 815578041
992283594 992380064
869882198 869978667
881167432 881263895
831686024 831782489
927465840 927562303
905377645 905474104
819532695 819629159
992476502 992572968
968073393 968169856
699771825 797351498
760309319 760405787
991994234 992090698
315871712 835597805
930648855 930745311
750374451 750470922
740536041 740632505
958813710 958910171
973957147 974053606
831203746 831300205
808729730 808826191
927851656 927948122
975500426 975596888
915312502 915408973
972703225 972799697
446295366 993346111
844900350 844996823
801977875 802074348
981673544 981770005
868531834 868628295
948107210 948203665
891295215 891391674
244729729 996268731
867663730 867760200
833325751 833422215
857632415 857728883
94195695 988185468
937111340 937207804
850977023 851073486
736967205 737063673
899011607 899108079
814613484 814709955
960164085 960260544
728575624 728672085
276020851 996358664
935760967 935857430
815095765 815192221
754907835 755004300
482104621 870793810
829949831 830046291
734652295 734748751
896021507 896117974
732240915 732337376
961032171 961128639
810658833 810755295
989100575 989197048
847890461 847986930
829081737 829178202
803038880 803135351
984760101 984856571
880395796 880492255
939136895 939233360
807572269 807668733
784423074 784519532
978779898 978876363
988811214 988907685
802749517 802845983
786641535 786737995
821172424 821268888
756065302 756161770
744394241 744490712
799855871 799952335
751496739 994728025
993537513 993633971
635295127 814943243
898047065 898143523
860429614 860526070
814324120 814420589
893803040 893899500
740632504 740728964
752592920 752689389
783169160 783265622
808151000 808247464
739860856 739957323
835061945 835158409
816156766 816253235
932192128 932288600
814131212 814227676
778442859 778539321
815963854 816060322
735520383 735616850
985049473 985145935
900940705 901037175
862165805 862262262
954280321 954376792
846347182 846443644
902966267 903062728
839305967 839402428
764553341 764649809
930359483 930455946
825319995 825416453
776610212 776706685
828792369 828888832
776417310 776513772
712563944 712660413
753350370 948193975
876730505 876826966
967880476 967976944
737353028 737449491
735038108 735134570
942223451 942319915
846925909 847022371
734748744 734845206
983988468 984084932
773137837 773234295
993923329 994019794
72910324 938617928
776996036 777092504
905570550 905667011
892066855 892163311
983023918 983120385
