94
1 2
2 3
3 4
1 5
5 6
4 7
4 8
2 9
9 10
7 11
9 12
4 13
5 14
8 15
9 16
13 17
9 18
11 19
18 20
14 21
21 22
14 23
20 24
19 25
21 26
19 27
25 28
23 29
23 30
30 31
30 32
28 33
27 34
26 35
35 36
34 37
36 38
36 39
36 40
38 41
39 42
34 43
41 44
39 45
39 46
44 47
41 48
40 49
48 50
47 51
51 52
51 53
53 54
46 55
48 56
53 57
56 58
56 59
58 60
54 61
56 62
55 63
55 64
64 65
64 66
64 67
61 68
65 69
64 70
62 71
67 72
66 73
66 74
67 75
72 76
74 77
73 78
77 79
74 80
79 81
76 82
80 83
75 84
82 85
79 86
84 87
85 88
85 89
81 90
86 91
85 92
87 93
85 94
3116038215 3063578951 4163890880 4174506094 4174276274 1210434814 2842041632 1249556439 1649726620 4019615285 2495212166 2146680801 1954342419 3606153063 3802481562 681426721 3699286534 4215091933 362717328 2625391086 1671154898 3386889890 442449237 1340903006 3022356358 2132146862 755241508 3788918165 1301697091 3369393605 39801045 409589742 2456200101 4083225323 256782509 2418289329 2616878212 3324909487 3604778381 3994509715 3361219383 910623319 2214375301 1127497764 295052110 1098559295 1540761562 2815081432 3338244967 3096646680 3489982237 1253830007 1288427634 2884667610 3960754658 3723918703 2657918691 4057429373 1327266126 2605778575 1582731605 1673619242 777954893 1190038745 4185126450 2947531401 3902867443 2568657949 2750447140 448849178 2376967114 1404024239 4076844766 17732828 2966953804 1983520583 101944325 58178094 434049469 2073970009 4047555911 543337612 375373269 976415700 3894199882 3089663227 2715137880 1035367459 1775907381 611044886 3387926450 3570009814 3506110840 1020326731 
3130961718
