489 99 100
45 41
46 64
35 29
19 48
25 81
24 96
44 79
37 85
24 52
31 1
30 84
9 18
1 52
39 26
21 39
15 43
20 33
0 77
42 41
38 81
24 48
9 72
28 88
17 7
38 42
44 48
10 47
29 91
23 0
30 19
49 95
14 36
4 60
36 21
43 95
22 3
12 0
7 29
47 0
39 45
12 81
40 91
40 11
11 7
27 55
5 42
25 19
45 33
28 15
45 38
47 80
43 77
47 17
16 48
8 89
44 28
38 53
30 57
11 96
21 86
36 66
23 86
25 58
24 61
44 57
25 7
43 23
9 11
43 27
22 74
25 76
40 29
23 25
48 63
0 20
26 19
12 79
41 94
48 16
17 55
20 86
23 68
5 0
44 44
48 83
40 2
21 75
44 94
9 42
7 52
20 76
44 82
40 23
41 65
32 71
48 22
46 78
29 8
7 75
16 93
37 89
40 81
21 50
17 18
49 76
47 94
35 20
24 47
8 91
36 88
37 5
4 87
7 21
4 8
4 62
48 18
41 75
2 36
5 46
48 69
43 73
26 85
5 82
5 57
23 23
31 35
23 74
40 49
2 76
37 72
44 5
8 73
33 20
23 84
34 69
35 15
17 83
38 53
33 43
20 33
40 52
7 83
43 71
6 57
14 89
18 88
28 70
1 10
19 89
49 9
3 57
28 29
28 35
37 30
32 41
42 38
46 8
12 83
0 14
7 27
22 10
21 58
15 61
15 4
9 32
29 88
8 65
32 63
48 75
1 53
15 25
15 6
9 20
44 54
2 71
25 82
49 19
13 19
21 98
20 30
4 2
22 7
9 64
28 12
19 96
18 48
48 55
27 35
13 46
34 4
21 53
44 26
37 89
6 54
35 47
10 50
20 13
11 70
22 67
3 47
11 44
10 19
21 62
15 11
35 94
35 67
43 43
15 30
5 49
35 28
1 58
40 27
43 100
6 83
46 8
3 84
3 62
41 85
10 21
37 42
40 46
7 4
48 16
35 42
30 98
31 3
40 19
3 13
38 31
48 27
49 79
11 97
13 50
24 98
11 28
1 84
25 29
36 22
16 72
49 67
43 16
48 43
23 96
3 8
45 50
49 83
20 56
25 96
20 43
43 16
48 26
43 59
15 93
1 6
33 1
5 30
3 28
49 53
12 41
9 16
33 84
45 34
39 53
45 53
29 36
15 9
21 49
35 56
12 32
34 72
47 92
15 75
21 61
44 96
34 42
9 1
4 33
8 62
18 74
48 18
42 3
46 39
11 28
29 90
33 56
46 28
36 17
38 61
34 70
17 63
18 9
17 29
42 42
48 12
2 62
1 81
34 46
28 32
21 74
28 22
41 24
35 89
46 81
34 57
36 67
6 2
30 17
7 5
43 5
10 68
21 97
32 6
45 75
24 91
8 60
16 53
24 68
18 12
13 97
47 74
34 40
22 83
44 10
8 88
32 12
9 39
32 95
3 57
7 98
12 64
37 62
8 18
19 43
21 1
32 81
49 74
23 42
3 50
2 28
29 59
23 55
27 92
3 68
45 35
1 90
15 99
13 72
18 61
3 8
20 58
41 68
14 52
8 11
16 30
38 78
8 48
1 6
5 68
29 54
34 83
48 51
27 59
48 12
22 0
3 68
0 67
19 68
5 17
5 87
5 25
31 38
44 30
36 87
12 73
11 0
13 52
2 11
44 96
3 57
45 12
30 39
26 67
15 38
1 93
41 26
7 47
48 46
44 67
22 77
11 73
24 76
40 20
48 52
18 3
37 59
41 53
15 67
5 24
31 61
13 83
13 64
49 3
20 40
34 34
21 4
30 6
45 13
29 95
37 11
26 86
9 65
42 52
42 75
22 52
8 9
4 57
21 41
31 81
30 61
43 13
29 88
20 53
5 57
38 99
21 43
34 95
12 44
41 90
13 68
34 86
9 72
22 96
8 47
29 4
5 11
3 55
49 2
28 64
43 11
23 52
31 63
45 68
14 84
25 17
28 44
40 53
14 45
29 81
42 64
14 100
7 58
27 70
20 80
15 62
34 2
9 80
42 56
6 54
16 57
26 72
5 9
31 15
46 24
16 88
42 58
38 30
47 43
12 59
27 8
32 76
29 74
35 45
16 82
41 99
5 19
24 76
25 24
12 70
18 59
16 8
27 3
21 81
14 42
36 17
28 9
39 43
34 85
18 2
16 7
