4652 99960524 99049413
55161536 11067415
55858170 63183982
39151055 45470892
17138465 8493866
2553959 37748400
23651629 42808202
91235396 62593755
2633696 47720838
49762029 53636432
54946829 4167775
76535245 73857747
58182335 67594329
25774678 39435603
53447493 47001627
97904990 24481022
64279214 71646323
13091567 19906749
79589923 88098420
61488293 2172684
41657565 45949946
36343457 1477916
41525234 79923778
31368619 24185713
46739451 4313846
99939003 96413729
20137582 19919874
9336506 23954380
61700214 73122929
28182281 37966637
49766625 40458049
94513449 49975599
8323517 93427244
53236585 39585161
62543732 80480504
84962566 72833131
9368239 87759381
49535865 21999974
77605880 3393308
85098539 33252846
37450410 52213387
15352681 72849405
67660045 10514594
26618266 70108406
61001113 94109862
2072945 74158561
25236809 42590168
47497196 38932482
96641785 91632062
94014299 63905945
2990492 86505226
88768357 47319217
94363102 55116474
75900802 6706512
16261251 59163503
41936168 12806757
94327465 76995165
52017182 88569509
16095832 63337018
11994741 73163695
56085672 88549580
48563078 16076102
80752135 1361761
87181150 28555503
96997057 49861460
10277618 47190071
84643757 83622739
39910019 98755454
53302645 12059823
4098485 54939145
43114686 86411407
45359082 72125131
54683036 58268983
12828010 75204918
4429143 4192293
86506257 91697776
58953950 42486427
46434632 42668700
86101803 97831302
66638283 90858715
70641040 14377116
22609776 58087978
7305327 81484461
75601326 31605373
52856995 12410821
48678421 82134767
27833811 21356710
24505292 60754955
6476131 61638262
17583604 62179565
67227231 34549762
52234719 42967735
89574318 53625022
20837193 86007303
66758879 50413172
4878108 7291511
46406979 6819971
29310900 89675079
42628921 94855278
13567209 12290122
57024431 53490396
64485925 42708138
22530048 46794550
2171449 73576623
80472170 82096016
29235510 16216144
98709366 32458513
37525224 80162345
89124543 62547308
93694045 59300681
86261958 62908420
57342364 22242707
31347671 25068797
34129779 88003711
51251588 23552702
34224111 56343560
6054483 42717027
11563264 66696355
26465660 13614411
58980282 45412635
30866054 52216128
47502739 57699450
66100380 7952663
68283513 96223620
5269457 33212336
61083128 26677077
17777459 36112552
67730571 26980514
10465269 73089319
12168878 35996585
45873420 58879523
9628073 37919776
71687589 31719381
21099554 15314960
8015462 66452332
22091935 54612755
83348825 76804936
34640526 16166364
5111520 53381586
36759228 39992107
8436172 75211248
41471226 95573881
28790610 12284516
74392654 3232088
9406880 41169279
11313573 73308510
72572689 61054175
26496438 21432017
69692233 35546571
54944500 71377975
89082235 21686873
37095945 73045172
24220207 88128930
11163423 47832877
26338690 56508785
47322345 12624919
86246934 23336438
1205849 58297407
29599304 83016467
70489622 25028947
97453085 34004293
32383745 30282357
96108898 16265695
84030479 948737
40395549 98993586
55780329 53079376
49880421 26235867
35383086 1251477
17284662 71712955
90857719 40819359
60801727 17029676
72423719 41111222
82093122 65483311
20465346 92282427
86114462 42511371
16645039 96792567
45483599 94348325
72635775 55939849
91555017 37561247
60285609 54982223
87706074 63719529
97577792 67181598
39415448 27896675
94085231 10909011
44440578 20666821
89581327 812943
59707003 74280428
20331193 60008788
68817657 61111451
21376678 21752850
23736305 82261719
82880244 60197306
91711728 73033735
90428865 91995713
15068996 70702581
91978750 67290225
88819127 91688829
85905424 50015973
13430020 98559612
77469798 12377322
48829942 65414453
96034501 62612858
53763670 41435505
8442686 63403547
55817094 29571028
92663420 97753289
3003260 12207265
90965308 43808636
26112991 68048160
79888986 70545157
56166467 40171551
79352963 30436334
1980956 36990829
90455418 93664734
89286265 32330788
96031998 91063413
65548577 64133187
51032517 6778652
65872831 29328966
71399557 46808811
38601233 33425888
85184697 89287966
14832847 14098502
77025874 49910207
19727690 66364183
45876942 61361691
85429985 77615663
85359925 63950399
92700013 77648406
72144078 95724595
82810345 7871867
11881359 27704112
11685712 65669249
39499468 42630885
21033427 14262559
45574745 2608883
6670022 37620674
8613535 13900207
43281285 66403008
53353892 16189435
80908157 79061422
86179236 23519829
6456654 34887582
89157246 91533598
80279475 74888707
80648692 41501315
70339485 82166753
87698987 79196534
94931597 8601980
8605029 27916831
97005735 82644323
69811560 90002021
11036268 88088595
38421017 2030029
69014446 71896040
41321882 81834976
22759601 2896530
91596430 49769738
22294200 32883191
57817480 97269126
58812661 38767949
21300247 94819817
95021766 64269015
86467367 82196029
56963646 66946633
49485009 97240435
44067407 26041139
83569510 97928877
72650641 97584986
83080100 14580689
71523578 49815931
56778681 53040713
48954718 6767043
91775814 10284005
43039404 14344744
13864377 27671070
64998181 48081100
26230283 53703011
19263202 26873737
61649075 25182661
80145541 49537207
26631523 94042239
56891430 89800730
60428934 5202893
82863168 78969886
669062 83327073
26113167 10171399
96224770 94471802
55271774 77565416
43023078 75924704
50649177 24520199
30497924 73052680
12203586 59659286
97398630 80622502
34629321 88313245
81984635 20489952
32764676 6591541
32969670 62592734
60168449 52096532
23999376 84147728
8607755 62206107
15259379 85985254
37361373 37922606
14002913 75058177
37957851 48401357
11224960 38174858
83461459 88015334
62895978 2871844
21349803 54533253
43423091 24796820
68462196 19954026
66894741 7616604
88685973 1556922
1043202 46648160
51316517 57719039
86659870 43710662
24270372 69573354
40383788 28537621
455809 70574584
59883462 72405064
27830741 48286153
36136079 27398481
80457095 35628565
2349526 72567337
46872272 62483890
12539684 95100588
71504553 59377481
90191562 55404669
42470836 78957209
46612827 97870455
71066924 47292733
88392399 11708446
39986963 41601258
47262673 76881844
16110353 76083050
25050437 87965773
17139341 41859190
80916224 47742580
19457312 24640776
97209590 96837687
83249005 49806110
64859876 53689100
83055958 84401562
20268058 7078363
43830842 55070118
40191496 41810610
82518610 15359011
43161014 47700348
48207588 82109142
54500891 55849921
83551417 68110698
37211122 23293137
16856973 8079590
50002579 47287714
66331436 20289754
28737438 91826757
13592080 49762031
4447395 30974486
83553511 86413427
7089129 12709097
880756 59975569
56328569 29395813
95114874 35317189
47791433 57628196
43202019 96778507
97364640 72855976
27198659 87488091
78555639 48969572
32395912 85553547
46218561 83558751
6273422 785863
98098604 61498335
73999022 63550881
87852768 96410736
78274430 90865555
13386009 40000423
14358152 57406465
65401968 37624545
36106581 30450827
45911226 84714606
6685837 76558086
52130261 24171097
47153250 39141559
36662001 81444690
94978080 69060613
74957519 51184550
49945911 39036759
94205340 7380567
80150075 84661334
76697753 51135234
95196178 11374770
36860763 11464607
59193092 85774296
18856211 81308197
90745341 27698843
23870333 3907667
67586088 28185680
13865020 29623749
60487451 84032836
95566990 82632850
41566892 26647924
14086443 68310955
81380486 26550285
9277589 13439537
21583963 69916637
17094252 54334571
46626473 98887395
96078836 91157674
62032765 80281435
70496627 73877207
43264720 62578126
39801652 97118725
95539879 51516532
9195354 91894361
37728498 62227451
27533230 84733377
23682670 5903849
19477414 14987943
83785231 5754966
73106736 37459324
48558578 59329664
2603854 13768637
69404063 3796981
9261610 18992358
19862618 4247665
53580803 65857973
59927521 30059779
17710136 40062176
28218596 39648363
76027640 41626545
30701154 58656096
80953066 15843637
50758508 20511662
23265553 37324535
69062507 60199737
58055432 43093956
53724716 23568627
21657331 48709239
8761549 79436715
38749528 16864003
99822947 75993429
21285389 22246167
39211339 84908791
12932908 96072457
52380889 49136831
73393179 97866575
71177675 62081482
12737394 2941552
65788435 2339357
62495622 62212252
37181580 14061551
82209040 13741396
14596602 40888251
91936870 65345396
63999912 40925575
34710291 81928750
32340114 45911669
82305355 16147056
21199717 87014208
77178992 49822966
18983779 67195009
86234310 21741972
35129182 76161348
47127144 38981803
43719078 89219710
42703717 47691911
72613673 38003828
41278713 77214515
64001977 97544992
25775753 3063912
16014510 8959306
66356643 21536376
29284266 79450690
63276514 16935595
53711393 87323362
86645146 64008541
97978017 30929079
44662335 53538554
39202884 1644144
28739012 75332753
69106220 94913042
81542694 70413202
69320318 50772190
62104548 46788086
29738889 37686661
85505870 31966519
77154011 20045060
3826964 46410744
3412573 58378778
5335884 24517050
28962245 32372070
28682743 8345950
77239004 7953098
33365403 20636307
87498483 90423678
71013856 93383776
36998377 17359954
96464569 23016275
68150073 56328767
11201736 34469267
45835613 51586964
16307544 44130079
45376642 88895972
97283014 73784197
72850159 1239490
72720497 27159788
17284131 82179859
79460616 18449254
93199346 80469382
37826341 23480106
76296217 66944063
24608729 3604733
47525583 25593963
72613504 52867819
28679413 39684441
46428795 39588376
98411594 51765597
13933173 74776248
6158392 25800559
34344288 45373039
27842690 15781451
17243985 51867217
23475385 98863139
53318856 28013252
72426609 31672118
81556983 20421605
19011452 69363143
30796059 60159312
66274181 68223029
58050168 32349897
86237462 61778201
73210301 13415205
55600672 9130756
12404297 60361487
99206480 51523957
36782719 40612852
16248061 20775577
14791844 40824777
5998065 26766935
71624855 3764047
11236324 34019086
54790679 51698832
5959872 39014234
32082407 3868957
5934192 59822370
14220029 18998534
37470053 10906247
25029444 90576
21356725 58013694
56625630 52976991
54736147 84707578
73559228 72944042
75176374 67979329
83457332 47407832
91546197 27724257
35430047 80578859
3700852 46062489
59989271 24273689
6163331 59577747
12453096 25047245
92202854 53575524
15366933 17081194
6281269 67564715
25957583 37733302
18077021 32729446
96706364 925380
71067354 14901303
62403303 92765419
39860387 74753045
40863398 11136579
41994297 52567382
10511845 61017738
2400278 68218295
31706108 81495556
61707165 5868086
29653475 24802899
99714524 26031491
77441388 55684501
71215485 93069562
70621761 79780776
79556955 81195708
21664792 96500675
24940593 47961879
40856151 50119993
72610142 25771092
52356940 32966937
38973691 88234586
36231448 63827946
34799700 13189480
76612678 24275970
44144827 81861791
86197629 19869535
66997445 53258159
71375062 11353024
67882734 51219578
25254655 50698608
41917677 71871629
34893245 25524715
93001327 36272846
40516231 77812468
97324492 98001491
38936558 89681447
69806151 42009873
90430010 54151868
81561204 2710388
91659192 25388572
79869526 95893474
41505943 87273248
66142393 33373630
21161389 46953922
2770536 61433435
84168597 88780916
41194351 65500894
7769342 32901786
87859322 8611917
36365769 95399563
50673565 3428133
39491111 45862912
42841365 95947700
32608099 8061900
20265454 34883530
32012788 8716636
71503575 96681179
85265378 61816625
49762479 27004930
13560126 59246975
64813990 57588173
25891704 34978207
79831676 49526396
42648537 26600693
28291297 60310235
32603581 87371971
11875536 92295645
22355083 50887876
52196994 11553456
12948517 18219995
92864508 86645501
3441162 72697761
67703299 45958039
28397979 43878206
88467940 61868331
51101948 73897740
86785732 6685412
3814961 71569710
32334593 9931667
49393271 12994832
20293234 17572760
98615337 26709264
8983907 27660773
78331476 7323933
411596 86759087
67657693 19554938
423731 12032508
44260901 46348392
10628253 55020797
30342278 16221136
49600358 32986229
84563820 33050801
91730954 3999544
55569973 19538085
9984560 10038018
20464139 51396145
54267645 54545101
21189928 42617020
50546696 21654624
148406 15606694
2802617 69557238
85187887 39080406
36061701 27747799
58399292 11620761
25656997 36468433
41948459 27395246
65973809 78023951
25820745 90045499
67820293 2456497
15898297 9337303
63068806 92540576
97355793 47009612
66408310 8078357
34019848 15001260
88372882 45906460
92591051 91356659
23539853 86535588
93029320 45745298
89223150 9525294
71374319 62795286
84703898 88088960
7287075 6865415
30491184 22382418
28911565 12344851
60557003 53488977
78967981 51281733
32097265 12153229
58644784 46792955
67937052 81168731
40547324 76437104
69097728 38151372
51016776 94870295
9076019 1509800
47664333 89790344
39286529 40402610
865669 25637132
1979140 87252593
22858982 59347931
95968606 9336809
47110606 98268742
99910560 15742287
23176443 42254478
18879844 94308012
95740116 11781542
77847933 93599740
74616890 3024580
84604194 23718514
9887521 36231305
72770994 47133555
78064818 31700435
40606794 17807471
49232352 86599893
73891199 3200893
90197748 3461566
34155108 40423994
52252173 68741876
5941071 31434625
39458337 88462677
28913870 79180521
2434041 83623
26181143 91194549
8947889 45878081
29491005 59251427
29636635 83981972
55264465 32392358
17611036 36818605
97838923 28117642
79615284 38094711
7628035 69508854
3692708 95026893
84590179 7019938
65863332 68843472
37754264 5726187
27601062 30880388
52381042 24173265
29456937 85106117
35420397 84926328
35341286 12433659
76093126 52750337
20289510 59072076
59399329 84671399
87215237 64967664
79561491 11536496
34691445 11799036
50131887 50865948
13644414 97956371
17004176 89398437
87047507 86033951
69285036 31105346
93502787 80778372
19520327 73042555
63365664 29434020
79536956 69768083
918223 92315987
95466093 38670104
31787118 82767123
46597794 54456615
30572192 97141852
87214770 93059680
68490922 67367916
13700245 81689800
23544926 11058467
7409311 87611084
78895465 2035135
33901865 26772520
35904224 93425651
70495412 18903145
33455776 63979547
35191551 36881954
47091113 7896077
85949831 41279404
20370578 48564194
17424194 64139689
84478176 39034119
18785513 97833736
9391263 84199743
97633464 22448431
29276190 89265388
62746772 66475804
1436166 40146589
49488248 8632501
73624582 98694663
38030280 77524050
15478264 51096402
57378399 13215210
73922270 14899147
19377576 58210129
90516484 47076641
52129368 15585916
10581654 4156036
57887506 46562042
39549735 93762735
64359648 37884020
96654334 24672040
46699972 76722218
5679528 61636831
70110381 51307308
16884989 97235163
50565844 65613637
45152645 2359689
8929647 42961767
18378805 71954716
72302007 81731116
85479458 1568183
77381705 72700639
23787722 84198821
89685042 18367212
87019034 84547854
28831666 23196363
56886204 80897727
9584824 74498721
85962012 45642783
45067090 57864567
91278346 17212487
24190156 75229309
82228637 93263327
91151560 21188782
13937900 38100549
39078417 75713552
874848 60500134
51501172 68920794
4564329 85961901
8456180 68113578
34820458 72111860
1640442 37515806
53596379 52399015
18473738 25122020
43033077 87087345
67810321 16940047
2131960 66064424
70808905 29735457
45553891 93309321
38365487 63480199
77967266 6116456
67418255 50240184
78434451 78801952
76303658 25875152
82933464 86086010
75318174 39116422
26787578 51419156
13297565 17862860
89026176 44498821
735618 76719229
56735342 26416280
53116191 24963475
9527263 29546986
10670640 81568816
29578549 96379257
80338381 15337535
14321817 89164678
18687352 72154557
30865189 82996960
90959556 74691499
44430401 9969703
84542644 44269316
88777493 89175063
19810996 85317685
86122726 10150636
96325898 12208586
68332468 39383308
94034385 781527
33755710 67878669
83950823 35694326
37222980 51883526
22498733 25394748
82990876 35125546
27882786 13597678
32721156 89312699
87939658 19099812
92640059 39772811
12951650 52339799
33329504 64422578
95614972 41869410
42641065 31763248
963296 28170621
61760598 77349921
17169917 72606326
57727629 52994526
8354109 9147887
45603967 15006762
88485804 37119278
79775700 53921022
14393171 82566457
33735133 6610198
23971172 3744632
11209847 88267386
73617501 58712684
84312414 94346605
29282229 86474874
24168098 65500015
43682731 35053209
58289055 96237152
51512403 27519262
51012814 71988811
84275754 17807922
14584089 5630914
44979551 4356798
18708733 70151601
12386016 64342079
26418460 44974684
95498175 81298333
13204423 43269578
20382171 47103103
27972485 42628570
41049071 5339443
44844668 16104044
60967525 11691615
19140123 93858152
41809736 40295193
26790102 92367043
22837707 23572648
75815132 70497496
70660726 42978596
39213076 58475363
41511346 52715381
2891594 33728051
88068988 95276241
22567273 75806464
42787883 44661922
36525948 20605011
30894461 94191050
26201980 97262642
21529472 93556368
19846502 13299281
3346129 70780144
30922768 95174491
8842629 30322942
51458276 10038781
1208900 15219041
93718585 75535451
52365744 41996432
25293166 72224339
10353351 54534035
90664331 95157962
63206596 68899093
83329741 79001092
91752989 53190021
38016619 1912057
88607537 6766267
42234776 53839338
11638898 22121334
71687363 38926778
59729942 96855425
5055338 3210939
76123175 80352314
79810523 76565549
37205252 57789717
18977968 54463144
53748159 73072361
61524668 41159446
71501670 11434957
80540929 49006660
27626353 37429439
43757792 42253604
89713225 47364077
28565457 74932674
79849114 91425487
80347928 52734265
53683918 24189464
93772374 28288257
56190221 71857205
87318521 56015868
24210181 28710478
8022194 23528480
74641057 52370470
33162969 90226041
18545801 83934341
61487778 59895697
32091724 28509584
17464198 48059578
56864671 82601579
23006563 68691469
84792376 93823947
48028287 94607551
72118402 49936813
81751662 55964562
65965324 91195467
69829280 74574097
47698631 14002839
46053258 65329028
85336078 68760264
78935753 34796004
61017328 82700718
97519181 29455227
18758973 89528079
58917949 23083339
88019333 85232379
81360522 66198541
31980246 66141906
20482453 59527559
53014846 59259422
39487324 42418153
19264805 39027557
64559639 509962
23328534 50995843
17674443 59663974
31119424 21312533
36796002 24434438
13408565 25941084
7092370 22042588
14175192 4096153
77940142 45573036
92637668 9359020
49727318 50828588
4090597 57203336
17734177 68277131
68043703 96791605
46687038 73384227
17847143 30017157
88053898 68066363
4111213 16447734
72946026 89217541
52852692 1298140
12485704 56347655
28628268 16215056
69988450 71680320
85716929 92874049
67698592 32121547
15670571 85041700
32950166 94646619
80946100 54470053
57137458 8837609
47722708 25100006
57018019 21101316
12817645 92429233
73104137 2456321
33546581 33294655
33214759 19726536
73809789 62887465
82303661 46848699
46980491 42480700
42696829 18207548
31455360 25566034
66068672 17140512
60573137 86397730
5984753 50700947
72274799 56031675
33083191 89865252
54644679 38985516
98960931 3072254
74810030 91745631
85650108 51244102
89860274 8356897
51467957 45298783
54876368 26622699
49490890 60993487
97399093 20630358
12446444 77455135
77316438 94646644
37498708 88969109
39216225 45063896
68991714 95571310
57247060 14737075
90884514 66623775
83414040 92722101
72088341 97457414
61678856 75343400
73181291 55667399
4528788 60582889
25852616 85621196
87558790 6686262
37756698 21525465
59800338 38063985
85930599 5780281
36143626 71159703
47474454 62513041
15229929 39658961
99107767 65708775
73204905 49687990
48368538 21700795
65182463 85486389
78416876 75098625
47116555 34840829
91814511 18214747
45884867 18766832
90284094 33449274
37877245 49555600
61071612 6667462
4344437 61540070
54893736 27656829
64533391 36385324
13195094 41333604
9518903 22350870
69975684 25185754
40513913 52130732
42479502 40979625
37145033 61956370
63893774 537754
92169330 23978803
65193511 78040532
13684644 46393473
83213504 32495724
80861451 53189393
12034005 19080624
28483775 24052496
200826 41402140
14335176 51418784
30500378 32629492
12013002 97056805
56946795 2650508
62064230 58165493
61332397 33838263
21063670 85231493
35144173 12592959
91692895 18280407
95538716 44951094
70231 96926958
79367225 45746833
47008078 10194319
57581859 48780778
96694929 79111152
91451049 7173861
46153068 6162778
54045547 13303132
95856680 93108458
59842272 55197026
7172607 46349875
70063144 17606685
21751605 265072
33948745 8876483
65837243 41560038
49964992 14778716
75590121 90045598
53678430 1703726
44461025 90998948
32062628 81254403
6754183 10854884
93996903 13644136
1789849 19205469
99228160 95336372
2811854 93804057
77668631 25099864
49549991 49913852
83384475 84427153
95379163 26961063
23073946 87607448
19856152 58199631
43302085 87637294
90291686 84528630
69776107 21140171
44381703 24785182
31935680 84639724
31821048 45448330
73287493 52748916
95555053 66099547
802120 62755096
64646503 30349056
4977674 79847292
10165221 41246575
10110081 69326109
38759304 22633726
47847023 35793767
52977038 83428882
90700838 51433155
15957522 6254861
15064210 48800724
24710860 53885898
78132036 45867113
84022901 74752995
42792171 19997492
34627403 46330430
552830 95637120
25044176 10163661
91206883 38927929
82914552 17858963
51194015 73170937
17043324 3265674
71986495 46441465
56161850 34333762
25286372 44643734
14109754 78750359
70494368 20440752
81330366 27979511
93481883 75429417
3614372 89666712
41780629 33289989
29042422 20839240
4948224 35231148
10194284 8536084
85268771 39230495
72333203 5189419
82837721 72049069
55449437 34314435
72728387 2560722
11257045 71076194
11328150 35561325
28152633 68680902
61420971 35252491
50515178 10418949
13052661 56359965
12125527 64741262
66663573 45294906
61041416 32941304
99807147 37645888
94357567 13577797
90102507 88653898
2699638 34473565
82027414 44053707
81972131 58852045
31045965 57899736
62780746 25201553
21005368 84544520
5103653 64676863
28386295 78128095
32322129 46944453
44895567 70579399
5844548 73142075
62486353 71434887
38451656 66356222
86264118 74673084
67224124 25437133
24043039 80907912
40878332 47469883
23268344 86307125
85661068 1681827
16947187 5727125
93318135 39011981
56804444 41698382
1435895 11163924
66191826 86041236
50016822 96086634
37859974 10870539
5145568 84716414
52621212 82014950
6662584 43614173
78930621 96073848
26949188 74710973
46133785 52595285
27729459 18539605
71614079 78916969
53914689 67101821
51827430 2265053
24039286 52080389
32230937 75076017
66453936 84700623
9357863 15509461
76605235 57499973
94290551 75516034
65436914 64155309
15043381 12872272
26157978 11378525
44020853 88256876
48961040 82280405
28565939 42182714
78900750 29159796
29480911 59208907
39923639 94616819
29468335 21589566
88961517 43689168
39541244 28376105
54820279 52656164
30152246 83018540
51782617 5668693
45513680 98049141
27128519 73913922
97998706 44226905
62453536 67033907
20354289 23939268
99712611 94874292
68396999 85259990
29351867 63458076
14061169 8110429
98400092 9852310
63707936 68253677
88450065 72313614
82961199 7594871
64377865 75470564
16687527 83475038
21759542 16306298
38067694 33432996
18211928 86672301
89448168 30557213
95326639 37270410
48554654 50227467
14802823 3478539
36725549 32037392
11890023 36530658
32708358 86694456
42416316 65945128
86487790 36730977
71922586 29805784
11382245 85759512
50994465 57790810
50930565 28794286
23990559 24038961
65857229 42013418
46211948 92166700
25475696 45062491
16588843 58702460
73715779 73580369
28718844 69346618
98221496 38083510
60095098 78159613
58286860 95631168
15971504 18414317
42671380 39221473
5765041 42982938
61178446 86544466
23810243 74040500
23426129 76824423
30811761 65090459
18784406 32118899
36520632 40081054
22890465 59888502
48101629 46372608
86700825 88429572
23430532 80124186
8640853 28873869
98976457 68501170
83228200 83367105
8968397 78606651
91247801 46035010
96541977 94943186
9204607 35438930
53293017 11696414
4112299 7931247
24122818 66775340
19758938 40130747
5514996 264678
7488815 50320894
31507399 78159798
78681114 5910511
1602823 35080676
40318722 89144200
38973979 75423671
77572930 30677811
84437518 35479897
45619138 85584033
91211710 15060152
9552589 75356626
9759792 38346775
18402768 39646402
51337802 15033476
21807348 64192762
53869341 30575434
36812895 27820589
14799009 68283472
93572087 50724939
60583498 35140917
10548430 67453035
86428667 75936931
77640374 88868839
65186324 32317125
43658501 11002415
44719850 89349770
88409878 27420792
81477731 70801085
24578007 18479284
69676388 48166710
13458815 15855785
78076042 66207832
44294565 36464774
4285910 40136391
84030372 33516267
33655415 81965294
34665361 1001000
84103040 63009907
65417050 67353493
16813040 80329868
98668921 51922415
86168769 15768299
7198499 68300
15558187 84488570
84467000 15370390
94514156 25725930
25978835 25810779
34417747 34650766
50358652 45472961
95860823 22947697
31108213 32977094
25446988 13027774
21391229 62269640
35209129 73253732
60682661 27381559
18923059 23557111
59382412 93556575
10060365 91133821
53194869 30253111
27344578 54576230
51787671 28902297
66018829 78167850
1737997 41448635
61056869 7298059
72647932 35934387
18711007 40420275
82364048 2566054
79003683 82199247
14049293 82633776
86212765 41447662
88253119 33702360
51777370 13554058
37827208 59894828
62631799 48526652
66792457 95550937
96224655 91292719
95147077 54828165
41323384 32124391
82089078 54988673
64994675 61815130
88433257 11364970
27849524 92632193
81992497 22275140
71488523 19426603
30869031 96190687
95158140 5838333
16851604 999489
20811952 64734755
88913875 21945845
38298719 72384873
99818620 5298733
21086199 12834799
79813986 25177936
75862967 49881832
96776481 36011442
2812760 83392613
61893444 95971534
1857260 56726978
70079056 26132899
62327993 48791165
88036737 11045909
55022128 89904699
45036854 22049665
75053982 23113157
67287029 69904060
1729304 84389581
97255861 89078581
51695889 29288151
14015923 87533315
69396871 88911487
3103171 87859265
61080974 56177233
96804413 31724824
3558185 95431273
20398174 14300683
38706431 45176666
77086592 26270881
22123354 94784684
15556313 76522524
21753199 26520418
35329004 83944208
92520450 29571351
51861785 26888507
13318362 32000017
62276909 66801855
17205322 2746329
356858 34709506
86656128 62492684
89349847 54039703
18441347 72284598
92979769 9854041
10292988 26738742
418306 44200366
78509195 89737313
72073803 80365802
37801594 52653029
27392307 66078758
39979755 90707527
77401257 45629976
44811007 22854295
51727547 94683996
41073592 93914826
32319581 83293780
11329893 66737771
27692514 87672146
71703631 16579697
78181358 70394314
40177501 30225928
52388253 57943857
91531688 14651388
70802854 27167496
28059828 78651365
97800266 58730007
24109135 83221730
72728048 58945211
99706969 94436026
28665205 87981898
1366887 11837663
25503586 26355508
51657761 24454275
16257537 68670682
79981561 36799961
98859235 3630929
72137207 36290542
78862904 91318443
92955491 40807960
91559332 9243507
29805915 81682690
27560249 98762502
11729508 51424657
16240339 58710325
17961712 64872344
92180342 41056136
89910031 85080106
24153141 21075135
80173659 16994752
21880038 97639637
84736298 23066816
87751911 15158764
37921140 13738473
34171309 56270850
73950938 78771081
85845670 91609095
86223307 97419183
79843262 74777944
69091644 23459499
24531749 83863071
76719306 85232823
2909330 62023950
54894884 46251436
96331409 44110333
97551388 18672409
80347419 15016467
28891749 88288353
69845367 29098540
94401187 10474791
46892394 1977756
709733 86856878
90071165 75525633
10885706 42362788
52280653 78196741
10144844 83814447
67945094 84236948
47360000 97443064
65036950 93477648
55361453 50267589
93618706 41415971
66445590 4258165
89689246 16693012
64018954 50999695
72380812 40705978
23035766 88217885
73807333 22687751
14610596 67760235
44810764 78999877
63986353 35641276
61856701 68732991
53263104 2419787
84817994 38731003
8802658 44292266
72549609 44398042
76912232 25173862
73349650 88289059
61509167 68035103
90499626 96342348
58676898 38925384
71514354 33364773
96735724 98807250
8233222 5712987
32503945 51820779
99089160 38063160
29797278 29098702
42469158 58673621
48653751 48956578
73980810 52795944
86523030 73130595
44554252 31357639
76236733 10212720
79889337 40495883
77974762 28615675
54345237 56950566
39291881 51320184
45827337 63422809
23554172 6084500
54652200 63820588
24621074 56846874
43789312 51551866
46714559 84241363
15088020 96751427
25152868 36205856
94780955 75080644
39122762 17875822
65195721 67195045
29203542 56691028
83508112 64746548
50812607 26863623
54089567 34242296
75270313 92937753
94166195 54272444
82600557 15742504
54450961 88806921
65894260 54499774
53436472 92190186
93361855 67663354
48830218 92327153
42468405 32184339
67496972 79729063
52873083 92472643
96998032 36537624
23025636 90347218
69062307 61876866
11441403 96057272
44876444 70415040
92313208 19767218
45633947 46812052
3500644 44357117
22592508 86922882
26558659 58439343
13679881 71439637
17708726 37333806
95830761 62525157
50421582 59543207
81941072 37158390
82503263 87987083
21267216 94454926
90400494 64348279
57936385 15521535
46059547 61522636
47371642 92848349
51490624 1542137
36569691 68621800
23707077 65800172
6751004 21638999
16131515 41038256
70884336 6558255
14041474 68488086
91823070 84465830
4288865 46992235
21663660 29015234
26390605 95138419
53449085 64807254
16457176 10682678
55935156 50593180
96317965 9553191
4359912 41521849
83035696 60462024
22441763 30254094
69668716 33968675
22322325 3618890
89753120 62713888
25086113 1987225
96165357 32823832
79553222 98880441
22482720 46298953
50087507 30173894
69039187 61926115
35657498 71299983
41821843 9977857
57031916 64407682
89818572 28769051
39475158 86359987
41153591 58115457
93730974 96725053
71669374 1816183
33283940 89833495
12238758 38031682
24853766 7454033
63059446 2379204
78795934 26423681
37355785 41565269
20752915 24337709
87405174 28104585
13173828 7202700
4406891 31964255
50194033 1833716
95590670 7767574
17702741 22667761
70251698 73948440
25432592 79577635
72474718 13336026
62272881 50509095
14910112 28096636
93901669 68248279
20676350 18806996
53383196 97715848
15817734 55433743
96408090 4312682
4933785 80392811
73154314 67807477
61160156 42627713
70918291 53158924
42952581 64025481
18031925 8638373
54027785 77099836
23640216 14366697
55006022 6685974
75173795 63639302
39356120 81255745
55585877 26029636
28471094 80830445
97185908 79228018
11526277 69414523
36537178 32467280
53661119 4246596
13350097 42944030
54164316 45680439
21426387 39591861
93171800 33656915
26789249 93817840
21352332 5524358
91338452 26785165
83079951 30374375
57293861 34657592
19989766 72803410
35553090 96574026
23433739 30163475
93234384 40925300
13104402 60339565
79183101 32749541
80618367 92864376
93742565 13434475
85689652 37109587
23454848 70197788
35700763 60461339
85978784 74019956
96345160 39567710
85073614 17364724
140633 45062039
81319092 19305412
79945844 75470732
5278621 70688482
66683764 42521913
2446324 63673225
29214420 58740600
75421359 55843251
98347469 85330428
20764737 7148982
50712120 89075811
65288835 14466725
97606798 74713721
94385792 11875970
44424555 16581391
99657081 1388921
60455656 94065810
61393814 85900771
77703638 28978212
37226672 59798587
32227810 16750482
11824572 24180800
39151893 88711922
79130889 93427877
37498723 38878830
17626570 37321590
12976225 74900139
54309711 53462466
92820703 2166870
68298246 47279644
61321461 92125926
93122326 32861452
57266840 37805236
44735461 44018812
13774211 13370127
33138907 32160233
89486772 61572161
77740495 71774618
51981337 55385767
59097836 56991269
70667966 66192798
32721399 15066086
58710659 93984332
37896381 34221866
37286050 9382819
79614796 86124981
13283200 35949953
96191447 48919749
33670936 57143364
64756928 25514666
44265234 60543064
44656178 34373088
73451968 74587681
79652997 92347901
61116481 44015109
17839695 95288059
4288082 2790679
38327038 13369160
13615907 82065793
74870622 50360013
99227770 45517073
78453909 66177710
91385144 84930248
31767970 73286288
96941807 67682891
90891824 56314088
28623576 94322268
66471129 21302804
34815396 92766040
36043310 87531828
46668582 40565015
70704301 65909114
93766600 68648938
46563448 5533543
61760636 37186364
87319900 45516621
966284 76820797
97706146 62157172
82002886 90740425
40522339 88746361
68243209 30183793
38107155 61836321
60469376 29152656
63024885 4654912
50061831 9172320
27624147 85948367
9966203 21147482
93206096 97432712
34424580 30810914
82104075 8095579
32806402 52821753
27516634 34359093
84896251 8225877
88970827 24486683
83070000 89078085
78300534 41653750
64865155 96544476
71239097 4272514
92018608 15459391
9821380 33230590
79405109 73610574
77544487 41533869
93453084 68089740
71866236 71387441
42359727 71011451
89672424 42786057
37176391 23130581
50390580 94565011
74146242 416974
52329409 28332095
37545393 5266878
14751313 5481254
23359388 62722996
94575230 82375327
75764390 20986773
90296271 45956641
86575355 8059267
21016407 3047974
88181557 98887917
43488113 39745174
21747236 39236387
72692307 99013544
80012310 22729683
89123336 34126509
12355191 24197091
99391272 68166113
916410 57974199
78519439 49269176
87988393 84239766
19014399 39077236
13351037 75478184
95490227 66144334
20418060 31933964
59313164 65135947
86336849 23643946
33224399 21855871
1901797 61398768
32174080 89381171
7071940 62759632
60216110 55477698
81438117 39113067
6058663 87699585
9058950 54128703
63033116 4623846
26713721 88611971
60170860 77624471
43193664 20669073
58166246 79808432
72304580 84190634
49514631 49783541
44530365 11903341
94454968 26462354
56330158 51901902
54535941 51131756
66446402 67382908
99140728 66796704
34610879 49292887
7381347 70422126
2492732 7517768
91574152 80719581
10446679 17350299
56758569 47344240
99367760 4676370
606793 62395215
88422681 55279206
23418230 16464178
8766071 62365380
69338317 11968401
18722747 70449861
32925828 88280503
55251868 69244901
85082418 5238673
22700199 10924072
44314865 42563532
68057062 23643553
33408333 92627212
16007872 81270611
94814808 86427032
26653169 28886103
87494475 97334636
46781550 3464534
7848302 33812044
44444978 9430364
9224506 34068779
38734521 32388476
60809264 33775917
48270757 89776417
37608911 30928875
36567956 70282158
12626715 80209798
67212881 41355799
45951501 32123281
42820285 68465536
42392827 7623018
80800970 73339216
84908365 59508482
71544745 75061566
42284881 4504314
98681610 60221998
99374222 65292081
34930087 32722997
17782381 2835658
65835133 52622889
83378842 19111243
77795283 23866406
30537873 32736878
90493946 20094450
99598492 67681515
24873194 45728175
13639203 50416295
57940076 21352715
69096462 72766949
81241475 30282545
56948131 28247482
41786759 71817138
82734736 478584
79762458 25670865
34220787 96837171
74447369 60603039
11127197 31953468
66171525 88293741
26266125 80087567
10180491 56111295
85390279 79540928
52302504 53695922
11110006 77996530
84018047 12256589
17066089 36155044
4587105 46773367
84896181 45548876
30581081 45118232
54291527 29729508
4854135 21930356
30580245 42222639
63738152 93714809
78570253 82217967
58441923 53025203
19483906 41478473
31908976 43973194
50748762 63652771
19164464 52908381
47162265 87078178
1422380 62549568
29782719 78448855
19780728 80725966
85701762 27107263
83547400 75788837
27525656 52038976
52724607 98258385
80422000 48723856
67686384 8534569
99390441 14644490
81193376 59038239
82048538 55768681
52487018 50753266
97078793 77259007
93849503 81404334
80247837 65906271
72062220 87910233
27363118 72818655
53905308 33663019
23732071 77237670
59046122 3436073
47114367 82570786
21066194 22840749
42964635 87242802
21889523 82612330
2295803 84940743
66593756 59212398
23365394 797091
71657713 6061660
55118790 14122302
23044756 98426801
98204916 17787530
3636778 90708048
38469307 28491610
89273966 70497015
63243460 21699599
4116134 34190347
24767784 64488546
92517020 12388748
78418409 94644941
93394322 54610123
8568676 5126861
28283456 95886381
94417240 52760263
78796015 75953125
36750417 62817119
87027682 52503743
5246063 41175484
84111504 88028234
87588339 43662364
42394823 59952257
43583119 62046897
82465271 28153490
33098534 90052111
98041737 50256420
43562009 25271460
26110260 58736340
44868492 64586616
40281272 80412420
83971326 23401793
40698902 20109323
13702985 25311945
38121154 64365004
61051110 38238592
82884339 83945728
24295091 24867704
5930519 50183734
30172326 44918151
12007048 37802513
20896986 88159925
3875892 67500190
88851250 60863042
33891694 19923968
89184997 62992950
75987741 45521014
45911219 23343506
37996465 76842221
28922241 9084707
71450684 56846630
97241439 69026815
1865520 39963310
53468231 43772216
61390130 9195089
4765007 63353601
698375 5464204
7870273 16555691
78129256 23119204
29340234 3741693
20471377 26395119
57550623 61981811
32659566 54141455
52354778 12981896
40598223 43115300
19649131 92705716
86879027 8666311
56419030 942816
49595427 87700193
65354062 48389261
16782453 52623713
52896473 19829626
26534931 3998610
57248390 52579156
55638266 16321338
99820866 22261519
50840220 72276130
25103288 89446114
61629017 75161491
30737541 96726471
96792344 85451862
45862004 69308939
39039875 33966699
20568529 28970849
31033521 54640446
19364851 67045830
15697114 59736911
31009539 18714942
11468994 63868033
68657387 3486221
21970132 27723584
15072360 38047180
42040870 63336852
36468947 55813573
39686410 79274170
30169059 18169930
76551089 75773843
65270623 75161116
93303125 3985495
6177211 79902278
6776303 90997803
7561597 39852239
96141427 13711160
73778711 9562835
17859627 16905726
5485118 7911249
54753157 78685030
47318885 33893736
22650633 55244820
6326215 68345978
58786413 64223522
72781719 65785862
57953251 33389797
91346093 73891563
54874109 85648156
29644697 62277907
1310217 32727554
38613230 91330996
32567433 14685295
48201467 83701747
68664591 84853963
10160014 93815111
22172009 31063623
12459025 74988788
20929280 70140183
40971159 3985115
46240252 39069908
64260419 7406776
77250843 93579292
3561103 9379467
6970855 25738967
27081271 16666367
32771354 52761091
80183502 91132139
70477151 44177776
51065617 69655601
46799822 36080431
64293927 85132243
27043063 33745398
24491043 56166503
73183681 59583048
25369658 29690269
54458448 75709266
30998544 61669310
60418844 64562389
75659695 29094116
35775223 55604480
49365742 54342042
156654 53699168
33465596 29413627
70578706 66371936
74238271 51843669
19250114 83387357
17794222 80831342
98572065 36887381
76794335 78256333
48748559 97347395
24250934 86871762
42237387 21075345
80692359 95573237
89678418 12622742
29204851 83781708
74430031 5627490
9946766 7945205
8707146 66689078
83566741 22365046
56424059 15483529
52735607 44016064
58508409 36839965
68868741 35772719
89038585 56366566
43972516 24122972
22050526 51153573
14681873 35971178
22436011 38606388
37436455 90476150
22900323 53703577
64459073 40884334
78486805 39161482
94740106 24575751
26729663 66319269
49351492 20040886
90228342 45860272
19447911 56304818
47857499 84144906
99031829 95296204
9782432 77292951
74053131 16105685
45161340 70273525
58217521 42492275
45283998 71111321
71115131 95022512
21475528 14380383
79368151 27822489
1944687 82839111
51421172 16623430
33743306 54550592
60987417 74660719
63334482 72834360
84389872 45411125
27439409 1876322
26867274 63591451
10525758 4321075
94547353 23635868
42680703 68507555
19686486 80738406
25529248 93628649
29070632 60870997
923113 84378867
74410157 50038712
82756616 91657776
84951158 65666093
2425855 74326191
13112244 60050669
445345 14038205
98469131 46941769
4634175 36836178
61922944 37561449
81586632 87497749
38700164 84030414
61082751 10185112
17242811 44320676
18549438 18697794
78571465 66068661
26706350 34700046
86235990 67323268
35861053 76349306
23501258 94664527
91130403 9448247
49809139 71487819
5685077 3967851
4087698 10577973
74931729 33858969
73173646 39308416
12243696 79592112
10992019 49972386
87784993 61448385
38252659 33914295
71254823 38983662
71814060 23779612
82689048 45161807
34129222 53825573
96288230 82554532
46817899 43598760
91059194 28052473
67448737 64870445
78019303 84120842
94460433 43307211
3125688 21121315
33798008 7630661
27023735 33899483
37096864 43928442
5740430 11169964
77361667 8285236
70474387 85288834
49239031 63487889
90995134 34713969
60685294 81686193
54160461 94873208
51516711 5678339
99588859 50905624
79384810 89478080
98332621 36496265
41386078 57668119
48892467 77670863
23030770 27502802
64573676 34599515
60961472 57806058
83773240 61880961
8241530 35851268
91863033 28737949
71728158 58528678
88104533 49076199
87244278 13273267
30242861 62067444
72463697 60653459
49359292 98304853
37508720 81928206
72420026 7612551
88081617 388383
94534773 87263703
98349173 16154240
42631710 11950346
64899054 17202617
26091341 23685171
76403631 26865734
33867420 21654002
47005089 46064813
81721801 74458007
47380890 40894508
57162930 7443358
86979969 12907809
44014507 25241102
80360551 88658065
57663319 55504323
91973141 51418040
35054489 80865620
25462162 17620203
23072689 79467723
1947513 35957430
17416566 86288388
75428328 48695762
52036249 67548423
56224796 63564857
15765692 18087898
28500398 33116964
34634930 98217207
57041787 28658162
21534943 42644263
45632619 83687111
64513034 75915134
24991327 54242494
56391171 19284029
39966310 68204296
46212490 22537069
23880096 93066548
74298298 33946210
77186586 20541597
84876008 15690880
77884238 56704390
92966197 69432875
78780799 87696062
54210553 57714544
66184271 11864327
25373689 42140541
65613889 135728
52344114 73849953
24996051 16123977
34291748 43670370
84708066 45422748
96125269 82518993
11366111 44384653
48373091 69188420
67422208 25528380
26362683 48671687
15727642 98330622
5088963 93991928
99896219 56632190
15284431 56531298
67992318 52385646
28633880 83486142
95233570 44938970
16932577 42651164
67423644 98578435
48695194 29832899
37014035 91898848
94315370 49764175
68865949 56661473
60916462 74211593
35455582 12148390
95936628 44879277
4164288 15299447
98138579 664785
85031890 26205030
57510600 1107276
14375264 2157019
53814550 16461501
19398923 74709787
4120086 41637155
54797005 39050667
12750258 65511206
1022278 49943313
34844825 4272327
19596421 53679464
72382046 47841723
99821178 66929687
45363959 43433997
29656674 43383166
80001805 48223906
54890087 71440561
75756329 57638864
78666325 37736914
88278230 85210561
77730295 52304925
69584265 86933669
84919868 28852067
64139107 80204997
91031060 54619896
33885894 37064215
56237443 46628696
40906949 61270898
47828577 30276075
42132749 10536060
59302613 44827025
39185047 29527944
77254128 55958949
58950745 2665540
23928701 74772335
97375538 88826258
28199295 34336379
23657799 4185376
99316571 7243016
41272774 79321365
75560644 52834361
17756611 67282029
22882094 51825305
95701835 79203122
13485244 20306666
93704646 73802662
19449887 53985842
56065475 8289859
7955212 16800548
1064433 21238259
98575227 59966025
36828636 54420228
81761037 27373335
62867066 75652978
45044990 59904229
97785334 81079160
83271355 47890152
68844019 18602656
96899602 61999984
23268410 88886778
39736051 29124635
10260361 30165386
20291018 46741291
10794744 81259247
59829775 11266041
13206797 69051600
92491477 73353420
18676799 66738320
23091610 90562945
84738971 98955256
85743538 19720247
90503263 54279060
36382547 79612088
90234239 4850111
21596287 79747201
83477613 46395500
28806112 66017307
34529572 85960987
5253908 75749762
75044484 46649195
36103868 12353431
85991691 35778524
192080 4854504
96048592 71578651
63555837 43150555
86423767 14438553
15186102 72237035
40828723 76334075
62280545 12639062
39041796 87680698
45113749 47308960
65829654 59715119
44860741 63870558
18601065 83744449
1371671 72780662
62209999 66040963
64742424 63623134
62125583 15517826
89634324 91840357
1433428 10655187
64018134 1079504
93188371 90649696
8820200 71767856
18081404 92247993
55265220 19663741
97605350 96965775
70537749 57384986
84249686 18714183
84941408 77705821
93136215 95555042
42528950 18444055
58540204 60300789
22957004 52768806
26886763 15912773
1031300 32625763
23034794 73011162
52975893 34180513
44628223 78148176
87196083 61940719
78713129 90076918
74304562 40888229
17691579 94475697
46008170 4966665
23234657 75803749
54275032 71174037
61643294 11192581
16576584 78943249
82891844 61179369
46700149 80545494
65120086 11100487
78947562 61472096
62887579 92585193
31169064 30256308
21563500 52139843
44455791 29954850
26621107 13778873
77076783 58766386
1112365 53391425
37724844 89381056
87087198 78935604
4042248 86897870
15849893 84210528
2494528 91137028
30179062 40602708
34272200 49266640
18864604 97069466
81692751 17455564
70886497 35560458
75128107 46459198
10883382 86009958
6285228 92886462
10378057 17914700
10778956 91869340
47166709 91403836
14617567 65157744
53780756 11489058
50389812 63583851
77388188 47191242
6827025 58973624
11759542 6003330
48777464 6524109
44702456 81336208
24292459 4149625
57735406 90124041
77767209 46822107
54642333 17015292
12016540 14439551
71876580 28081184
69478089 63801187
52470152 44724599
73717074 16632966
98230429 85511035
222023 58811180
69169516 56664957
74935803 71896221
49007562 86633515
84049874 89949436
4721099 49774450
86703149 96812190
8783775 14025134
24179260 68225570
53647984 76362371
86623495 41392740
35777703 35442699
81502016 74540340
87071819 18798952
84584953 18494104
6842014 64863735
76279568 56295639
28455821 90610
69609165 6143856
80752701 65651832
86732633 88487120
40005611 51255818
9155244 86134264
19146531 13311652
25922766 82383536
24057903 90255262
81708057 91522924
95364461 12103034
44379294 83435771
94985072 29752207
86329917 87948368
79105003 79236689
95134723 7397345
69273723 97564501
14253690 66211248
24673462 35149147
68178540 90682505
62967989 10565756
71560786 8812351
42730702 81556031
13290954 65682562
97307260 18209005
99649930 81171413
77304469 44804658
21054674 10263866
33063570 9620024
49148160 13047722
21798998 1418246
88196204 72495216
54521684 45717802
60638512 24964951
91612660 80053073
58634518 1487370
97690218 90636918
40258261 15500855
29165479 50423141
67607190 49869077
78694818 43307704
41119916 8746360
56838642 44780032
27236828 47808670
14672709 9756797
6794572 39145106
70652404 82512243
83416015 26785890
87312973 89367834
2172181 5986271
75851608 82085352
25375060 4919111
90710426 81159307
42100841 27654185
69302440 71109690
76123637 92431674
18372868 56508348
18865166 46683416
79770799 12917637
78191118 89546698
18736400 25171688
32155845 88112564
78147466 21645560
66916990 57518958
33217415 88152096
88174957 56974514
72985762 24282034
65243908 35640237
86152511 33987809
40550445 66466416
23927278 10397464
74141829 49113401
8924430 69319215
5029280 63022642
38393846 56195224
44709117 59688345
23666067 75750796
9880124 30081706
13639092 36714068
94969851 95740790
96396852 21397160
73927517 83995844
91783106 20991317
93125090 59492109
5744739 7948882
72253922 3656629
49913350 25035060
43834318 71978415
15183775 91516393
10655390 50787521
87728372 77628379
51844230 33720626
80026832 8642137
66027450 12264691
80153266 96918756
29819710 95215556
55709463 77556138
40212493 20318321
17383086 39093232
36863525 56382638
39098203 11991845
42365392 94954782
71208063 84950033
67486815 42760493
52547302 80853154
75829843 17649220
24907875 71851002
82218089 58388537
20612772 28099370
64504753 20465779
67302206 93880575
74288462 71063140
26272495 87619843
4234166 94333985
20392022 95527513
67419984 5385769
53147373 22603657
71280581 65455939
33767347 93863689
68331654 38155148
64334385 37768893
19838675 11568271
93137666 52884045
3458299 48963023
94925360 18771635
76716203 17451998
76839814 69846572
77464745 27283838
3844567 9263062
856161 47078196
79297072 25148347
38604693 14783503
7683430 33586146
40194529 64351129
71614476 61895174
22488274 54056762
54376327 77068189
66564361 7837146
15835394 25712780
74005651 49704183
19559206 39848530
14726893 70679632
31881094 7993798
70025100 13965206
4161428 78165847
10520062 6895895
16350397 11751866
26480272 49509382
54844945 8441852
41315235 6100087
26458019 62534892
78294648 35284653
22697491 82031900
81068936 24397781
11726672 65498909
31618562 58857426
27420752 50345460
94006371 61933155
37710110 89750129
25975209 3648009
30016603 3699698
68553341 46049306
70827270 64339295
24682224 66271913
58980369 83704122
66843008 91811002
10086492 21121357
17416792 66402407
53839495 41184291
48416743 75696534
19741903 61415973
7849910 34958892
20574851 69812412
27155082 85312234
94649637 54911926
26789109 48057340
76252853 655460
85060198 8916037
74439133 24186088
3803748 24309969
77692834 17712884
38502196 44093515
22227289 50599894
37681361 74331215
21237479 12534019
59636068 29534002
55180604 65019764
26916202 61657326
66220079 18377918
96554692 1381051
92315172 68422395
86518278 64833189
77504363 62461914
21640554 98759997
98387540 29530212
20091193 87823114
92309178 42367703
61341212 52578568
12863642 10445748
72543618 59539555
62691325 74169737
93159281 33149650
75522479 12232424
24513375 43407238
35532940 74498673
88689072 22904308
81245337 94083433
64332466 63331779
12114825 33347671
64167832 14308189
10271514 7205262
7171958 47255446
78689027 12877281
18129290 18611286
16568793 54003768
60788919 52861289
97089698 45899719
90063539 31692161
84821359 55260351
15007352 58888723
3781847 78205940
14178710 29009968
20945488 59178664
8108137 2922309
13897193 33310617
82619465 12551561
93273162 10984463
82895938 21469662
37699630 50119233
94625494 70640077
44163172 5126170
74633111 15312306
83397730 55063581
35525047 58609087
61454500 87781573
36146982 73330047
81691188 19844845
24423834 17323165
80661332 28370159
48721584 15622606
29291217 80137295
42135491 58487951
41165583 91555543
55257875 52184548
89303661 48648211
84157331 62869881
14702839 80338270
92361869 87678690
96277244 55803762
93270106 82959143
52794545 60038866
18113661 88104498
96118111 63082798
79932162 3856548
31894733 96188162
72586056 43038782
76238290 64543811
73244139 64317223
77766606 37966784
10945890 4463881
77031028 84342485
28747266 87674347
59784398 18618583
24143924 87169916
12641362 42266963
96171799 30103114
5298990 32615219
5658204 24467388
38528486 62568650
3108876 93453861
21359456 45765185
49541739 13783478
53815203 35144616
93611575 78915892
49723197 24578212
31054314 83680926
61287717 56517298
49399384 40683680
69037131 29068365
76483385 84541218
34654052 15192228
44436750 43689552
67384025 41760088
88587162 2894850
28341287 61130944
94123519 19198333
58662534 23575265
86036486 52222245
59282898 52672894
57359501 81833074
77363634 13897748
51604980 9188089
25480389 44599563
19111622 37622835
20487289 54167462
74480108 79237008
29791058 25378836
82394165 28082375
80453539 13821423
15329741 67200084
24717944 64723182
76388120 96583182
63096677 22133962
87428856 34766233
85715778 55942483
64177017 85042127
55883085 27749650
51863757 3868704
31515883 91752442
95849478 36511328
45200309 48598325
18326092 95209275
11659825 69143029
52476096 29684971
7457452 19923780
87951879 57365846
4982383 16889184
72405396 78771513
29111789 11669946
97356050 76608965
17214496 67790116
29941949 25338662
55945703 29606120
14270633 34999175
19089044 32226215
29520014 10828118
1617547 12909780
7513365 81526831
26234881 39615653
73736454 3886916
52130283 83580466
14218627 39852450
21804574 81215704
16871079 29709780
78060687 47257999
92024909 60639986
12075526 65064076
74626412 1968990
24231693 66794149
81563877 48465236
14677339 26690537
11917500 44255402
50035789 60778891
32094724 59351513
41996053 56631059
54609161 28251922
39146329 65491302
62198684 21284993
68351569 65415970
56197694 75214000
12820385 77066051
16987692 13557028
87238975 11713154
90335000 83601154
56065004 21053104
1202768 62338197
5874789 2805959
1360955 78943899
2736450 11271966
58854031 72717235
24720452 80135537
52725955 57564889
50692971 26457699
66110265 32082438
96643767 35086645
12232007 10170133
12065543 27785590
67655261 13717039
35150302 5346111
32330701 88111505
66625821 27490711
61412265 46966722
46202200 34155760
49490380 15849335
81632452 52266764
99596399 81664105
49779046 92707703
62439501 19755103
97634676 47082721
2763267 56164399
11401706 89201894
37459151 3090121
54509465 72040262
87746372 72478673
3700385 4100080
93092418 15760242
19337067 3361777
42322389 78691295
74524818 36368625
17547524 94203978
29507841 96998442
43970217 26236239
95676429 14045750
97374110 95128383
74777844 54839231
60962705 35772508
85882775 53513121
69279997 53616076
94206072 14077523
1978407 14702264
28278010 55160843
17247579 54418913
43346317 56953106
57984346 89841419
92770588 45016462
56814005 29303925
23881499 94692260
67492567 59150560
66629036 93831460
17912144 8355511
7819470 86618367
58631951 90186747
79153276 96581323
73133595 44951616
70118990 10297728
88670493 2999480
24643761 12205631
20836669 85066727
79224755 67132387
47585314 33485007
92304258 29224109
54927253 36778321
82338612 94913130
78619520 29945002
78779222 34226344
18140441 72792296
55942919 37810902
3130091 83966929
93632559 69999076
67495909 70674137
45645402 32996186
63489800 97013082
44853977 40789016
62651118 80931660
74321373 40059940
59519833 56647584
30499747 93022299
60227260 57433020
77330239 13769495
1764675 20376180
82823276 19652538
83197225 54859438
50755894 29186184
64466544 44019439
79234166 56314468
62199590 52228609
49388451 56032493
79690755 29888674
15636285 12266854
45831049 98301943
75576773 77092196
97786724 57007393
89206480 2189070
60892774 94719579
15112824 23827692
27180084 97506771
18098048 4116785
53929567 67639933
12873661 74343847
81100863 17225424
90491199 64628368
75106706 7272131
54680310 21907897
88263254 91868703
87416511 52807836
74946754 32488070
16693542 32391072
41090006 3135284
79947465 78264927
19985975 73539001
56708940 27704760
15457079 13652302
26974777 70589368
71835185 49627502
93589343 23123319
43919664 52927097
38892983 20740095
52232455 60956678
49708772 52124863
3724270 55708117
91521050 26521014
56436045 86154340
49527589 57407459
62039827 4857339
56269878 23088076
32318003 6225663
79723672 55077735
43848900 54527820
42758955 34064113
56031428 21695415
94425001 64735190
96815017 73651802
6333840 69006318
21506426 94879845
27184047 58866054
75889258 79057708
23391535 77049193
33933026 3517203
65397411 12496518
22726299 77108136
65625405 94759651
65121850 86428247
82755104 87343728
60823964 93663406
52832428 20713804
49820569 79142782
94071391 89281922
71391677 61689374
50110187 33148038
602806 95636270
23299435 75388122
68175926 66551064
4189601 35089445
27064243 76304865
15670946 12907738
57298745 58130824
8977082 82820699
47659471 20536210
4399621 12631813
88343912 49125423
31835758 18683961
31055168 54056849
6100868 94498304
11328575 3233053
6026467 72716927
19939386 24983075
87487900 42088674
97200976 60415198
25388386 87896540
29738199 30493945
55283765 68048917
58144860 94218379
33097186 79539027
19247503 75894213
47188987 52930266
75329562 33725427
25735504 93613149
87933609 7166883
94326714 87413566
8547519 46947522
75186426 66522173
45793245 91185117
44752654 46321790
13738296 52413156
70968659 51472422
82933549 46596207
46691108 54270366
58820915 35088161
17642172 49619532
49404691 19557500
75131451 61309752
31752556 88259752
55397752 60504648
67234114 94875717
13755769 94874607
66377983 2333569
63704325 83758782
4679989 93046772
84031108 22380929
3059669 26101456
40670083 46212385
26415954 10242567
81892945 61827170
47644753 36961276
36924803 11380880
2107279 13565022
62967457 86662151
19666123 2668270
96569722 59996348
77742014 35787365
62507825 42524130
70903674 90202399
59047452 34367878
99019285 68796549
60937230 21571856
26456894 35875157
63194302 48626872
23660463 30200864
73874907 18079090
8719147 97972139
72507597 61148678
95317382 90238522
52426454 47808743
87960595 90349133
4398708 20590032
26753808 86462220
61488028 38877743
87614473 12801484
56471974 67199322
20799120 54128168
37937332 93143753
52590871 55382080
80724494 9011115
63706320 69831646
1648971 53703596
63126350 73104592
45121579 19599644
13678985 74393781
76555914 22794045
23339333 32737382
12687613 31477944
67862469 24174643
75740240 18623924
12550003 53003905
85092334 90253809
19141649 28291977
80832064 34869154
92586765 11272353
85868615 26385598
70954071 36519767
71262508 55120733
88050548 65141686
38883840 72673903
93153324 96992569
75832613 66381649
53189058 52254665
78191571 69599141
15155232 28291384
47800327 63615456
46245521 89655367
25529738 42059072
31017411 2134284
42072693 9027720
91717571 15589034
97875125 72381304
79833198 25746747
12483332 66354992
28421888 31333061
59585846 45587996
28207700 5834223
6633428 67125351
85754022 32794219
25229604 98522876
60110301 41890208
16922132 63044863
5708318 92327345
75565809 62441784
93139449 7815840
99550004 95892740
56757116 15810384
16317977 87895329
84978305 65574538
2363177 66021515
19174118 88873952
37836423 2120605
19464132 70306221
46509509 85515716
85359965 2608819
94043230 32313703
67975309 14827787
98029382 80896547
12504246 87966665
22664245 30485349
75192364 48129793
23509653 69073381
47274677 27141109
70807642 23173605
48054502 19742499
45862331 32515356
72526048 53189114
60858032 60455281
99601231 24634609
5552406 3887356
74271389 45845795
50404779 55756921
68468468 5828006
21663101 73038370
67612286 13362178
40772270 25205650
10573582 718348
28858042 67223859
8486529 56119466
80548152 69191249
58334606 73233248
68722285 52506200
2709590 22461712
22654505 53517274
30606538 87536617
90692482 75105867
64442600 79471528
7196941 38951230
7024152 71441141
41018248 20761750
76690743 97476509
49230225 71100639
11846929 81419261
71171874 71891377
58259510 36356052
11975085 15447147
51397324 79878306
82345535 52701379
8858759 28455126
38895317 47480795
7946899 30960046
17828993 55697234
64756861 47402274
62851447 30466719
38718164 64163790
7183986 61818375
15615346 57215496
20537873 73274382
89299774 35526116
84162388 41494734
59732076 88137719
56221649 3165699
36975499 7001656
87611631 56911755
44458302 12493589
23516035 68065955
92360810 92769501
25733950 9840398
99002503 45728834
11838414 44637561
98292275 31360431
25690375 54506096
61114479 34145408
28463260 5504239
73630533 96487658
15416237 47334400
72846014 31980208
57305666 78533790
76555182 24139868
96709446 38635251
41429644 31811978
68996656 22175756
5757860 73172312
43966614 63010589
96467129 3664536
16652919 67936701
24931937 88942623
5422539 25472196
56894952 64748526
13324217 87977990
12533002 42727690
11436000 68156863
78067909 11044857
53495209 26144911
93198645 57491384
17444868 11184976
9881950 85908178
2205637 31601316
14578811 68330352
18406478 52249885
10362221 14145457
12392122 54760191
77291507 80671909
88645247 73595613
61502248 21588669
55918426 56839616
12411490 80549178
39932207 40884076
29232816 87284831
40903140 7274463
4626162 84411537
38943413 34465843
37462216 43199789
30501453 73983473
66747502 84300631
47692511 103948
97264957 8763344
75587657 98053285
19992145 56468265
11272805 69322941
18973109 40427871
48434042 68815424
16207143 94894706
72528668 71020515
22520540 19622277
9266444 61112224
94581654 81848320
126878 95442814
46947037 38557845
47747876 76381171
6338477 51686588
14907443 90328035
55999170 36644563
37960474 52519894
98051741 52247810
59081107 65432609
24186695 91412233
52633803 18552023
29291949 17221411
6955754 7510529
85153688 21339049
72346480 71694218
44201551 64107531
69490939 3859469
52290508 79448500
95756415 436451
42095621 21380301
79381892 71051726
89430340 45031061
94208839 2318967
69041677 48428019
85166192 97044278
62449818 7096503
95627482 94280188
34195709 4209753
90963401 93504050
83255627 66604026
14513766 14998136
41932568 96293406
86005459 8123659
34850184 87278401
5055491 81557047
72764935 31309280
6842109 55661211
78544466 46587912
10868458 66286682
55335113 87324306
70403867 56077189
60368693 61775831
90505139 17045516
81003424 71668345
85946397 50719233
66593035 37083886
77296985 43918675
79638127 43820924
5675138 50634672
6729415 25244909
64528262 91893854
29340921 37651329
39816738 31817720
49965093 68124422
65499017 29473064
6064653 82412680
93407258 30785443
71633864 65838412
46920918 18575113
59830110 47661857
23084337 10414967
78077348 26831981
62460378 87878901
77456979 94879864
36987362 92501058
73321354 78844008
69774478 34809185
89192976 70280061
65015664 84447616
72983403 72612382
45373892 56166284
2795366 60263591
32610521 11375682
6841386 12941124
98502691 53165991
60819054 11845510
46243659 45656743
44061494 94194308
21964695 62837350
11067157 48049196
83601491 72699616
53983365 18425189
31843250 28292581
53982045 37473114
42471505 60453709
53749144 97234158
28567846 80701150
65744912 60498197
73047232 87395746
90875237 2013074
96530895 93229859
3851486 31128190
22461892 79697037
5184409 65623597
65282914 16341067
15879694 82312043
9344580 92591632
51158822 10742159
36952480 44323163
95522746 64495704
58893590 96302458
69420872 57594093
54747556 46657541
4518090 89806419
38019002 78717018
28419569 13427139
23556915 85668288
39642027 35375869
11511339 8870765
11340318 32657738
22003065 69313058
95315278 94769110
13418188 79801113
60241795 58093813
70713395 27797805
94954789 78902388
85933386 26235465
3170110 34908850
68045633 13853110
35758244 8457023
18517470 46180703
90175414 57430493
9814942 94723774
32339359 81021376
68618380 19130212
8969106 21988019
10574667 86966168
92782037 88184024
91322748 58117972
1948779 74850755
76378223 31102395
49501565 14365088
51437594 50208176
37529841 64014395
14006912 32857225
75175914 46156262
99170501 7742566
55753577 57620392
17837339 83684598
88403969 87016004
4725926 57504457
93111614 48997924
11153043 75013498
28018864 92463447
86163978 80801710
32292859 29346473
27652967 34246022
31820871 9023852
29080579 83593911
76031598 24557804
27462472 31851438
54067547 86935937
74203033 5018471
1501911 58716321
50543999 1351527
14027098 98564433
63058429 95253830
88086169 4094201
53515515 64287055
8375958 21766050
50549577 52591162
2483759 78442891
397112 90970677
81685777 1375285
34044787 41393249
34306312 10124353
81465818 74162748
39640273 13621479
95767878 31537966
51446259 36572522
25047555 36717652
84623266 10992426
17730112 45983773
38376675 91822628
3415706 51578100
5311866 67144920
68530953 45066692
40502936 46066400
36707624 58214706
79393181 49171324
45476906 55150716
30255486 94628847
10111575 47990209
12186010 5804727
46159032 71092427
92820375 25283244
31730005 91959974
81427947 45142722
71418205 65217638
14544837 23866856
72923843 51265487
34245089 76530811
49398302 76046951
5418356 28602795
66986234 31559647
59230887 69142861
92538551 24219496
64679930 11810547
89935673 29093598
82063328 46551086
89702773 80287209
65179340 52673648
62181527 62932342
51190411 58679434
62404517 23355276
33016359 54179616
3512773 33955520
38936245 59588994
75883797 76740323
52360821 45455303
52330470 48510521
4235557 54336004
80532883 96057406
37901774 11404316
39616080 69898191
85075146 95232645
79316657 82742731
65254345 26031893
82218657 76061075
74675744 29774624
49450876 25082899
65717504 4380082
61411734 71565657
50176715 49305836
22095856 65561060
25639192 59327201
1125223 22748078
92484483 17232742
46031566 42505282
12866850 75266736
21710182 95720657
640817 11042842
62379170 91312697
2768613 11755141
50944412 88133211
2530872 51048829
40038902 58617601
73335718 96463501
6369594 36415036
3434447 58092755
15856926 96720003
32971685 75049581
98736445 23851131
70243322 2954802
92896131 52324091
70213877 58254293
96412322 68368612
67104534 17131583
70799252 28693461
87890052 29251912
40625769 16083013
8815661 75505449
34455768 78885098
89974886 53346990
93806836 21126656
24398793 69675925
43550109 27098503
44001662 34775392
47307143 93540480
62041284 65347573
51395078 19979327
43837490 53767966
52087799 43318761
27170778 86149604
16811827 68090079
77689774 31693972
64109443 14768493
12477490 33719073
22061526 12109404
20341814 15008423
25247366 93586348
41040229 14066241
3714712 26516047
95354191 53092590
32931220 96815439
21496739 65142854
54599421 5800326
81671567 19030439
74708904 84165555
85053629 44823589
83713156 94231484
37209500 86231856
29408546 40513106
78982510 60911682
96915037 90809107
4990677 26716028
24850734 43246080
4410089 6280246
32829154 7798370
77249563 36804191
85800987 87532600
75530530 88225501
26656142 67547318
99684904 22901661
17002945 53838547
89370246 94980077
68793299 1539179
52916441 8836397
26155361 55325983
19178284 7795684
19315780 66609593
32223526 42482391
48423006 57242011
90925596 81081191
7303932 6497545
88816161 38004644
80127448 58983332
40190364 31206268
88016728 46729605
68810390 4070900
65870212 25853953
55599196 15954594
2535913 53224942
98640183 92142982
27034717 4487719
99203569 34860126
11352211 50298361
20700660 7578126
18919546 68795914
45678949 9378115
13336893 1740062
99645602 94105837
18974191 54356196
6452928 79455600
69440589 78336970
25496596 91782119
53986782 85696279
81439840 29394311
13633904 33027473
28355463 21838422
30397474 82137343
89641809 94053033
20535357 320261
32469606 60745244
10295494 61950032
54552615 79347544
63460662 52966529
15553447 27943476
83113611 68084103
69647361 28213254
90601273 86121808
10601963 10109412
84498335 58653407
26098510 58329142
58141687 45776315
23664277 1094216
87674487 9970417
89651268 47870498
78346971 18693868
51788127 52543354
83439470 79676413
75972972 61854921
21747467 61324128
3448429 18073846
55418399 96801654
40145998 25660435
53584909 28288447
18837139 31132402
23195131 45867027
2790608 15440162
89800949 72331047
27179976 69071570
76696411 68681026
97771886 20665092
4217797 62117970
31831146 38254812
99542095 42657665
1921959 75741084
7511904 57248137
58487795 45600827
89269250 93269833
57917313 96918044
18465792 96525276
72164943 72813869
75687406 76917525
29724004 72806522
20792614 799504
47901527 34540376
76023720 86178007
77279530 87884284
95341838 13891915
34135065 19692380
91233371 9040744
71482787 69783364
53924392 93950997
73622467 34237374
95422225 32959655
60782735 22118305
25663713 35668471
57498506 18480371
32641245 64785978
29599920 31696133
82909152 46023389
27712862 68570712
11800473 71013359
13620456 83236835
99368048 34475549
74935479 44794681
67765447 61777700
46538163 24886590
48774306 31686840
27445429 51992299
87852240 30948472
80342892 81516021
48368474 11062351
30068703 83192585
40140507 33111189
71852704 58369035
80182275 13981034
24541541 87472627
88980984 41492902
46853696 93908799
32286229 96529916
3925105 40486231
63084401 55470205
3920523 20769043
252 7977965
6207309 66875002
20449998 23998271
8864684 86627205
9922664 88538247
22969700 4111339
3807655 53459058
27237437 60166176
15955308 87379904
96044467 67153572
60609342 2583951
44223237 94888790
44866267 35316517
8237511 41875696
41142596 26745966
84912802 31282367
78658299 7509751
62051618 24338456
36896092 82346601
75555441 73083414
79348738 40439283
56797754 42214739
78418510 1060949
65498527 33300132
65250359 69002640
12259585 4503369
47308112 34856534
38565387 40891274
92909606 26526874
51699764 14835584
39349096 96304833
94159187 30111602
12680870 98200435
90786420 2751911
55795730 85100981
72963145 46393738
86241092 24618710
29926080 86298768
52735414 56577666
28500568 22668531
4975041 48813856
54000983 33037554
62030297 26718009
70476799 92479580
33726575 83308642
88265193 97823566
62303746 81977081
54211424 98067817
85913794 95380895
45352613 93160046
87319016 1926289
8060585 29863847
70397290 25659329
43621839 77076106
23930159 69973922
30459078 34840838
94737179 11029432
58298688 90187010
69170957 84399698
47320021 44201532
65690567 42202524
32888164 62375545
94610190 62105865
94644167 10178176
51917160 73153574
6689200 47695038
51135473 45073561
28593856 94456240
91559205 71151604
4371999 90243189
46381023 78467749
96814028 80405907
41506834 88055968
93289014 25012891
32013135 11210444
54699297 11924222
26684109 70008851
78394048 35449612
36985143 15795854
17981088 17133596
35669669 65309037
91637404 3919420
75500942 26905854
27351796 65668113
7033071 77059655
33775922 9061842
86983778 70084736
71526494 43698703
84314590 81034790
50694696 49248005
38732317 32118302
68904561 5484349
4555389 94531557
97624364 80864963
99388413 25402040
80896280 27179602
65948143 4876475
82109365 32553318
53440352 89930186
23469552 72845196
85073409 92498951
88219717 65167890
49116822 38372299
75489665 12193027
83523679 19751192
56475858 557558
37589630 69458144
7796063 77937864
53362119 12381499
65259712 51988332
45364583 81750863
4155882 39991435
68440295 17171105
74672572 94259365
80479482 80352872
73917471 36928760
64917463 10704490
67680656 37472669
89140764 67384488
60731714 6438956
84330489 40122232
63223166 51916205
76008990 68457157
2857818 39309003
22518284 21675593
52884338 66921659
87493156 11218010
44724973 34326423
3921577 3317246
53685182 31669263
65938148 36249339
68422844 96206263
48661744 71640270
33285701 46564780
20884802 87082835
46708629 42194808
84802866 11091377
56572218 92668169
47904035 5035782
49166629 39700768
28338798 98101924
67899719 7208984
63512105 92477232
86372314 94038192
59198774 4073453
85795258 12243796
31058902 90291434
98717998 69336867
90202258 44913049
78250674 85024936
19847282 71089742
86401201 33200927
53907197 95115884
5637547 46169983
58139213 3601487
74719895 54125331
86918319 83920136
58221318 50177704
92957865 5401672
2386207 29146732
89583590 550764
49990090 9194881
93778525 89113243
70801416 13851320
26868332 25346887
98649392 91999316
84822754 82941175
84949274 7390713
16561990 45192164
37721143 37312560
89191439 51752638
510844 39308186
45889644 78323204
90245702 78337153
47750067 76710929
29019338 79675563
94871857 10785506
89616575 42178229
16895098 88064887
26843065 94356007
91457681 15626820
30329188 78499530
62132179 69417515
55653664 94201788
76436600 85823464
1572030 16345660
52731858 96004341
33384977 30773250
80218323 37046811
86976038 98303843
4247850 97888586
37559315 82463168
98463449 14771151
27548463 1915311
83611077 67031675
84058906 79318832
84423129 96058937
16208812 70289987
79244402 93505706
63810824 72948411
23850231 81411606
83765655 32772082
73158899 57787170
65048091 36021111
27269343 73488377
33272807 70450055
23442649 13868087
71809716 36916088
23878275 23743256
82465010 10037865
93546787 81647150
96527777 26244019
36906787 50935250
80704384 34645076
57291718 68533459
93974280 53496850
34513994 28280706
91933119 70678304
92156061 29480262
5167812 61013228
93068443 54558995
72304077 79397083
16381083 41054020
44687781 7688945
85138674 77967411
56168883 16266685
62146874 9433597
22661506 87304762
86482485 98581477
15219285 24253750
1493899 86183371
92148029 15702590
60658776 40512443
59513850 29372001
51969612 12754277
14045488 92434956
38728927 95279671
30269936 23962712
49657695 52304232
12396457 33970479
43187800 11434246
15959907 10485218
49096107 14254010
97005367 96428643
24716135 29071419
66707167 6566735
80145892 4717538
1924463 87694635
63776844 86275620
32720634 91641199
91299659 87446930
62160912 67810828
62213205 52351973
51444797 82595967
74408771 70242334
27324642 58680217
58013964 85885685
64554187 6106851
95255084 30533584
75748229 22709145
20197990 34682701
79511442 35714068
49509073 98936086
44377126 38686925
53473630 56612055
40386957 71105551
32597358 98994717
11717709 18364981
95181542 95955261
9999938 86563633
31843790 24733982
9128395 2983962
1331142 69287409
5197978 5173415
33229691 26856174
40240454 45884879
69537752 81718197
68774996 37661644
32502547 89544789
47335356 58251707
3812404 4459092
98462068 88102649
44120622 50391882
99247260 52630512
58954979 55577534
7337734 31965094
23850930 66453127
90975671 94540831
31476619 32929966
53289280 19843249
99758916 62342682
64945907 74567575
38322271 31738653
49075112 34069466
36494663 10596796
50834792 87210754
17124918 64601913
14820411 38758823
72797601 17441784
58133102 61972738
32815428 22242026
62310328 51906860
20338524 90338425
36137599 915683
10544316 49278762
60435517 71354153
87266646 58577722
39908657 25693081
82837564 81592610
81299018 38317554
30629002 4770777
39349168 17999058
29018397 21101659
91364806 52668029
10780443 29657186
51317619 2139013
86662158 56655135
44277414 95298566
88208953 26342195
86146859 86220198
62266039 43077480
66224457 54461921
70406756 330972
11609256 57670495
83546483 81767684
89922348 41892265
59607057 23364029
20493967 52833541
13267165 53178786
35613806 41314937
91966868 84329359
96673521 55262296
61241439 26052337
36551152 10039197
85152261 88160330
16091501 36769488
35035426 28934827
15288946 71379473
28826133 29027395
75686006 49628541
66722957 84948223
39832423 37017818
80773654 4747766
79869817 37034520
33546482 88333731
90704846 88326514
66183346 53217395
29356924 87440461
72530256 93351791
28177433 59057413
33557102 38568439
88797250 37967396
86369001 78484556
65931231 3003414
9661971 78479243
88856291 13077905
7623278 16854307
75634332 1491788
24825370 33963029
16379053 41084173
9381070 52853792
5397220 49369839
22017297 13976876
49408071 50891332
12884237 31886992
48419341 21452869
9788205 8948928
39486792 46457681
72659974 91786961
77631380 42591648
61792104 23722773
24078211 75077598
15257734 68339075
47756717 26270306
73866879 46982729
49674133 66255685
2111072 59373281
24395179 37226493
63799782 75979239
53075879 15467211
57999470 31820311
56421770 56910766
34045647 33211758
48881734 68636359
94051700 17335183
81746038 49105990
66939440 73526732
21839453 74296118
29694548 25140117
54610599 1749598
38358814 52693281
82688232 8665832
19960571 49249238
47169868 35312745
17656179 22105704
86288076 76093538
20828556 7299626
14588510 27988422
16264695 1614526
87502901 97516494
77323147 94508294
32463558 84537483
24982629 6404317
32900930 43803345
59325090 88847445
75599806 47007080
83816136 90113202
52529198 62023870
29814718 8985998
72983598 15629957
33768 63780832
8632747 43311451
37911118 96925780
96427865 47991712
56512851 567788
25769553 94771685
93219842 19264327
72879268 43610370
66477461 97257161
46257881 83396398
76871540 74374317
60523737 45458980
94159151 53938883
97923111 57950801
25348480 89344
80358710 78505076
17372281 76349054
2561737 17974331
49354117 50217308
67481547 89915334
13306565 88612872
57599117 44970609
52784982 88929030
8875557 92138570
42011970 41056999
63928815 12456205
5837930 90834836
51918528 25929916
5490933 10035536
75481325 93686946
59221735 86305435
78523411 96407718
65338746 59820894
70159358 92686925
33751241 75117040
35609793 15613389
38350726 74848831
45065414 46379074
25274292 74876093
50009835 23667131
57198072 54173851
52259551 96490470
10443523 56193941
16391739 15364951
24422017 98438002
83441208 53668923
77744999 47640174
3768996 57336140
63112374 18227076
26740907 14439975
16090891 62061924
90965436 38198818
5802558 48585851
73477798 3048577
91022593 88061572
37395028 62266339
75397516 6979581
23056579 48064803
90461036 1793117
78923146 66332437
36600520 4781149
49433468 77141067
18663412 76627297
19967370 41872991
75434920 50467622
14119844 94287269
77285436 62422443
23043698 98316540
70449234 15328216
87951569 10281087
38545286 60518588
99757968 37638221
12628876 10825078
70954435 77831657
70931145 34650671
47312053 41689983
17729434 32871484
7502665 13375263
11581080 26550962
24599891 77422149
39138219 56721849
21733954 65004983
52151786 22703788
72053843 48086193
37969599 33179291
89756431 95348397
10032872 94388693
49147831 32632252
66755074 2901287
12765890 52747286
67201132 12814090
78284777 2871296
22459100 19695811
90435684 96472233
21808950 5581147
24004036 65673149
28367995 24359718
83485486 80780491
55017761 6198687
55904562 67053509
80702976 20052316
91916689 70954845
71187158 76246688
59446348 57641177
50082356 57755418
39666217 39129309
76680801 17773684
83775508 49332139
74522655 44102030
92325275 93242467
27516266 16725955
95964952 13790681
23238486 4524244
47411596 40483853
52921095 92069387
21568000 94929772
69820502 15077457
89946596 71411802
60250445 51909134
40139893 52646636
2484669 45343952
32970265 60927475
42474078 63550300
70511135 84067203
95111306 74295613
95899837 45196161
75117187 55478883
56110775 31110828
93528396 69012093
26401927 4959619
79517450 15901145
81746362 61510183
46208220 96019988
92083169 65625667
32747410 71781596
70519788 74585912
97187409 23405148
54396714 354410
85150777 61461388
96798405 88123006
13387989 76721680
12931242 16098229
34915997 67070699
12286817 48508554
71150828 9738307
41245058 49792087
82562359 15891655
82650121 44095547
40552089 89034475
92340331 48207510
35558447 14077613
93589336 42864296
30456656 78032115
48254426 15658571
73017034 23599712
10983316 79711713
5161498 7275476
61823101 40483884
90702702 23794815
18990249 13995175
2631279 76321084
74971625 17730257
89734691 46081765
39203078 63414334
33509637 32184803
59888742 98428415
11534387 1026539
64457959 60073206
85138449 97081511
9152919 43633247
67494921 62077597
89715029 4931133
28572888 82660571
66575190 47761886
34589760 89202654
15999908 5931409
25556429 41465887
85053886 10379181
40045165 12604712
70602597 32683057
10881411 13079048
49080649 97336668
66214717 98045568
47410470 15429152
75523488 10956406
7085862 26171673
15297721 86454495
44725349 28505582
49074777 70758697
38977933 13585895
50489928 3294433
92442700 8207221
83186824 53171930
29902608 9262886
35939162 72884949
24449800 56312591
44238948 45217499
66365421 91226204
2380124 69952355
67966318 18668853
74809847 29099180
27669465 30000020
35123235 97087600
30229182 65921640
29814267 53055096
42880326 67972333
2414544 61423792
19276196 5469456
36571047 277748
57971554 95627959
74837608 22481414
18917505 62546713
10356051 47177144
68261120 67859446
91278203 34935974
88393879 64096272
52449409 89657068
99085997 66077738
93643756 34943630
90620084 30374965
48729184 57575800
29562451 88139792
63110492 21483939
14663086 28814025
92729227 76363834
8525972 51748752
77784364 36811653
52814524 74929033
28870248 73177728
5302194 75801319
48539689 97730430
17526653 17105177
74539120 37098934
66762049 80837801
97068112 5950198
3368371 73886052
3333439 50388362
16521941 57684452
24670659 25405432
53208592 86807185
5134057 61546154
22015673 36646405
27760742 42370054
32652591 53137783
63881236 87969902
24558726 98367722
78818114 85181228
39323967 96699691
23415068 59560794
81969379 95280321
73763059 74671738
91776863 95786301
47123996 11432734
67128380 60006943
5904899 97163030
68618494 86386743
53191929 85441495
50677648 52770118
37572998 8137851
62534813 20029495
27005508 77303452
75401579 66455731
95981996 47171185
36873522 52528020
653750 48330460
91362647 26041727
56071015 92759740
67939124 45856256
74988334 5621160
48546863 5581569
18387075 37583037
38594315 10174005
98639888 69652848
47651349 70760932
59243320 77957500
69745890 82424983
62575005 58833452
82930212 93416687
35097256 74748173
81752595 13599113
60392588 33668758
37892649 40013501
66948256 18315586
31452972 10344784
1844763 6137803
76144052 38048994
57502415 35071932
54243455 44133976
74071422 14011392
5218572 96903931
39252646 80892147
20411452 6228129
78149507 5529586
76044347 14812250
77635607 73833241
89988704 76161183
62649414 88471756
76555732 35164771
54919062 28070631
20781654 68851077
54405325 75355344
45108063 10628068
21926084 59245007
22820660 91585617
64792368 12579586
13393241 47919322
39862619 44089010
91299043 41361758
52169577 88013940
26437310 89954543
60887758 59409586
93232957 61001839
29196042 9991537
28471944 52363355
66180369 59009496
5033100 72138982
57112510 755072
13430693 26515872
46448562 40284486
28780507 61446687
14095057 27756021
70142710 38699437
46593835 30178681
939701 78694987
13103704 34535573
28609206 41378946
58736207 37840697
40422493 22059834
19715263 43668757
79271763 9173766
69300329 87855412
35993674 29648474
2818003 64249955
61587458 91195061
31608925 65542896
32254759 59206068
14475195 78224057
86293484 60655691
95011434 42947546
1812408 87865113
42159212 70043847
80851391 42694911
69398436 39590065
75892244 50777860
57522212 89020317
4645467 53283032
30401028 83534675
62741934 22547466
10284003 46814863
83348252 7310486
42186668 20420373
49059198 3215931
17235340 29036607
69190146 21574298
79121613 723375
85299569 37285465
91005031 74875162
85508778 24019679
22767819 66618468
85278602 18456083
93971265 14429742
48503856 52956461
83549836 24310064
21548686 71475269
17372365 93638039
29949915 40599372
4511240 81575922
7316179 29858329
49251055 51487008
14362450 78556156
23992274 89935568
52369810 14519100
97626043 75217680
27292860 36819091
57245014 3326913
16562192 29548353
32893999 94825228
32060143 42528096
44501463 41654471
99511691 35272361
89490114 60056061
63155205 80499722
57755445 46405567
12482441 54082977
18512572 42811711
59296453 90001954
90442656 52225362
28487748 40707677
66745465 76901775
82371976 74451564
17474068 86922323
10842143 63430434
90027183 58225611
59305791 92024984
96817286 22755736
16324410 23658345
35881258 59787241
59796769 57904930
45078074 30166327
45601893 35006576
1305235 378928
34278518 20771881
11788211 34443145
20092410 24460596
63483109 42555825
22550411 22302696
63020574 11127235
54341141 32878255
87752697 44827487
94625647 93755253
70049630 30564300
91036542 80432988
22743951 60771677
3936379 36235523
13254711 68124036
70569813 90903004
18905097 31414707
34473039 21701570
37873102 64189369
55882929 58076523
92745133 62520152
32316844 604217
93936276 29821855
2046788 97201933
50928735 79126051
17761235 51439197
38347672 24984327
10723562 15483428
69693295 98676935
86197605 5233825
63199865 28936666
62219182 19786691
95330819 16104553
71244827 4373293
89685391 31942106
46418906 75267851
28994035 26354384
77641984 35956354
95775328 27218308
46923100 10177994
65777455 44575251
25327643 29370835
84619117 3293892
91219595 52224872
20533221 51253967
65313525 88484083
57553095 19943676
18495476 2253031
19272581 33543436
91110926 95196160
33015093 96397810
22520739 75489206
89971992 66635365
12785578 78889984
81339737 34140067
35008378 83159501
48719557 84987450
25173912 40096436
40854114 77600017
50442111 91308799
81281066 91905172
18177779 70591401
18540721 43907747
86420010 19099104
40763487 40906955
35938249 14493031
53570311 85225620
47324851 73817899
28435092 84460446
82652454 15933819
56704886 273549
83986609 97073856
34034883 9948925
41269821 59388976
44222469 29376899
15866737 41510808
30739099 12503021
1225467 12004295
80752014 66768408
94414563 59317730
65927642 211240
22550384 19875531
99457983 70193801
10589982 63532214
70939660 43716475
70828829 77153872
84880903 79465741
49265230 30442112
95969662 51043451
3181488 1386216
32312533 49501061
65602441 85421846
50033516 12752664
35403476 67044833
20896156 5054054
44765905 54420652
46561243 62950031
45832095 74828299
43463899 34235291
47085316 85846584
79826610 10537916
31041066 66553193
75789112 1411159
35893420 87189393
32447739 74241848
62939933 72040332
20416593 84457882
3379920 90223868
32472887 55053297
89892047 61529908
76424719 30654592
57046971 89928959
45583142 42672348
3542518 59930495
67044563 88035515
8667132 69876213
43969383 50986749
94126889 96198199
2215799 49029071
42680380 40362106
48196809 39129780
20134836 52697779
24003846 7205471
18880993 49830414
148121 78983342
2707955 44272726
49824663 43397573
34571281 86393493
87788759 34098587
23066205 16749140
86829914 25954997
24385312 60355992
37523767 98391988
