4678 99 99
77 58
23 53
74 11
36 10
99 3
70 82
49 99
10 80
49 3
0 43
61 76
90 48
33 73
86 8
93 21
90 99
65 66
31 79
55 37
7 58
0 34
77 85
55 88
56 16
30 99
84 78
41 91
95 67
89 32
73 88
9 44
29 57
20 74
71 57
90 65
80 18
98 19
52 48
25 17
46 99
53 48
67 25
17 97
81 97
24 18
83 66
96 80
54 86
72 69
10 84
96 57
50 19
93 64
48 99
21 69
60 2
30 27
60 31
95 79
93 37
72 40
35 76
15 38
0 58
8 37
85 96
60 72
66 17
21 24
49 27
18 41
2 65
43 53
89 28
40 77
32 88
68 17
82 16
3 60
14 82
54 72
41 63
23 61
60 48
89 9
74 31
89 89
75 31
88 21
1 66
36 80
55 47
79 20
79 61
97 7
29 39
14 1
28 83
68 38
65 84
78 65
2 92
40 85
86 53
11 98
29 38
80 1
12 41
51 96
57 44
95 66
47 88
39 37
12 89
45 70
37 57
1 41
96 93
9 30
27 27
86 8
54 5
47 36
88 54
69 62
35 53
98 67
0 39
41 20
7 23
57 55
63 84
25 72
45 16
8 20
86 41
83 7
13 2
65 32
15 82
58 68
94 74
23 99
11 34
69 3
60 66
0 31
57 90
76 17
45 3
85 9
17 98
70 94
17 24
57 76
55 84
29 28
89 93
70 82
0 9
50 37
5 94
55 76
87 21
49 47
70 96
25 80
73 70
43 27
61 35
5 33
27 57
46 66
10 50
46 21
15 69
25 81
51 86
79 99
39 59
75 12
5 91
9 74
75 52
67 98
16 53
64 41
16 27
23 8
1 2
1 56
17 56
60 30
95 10
93 27
75 20
69 55
34 36
91 40
71 54
76 87
9 43
35 40
24 58
13 37
20 88
92 63
41 44
78 42
45 90
44 93
98 17
20 77
28 23
58 0
36 76
93 11
78 65
63 57
80 44
18 93
22 97
30 27
41 73
14 56
99 86
8 9
91 31
99 56
89 96
51 85
42 19
92 51
37 55
16 84
39 99
61 38
3 74
3 39
18 41
45 57
53 74
49 97
80 75
1 95
57 16
13 78
55 46
90 99
22 21
45 19
83 65
13 85
21 61
39 54
30 61
64 83
0 62
31 38
65 36
30 4
16 79
54 34
9 85
55 32
48 90
23 86
72 72
7 88
15 43
68 40
93 25
1 17
73 28
3 4
71 50
60 0
84 88
87 69
99 6
80 77
87 81
98 81
59 74
76 77
97 44
73 98
12 7
24 23
50 35
72 51
48 79
7 44
52 24
17 29
23 56
48 60
51 97
36 94
47 16
8 66
77 48
39 89
82 95
69 88
5 41
38 75
70 51
89 87
32 17
48 67
52 49
43 28
54 10
48 86
42 96
59 57
78 1
88 89
70 59
71 2
9 14
24 75
45 58
31 64
23 66
13 9
50 48
38 51
90 47
50 15
34 7
40 26
29 22
77 33
75 61
14 12
35 32
6 79
6 35
10 18
37 73
29 2
94 25
46 37
86 28
59 91
76 38
71 84
76 28
9 61
15 48
26 36
5 77
6 68
25 43
93 74
81 95
42 34
32 63
91 65
25 40
76 32
45 26
79 78
40 19
29 61
48 70
97 9
15 73
69 27
4 6
77 8
30 84
19 27
29 55
40 75
69 41
15 85
36 90
28 61
89 28
87 63
89 28
88 54
19 74
88 47
9 31
17 61
44 86
0 4
59 80
23 34
73 83
65 75
79 35
72 49
7 33
6 44
14 8
23 77
9 49
51 72
43 26
97 27
12 49
24 37
59 42
12 25
26 24
39 56
44 20
89 39
40 61
76 70
1 39
16 59
87 4
34 96
66 13
23 51
85 1
43 13
5 76
48 52
99 96
14 24
99 27
32 99
41 72
74 66
12 73
63 83
12 5
21 79
13 77
79 42
41 12
99 96
29 97
87 29
32 79
81 78
9 40
19 38
89 51
26 96
25 16
70 0
6 49
56 64
89 91
91 46
44 27
10 13
26 9
24 87
8 13
1 94
16 67
82 79
49 93
43 76
47 38
31 22
13 4
9 16
74 65
33 19
13 74
59 93
55 64
39 27
85 39
45 87
81 37
80 6
97 69
80 80
92 44
1 23
83 28
32 13
84 9
10 4
63 80
46 48
58 31
61 18
96 95
83 11
7 48
85 66
84 49
60 26
96 82
68 0
17 68
63 30
46 10
52 19
70 68
74 81
80 45
40 91
15 51
60 63
38 84
72 3
62 46
41 2
10 98
65 88
5 57
50 25
38 53
95 77
22 29
26 57
15 65
81 84
6 54
52 59
85 2
23 15
67 46
79 68
85 12
70 98
39 73
74 66
39 72
50 99
23 14
87 26
60 46
93 10
38 55
26 9
82 47
91 77
64 99
56 89
60 4
24 28
62 52
36 36
92 38
2 77
27 9
73 52
50 43
67 26
85 24
86 38
80 2
10 22
52 60
65 0
58 24
60 76
34 24
90 8
5 66
78 3
24 80
48 27
96 63
41 77
59 91
81 74
68 94
64 9
69 84
89 93
31 76
0 96
37 45
1 52
9 47
63 83
63 11
72 30
61 53
67 53
84 78
9 74
42 12
44 3
60 77
57 96
11 95
61 67
59 33
45 73
60 20
78 83
90 12
56 55
30 91
53 99
22 10
73 6
76 10
32 92
69 18
56 19
81 92
95 16
5 3
45 40
7 83
37 14
48 82
69 23
2 66
62 92
0 60
24 26
31 53
54 35
45 45
46 53
85 70
70 98
97 86
83 70
41 21
78 84
96 55
75 95
80 71
90 32
67 51
76 78
73 54
65 36
2 52
58 26
14 27
37 35
36 4
51 55
67 95
86 97
68 94
35 24
45 46
73 38
86 62
6 9
7 53
7 65
3 10
89 70
58 39
86 90
58 0
57 32
68 93
25 21
95 65
59 93
98 13
25 93
21 18
10 5
91 52
51 65
60 49
62 20
90 8
68 5
47 22
29 92
14 43
99 98
90 38
61 27
82 28
39 24
87 92
32 82
53 54
52 71
12 78
41 39
67 26
98 72
94 36
60 86
23 50
61 12
33 10
56 71
13 52
40 8
48 48
88 44
85 87
93 0
16 30
99 71
96 70
58 18
53 77
4 4
52 78
85 12
57 51
3 11
28 52
29 33
15 2
0 41
99 57
47 99
12 71
90 52
2 33
19 32
74 64
30 63
45 49
22 79
79 16
58 59
23 91
58 48
20 27
55 10
96 15
88 76
46 19
76 58
49 75
9 75
29 82
74 92
79 37
93 78
20 93
11 47
35 18
30 84
67 45
30 53
47 67
79 34
8 51
68 94
61 54
80 87
3 2
12 84
36 10
31 42
23 46
32 75
70 74
17 86
36 8
29 39
42 43
36 12
76 95
89 49
78 44
50 21
24 26
86 95
49 42
98 92
26 28
74 64
97 83
17 8
87 2
59 91
98 2
67 74
73 52
83 9
84 11
9 91
34 16
37 63
76 85
96 64
70 86
64 0
46 73
79 91
65 16
87 20
69 48
84 14
13 35
97 99
84 51
70 33
28 97
56 14
13 94
19 39
90 10
43 25
10 76
68 26
8 46
66 92
81 3
96 30
92 9
49 37
89 97
5 34
87 7
37 84
66 84
96 6
34 3
9 46
25 37
72 29
6 48
81 9
18 52
35 16
82 93
25 49
62 2
5 58
77 78
79 68
99 33
97 64
63 73
69 97
43 80
65 95
68 90
59 13
50 88
71 41
13 28
9 68
41 58
87 34
82 81
17 4
75 88
94 85
8 44
90 69
61 61
67 74
65 28
61 1
74 96
99 28
46 8
2 13
27 50
41 37
35 16
42 50
16 41
89 49
66 40
99 50
42 96
32 28
96 52
11 36
69 77
72 45
71 50
20 10
68 99
6 95
40 54
77 31
26 24
25 87
92 49
37 25
78 95
5 86
89 5
16 19
83 23
53 54
67 52
10 56
93 25
32 68
82 70
0 28
16 91
38 36
1 65
67 48
80 49
51 53
26 21
83 91
90 49
82 10
28 11
3 35
38 4
74 10
9 71
31 22
96 56
37 63
71 67
19 34
3 53
93 44
48 47
47 22
82 70
11 15
83 23
50 62
72 73
6 62
47 12
57 6
44 93
6 88
75 20
9 82
25 96
38 9
67 4
23 80
56 29
69 80
60 43
75 72
94 5
80 99
58 28
26 8
65 6
69 3
18 18
7 64
45 44
27 17
81 43
58 59
95 8
75 89
16 64
70 96
51 75
38 7
34 3
17 28
74 78
27 19
56 98
70 34
32 41
71 71
55 93
35 57
66 85
3 51
86 20
98 62
95 19
74 90
15 95
42 37
2 72
55 0
97 96
27 38
53 84
35 34
73 11
53 4
33 55
14 7
90 25
33 35
72 38
59 99
74 31
14 83
46 38
60 52
90 20
32 97
28 97
10 75
57 44
54 20
71 71
23 90
34 20
64 36
7 60
99 57
75 85
60 0
35 32
65 1
9 81
4 41
40 32
43 92
80 85
96 92
48 83
62 47
31 8
0 80
10 26
80 1
54 42
72 31
80 13
79 53
31 49
84 89
67 91
13 75
57 52
30 73
44 83
48 97
30 87
76 13
16 58
9 52
86 93
16 31
21 60
34 10
64 71
86 91
22 81
85 78
83 18
97 3
37 80
31 20
62 32
22 58
75 80
52 35
71 9
31 74
94 32
4 55
15 20
23 85
88 27
95 29
35 81
5 45
70 57
56 54
36 69
89 64
51 50
36 98
63 54
98 45
21 60
70 66
52 29
48 80
2 66
80 36
10 91
76 40
73 4
4 1
75 35
7 72
27 89
26 31
89 53
17 16
26 7
86 8
41 10
26 12
23 61
81 43
51 76
12 81
95 63
92 59
36 80
52 12
52 79
75 51
17 44
54 81
84 33
13 8
69 90
57 47
46 84
51 42
78 37
9 48
19 15
70 12
88 41
56 13
16 70
63 17
90 97
38 87
98 62
96 99
61 75
49 61
83 52
36 69
37 69
33 63
25 39
48 70
17 81
39 28
17 11
78 8
77 93
23 12
97 25
48 62
63 51
70 75
58 13
1 92
96 43
11 2
22 67
58 27
29 73
32 64
36 50
9 84
58 7
2 41
14 9
87 94
69 81
89 86
22 27
9 32
34 91
60 27
46 72
79 11
0 76
74 71
63 16
1 58
36 22
15 42
70 68
91 38
62 45
85 78
9 8
11 17
21 29
80 59
82 52
2 94
85 33
17 68
53 48
93 68
83 2
58 58
69 90
12 33
97 72
23 61
70 21
4 44
34 34
96 5
93 90
48 38
43 96
69 75
55 21
49 30
86 24
22 67
25 43
0 62
7 82
93 58
99 51
73 11
77 24
49 4
58 59
67 80
99 19
15 98
82 47
4 78
67 78
52 14
36 10
20 97
83 19
66 32
72 63
84 56
43 23
78 39
11 47
43 15
81 31
14 49
42 22
92 84
26 31
50 53
4 67
57 13
86 27
16 11
31 43
2 30
64 82
65 35
13 64
64 99
87 47
74 20
44 86
23 19
79 71
60 40
30 31
69 82
4 27
41 74
47 83
10 31
21 48
96 58
96 79
58 42
73 84
47 28
46 26
4 14
35 78
1 58
61 68
78 36
13 59
82 87
74 6
44 87
0 31
23 20
70 99
72 31
47 81
6 1
0 12
2 37
74 4
76 38
64 67
99 38
98 68
2 40
13 2
49 40
59 72
79 41
83 20
40 43
44 78
29 15
20 66
31 61
58 57
17 64
11 42
10 84
87 90
54 89
34 79
86 85
27 14
84 12
84 38
10 32
18 98
85 9
78 37
2 70
36 11
64 14
93 21
91 17
23 43
0 92
80 89
24 86
1 74
18 82
24 34
3 23
6 16
1 13
13 60
4 61
41 98
0 1
23 84
47 1
66 62
75 87
87 43
88 37
25 33
13 4
51 4
59 46
47 92
51 93
88 94
88 55
50 92
28 71
18 58
72 71
64 82
75 24
68 17
64 97
84 52
53 35
25 70
36 66
52 87
13 97
26 28
85 8
16 79
80 14
88 56
45 29
25 11
93 31
28 40
74 0
93 47
76 53
5 59
69 3
37 49
16 54
81 18
91 31
72 80
59 34
78 1
55 31
75 37
40 5
24 56
39 13
20 99
97 58
70 6
21 4
21 93
52 12
12 5
92 3
64 60
48 21
60 21
44 91
4 38
67 30
49 65
62 96
42 38
0 61
29 38
2 4
46 28
52 69
16 66
81 96
65 73
20 72
24 34
3 10
85 2
87 32
75 82
4 17
5 55
67 40
25 39
49 17
65 29
13 5
51 9
97 62
49 18
62 85
60 24
49 45
17 49
15 21
21 77
24 18
61 53
97 97
45 29
25 13
75 41
63 56
65 2
55 47
90 18
38 91
82 16
88 48
9 29
47 34
76 8
86 19
12 32
13 99
60 8
32 7
3 24
30 25
27 38
16 15
69 39
77 59
15 36
42 76
1 94
48 30
30 25
53 36
16 40
26 56
18 49
24 98
39 43
89 27
61 35
43 64
19 86
90 17
17 97
11 51
14 16
54 17
51 12
67 48
12 9
42 70
31 92
69 9
19 84
61 51
71 71
67 61
32 63
81 95
8 48
94 72
64 32
8 19
13 2
90 37
14 28
12 86
22 98
57 46
65 54
33 53
28 5
67 12
49 98
76 9
83 64
2 25
48 4
32 4
54 88
43 39
28 36
71 78
26 30
12 72
13 94
34 46
76 29
57 9
67 17
65 5
3 10
94 29
80 73
9 54
90 41
57 7
28 33
42 32
57 22
50 59
76 70
94 19
65 47
44 39
22 5
70 76
63 76
6 82
19 65
44 72
91 47
29 16
62 40
86 74
78 49
15 61
99 33
65 36
11 21
4 62
96 25
40 61
64 63
61 46
53 45
65 18
0 8
62 99
6 87
60 68
13 61
75 8
90 66
10 61
85 82
2 11
73 42
38 29
99 76
43 88
25 38
99 41
78 95
47 95
20 75
12 24
27 14
25 4
1 22
95 41
64 36
35 28
20 71
82 90
60 76
8 94
26 1
48 70
29 85
8 67
28 46
86 26
85 20
50 39
98 32
13 65
7 43
69 77
55 18
94 74
98 25
3 2
2 42
65 31
18 77
51 44
69 67
26 55
76 75
97 69
39 43
54 72
40 45
45 75
72 31
39 61
38 75
17 98
53 23
92 93
0 74
55 69
18 77
18 54
26 29
43 89
78 46
43 2
46 15
5 57
58 93
55 25
94 92
82 32
41 35
59 0
88 37
72 3
52 85
73 71
15 83
22 29
98 7
29 20
91 68
57 87
64 80
18 94
77 54
63 91
78 72
31 14
51 58
16 41
98 14
53 99
86 86
49 52
65 96
94 84
32 52
6 60
90 76
60 8
74 57
39 8
10 35
69 85
81 4
18 20
68 20
35 93
68 34
47 9
0 91
16 71
59 89
44 49
90 65
5 51
84 50
25 88
65 30
17 72
55 91
82 98
18 77
88 17
47 16
51 15
7 51
17 77
98 42
69 61
18 4
71 52
55 12
74 93
93 33
59 97
82 68
17 5
18 28
75 22
73 45
46 58
81 15
25 92
34 38
89 91
14 91
68 91
46 84
32 40
21 76
15 50
51 66
10 31
74 25
56 0
77 91
84 86
81 63
35 16
84 77
78 7
18 76
53 90
24 49
29 86
61 95
32 33
93 65
25 56
69 59
40 60
90 84
32 13
64 69
25 41
78 72
25 38
12 67
93 99
24 82
32 88
51 81
53 81
70 60
50 8
34 10
58 70
19 78
6 65
57 51
62 70
63 13
56 44
53 20
21 14
54 73
8 93
62 39
64 4
22 86
42 51
7 98
73 25
26 14
95 89
22 12
4 80
36 79
62 92
69 73
16 47
89 98
31 37
57 68
16 57
34 46
89 20
2 48
50 25
39 51
70 60
67 54
73 53
50 40
67 50
32 54
22 44
53 35
98 81
40 92
21 22
20 68
42 24
37 73
67 44
69 18
56 67
43 44
85 61
8 75
10 38
13 4
27 98
8 39
19 79
38 17
70 30
85 74
58 51
34 70
0 49
31 72
15 98
52 74
42 86
45 36
27 66
60 72
32 62
91 78
82 17
85 78
9 18
51 25
74 69
55 22
20 77
91 29
10 68
51 6
71 81
2 42
69 79
19 16
4 71
45 82
83 73
70 73
93 12
39 26
53 60
24 67
3 89
58 52
87 30
34 87
50 89
70 17
60 20
46 18
71 85
60 60
3 62
74 13
85 75
21 18
85 33
96 6
42 53
45 24
65 63
71 33
5 18
15 15
2 93
31 54
23 76
72 16
99 23
4 23
37 74
5 4
55 98
67 66
29 10
63 68
7 50
82 82
10 93
35 11
24 2
39 69
7 66
44 45
13 32
65 49
34 46
36 23
68 43
91 33
57 20
82 82
84 90
99 39
73 72
78 16
16 24
15 44
12 78
20 97
14 61
54 47
79 76
55 40
2 49
89 92
24 80
31 66
34 5
29 71
90 98
41 56
90 29
24 41
34 20
24 98
4 72
9 40
73 21
68 81
17 66
11 35
91 8
38 18
24 39
31 53
22 90
84 68
60 90
84 94
14 64
62 20
39 2
60 9
81 31
15 89
40 54
96 36
43 65
45 76
93 78
96 91
68 9
41 7
44 39
23 43
75 47
86 99
55 5
42 46
27 83
38 40
51 29
79 71
71 93
72 26
36 29
24 57
47 59
9 62
18 81
88 2
96 17
14 35
21 81
36 9
3 65
39 71
88 65
96 98
98 27
60 87
2 76
56 70
48 11
90 11
38 27
89 44
93 14
36 42
16 10
92 31
46 42
90 70
73 14
98 23
38 80
92 71
37 72
93 65
57 0
2 99
92 71
97 57
51 4
83 63
1 79
61 37
36 62
53 83
80 84
33 84
50 80
27 30
71 87
99 56
86 81
71 37
21 8
52 44
90 34
52 22
20 17
23 32
40 13
59 79
11 27
80 22
52 3
46 29
55 3
48 75
5 57
37 6
37 92
85 53
59 9
75 61
16 82
0 85
41 53
80 52
84 67
84 8
76 90
37 43
85 69
89 35
8 63
4 92
70 19
10 6
40 98
24 75
87 5
97 94
15 36
26 62
38 2
48 50
72 58
59 22
19 33
30 54
13 95
4 12
71 44
38 94
54 94
13 93
69 98
42 75
79 41
10 37
97 69
60 51
76 40
45 63
78 99
89 19
29 11
11 15
67 45
18 82
86 54
69 10
87 30
16 62
74 17
89 95
37 85
3 25
42 87
87 44
74 36
83 72
44 10
57 7
57 54
92 19
77 95
27 1
78 34
95 58
57 35
4 66
55 61
88 93
89 30
26 82
87 13
16 96
26 19
80 91
66 13
13 57
17 15
60 38
96 5
16 72
22 58
3 86
10 72
20 52
35 81
79 33
77 69
3 32
83 51
87 28
44 93
27 82
64 38
31 20
82 23
96 62
19 40
84 7
99 23
88 88
6 35
80 68
43 83
81 28
84 62
23 98
3 81
72 94
76 30
53 8
27 97
34 98
10 17
12 69
11 30
35 77
62 43
73 98
40 84
57 9
38 33
22 71
87 28
59 39
39 5
92 35
39 81
80 84
52 41
45 41
84 59
94 0
29 46
85 99
7 53
27 37
87 10
1 37
92 21
30 25
8 99
87 12
7 78
96 55
66 73
20 28
93 27
9 70
43 63
93 76
93 54
59 63
84 43
96 63
3 99
86 51
9 67
99 78
4 98
28 38
8 40
49 39
86 90
9 53
50 15
0 54
34 6
40 0
26 5
38 23
93 31
63 12
80 55
94 92
93 21
3 95
41 61
94 45
3 23
33 74
25 83
6 95
77 64
23 6
77 77
69 90
93 59
67 55
62 4
30 83
62 25
55 67
34 37
1 3
92 44
65 78
84 99
95 54
87 14
52 31
14 65
51 29
65 63
13 92
70 88
91 58
17 78
4 12
32 18
54 79
21 38
79 31
23 33
16 47
46 76
5 70
81 84
51 7
4 95
51 5
12 8
24 60
26 48
54 23
7 80
78 27
65 40
68 57
68 10
70 35
16 1
7 63
26 53
9 72
35 83
64 70
67 8
50 22
61 72
31 65
84 14
2 98
50 13
10 35
16 32
48 75
68 92
96 45
31 98
81 47
10 49
28 98
59 51
64 54
28 28
83 52
60 46
72 96
19 56
91 83
68 45
94 90
81 76
87 63
75 17
88 82
37 43
47 13
15 46
81 81
60 34
80 11
93 77
28 82
72 39
45 92
89 53
31 28
52 47
62 6
19 53
77 90
71 69
32 74
60 28
42 53
62 88
56 61
2 13
55 82
21 60
72 43
84 88
4 5
42 78
17 45
70 87
36 58
93 52
13 13
25 25
99 6
1 45
70 52
47 69
68 17
80 55
55 0
75 0
69 22
93 15
87 47
16 80
42 19
88 83
52 87
43 15
76 7
45 46
2 43
83 3
4 82
24 79
4 83
60 42
44 7
72 75
48 82
17 24
92 24
13 88
38 86
13 76
62 96
37 17
87 38
19 82
81 19
44 3
76 9
93 79
61 55
97 21
38 98
76 44
6 41
90 46
83 79
63 16
12 68
6 55
54 96
81 69
34 89
46 70
97 60
70 15
57 43
13 32
23 85
81 21
78 5
18 55
63 68
42 97
87 34
23 73
7 98
58 73
87 7
68 32
74 78
1 91
97 36
47 78
87 96
81 44
92 81
21 25
41 12
66 1
58 2
43 73
42 65
24 89
76 11
93 98
10 44
53 99
14 21
17 47
1 18
57 49
83 58
89 71
54 34
5 60
18 98
96 78
25 99
84 62
67 58
62 68
59 88
44 76
34 17
76 73
37 47
87 58
3 4
75 27
85 4
40 47
39 0
32 7
88 34
52 41
43 15
1 71
29 56
69 69
43 12
98 87
36 18
71 75
10 93
8 94
39 12
48 52
69 60
69 49
0 76
78 89
90 59
56 83
24 90
80 2
87 23
89 66
65 76
39 44
54 11
0 40
20 89
57 52
54 2
90 84
60 72
47 4
40 76
98 42
66 81
89 91
69 24
34 64
96 24
50 32
56 14
95 53
4 85
64 88
68 83
77 33
80 22
30 65
39 32
66 94
63 17
67 18
81 89
45 6
64 54
90 15
46 98
71 94
71 69
32 50
95 56
67 22
44 29
28 42
1 13
39 39
72 81
78 86
35 52
57 99
15 17
38 33
43 7
10 12
96 23
39 47
17 63
54 16
93 96
27 8
45 70
49 87
56 68
25 87
45 67
37 64
31 36
87 8
88 78
40 86
40 89
23 15
18 86
89 37
71 64
93 10
97 68
59 55
30 69
48 7
49 19
45 16
86 4
75 32
41 79
20 11
22 11
61 97
18 55
19 58
69 49
56 33
31 96
61 83
83 42
2 43
80 44
15 47
62 88
51 3
56 82
48 80
16 97
45 52
70 43
38 42
40 0
80 54
79 40
83 27
23 23
37 41
94 13
6 64
26 13
72 32
75 61
78 21
72 82
86 35
3 68
26 94
49 3
65 44
21 31
73 74
79 41
60 26
8 98
50 24
28 68
98 96
13 48
3 27
53 61
98 14
17 56
93 91
57 18
93 69
46 13
47 48
30 72
81 61
82 1
79 91
2 69
43 4
30 0
36 58
3 84
83 58
87 75
22 94
91 10
66 50
76 84
2 57
29 69
70 38
52 59
20 40
36 47
25 80
63 38
79 79
70 34
39 71
70 4
76 43
24 60
96 63
43 67
42 57
76 95
0 14
40 4
47 56
33 90
81 65
42 92
87 10
79 86
98 53
97 4
26 14
14 23
51 71
10 49
3 30
93 77
79 97
90 68
68 79
71 85
84 38
84 56
57 80
51 40
16 26
36 64
96 2
32 59
99 26
15 70
18 22
46 72
99 92
71 82
69 91
56 59
75 88
59 74
78 51
70 8
47 82
48 25
2 19
96 79
84 24
17 84
79 70
7 12
12 41
90 48
21 66
19 6
20 39
36 56
14 84
47 63
96 26
83 61
73 28
8 12
0 71
48 6
50 94
49 51
61 51
11 49
14 81
58 23
85 3
12 74
69 40
92 36
19 13
22 20
31 94
90 97
35 79
21 68
36 21
20 46
1 74
94 40
70 27
40 53
67 34
59 20
87 59
88 92
75 14
61 71
56 47
23 78
91 46
44 71
36 4
21 41
20 75
86 88
90 4
0 45
80 81
64 66
34 85
84 28
12 85
55 19
73 25
37 31
13 38
96 23
37 76
83 3
68 44
22 4
53 37
32 42
34 25
54 26
1 83
52 66
84 23
68 78
24 37
29 76
57 55
61 79
51 28
79 50
14 27
41 93
30 91
64 75
66 16
92 11
44 97
49 63
89 80
78 62
76 21
18 74
42 54
91 37
2 26
59 97
7 36
87 95
19 34
73 78
67 15
98 2
89 54
39 71
50 30
94 28
68 18
43 19
39 26
10 14
83 46
13 13
89 33
6 13
88 72
58 14
63 52
90 72
12 99
18 34
37 78
32 49
83 35
31 61
86 35
48 19
50 62
71 25
13 15
2 91
88 2
40 61
61 58
66 92
19 44
43 75
15 60
64 15
24 59
94 72
59 70
71 61
70 79
37 4
19 73
75 4
68 90
20 92
24 61
91 94
23 83
92 81
70 45
5 24
99 56
70 24
66 99
50 70
3 44
1 69
43 44
48 80
11 82
3 20
52 87
14 79
70 23
3 84
96 98
59 38
80 8
1 28
12 48
63 76
87 17
7 41
53 75
69 77
19 96
36 62
97 1
4 60
25 49
72 15
21 86
90 53
98 18
75 76
30 0
39 86
85 59
79 64
40 23
93 70
31 15
51 61
66 0
38 33
62 92
96 3
42 74
33 71
9 86
66 76
39 62
86 26
9 61
84 93
0 84
1 38
79 63
81 13
39 29
33 90
51 16
75 61
79 32
58 97
4 23
44 35
85 16
53 63
65 5
14 15
69 25
35 76
37 18
44 86
38 55
55 29
22 13
86 72
64 31
79 18
95 7
22 56
15 88
94 39
13 38
28 17
16 76
50 63
2 51
96 28
3 41
81 32
62 57
39 82
82 27
95 51
25 0
48 95
5 30
95 32
57 53
39 97
97 27
63 11
16 49
40 48
82 20
89 48
59 36
10 83
0 84
88 41
40 19
43 67
34 36
30 49
45 20
45 14
84 75
16 38
45 96
74 8
17 88
96 85
31 39
26 11
81 72
94 69
25 7
88 70
67 27
74 40
30 3
22 88
30 72
54 99
0 62
58 52
29 78
78 86
67 5
92 26
51 75
94 17
24 61
1 46
2 10
66 71
21 8
4 94
73 28
14 94
96 15
31 18
91 1
64 72
44 77
53 89
26 31
94 35
2 49
55 85
68 36
36 37
58 46
6 19
94 11
84 48
11 97
59 93
88 61
33 99
2 2
76 71
22 49
80 37
79 86
75 85
98 66
99 38
68 41
9 89
34 1
59 13
83 50
37 94
38 15
25 80
19 93
59 37
86 17
35 42
10 14
74 21
44 30
35 23
4 97
11 54
0 61
23 82
79 2
89 53
37 75
86 64
40 20
64 60
22 57
50 24
63 74
54 2
0 44
9 83
45 26
83 14
90 69
43 70
88 91
93 34
63 82
82 99
57 80
74 27
40 71
99 60
24 54
83 32
8 46
78 98
95 32
33 66
49 64
50 59
26 9
23 60
79 26
72 62
55 66
76 35
64 40
48 10
35 24
99 96
19 40
29 93
46 58
81 98
30 46
16 42
59 71
3 72
16 57
31 68
29 15
81 43
22 7
46 88
11 67
58 19
14 14
94 82
38 33
14 75
11 92
70 88
28 0
50 6
84 86
65 37
54 28
51 78
27 5
98 19
85 87
33 87
4 86
82 80
14 65
40 27
36 44
1 10
9 10
11 88
32 85
52 82
42 33
9 74
52 34
36 18
81 11
68 66
5 61
34 90
29 31
63 8
50 63
57 28
96 20
23 74
95 7
84 56
83 26
33 27
20 28
83 1
20 74
13 60
72 78
9 24
78 54
34 12
92 81
62 83
16 82
33 51
15 81
64 81
28 43
19 55
12 88
76 64
99 87
40 91
12 51
80 18
93 18
19 39
75 6
98 74
48 72
1 99
4 82
36 97
79 13
50 50
22 93
78 78
13 10
3 87
86 47
45 42
26 85
29 80
16 68
34 98
86 83
54 62
57 89
37 99
73 4
85 0
72 69
53 38
10 96
41 42
32 23
89 92
50 25
57 95
15 77
53 54
41 9
73 11
38 98
20 42
28 40
42 41
80 42
8 37
25 32
70 47
53 66
0 40
58 67
65 78
55 76
35 20
30 39
15 76
97 59
76 85
75 3
52 81
43 69
80 8
82 68
43 14
67 76
34 88
88 25
96 24
67 4
9 70
49 60
61 75
81 64
62 91
34 35
51 64
10 39
11 19
15 2
28 57
62 72
22 29
88 54
72 55
82 33
13 31
11 73
36 46
0 39
39 75
94 67
91 77
96 10
84 45
43 26
18 0
48 80
29 81
3 14
25 3
61 23
83 53
76 64
4 67
93 59
17 37
79 48
5 84
37 5
73 64
97 69
81 94
94 20
16 83
21 77
3 7
73 52
56 69
20 43
3 46
2 7
3 27
69 90
12 13
51 63
96 98
59 26
43 38
75 85
2 71
50 22
48 21
25 70
65 22
83 69
70 3
18 11
34 35
67 76
99 91
41 41
12 60
28 53
15 92
23 27
33 16
42 62
39 52
76 16
73 0
65 71
12 6
95 11
62 65
30 54
23 14
18 0
31 0
73 1
30 88
69 96
62 86
20 83
90 94
61 37
15 39
20 18
43 58
81 5
89 38
12 5
62 3
31 32
53 54
27 74
85 90
19 68
71 87
85 26
64 89
86 55
92 54
12 30
73 99
69 64
10 1
50 21
27 51
86 95
43 81
57 80
13 62
98 17
71 52
9 56
97 97
37 71
72 31
94 63
16 0
84 76
82 5
23 72
89 49
13 83
12 26
0 73
63 75
7 53
11 63
88 88
86 44
71 97
90 87
4 56
93 35
82 91
75 69
96 17
5 73
39 8
41 77
80 34
63 88
90 4
52 23
55 39
22 7
60 47
10 4
19 10
77 61
68 15
79 63
26 22
11 35
66 38
3 49
64 6
79 34
13 72
85 84
73 18
19 6
34 52
35 13
42 84
77 47
31 9
6 73
77 11
92 63
50 39
54 16
57 2
77 69
6 53
76 95
21 41
88 46
66 38
74 58
39 82
73 61
65 7
7 23
63 79
72 87
3 95
80 69
43 18
39 15
26 94
78 31
50 93
80 49
34 64
1 55
19 52
30 1
4 17
3 12
22 16
92 80
41 18
26 68
70 9
86 39
20 75
54 96
43 42
72 76
65 2
60 95
37 27
15 93
90 75
6 99
1 56
71 6
28 2
36 19
67 64
85 73
73 11
88 5
46 93
65 13
70 96
90 1
92 83
71 0
47 3
86 29
5 92
86 64
75 70
17 93
17 18
76 57
49 19
70 0
8 48
82 96
79 82
53 88
54 88
78 46
31 41
43 37
51 42
32 76
52 24
28 15
19 28
22 80
85 54
92 72
67 87
75 40
80 85
63 38
85 64
97 20
29 3
46 76
83 19
59 67
65 55
65 0
36 73
11 89
87 67
64 2
67 53
8 15
18 17
97 21
0 39
84 56
84 33
46 2
82 15
42 61
92 88
82 46
82 7
42 98
56 99
99 7
4 80
82 74
67 8
48 67
41 57
50 2
20 3
36 64
29 99
68 13
27 26
29 41
76 77
58 69
58 72
9 12
20 10
95 94
66 2
33 94
40 33
56 76
38 66
11 97
16 83
75 11
47 39
27 31
13 91
93 56
46 8
9 84
75 43
7 36
15 66
87 34
3 86
10 13
16 88
2 38
57 33
82 92
67 18
98 38
92 42
3 46
65 73
4 77
57 83
33 30
3 47
93 72
97 59
42 1
40 53
49 47
53 20
24 76
47 39
33 98
43 37
10 63
81 62
7 94
65 74
88 29
29 80
46 78
22 4
66 87
46 57
64 77
90 82
0 93
1 96
20 98
64 26
61 70
97 41
51 75
77 85
45 50
67 51
0 51
72 29
9 47
17 85
10 64
33 70
16 76
22 83
25 12
12 92
4 9
31 83
80 69
11 79
41 83
13 32
6 7
74 31
62 46
69 27
62 95
39 71
13 34
17 19
96 10
69 93
20 14
40 32
16 64
39 82
22 27
43 96
30 15
87 31
53 92
14 40
28 20
17 45
83 80
4 20
37 89
95 32
21 51
64 45
25 8
75 18
7 0
87 15
15 39
75 63
3 39
21 50
14 10
42 67
46 90
32 97
30 33
63 69
92 17
58 71
14 76
40 63
97 94
60 7
71 61
65 92
89 59
36 42
5 42
74 8
11 56
62 10
41 37
53 54
64 50
98 40
34 35
71 17
63 32
41 42
14 33
66 4
60 67
80 93
44 17
53 27
91 7
77 39
56 59
75 17
37 69
19 46
18 60
44 63
49 69
45 73
79 33
77 27
70 72
43 93
54 38
1 12
58 90
43 76
77 21
74 84
44 64
8 63
77 78
85 33
22 37
55 49
43 28
48 84
8 8
8 61
46 44
94 75
1 71
78 88
27 20
94 17
25 65
58 96
75 45
35 59
55 99
5 29
60 94
15 84
32 56
42 91
21 83
7 58
88 64
6 40
51 26
84 78
74 67
85 83
77 98
68 94
98 34
97 27
30 37
44 91
32 8
26 23
17 7
19 65
80 81
89 77
80 61
3 33
84 4
91 90
69 82
63 51
48 89
33 87
39 88
89 99
7 12
73 32
15 17
75 12
95 4
79 58
98 39
48 76
96 93
89 29
13 66
18 30
83 95
48 9
57 31
83 98
35 11
41 94
81 2
92 38
37 72
83 21
8 35
70 22
22 87
64 56
3 38
95 80
19 26
1 77
63 43
36 45
67 26
38 19
79 58
12 0
52 16
92 57
81 82
68 98
67 61
39 70
46 26
65 15
93 37
32 9
83 13
78 76
12 41
65 4
49 20
20 78
57 92
99 52
11 84
99 43
23 25
93 71
21 55
57 43
22 49
21 10
26 52
89 59
84 2
92 13
64 10
99 96
50 86
58 71
75 51
47 1
72 17
16 57
9 19
14 94
62 16
73 25
46 84
47 59
23 9
34 74
39 4
95 30
73 89
9 31
91 77
55 28
70 29
91 23
67 19
39 53
74 68
79 8
9 21
59 69
42 36
56 76
33 7
97 37
20 88
13 87
19 65
70 64
62 13
80 4
2 96
61 90
62 15
86 86
42 66
61 58
20 18
97 99
56 43
15 65
60 68
76 60
57 85
78 25
78 19
38 17
24 43
72 23
42 48
47 91
20 64
70 52
83 47
16 7
62 37
30 47
55 59
27 37
28 76
46 34
94 20
35 46
89 38
92 55
61 47
96 92
23 8
89 44
86 62
73 24
34 43
5 23
3 25
41 22
12 67
39 20
71 97
4 59
44 58
4 98
90 16
28 21
11 5
18 85
68 41
86 8
81 58
61 40
56 34
76 77
35 16
20 79
74 9
86 54
22 52
36 80
43 42
38 13
95 95
21 15
96 27
68 96
6 69
66 18
23 11
50 86
82 18
12 55
52 36
9 15
13 87
60 25
49 98
78 11
75 97
87 79
4 34
58 34
49 83
20 46
75 27
11 56
25 86
64 53
75 31
39 26
17 83
23 85
4 66
8 60
51 93
2 75
72 66
30 90
79 73
38 84
54 55
92 30
7 94
75 84
71 28
48 86
4 20
82 9
44 74
38 19
59 20
1 52
26 51
35 42
90 79
37 17
26 97
6 14
63 42
60 2
82 6
86 87
23 58
55 52
7 11
57 32
84 7
51 49
64 82
57 89
31 5
31 55
26 95
69 11
16 71
26 45
98 48
79 42
24 34
3 57
85 18
40 61
71 41
55 7
20 23
59 92
16 1
79 40
98 50
43 50
92 38
13 57
12 9
3 54
30 71
17 30
56 98
96 74
15 49
75 91
14 85
63 23
28 93
25 87
98 25
97 32
15 15
28 94
89 51
21 12
49 3
13 33
34 53
54 80
33 59
41 4
46 81
1 95
8 62
28 12
88 85
75 44
84 86
89 96
68 62
85 77
3 18
6 69
14 30
72 97
86 52
66 59
37 94
99 57
94 59
34 83
89 54
94 93
42 24
55 70
11 29
78 98
33 32
86 55
0 36
23 82
15 27
83 26
62 87
71 65
95 23
87 90
17 33
72 13
98 96
36 21
56 13
67 85
11 47
72 87
55 49
99 51
31 12
11 39
82 90
15 96
49 87
27 41
51 29
9 93
58 11
58 13
63 49
93 28
96 61
75 26
60 38
29 13
38 7
60 67
64 47
54 7
29 36
69 25
3 90
85 78
40 47
59 25
57 86
78 78
9 44
40 46
78 98
36 35
70 23
35 90
88 66
99 66
85 3
39 21
82 39
73 50
75 16
85 12
64 21
38 64
27 93
46 72
82 19
99 35
40 85
39 99
25 54
13 68
23 94
78 77
12 86
10 58
99 62
10 9
65 53
31 59
29 52
71 72
73 12
56 84
97 24
80 55
0 51
94 54
11 7
98 52
23 27
10 31
74 25
93 52
26 68
16 22
75 14
18 27
71 29
15 75
24 43
3 40
7 71
77 84
72 96
34 6
54 85
16 20
12 65
27 47
38 75
3 45
68 9
52 51
69 56
73 87
59 36
49 34
44 96
36 17
67 52
46 15
80 48
50 11
42 14
35 78
12 5
68 42
73 95
63 71
85 57
56 23
23 12
94 22
11 50
5 10
17 29
95 13
12 94
58 66
56 1
30 54
38 9
86 24
29 13
38 54
8 85
65 76
92 16
71 38
85 39
71 18
19 91
58 31
83 99
25 8
59 69
16 60
45 44
88 55
68 97
74 76
16 83
49 16
34 64
44 71
64 46
12 2
28 82
3 5
14 39
5 92
42 28
51 43
80 37
19 74
43 43
77 80
65 79
56 91
43 24
11 25
40 40
2 57
8 93
92 89
55 44
27 0
81 66
37 12
81 29
76 37
34 5
85 98
28 91
4 12
71 60
4 5
27 34
9 6
62 78
33 15
33 57
44 83
15 6
58 60
96 29
80 4
14 7
58 49
48 26
84 62
82 40
26 81
24 14
83 37
22 66
31 9
90 96
12 81
40 82
85 27
51 82
71 24
70 12
69 10
65 21
40 36
24 55
62 92
41 73
54 80
90 43
84 16
19 94
86 16
40 66
5 13
21 45
99 27
28 77
27 72
42 15
50 77
89 35
86 58
2 48
56 93
51 63
27 78
52 42
79 87
26 64
2 47
24 73
77 60
66 27
52 88
27 21
54 79
79 71
62 57
88 77
46 41
50 79
19 77
88 14
80 91
3 42
33 58
32 96
60 66
22 98
2 41
46 38
34 1
71 4
3 20
56 33
55 88
82 58
9 42
69 30
95 82
72 69
65 26
28 90
12 97
34 67
63 80
25 63
18 32
51 22
9 86
11 35
76 57
44 77
60 77
86 7
82 94
97 40
95 48
54 69
19 32
65 33
95 22
8 18
86 56
37 35
55 56
90 3
9 13
97 11
0 72
71 53
9 49
63 38
0 24
11 79
43 54
3 42
2 8
69 5
34 64
34 55
97 15
81 43
62 82
69 35
45 5
73 98
52 14
28 51
71 98
37 82
18 89
43 28
93 50
21 42
47 41
81 94
6 47
14 3
3 32
36 38
82 68
36 42
34 63
25 25
0 73
50 66
58 4
13 72
36 82
13 8
53 0
52 25
36 91
11 4
33 61
52 74
67 6
40 47
10 93
60 62
65 23
7 26
57 19
71 75
16 57
63 80
49 55
66 60
20 23
27 43
36 22
87 31
18 56
98 55
60 90
85 25
63 4
24 91
92 32
8 12
65 97
19 23
1 41
62 31
82 45
88 56
4 31
32 94
39 48
99 80
79 88
64 93
58 2
0 35
94 3
69 78
79 10
98 32
91 40
41 51
96 76
78 71
38 69
37 36
8 11
88 84
7 85
64 27
23 55
37 78
79 91
42 0
89 83
25 18
27 94
87 7
2 67
3 83
49 53
16 51
26 17
99 16
8 19
44 91
47 6
13 97
79 46
9 0
46 93
80 23
81 45
49 92
61 51
51 28
31 22
55 60
91 0
97 38
70 71
26 12
62 95
21 18
39 77
62 39
92 12
94 27
0 22
54 14
24 10
42 10
46 17
54 2
38 72
85 49
14 53
12 24
73 95
35 99
9 94
67 2
0 10
81 75
79 81
99 37
81 7
15 36
61 82
9 19
2 58
8 49
18 6
53 10
30 18
58 44
25 6
28 31
69 96
53 18
73 73
3 9
99 45
70 40
68 63
83 62
90 85
21 98
36 34
98 5
88 25
56 20
34 45
76 54
88 88
48 45
57 10
88 25
27 39
2 60
53 20
43 83
60 16
4 24
13 10
76 57
96 3
20 10
36 41
50 98
92 19
30 0
92 47
27 4
70 78
52 17
62 13
47 47
66 4
59 67
22 81
67 38
26 16
72 39
56 71
41 11
9 42
15 67
6 4
70 15
24 64
99 98
19 54
68 26
56 43
71 33
18 98
46 30
41 62
77 55
47 30
62 59
19 69
81 97
27 86
77 88
82 16
46 67
29 18
36 1
5 80
71 39
86 25
97 66
56 31
32 70
56 83
60 22
73 52
33 16
23 31
16 57
58 67
0 11
67 17
4 98
47 10
96 9
40 60
36 13
1 37
63 70
