300
1 2
2 3
2 4
3 5
1 6
2 7
5 8
6 9
8 10
7 11
9 12
3 13
7 14
2 15
8 16
6 17
17 18
12 19
10 20
2 21
3 22
13 23
12 24
14 25
16 26
10 27
21 28
7 29
17 30
3 31
11 32
21 33
27 34
23 35
2 36
8 37
9 38
20 39
36 40
27 41
3 42
21 43
1 44
15 45
43 46
34 47
6 48
9 49
39 50
1 51
19 52
2 53
25 54
41 55
5 56
44 57
43 58
46 59
34 60
7 61
43 62
42 63
51 64
10 65
19 66
3 67
25 68
52 69
24 70
8 71
3 72
51 73
44 74
39 75
58 76
9 77
33 78
70 79
22 80
73 81
5 82
29 83
78 84
10 85
57 86
64 87
72 88
46 89
10 90
23 91
77 92
14 93
18 94
85 95
49 96
35 97
36 98
53 99
81 100
45 101
56 102
101 103
102 104
89 105
104 106
29 107
92 108
2 109
89 110
28 111
35 112
27 113
62 114
82 115
99 116
33 117
15 118
40 119
65 120
76 121
67 122
67 123
49 124
3 125
116 126
122 127
9 128
27 129
69 130
60 131
44 132
88 133
83 134
87 135
131 136
115 137
30 138
74 139
58 140
137 141
118 142
14 143
142 144
119 145
24 146
103 147
44 148
81 149
43 150
91 151
119 152
56 153
85 154
65 155
18 156
148 157
3 158
42 159
19 160
145 161
59 162
159 163
109 164
158 165
113 166
163 167
7 168
95 169
152 170
132 171
49 172
145 173
71 174
140 175
57 176
100 177
15 178
42 179
82 180
39 181
14 182
106 183
4 184
55 185
176 186
3 187
52 188
3 189
97 190
43 191
130 192
101 193
21 194
95 195
42 196
14 197
166 198
138 199
126 200
18 201
194 202
126 203
54 204
171 205
135 206
111 207
186 208
58 209
78 210
26 211
163 212
152 213
66 214
40 215
141 216
28 217
98 218
145 219
128 220
169 221
160 222
182 223
217 224
52 225
17 226
37 227
187 228
6 229
41 230
67 231
206 232
95 233
51 234
209 235
143 236
22 237
92 238
225 239
222 240
117 241
195 242
192 243
108 244
220 245
72 246
34 247
118 248
228 249
15 250
125 251
111 252
37 253
105 254
127 255
138 256
163 257
80 258
13 259
114 260
82 261
74 262
84 263
89 264
122 265
242 266
45 267
171 268
252 269
168 270
44 271
121 272
76 273
94 274
127 275
219 276
63 277
81 278
270 279
71 280
31 281
75 282
23 283
156 284
242 285
25 286
128 287
277 288
158 289
117 290
218 291
110 292
135 293
5 294
73 295
30 296
226 297
82 298
86 299
277 300
?0?00000?1??0?10???1??101?00??0????1?1011?1?1??01?011??0?01???1?1001??11?0??0000?????0????10??10?0???1??111101???01??0?110011???0???001?10111?0?11?1?010???01?11111??010?0??1???0??1??01110?010??0?0??????011???110?0???????00???1??1?101??101110????000111????0?1??0?1?011???01???0??0??0101???0??????0?1?0
0?0?010?001?????111?0???????1???0???1??10???1?1?11????1???????0???010??1110??1011??0??1?0?1?0?????1???0?0?1110110?111111??11??101?0???01?????1?1010???00??000??11??11111001?0011??111?0????11??1?0?1?1?001????1110??????1??00?10??10????0??011???????100?1?1?01?1??????0?1?011?00100?0001??????11????0?1????