2996
1 2
1 3
2 4
3 5
5 6
6 7
2 8
2 9
6 10
5 11
8 12
5 13
9 14
4 15
14 16
12 17
6 18
12 19
13 20
6 21
11 22
5 23
18 24
21 25
4 26
20 27
6 28
16 29
17 30
20 31
11 32
11 33
17 34
8 35
31 36
17 37
5 38
32 39
20 40
24 41
26 42
31 43
25 44
25 45
34 46
11 47
14 48
22 49
33 50
37 51
40 52
31 53
10 54
17 55
26 56
33 57
2 58
18 59
44 60
43 61
50 62
9 63
27 64
42 65
47 66
23 67
43 68
24 69
45 70
8 71
46 72
72 73
38 74
9 75
41 76
57 77
61 78
65 79
15 80
69 81
37 82
29 83
36 84
48 85
35 86
69 87
12 88
5 89
33 90
27 91
87 92
69 93
3 94
91 95
8 96
8 97
89 98
71 99
47 100
90 101
52 102
82 103
53 104
3 105
61 106
91 107
23 108
36 109
9 110
61 111
86 112
21 113
108 114
18 115
14 116
109 117
73 118
9 119
102 120
22 121
22 122
10 123
104 124
72 125
106 126
78 127
96 128
37 129
63 130
56 131
37 132
65 133
30 134
84 135
120 136
24 137
134 138
71 139
112 140
73 141
118 142
65 143
125 144
93 145
107 146
55 147
30 148
138 149
17 150
95 151
150 152
78 153
59 154
85 155
29 156
144 157
143 158
98 159
151 160
124 161
41 162
20 163
130 164
46 165
102 166
24 167
155 168
31 169
103 170
20 171
70 172
47 173
85 174
38 175
144 176
162 177
17 178
116 179
46 180
29 181
47 182
18 183
52 184
64 185
22 186
159 187
3 188
69 189
14 190
142 191
17 192
61 193
92 194
119 195
25 196
63 197
112 198
76 199
186 200
165 201
106 202
161 203
43 204
25 205
71 206
37 207
111 208
141 209
82 210
184 211
64 212
40 213
80 214
94 215
151 216
90 217
122 218
167 219
57 220
188 221
173 222
88 223
55 224
206 225
48 226
176 227
59 228
127 229
148 230
165 231
64 232
230 233
50 234
125 235
9 236
148 237
19 238
63 239
4 240
237 241
183 242
106 243
43 244
212 245
100 246
118 247
180 248
211 249
76 250
191 251
83 252
114 253
29 254
233 255
13 256
248 257
221 258
230 259
101 260
236 261
52 262
157 263
19 264
106 265
53 266
131 267
263 268
98 269
154 270
221 271
238 272
15 273
268 274
60 275
33 276
261 277
112 278
39 279
218 280
137 281
83 282
51 283
216 284
49 285
6 286
33 287
22 288
179 289
161 290
222 291
288 292
133 293
23 294
41 295
6 296
32 297
81 298
231 299
103 300
140 301
208 302
260 303
81 304
278 305
166 306
204 307
256 308
232 309
10 310
183 311
202 312
257 313
265 314
209 315
95 316
50 317
141 318
168 319
147 320
83 321
148 322
92 323
70 324
235 325
226 326
34 327
32 328
290 329
219 330
209 331
109 332
67 333
30 334
328 335
202 336
44 337
80 338
174 339
25 340
37 341
128 342
334 343
32 344
226 345
14 346
306 347
261 348
111 349
225 350
285 351
178 352
197 353
24 354
76 355
207 356
271 357
86 358
306 359
193 360
238 361
197 362
329 363
81 364
36 365
102 366
4 367
206 368
18 369
114 370
67 371
128 372
158 373
45 374
183 375
322 376
4 377
293 378
74 379
259 380
327 381
302 382
221 383
46 384
229 385
175 386
276 387
240 388
254 389
232 390
320 391
306 392
345 393
357 394
296 395
260 396
213 397
125 398
350 399
357 400
85 401
401 402
23 403
388 404
119 405
315 406
100 407
197 408
103 409
146 410
72 411
191 412
176 413
297 414
24 415
336 416
312 417
275 418
92 419
245 420
218 421
252 422
280 423
77 424
213 425
377 426
76 427
24 428
137 429
405 430
390 431
114 432
190 433
385 434
211 435
315 436
168 437
339 438
114 439
167 440
239 441
56 442
430 443
294 444
383 445
361 446
63 447
177 448
111 449
335 450
441 451
426 452
251 453
81 454
354 455
256 456
438 457
333 458
418 459
119 460
329 461
114 462
279 463
42 464
103 465
440 466
173 467
417 468
330 469
128 470
397 471
312 472
231 473
200 474
281 475
411 476
385 477
229 478
100 479
199 480
428 481
424 482
151 483
97 484
154 485
288 486
340 487
401 488
22 489
334 490
4 491
119 492
2 493
460 494
49 495
328 496
76 497
392 498
273 499
252 500
172 501
156 502
394 503
432 504
104 505
327 506
78 507
381 508
111 509
48 510
450 511
242 512
423 513
117 514
195 515
490 516
10 517
462 518
440 519
354 520
471 521
217 522
348 523
159 524
208 525
368 526
7 527
213 528
160 529
226 530
29 531
523 532
168 533
78 534
8 535
67 536
281 537
38 538
217 539
251 540
346 541
264 542
228 543
530 544
223 545
336 546
466 547
335 548
219 549
528 550
543 551
311 552
432 553
485 554
202 555
385 556
80 557
245 558
302 559
102 560
505 561
561 562
68 563
153 564
62 565
18 566
397 567
190 568
454 569
534 570
2 571
377 572
483 573
259 574
141 575
340 576
57 577
103 578
495 579
137 580
530 581
581 582
240 583
363 584
325 585
402 586
495 587
478 588
422 589
276 590
64 591
368 592
298 593
161 594
15 595
318 596
494 597
376 598
586 599
19 600
121 601
459 602
566 603
441 604
124 605
402 606
411 607
471 608
267 609
69 610
287 611
259 612
282 613
212 614
99 615
174 616
524 617
197 618
28 619
250 620
570 621
610 622
445 623
228 624
194 625
552 626
142 627
171 628
375 629
448 630
246 631
249 632
539 633
191 634
488 635
393 636
185 637
400 638
623 639
54 640
288 641
71 642
316 643
129 644
271 645
175 646
530 647
325 648
11 649
231 650
449 651
195 652
533 653
39 654
52 655
578 656
410 657
323 658
382 659
41 660
45 661
425 662
276 663
225 664
495 665
115 666
443 667
305 668
157 669
640 670
410 671
513 672
109 673
637 674
659 675
624 676
134 677
146 678
186 679
493 680
125 681
238 682
664 683
61 684
414 685
581 686
186 687
403 688
415 689
547 690
336 691
563 692
627 693
452 694
97 695
326 696
257 697
199 698
526 699
418 700
154 701
277 702
109 703
550 704
633 705
202 706
15 707
559 708
278 709
321 710
473 711
145 712
406 713
25 714
572 715
394 716
549 717
61 718
406 719
51 720
90 721
440 722
177 723
309 724
387 725
440 726
620 727
419 728
648 729
54 730
539 731
651 732
520 733
353 734
25 735
735 736
516 737
711 738
607 739
430 740
50 741
380 742
267 743
415 744
81 745
226 746
11 747
20 748
202 749
321 750
202 751
256 752
649 753
83 754
359 755
118 756
335 757
482 758
647 759
692 760
195 761
23 762
113 763
616 764
582 765
153 766
488 767
356 768
345 769
107 770
710 771
630 772
357 773
405 774
256 775
309 776
269 777
322 778
300 779
610 780
611 781
120 782
651 783
617 784
470 785
570 786
692 787
604 788
742 789
512 790
528 791
305 792
420 793
242 794
244 795
562 796
688 797
778 798
411 799
341 800
162 801
215 802
722 803
279 804
356 805
212 806
236 807
179 808
804 809
773 810
718 811
740 812
230 813
148 814
388 815
309 816
310 817
193 818
764 819
705 820
289 821
191 822
274 823
574 824
669 825
21 826
516 827
528 828
80 829
210 830
306 831
667 832
439 833
76 834
312 835
447 836
306 837
677 838
219 839
377 840
598 841
436 842
128 843
253 844
509 845
722 846
385 847
713 848
209 849
55 850
595 851
780 852
272 853
54 854
820 855
343 856
299 857
819 858
775 859
328 860
263 861
763 862
228 863
611 864
629 865
93 866
255 867
577 868
25 869
855 870
640 871
649 872
109 873
403 874
76 875
670 876
280 877
363 878
524 879
675 880
347 881
460 882
326 883
586 884
873 885
534 886
79 887
184 888
696 889
210 890
518 891
368 892
518 893
149 894
622 895
263 896
347 897
598 898
832 899
478 900
734 901
714 902
582 903
268 904
379 905
527 906
138 907
219 908
619 909
730 910
596 911
509 912
371 913
563 914
781 915
714 916
675 917
293 918
611 919
440 920
871 921
256 922
307 923
521 924
62 925
302 926
358 927
919 928
247 929
270 930
811 931
572 932
152 933
181 934
321 935
183 936
182 937
650 938
282 939
821 940
285 941
458 942
121 943
137 944
683 945
244 946
715 947
371 948
765 949
945 950
111 951
866 952
499 953
595 954
329 955
388 956
38 957
161 958
52 959
818 960
128 961
14 962
380 963
573 964
910 965
681 966
802 967
672 968
583 969
303 970
426 971
429 972
638 973
409 974
921 975
438 976
328 977
467 978
397 979
187 980
360 981
301 982
110 983
801 984
337 985
61 986
869 987
73 988
239 989
17 990
811 991
478 992
444 993
775 994
630 995
76 996
931 997
640 998
878 999
482 1000
635 1001
929 1002
850 1003
195 1004
961 1005
430 1006
786 1007
314 1008
210 1009
339 1010
203 1011
368 1012
224 1013
143 1014
464 1015
368 1016
725 1017
656 1018
39 1019
1006 1020
405 1021
340 1022
533 1023
85 1024
67 1025
762 1026
608 1027
750 1028
156 1029
582 1030
64 1031
372 1032
751 1033
1023 1034
954 1035
891 1036
159 1037
157 1038
339 1039
887 1040
119 1041
75 1042
347 1043
699 1044
794 1045
633 1046
470 1047
595 1048
474 1049
444 1050
926 1051
659 1052
362 1053
609 1054
629 1055
427 1056
1010 1057
593 1058
81 1059
859 1060
2 1061
964 1062
374 1063
858 1064
639 1065
261 1066
342 1067
343 1068
991 1069
109 1070
343 1071
717 1072
907 1073
158 1074
808 1075
390 1076
484 1077
158 1078
446 1079
847 1080
1076 1081
984 1082
791 1083
62 1084
268 1085
1001 1086
218 1087
76 1088
960 1089
36 1090
350 1091
1045 1092
80 1093
941 1094
41 1095
621 1096
865 1097
59 1098
808 1099
360 1100
393 1101
1055 1102
839 1103
501 1104
384 1105
214 1106
910 1107
972 1108
434 1109
313 1110
942 1111
44 1112
233 1113
1009 1114
970 1115
699 1116
783 1117
41 1118
47 1119
387 1120
145 1121
32 1122
628 1123
291 1124
910 1125
121 1126
800 1127
848 1128
735 1129
541 1130
908 1131
469 1132
788 1133
683 1134
399 1135
357 1136
747 1137
1017 1138
222 1139
992 1140
513 1141
281 1142
121 1143
1057 1144
340 1145
81 1146
945 1147
643 1148
915 1149
885 1150
755 1151
1052 1152
519 1153
893 1154
522 1155
214 1156
1085 1157
730 1158
879 1159
167 1160
1032 1161
1138 1162
3 1163
171 1164
999 1165
129 1166
187 1167
348 1168
403 1169
526 1170
120 1171
928 1172
440 1173
719 1174
112 1175
839 1176
786 1177
765 1178
24 1179
398 1180
522 1181
625 1182
588 1183
625 1184
754 1185
490 1186
1161 1187
879 1188
447 1189
537 1190
19 1191
490 1192
730 1193
890 1194
726 1195
899 1196
16 1197
611 1198
315 1199
536 1200
97 1201
301 1202
311 1203
936 1204
1099 1205
980 1206
962 1207
326 1208
1018 1209
811 1210
1050 1211
959 1212
529 1213
92 1214
367 1215
181 1216
267 1217
267 1218
669 1219
200 1220
19 1221
770 1222
664 1223
618 1224
1223 1225
82 1226
762 1227
1211 1228
1226 1229
54 1230
1158 1231
733 1232
779 1233
485 1234
1113 1235
1029 1236
1121 1237
620 1238
519 1239
1188 1240
1086 1241
608 1242
296 1243
264 1244
118 1245
748 1246
816 1247
56 1248
1049 1249
233 1250
853 1251
1126 1252
1246 1253
1235 1254
848 1255
518 1256
536 1257
379 1258
445 1259
16 1260
45 1261
474 1262
192 1263
524 1264
1045 1265
239 1266
1186 1267
939 1268
290 1269
86 1270
175 1271
741 1272
75 1273
394 1274
772 1275
479 1276
1258 1277
955 1278
120 1279
264 1280
204 1281
891 1282
1209 1283
532 1284
590 1285
1096 1286
1142 1287
220 1288
1140 1289
124 1290
354 1291
629 1292
170 1293
61 1294
958 1295
228 1296
943 1297
554 1298
486 1299
1090 1300
822 1301
148 1302
757 1303
140 1304
644 1305
1301 1306
71 1307
346 1308
179 1309
26 1310
148 1311
923 1312
1136 1313
598 1314
1110 1315
713 1316
1110 1317
151 1318
1010 1319
762 1320
401 1321
962 1322
775 1323
232 1324
23 1325
723 1326
523 1327
513 1328
1308 1329
572 1330
206 1331
720 1332
1255 1333
1116 1334
554 1335
1276 1336
156 1337
409 1338
360 1339
1146 1340
817 1341
620 1342
1168 1343
73 1344
1007 1345
1110 1346
608 1347
1235 1348
797 1349
1149 1350
16 1351
49 1352
1051 1353
1079 1354
1072 1355
776 1356
792 1357
339 1358
1145 1359
353 1360
421 1361
888 1362
695 1363
1042 1364
270 1365
93 1366
281 1367
1116 1368
737 1369
305 1370
282 1371
339 1372
1059 1373
104 1374
24 1375
288 1376
1294 1377
590 1378
947 1379
573 1380
20 1381
195 1382
1338 1383
257 1384
225 1385
323 1386
856 1387
46 1388
629 1389
1032 1390
1027 1391
130 1392
1122 1393
759 1394
596 1395
447 1396
1196 1397
845 1398
1210 1399
1221 1400
926 1401
909 1402
834 1403
1120 1404
392 1405
1090 1406
521 1407
687 1408
1234 1409
241 1410
220 1411
423 1412
297 1413
218 1414
1101 1415
1321 1416
1351 1417
617 1418
703 1419
1004 1420
505 1421
280 1422
1110 1423
90 1424
915 1425
952 1426
1045 1427
205 1428
1038 1429
877 1430
722 1431
472 1432
1384 1433
1418 1434
1253 1435
191 1436
739 1437
1044 1438
563 1439
140 1440
929 1441
1118 1442
1141 1443
1100 1444
683 1445
941 1446
980 1447
1100 1448
1410 1449
1040 1450
739 1451
532 1452
872 1453
724 1454
703 1455
63 1456
621 1457
280 1458
1354 1459
34 1460
503 1461
1033 1462
334 1463
637 1464
513 1465
465 1466
584 1467
544 1468
763 1469
911 1470
386 1471
769 1472
522 1473
594 1474
609 1475
193 1476
1190 1477
306 1478
174 1479
663 1480
799 1481
1400 1482
174 1483
1427 1484
520 1485
792 1486
1084 1487
1096 1488
732 1489
739 1490
880 1491
1389 1492
312 1493
419 1494
263 1495
963 1496
272 1497
677 1498
314 1499
578 1500
601 1501
265 1502
1263 1503
380 1504
95 1505
347 1506
702 1507
886 1508
939 1509
95 1510
659 1511
1488 1512
1363 1513
552 1514
624 1515
301 1516
1485 1517
565 1518
367 1519
503 1520
613 1521
1266 1522
582 1523
772 1524
608 1525
1075 1526
1257 1527
1369 1528
1077 1529
433 1530
387 1531
278 1532
1104 1533
635 1534
1201 1535
1407 1536
1270 1537
1120 1538
255 1539
1058 1540
965 1541
1056 1542
1233 1543
1351 1544
995 1545
103 1546
637 1547
535 1548
44 1549
42 1550
1202 1551
303 1552
665 1553
1117 1554
1163 1555
340 1556
429 1557
712 1558
507 1559
1280 1560
990 1561
867 1562
425 1563
584 1564
1430 1565
531 1566
560 1567
347 1568
1322 1569
110 1570
1249 1571
944 1572
1563 1573
1221 1574
943 1575
877 1576
280 1577
501 1578
714 1579
1163 1580
1403 1581
560 1582
381 1583
471 1584
558 1585
663 1586
1095 1587
1547 1588
158 1589
263 1590
467 1591
1090 1592
561 1593
767 1594
1522 1595
930 1596
749 1597
701 1598
1083 1599
1415 1600
789 1601
542 1602
85 1603
1048 1604
634 1605
210 1606
705 1607
699 1608
156 1609
898 1610
952 1611
224 1612
1360 1613
117 1614
1209 1615
413 1616
1399 1617
484 1618
222 1619
287 1620
1575 1621
544 1622
813 1623
303 1624
1565 1625
364 1626
458 1627
1117 1628
468 1629
1230 1630
896 1631
998 1632
1207 1633
551 1634
186 1635
421 1636
1351 1637
1609 1638
1149 1639
502 1640
933 1641
1488 1642
1133 1643
387 1644
676 1645
365 1646
1469 1647
744 1648
210 1649
230 1650
703 1651
1218 1652
1438 1653
374 1654
102 1655
948 1656
1552 1657
1156 1658
1341 1659
1467 1660
1287 1661
658 1662
1041 1663
1521 1664
628 1665
570 1666
837 1667
42 1668
217 1669
574 1670
142 1671
80 1672
150 1673
150 1674
805 1675
1227 1676
1318 1677
113 1678
282 1679
1262 1680
1671 1681
696 1682
908 1683
1242 1684
277 1685
49 1686
1653 1687
1397 1688
505 1689
1255 1690
1575 1691
1214 1692
705 1693
1376 1694
1010 1695
945 1696
1215 1697
1492 1698
28 1699
1547 1700
251 1701
792 1702
73 1703
1486 1704
2 1705
694 1706
834 1707
923 1708
538 1709
250 1710
74 1711
31 1712
1288 1713
719 1714
1478 1715
1683 1716
1454 1717
1363 1718
1230 1719
972 1720
633 1721
992 1722
854 1723
1249 1724
484 1725
1405 1726
31 1727
544 1728
1392 1729
1641 1730
1527 1731
1358 1732
198 1733
1534 1734
641 1735
867 1736
1247 1737
829 1738
1097 1739
590 1740
642 1741
1635 1742
607 1743
141 1744
227 1745
1297 1746
629 1747
1066 1748
711 1749
667 1750
846 1751
139 1752
402 1753
1516 1754
77 1755
707 1756
1274 1757
1665 1758
946 1759
1241 1760
765 1761
1495 1762
204 1763
471 1764
971 1765
1328 1766
1225 1767
561 1768
215 1769
1126 1770
1219 1771
1689 1772
1665 1773
467 1774
450 1775
473 1776
1612 1777
517 1778
1303 1779
1144 1780
477 1781
253 1782
144 1783
1030 1784
1745 1785
1357 1786
66 1787
121 1788
1203 1789
747 1790
596 1791
1564 1792
1538 1793
1585 1794
487 1795
569 1796
203 1797
913 1798
159 1799
617 1800
646 1801
1486 1802
1281 1803
1669 1804
998 1805
972 1806
1207 1807
363 1808
1584 1809
156 1810
1502 1811
1613 1812
1658 1813
1636 1814
1095 1815
905 1816
113 1817
704 1818
908 1819
1522 1820
1719 1821
1272 1822
1048 1823
1344 1824
70 1825
316 1826
1683 1827
144 1828
1460 1829
1307 1830
390 1831
289 1832
1442 1833
1425 1834
762 1835
566 1836
1068 1837
1610 1838
632 1839
1535 1840
65 1841
325 1842
574 1843
1053 1844
1807 1845
589 1846
488 1847
305 1848
658 1849
1136 1850
338 1851
693 1852
280 1853
1022 1854
1189 1855
491 1856
20 1857
874 1858
174 1859
1010 1860
52 1861
1583 1862
1243 1863
205 1864
553 1865
766 1866
503 1867
686 1868
1803 1869
524 1870
1823 1871
1270 1872
1716 1873
1091 1874
137 1875
873 1876
1383 1877
156 1878
1466 1879
38 1880
1198 1881
681 1882
744 1883
1136 1884
994 1885
375 1886
1803 1887
1669 1888
1240 1889
1373 1890
1391 1891
18 1892
1739 1893
1171 1894
1527 1895
101 1896
198 1897
525 1898
1607 1899
1288 1900
424 1901
301 1902
1896 1903
1306 1904
1038 1905
1057 1906
556 1907
1293 1908
379 1909
517 1910
695 1911
58 1912
471 1913
1329 1914
300 1915
318 1916
1081 1917
1012 1918
98 1919
1148 1920
1426 1921
939 1922
55 1923
1115 1924
1721 1925
837 1926
1700 1927
1773 1928
1141 1929
1353 1930
681 1931
1528 1932
1160 1933
1890 1934
1400 1935
930 1936
354 1937
976 1938
430 1939
1559 1940
1687 1941
1825 1942
1711 1943
1532 1944
245 1945
927 1946
721 1947
1932 1948
691 1949
1419 1950
414 1951
1425 1952
1162 1953
1278 1954
1700 1955
963 1956
244 1957
436 1958
777 1959
1099 1960
1295 1961
709 1962
1737 1963
1672 1964
1305 1965
1644 1966
627 1967
502 1968
105 1969
921 1970
937 1971
447 1972
1334 1973
611 1974
964 1975
308 1976
1014 1977
574 1978
518 1979
1115 1980
1143 1981
910 1982
1763 1983
1876 1984
859 1985
298 1986
906 1987
1861 1988
782 1989
1513 1990
803 1991
110 1992
1462 1993
1762 1994
1651 1995
324 1996
290 1997
1129 1998
673 1999
1964 2000
1805 2001
208 2002
1604 2003
600 2004
1042 2005
662 2006
1484 2007
921 2008
758 2009
1568 2010
554 2011
338 2012
379 2013
430 2014
1570 2015
1840 2016
1966 2017
557 2018
633 2019
114 2020
1328 2021
1655 2022
743 2023
596 2024
1614 2025
1265 2026
545 2027
1668 2028
166 2029
679 2030
1442 2031
815 2032
281 2033
1919 2034
1511 2035
1112 2036
1059 2037
81 2038
1420 2039
209 2040
1516 2041
589 2042
1681 2043
351 2044
1487 2045
931 2046
665 2047
1562 2048
1868 2049
767 2050
1584 2051
183 2052
636 2053
1990 2054
440 2055
1003 2056
273 2057
232 2058
2015 2059
625 2060
1328 2061
876 2062
1166 2063
397 2064
2015 2065
79 2066
542 2067
299 2068
1538 2069
1923 2070
1547 2071
391 2072
1496 2073
490 2074
2002 2075
1390 2076
1399 2077
1548 2078
856 2079
449 2080
351 2081
1133 2082
694 2083
104 2084
736 2085
1930 2086
429 2087
1751 2088
1877 2089
122 2090
1177 2091
1018 2092
35 2093
382 2094
178 2095
1318 2096
1640 2097
1063 2098
508 2099
86 2100
1801 2101
510 2102
663 2103
1526 2104
1291 2105
1300 2106
1794 2107
1610 2108
527 2109
1571 2110
1375 2111
2057 2112
849 2113
1107 2114
1183 2115
1005 2116
1180 2117
171 2118
1149 2119
1164 2120
1702 2121
1705 2122
1981 2123
1374 2124
431 2125
781 2126
1166 2127
749 2128
1594 2129
638 2130
1220 2131
158 2132
220 2133
1157 2134
800 2135
1457 2136
713 2137
1539 2138
1126 2139
2080 2140
1308 2141
1057 2142
1355 2143
1180 2144
1413 2145
1788 2146
1977 2147
1322 2148
1905 2149
652 2150
398 2151
1194 2152
1774 2153
1988 2154
265 2155
1535 2156
390 2157
147 2158
1485 2159
431 2160
1554 2161
1797 2162
1215 2163
2132 2164
1095 2165
1836 2166
675 2167
1843 2168
288 2169
2024 2170
1754 2171
1543 2172
685 2173
1840 2174
2108 2175
1969 2176
1754 2177
22 2178
1824 2179
1876 2180
1888 2181
22 2182
1025 2183
335 2184
2130 2185
508 2186
1687 2187
390 2188
1135 2189
1567 2190
259 2191
1295 2192
153 2193
123 2194
186 2195
2058 2196
2151 2197
1562 2198
408 2199
195 2200
1569 2201
981 2202
1674 2203
1319 2204
668 2205
105 2206
725 2207
169 2208
711 2209
1070 2210
1866 2211
853 2212
2147 2213
194 2214
1411 2215
235 2216
426 2217
29 2218
2192 2219
493 2220
1596 2221
205 2222
208 2223
460 2224
493 2225
2122 2226
1270 2227
1123 2228
301 2229
1735 2230
1284 2231
300 2232
1827 2233
1343 2234
503 2235
1219 2236
1493 2237
1225 2238
1158 2239
1046 2240
777 2241
948 2242
398 2243
716 2244
696 2245
617 2246
867 2247
1021 2248
295 2249
915 2250
1621 2251
1330 2252
840 2253
555 2254
135 2255
1399 2256
20 2257
137 2258
427 2259
1302 2260
289 2261
2096 2262
1107 2263
988 2264
2023 2265
51 2266
1028 2267
717 2268
1746 2269
2268 2270
316 2271
1402 2272
752 2273
1780 2274
531 2275
1365 2276
299 2277
1038 2278
1957 2279
818 2280
1140 2281
1673 2282
1135 2283
2025 2284
866 2285
991 2286
20 2287
1832 2288
1212 2289
1395 2290
337 2291
1667 2292
720 2293
808 2294
2270 2295
404 2296
262 2297
412 2298
2173 2299
351 2300
266 2301
1460 2302
376 2303
2257 2304
2278 2305
783 2306
1092 2307
1724 2308
387 2309
30 2310
448 2311
1152 2312
1822 2313
1389 2314
1887 2315
1845 2316
1737 2317
2110 2318
1906 2319
1824 2320
1807 2321
2017 2322
1006 2323
1216 2324
1092 2325
78 2326
846 2327
156 2328
5 2329
108 2330
37 2331
1264 2332
101 2333
1214 2334
653 2335
1634 2336
553 2337
1411 2338
992 2339
945 2340
256 2341
1209 2342
1142 2343
1003 2344
1781 2345
2096 2346
370 2347
1162 2348
2141 2349
1769 2350
2141 2351
740 2352
1737 2353
1746 2354
343 2355
2079 2356
2331 2357
2280 2358
1667 2359
2292 2360
419 2361
1611 2362
1165 2363
1712 2364
1766 2365
133 2366
132 2367
1388 2368
1038 2369
1384 2370
634 2371
726 2372
2116 2373
2089 2374
1454 2375
686 2376
1028 2377
814 2378
428 2379
648 2380
223 2381
625 2382
1356 2383
2335 2384
2328 2385
2090 2386
2092 2387
321 2388
1363 2389
1681 2390
2202 2391
62 2392
1424 2393
2255 2394
1411 2395
550 2396
330 2397
1739 2398
1233 2399
1946 2400
893 2401
188 2402
51 2403
1552 2404
885 2405
161 2406
2220 2407
407 2408
466 2409
1402 2410
1548 2411
1164 2412
2171 2413
1653 2414
333 2415
101 2416
1271 2417
2260 2418
1399 2419
1627 2420
1210 2421
1531 2422
247 2423
1402 2424
492 2425
2120 2426
2405 2427
1399 2428
280 2429
1009 2430
2278 2431
1054 2432
2041 2433
1551 2434
1530 2435
500 2436
1561 2437
476 2438
474 2439
1265 2440
2382 2441
1402 2442
510 2443
1034 2444
1264 2445
341 2446
211 2447
1341 2448
1249 2449
1380 2450
2271 2451
1105 2452
543 2453
2284 2454
1858 2455
1054 2456
1977 2457
2295 2458
1064 2459
1109 2460
1983 2461
517 2462
223 2463
156 2464
1086 2465
1082 2466
1357 2467
635 2468
1158 2469
338 2470
1282 2471
1932 2472
939 2473
375 2474
1969 2475
2262 2476
867 2477
1076 2478
2263 2479
1740 2480
903 2481
145 2482
1553 2483
1005 2484
2214 2485
1655 2486
2394 2487
316 2488
1650 2489
2270 2490
1458 2491
1871 2492
493 2493
1524 2494
318 2495
872 2496
1919 2497
1005 2498
47 2499
1489 2500
857 2501
2233 2502
2138 2503
465 2504
1754 2505
275 2506
2278 2507
778 2508
1581 2509
1315 2510
1487 2511
202 2512
1000 2513
725 2514
2137 2515
1521 2516
1362 2517
1936 2518
29 2519
2397 2520
741 2521
245 2522
2360 2523
1411 2524
2038 2525
66 2526
162 2527
1407 2528
2064 2529
461 2530
1785 2531
1264 2532
108 2533
269 2534
130 2535
1954 2536
1538 2537
1112 2538
930 2539
2132 2540
461 2541
1444 2542
1761 2543
1345 2544
1297 2545
1559 2546
524 2547
2006 2548
1272 2549
877 2550
2495 2551
761 2552
1255 2553
2372 2554
336 2555
932 2556
200 2557
1345 2558
1628 2559
60 2560
1921 2561
616 2562
2506 2563
757 2564
2338 2565
647 2566
1010 2567
420 2568
1647 2569
899 2570
658 2571
681 2572
1100 2573
1852 2574
709 2575
2458 2576
1808 2577
1897 2578
1318 2579
567 2580
1526 2581
1615 2582
64 2583
991 2584
1048 2585
2202 2586
121 2587
1820 2588
1344 2589
2576 2590
1478 2591
781 2592
370 2593
256 2594
960 2595
1763 2596
1773 2597
62 2598
1856 2599
1560 2600
1315 2601
100 2602
601 2603
7 2604
1147 2605
106 2606
860 2607
280 2608
613 2609
1417 2610
2213 2611
545 2612
2215 2613
1199 2614
1577 2615
320 2616
1606 2617
2520 2618
2390 2619
151 2620
204 2621
1406 2622
1195 2623
2483 2624
2179 2625
1699 2626
2020 2627
546 2628
997 2629
1017 2630
1814 2631
2411 2632
2121 2633
1696 2634
1010 2635
1588 2636
186 2637
33 2638
703 2639
195 2640
2563 2641
2473 2642
228 2643
1819 2644
1172 2645
1921 2646
786 2647
2578 2648
844 2649
437 2650
116 2651
624 2652
286 2653
2410 2654
2213 2655
103 2656
126 2657
307 2658
1464 2659
1456 2660
165 2661
1807 2662
47 2663
1350 2664
1241 2665
510 2666
1881 2667
1757 2668
515 2669
967 2670
1188 2671
929 2672
440 2673
977 2674
1411 2675
485 2676
456 2677
697 2678
233 2679
2580 2680
1418 2681
2461 2682
1044 2683
565 2684
1092 2685
56 2686
526 2687
597 2688
1347 2689
2049 2690
2130 2691
1962 2692
2456 2693
2165 2694
1388 2695
2183 2696
1041 2697
1467 2698
41 2699
2692 2700
1053 2701
2204 2702
191 2703
697 2704
129 2705
799 2706
1989 2707
411 2708
1074 2709
374 2710
257 2711
1189 2712
562 2713
809 2714
1877 2715
422 2716
2073 2717
1159 2718
2131 2719
2649 2720
1843 2721
621 2722
1934 2723
666 2724
1915 2725
2083 2726
1451 2727
1194 2728
1090 2729
2590 2730
2197 2731
354 2732
2013 2733
55 2734
105 2735
1834 2736
98 2737
2221 2738
904 2739
1190 2740
2027 2741
1663 2742
2117 2743
2661 2744
2429 2745
1701 2746
2430 2747
1639 2748
1249 2749
636 2750
2445 2751
2582 2752
2521 2753
738 2754
2704 2755
1507 2756
2333 2757
1565 2758
1886 2759
1595 2760
1346 2761
881 2762
420 2763
2668 2764
2450 2765
1137 2766
2638 2767
1185 2768
2156 2769
1642 2770
1974 2771
2011 2772
2112 2773
2404 2774
2121 2775
1294 2776
1707 2777
22 2778
2275 2779
2218 2780
57 2781
192 2782
255 2783
286 2784
1656 2785
1532 2786
1902 2787
628 2788
1204 2789
1331 2790
2357 2791
77 2792
314 2793
793 2794
77 2795
1906 2796
2497 2797
930 2798
1181 2799
2457 2800
2401 2801
2485 2802
2030 2803
1868 2804
51 2805
2179 2806
112 2807
1932 2808
2377 2809
2437 2810
1386 2811
2432 2812
963 2813
2759 2814
26 2815
2696 2816
918 2817
2285 2818
841 2819
308 2820
418 2821
1522 2822
788 2823
2638 2824
1720 2825
782 2826
840 2827
1594 2828
75 2829
2754 2830
1518 2831
351 2832
2248 2833
2552 2834
1975 2835
836 2836
926 2837
2629 2838
333 2839
1071 2840
1708 2841
1551 2842
1497 2843
747 2844
1380 2845
1452 2846
1355 2847
2123 2848
2739 2849
1035 2850
2669 2851
641 2852
1759 2853
2649 2854
1566 2855
1359 2856
657 2857
1512 2858
1088 2859
498 2860
482 2861
2789 2862
693 2863
2826 2864
472 2865
1699 2866
725 2867
917 2868
819 2869
429 2870
996 2871
2214 2872
2753 2873
1496 2874
914 2875
2195 2876
846 2877
657 2878
1767 2879
642 2880
1835 2881
900 2882
690 2883
709 2884
1523 2885
2378 2886
261 2887
535 2888
720 2889
2324 2890
1104 2891
2624 2892
1061 2893
2702 2894
242 2895
2256 2896
386 2897
1755 2898
405 2899
1672 2900
1100 2901
785 2902
2124 2903
2704 2904
1949 2905
762 2906
858 2907
40 2908
1607 2909
604 2910
1958 2911
1606 2912
1652 2913
2203 2914
334 2915
503 2916
2829 2917
1976 2918
274 2919
2494 2920
782 2921
1926 2922
2645 2923
209 2924
2705 2925
1277 2926
613 2927
85 2928
1968 2929
1260 2930
2689 2931
2330 2932
1828 2933
2724 2934
793 2935
927 2936
2855 2937
1342 2938
68 2939
2466 2940
644 2941
1950 2942
410 2943
2069 2944
2929 2945
568 2946
658 2947
2303 2948
469 2949
399 2950
464 2951
1442 2952
975 2953
365 2954
1221 2955
2729 2956
2587 2957
2041 2958
2343 2959
1456 2960
1284 2961
725 2962
258 2963
1466 2964
1003 2965
1380 2966
2608 2967
474 2968
1675 2969
681 2970
738 2971
60 2972
2705 2973
276 2974
852 2975
1433 2976
1476 2977
1233 2978
1135 2979
2653 2980
2399 2981
2437 2982
703 2983
293 2984
2860 2985
1774 2986
193 2987
346 2988
338 2989
1264 2990
13 2991
45 2992
244 2993
2071 2994
461 2995
1495 2996
011????0???010??101???1011??11?0??000?0???110??00???0?1111??0?01?1????10???10???011?01??0100??????1?1100?1001?00??1?00??0?1001???0?0???1?11110?0001001????110?0???0??101?0??1??0??11??1?????0000?000?1???0?10?0?0011????00??1??????101?101100??010?010?1???001??00?01??1?001001?1?01???0?00??1?0?1?0??01?1?0????1111????1??101??1?11010??100?1??0????0?1?000?0???0????1101??0??10??01100?11????????1?01?1??0??10???0?11??0100?111?01????00???1?01010?0?1?0??0?0?10????1110?0?011?00???1???1??1?0???1?10?0??01?0???0001?1??0??1?01??0??01?00?0?0???0?0110?001??111?0?01???????11???01??1???0?0?????????????011100101?1???001?1010??0?01??0????1?????1?00?10001?0?0??0?01011?1???1?????0?1?01????001?11011010?00??1?1??0?1??1?11110?110??0??0?0?0??0010110??01?0???1?11?11?0111?00?001?0??11?010110?0??1?11???0???????01?1?00?0??00??0??????0?????1?11??1?10?1?1?000?11???1011?0000???1?00??1???1???1?1???0???1???1??11?1001?01?1???1??001???1?0??0????00?10?1?1?1?0?0?0??10?1?0??0?11???1???0??01?1?0?11111???1??011?0??1??1?01101??????001????1001????000?01?1?101?00000??1?000??0?1?0??0?0?101??0???1?1??11000????11??0011001??11????0??1???0???0??0001?1110??1100?10?0?0000111???0?011000?1?0?101111????1??00101?0??1110?01?1?0???11?11?0?000?01?11????01??00?11??0????0111???10?01???????00?000?0?0???010101??0????101?1???110?0?01??????00??101???1?01?1??1110???1??0??01?1?1?00?1?0???001100???01?0???0?0?01???11111???1?11001?1??0??0?1??0???1?1??01?011?1????????1?????0?001?1??0?10??0??01?1??1??10?1?01?0??1?0??01??1?00??0??0?0????01?101?11000?1????0?10000?10?011??0??????1001?0????0?01100111??10?????1????1?????1?0?1??????0?1101??0????????0000??01???10???11?01100?1000?1?0??110?1?1???0??0??1?01?101????0??????0??0???00?1???0?1?1?0?0?11111????1???0????01???1?000?1?001???01?0011???0??1?????001??000???1????0?0??1?1????01??0??01????????01?10?1010?01??10?1101???1??10111?0?00????01?11?0?100?0??11?1?1???00??10?1?????1????1?00?000??0??1????00??1?0?0?001???10011?1?11?0??11????0001110011??11001?0?0??1?01??????1111???0111??11?1???111?0?10??0??1??1???1???1?11?0010???0?1?11???????010??1??1??000?1??01??1??1?11???111101????10???00??010?1010?00?0?00?0?0????11???110???????1100?11001??000110110?1??0?0?11?101?10?001??1???????????0?1?0??001?00??0?011???1?????0?0??0?0??0?001?11???0?000??????1101?0?0??1????0??0?1??1??0?0?0?1?010????1?1????01?1??1????00000?00???1?00?110??1011?01100??1???????011??11?1?1?0??101?1?????101?1?1?0??0????0??1?0100????11???10?101?11?1100?1?1?1?1?1?01?0?01???001????1?01011100??0??1??11???????000011??0??10?0???11?000????1???0101???110000?1?01?0??0????101?100?0?1???0010?1?11??0?0?11???010?0??1?00??0110??11?1??01?1?1??1??0100?1?01100??0?1?0100?0?????0?11?0???00???1??0??????10????010??00??1??10?101????00?0?0??01?0???011?1?01???10?00?1??00?1?1?11???0?0??????1??100???0?1????1110?0???001?1000??01????0011?00011111??001??11??0?011??10???????1?10?0?00???10??????0????1101??0???1???0????0101011??11??0?1??1?1??0???11?01?1??01???0????1000?11?11??11???0?0?1??11??1?0?01?00???0??01??00?1????10?0???????00?11000???01??1?01????1100??
0?0??111?1?1???1010?101?1?1?0?0?011?10????1110?0101?0??1???01?1???0?0?000?1??1011?????1?????1?1?1????11?1?????0???0?0??01?10?1??1010??00101?10?011111?11??1????10?????0?0?011101?000???1?1??11??10?000??00??0???0???00??00??0111?11101??0100000?111?1?00??10?0?001???0???00?011111??0?00?1???1?0?010??0?0001?11???0?00?0??10?01?0?10??100?010100?0?1?01011??100?1??011???1?01?0?001?1?01?0?00?0?0110?10101??0110?01?000?11???01?0?1???0???11?1?101?00???1?1??00?01??1?????1??10?11?????101110?1?01011?0111?0???001?01?1?111??1?0?100010??0011??????01?1?000??011?0?1011??0??1?0?11?1???00?0000100??1??10????????11??01??01000???0?????0?1?000????1111???0?0?00????1?0??0??1?1?0????010?0??10?011?0?0????1?000??00?1???010?01001011?1?0?001??0?1?1?1?11?0?1??11?00??0???01100???0???100?1??00?00????0?10???0001??0?00??????0??0?0111??110?1001?0?1????100111?11000?10??????01?1?1?0?1????1???1?0?1??0??1?0?0??0?00???10?101??1??????01?000110????????0??????1??0?0?1?01???0????0?0111???1??0?01?0??1?11????0?1?????1???01110?0???11???0?110???0?110?1?????0?????0??01?0?10110?1??1?010??1??000110100001???111?100??0??1?10????1?1?0??0?0?11??0?001?00011?????1???01???01??????????1??1??10010101101?1?????11?0?????0???00??110???1?1??000?1??11?01??1????1?00?0????1??1???0??1?00??11?111????01??00???100??????1110?????0?10000?1001?110?1??0?1?001???0??111?01?1101?1???0?1?11?01??10?00?1?1?0?0?0?01??1?0??0110??00??001??1?1???11?0001?1??????11?0?11?00??10?0???01?1?11?111?00010???1?0?1????1???10?0?0???????1?????1?10????1???111?1?0?110???00?1??1?1???????0?0111??????10??001??1???1011???111001??00?01011?1?1?1?0?000???00010??000?01?1??1??1?1????0?1?01?10?11?10?0?01?01110??111?1?1?10000?1?101????1?????1?0110??010???????10001000?1??0?1?11??100?1???10?1?0??1????0??0???1????1??111?11????1?0??001?01??101011?????1??1???11?0??????0???1?0???1111????0?0??1???101001??11?1???1?00?0111?111??0001?0?1111???01??0?10??0101??111??10111????0??110???0?1???0????0???1??1???1?01??1???01?100????110111?01?0????0?0?1?1??????1?101?01?1???????000?101?10?00??1?11?0?11?1?00?1??0??0?1??10000?10?001??0000?01?1??1?0?11???0??0?011????0?00???0001????1?1??????1?0??????01??00??0?0?0?01??0??0??1???1?1?1???11???0110???0???000?0????110?00111??0??0?0???1?001??0?111??01?0?0110??01?????????1?0?0?01?0?0?111???0?0010????1?11?1011???0??110?01?010011??0???0????0110?0??1????1????1111100??01?1??0?11??010?01???0001??1?0?0?00??1??0???????1010?0?0??11????01?10?00??????1?000??0?1?1101?????11??0011??1?0?010?0?00??11??0?1??0?0?10???01???0101?011????????0111??00???1????100??11?11??1??10?1???1??0??01100???0??1??1001110??11?1???10??1????????10?0011???00011???????00????????11011????00?11????011??0??1???????10101100????11?1?10?1?10???1??000?1011?0???0??0?01?1?1?10??1???1??1?10?01110??10?0000?0?1??0????0??1??100?0?00???11?11?0????11????0????1????000?1?01??1?11???1?1?00???0?01011???01001?000??00????100?1?0??010??111??1?1??1?001?10?1?0???0101??011?0?01??10???1??1???11?011?0?111?11?01??0?0???01????00?1?1??0??0001??101??1?10?0??0001?0??1?11?10??00?0?000?10?0?10??1?000?00?0??1??100?