2999
1 2
1 3
1 4
1 5
3 6
5 7
2 8
7 9
5 10
9 11
6 12
5 13
3 14
9 15
2 16
7 17
4 18
3 19
19 20
3 21
5 22
1 23
22 24
14 25
16 26
8 27
3 28
24 29
10 30
22 31
24 32
7 33
17 34
9 35
28 36
20 37
37 38
28 39
22 40
29 41
35 42
32 43
42 44
26 45
23 46
12 47
43 48
14 49
41 50
12 51
8 52
3 53
47 54
41 55
16 56
11 57
50 58
10 59
35 60
54 61
6 62
28 63
32 64
4 65
60 66
21 67
25 68
64 69
21 70
29 71
58 72
10 73
28 74
54 75
19 76
7 77
48 78
16 79
64 80
50 81
75 82
8 83
74 84
28 85
73 86
22 87
47 88
11 89
29 90
42 91
86 92
75 93
62 94
10 95
88 96
79 97
49 98
20 99
49 100
45 101
73 102
58 103
58 104
30 105
48 106
29 107
38 108
107 109
95 110
67 111
111 112
40 113
44 114
73 115
82 116
41 117
28 118
28 119
118 120
22 121
38 122
24 123
17 124
33 125
118 126
102 127
84 128
59 129
126 130
65 131
117 132
128 133
27 134
50 135
100 136
40 137
97 138
65 139
128 140
8 141
33 142
91 143
10 144
143 145
28 146
146 147
42 148
102 149
84 150
100 151
151 152
7 153
128 154
63 155
82 156
14 157
130 158
134 159
58 160
22 161
30 162
111 163
84 164
42 165
107 166
7 167
80 168
166 169
63 170
4 171
120 172
23 173
9 174
134 175
60 176
134 177
168 178
7 179
96 180
50 181
139 182
155 183
65 184
76 185
93 186
172 187
109 188
116 189
49 190
76 191
51 192
186 193
23 194
5 195
170 196
62 197
145 198
183 199
57 200
123 201
52 202
176 203
76 204
131 205
90 206
192 207
181 208
41 209
25 210
133 211
108 212
211 213
42 214
208 215
162 216
74 217
100 218
124 219
160 220
165 221
42 222
120 223
18 224
195 225
98 226
167 227
69 228
65 229
111 230
51 231
28 232
205 233
117 234
1 235
117 236
45 237
76 238
149 239
45 240
236 241
8 242
113 243
196 244
8 245
34 246
125 247
115 248
2 249
91 250
177 251
191 252
52 253
69 254
177 255
203 256
96 257
80 258
171 259
124 260
253 261
149 262
65 263
137 264
90 265
2 266
176 267
171 268
146 269
7 270
167 271
65 272
9 273
152 274
160 275
229 276
241 277
167 278
56 279
255 280
167 281
151 282
83 283
34 284
32 285
60 286
8 287
203 288
223 289
211 290
190 291
284 292
214 293
270 294
24 295
160 296
103 297
151 298
245 299
118 300
198 301
129 302
295 303
137 304
210 305
8 306
25 307
287 308
18 309
236 310
70 311
118 312
73 313
266 314
276 315
294 316
7 317
30 318
38 319
49 320
117 321
65 322
47 323
84 324
323 325
41 326
180 327
313 328
211 329
31 330
266 331
42 332
212 333
95 334
20 335
247 336
197 337
259 338
110 339
297 340
81 341
44 342
139 343
198 344
74 345
54 346
120 347
123 348
333 349
146 350
250 351
182 352
78 353
151 354
33 355
3 356
202 357
229 358
117 359
307 360
300 361
26 362
282 363
21 364
74 365
297 366
12 367
80 368
287 369
226 370
155 371
87 372
83 373
360 374
30 375
53 376
21 377
259 378
83 379
115 380
22 381
306 382
74 383
358 384
333 385
285 386
295 387
237 388
230 389
80 390
319 391
323 392
368 393
318 394
33 395
274 396
146 397
64 398
107 399
256 400
382 401
186 402
228 403
291 404
376 405
356 406
36 407
214 408
246 409
306 410
380 411
317 412
232 413
403 414
114 415
25 416
264 417
137 418
412 419
158 420
316 421
374 422
148 423
134 424
265 425
151 426
171 427
404 428
140 429
67 430
128 431
284 432
37 433
431 434
365 435
238 436
58 437
175 438
394 439
18 440
240 441
48 442
275 443
183 444
150 445
364 446
83 447
421 448
133 449
248 450
182 451
383 452
241 453
343 454
422 455
27 456
219 457
37 458
65 459
374 460
268 461
195 462
9 463
166 464
18 465
218 466
66 467
298 468
336 469
342 470
40 471
249 472
257 473
252 474
417 475
91 476
412 477
130 478
441 479
379 480
434 481
445 482
345 483
274 484
113 485
48 486
341 487
339 488
238 489
249 490
241 491
184 492
400 493
134 494
170 495
13 496
84 497
95 498
353 499
329 500
11 501
480 502
72 503
275 504
194 505
347 506
376 507
412 508
461 509
290 510
481 511
370 512
91 513
269 514
129 515
496 516
426 517
152 518
229 519
326 520
462 521
164 522
501 523
507 524
307 525
400 526
305 527
231 528
72 529
358 530
108 531
382 532
516 533
28 534
178 535
111 536
212 537
137 538
378 539
420 540
397 541
390 542
31 543
442 544
49 545
219 546
476 547
263 548
307 549
388 550
81 551
236 552
61 553
507 554
487 555
273 556
427 557
408 558
462 559
290 560
338 561
535 562
426 563
304 564
389 565
495 566
512 567
68 568
393 569
537 570
493 571
29 572
30 573
512 574
446 575
8 576
560 577
241 578
88 579
402 580
497 581
46 582
389 583
210 584
387 585
472 586
196 587
234 588
261 589
402 590
339 591
526 592
445 593
390 594
298 595
410 596
287 597
412 598
252 599
118 600
65 601
91 602
188 603
479 604
343 605
403 606
188 607
123 608
107 609
313 610
282 611
215 612
535 613
3 614
26 615
349 616
428 617
389 618
156 619
443 620
352 621
412 622
198 623
604 624
126 625
385 626
243 627
122 628
591 629
364 630
606 631
41 632
544 633
159 634
585 635
97 636
8 637
151 638
418 639
353 640
212 641
141 642
307 643
32 644
157 645
502 646
379 647
426 648
205 649
31 650
401 651
602 652
557 653
470 654
111 655
18 656
348 657
54 658
534 659
500 660
549 661
74 662
354 663
643 664
401 665
94 666
433 667
389 668
223 669
359 670
117 671
607 672
67 673
639 674
206 675
656 676
177 677
503 678
162 679
468 680
35 681
44 682
470 683
159 684
680 685
568 686
262 687
130 688
521 689
318 690
232 691
452 692
345 693
621 694
332 695
173 696
535 697
478 698
625 699
12 700
146 701
483 702
113 703
183 704
38 705
598 706
207 707
318 708
508 709
332 710
306 711
231 712
590 713
337 714
649 715
334 716
418 717
10 718
321 719
710 720
208 721
608 722
109 723
321 724
98 725
470 726
535 727
102 728
238 729
639 730
623 731
675 732
374 733
158 734
215 735
168 736
141 737
433 738
12 739
426 740
338 741
525 742
741 743
71 744
555 745
729 746
201 747
669 748
615 749
256 750
510 751
143 752
633 753
698 754
70 755
269 756
483 757
654 758
588 759
41 760
19 761
39 762
745 763
559 764
72 765
214 766
163 767
54 768
349 769
539 770
709 771
459 772
582 773
704 774
528 775
593 776
143 777
179 778
131 779
580 780
304 781
598 782
668 783
68 784
533 785
523 786
57 787
579 788
425 789
478 790
519 791
665 792
37 793
236 794
579 795
369 796
242 797
221 798
292 799
736 800
196 801
405 802
229 803
655 804
11 805
322 806
550 807
622 808
170 809
367 810
120 811
76 812
778 813
428 814
99 815
697 816
609 817
75 818
419 819
188 820
348 821
564 822
355 823
559 824
413 825
335 826
206 827
154 828
635 829
251 830
347 831
315 832
198 833
610 834
418 835
155 836
777 837
524 838
333 839
92 840
668 841
454 842
622 843
506 844
281 845
276 846
798 847
380 848
719 849
387 850
431 851
403 852
610 853
820 854
183 855
604 856
402 857
497 858
424 859
43 860
563 861
737 862
637 863
508 864
583 865
446 866
168 867
240 868
20 869
755 870
772 871
462 872
116 873
637 874
75 875
184 876
247 877
66 878
302 879
288 880
747 881
276 882
581 883
384 884
445 885
492 886
858 887
862 888
528 889
554 890
165 891
596 892
44 893
75 894
363 895
56 896
844 897
890 898
117 899
464 900
854 901
487 902
169 903
692 904
652 905
40 906
490 907
835 908
444 909
174 910
112 911
91 912
798 913
76 914
124 915
208 916
249 917
654 918
495 919
823 920
726 921
226 922
232 923
403 924
549 925
25 926
135 927
483 928
267 929
283 930
758 931
566 932
511 933
796 934
41 935
813 936
654 937
354 938
375 939
669 940
48 941
640 942
147 943
208 944
805 945
925 946
610 947
474 948
464 949
112 950
927 951
588 952
645 953
220 954
314 955
700 956
324 957
168 958
67 959
187 960
824 961
543 962
612 963
20 964
271 965
830 966
6 967
452 968
894 969
148 970
642 971
617 972
728 973
431 974
914 975
332 976
303 977
427 978
59 979
651 980
165 981
729 982
563 983
439 984
750 985
141 986
173 987
271 988
269 989
373 990
499 991
926 992
202 993
797 994
790 995
660 996
987 997
550 998
770 999
499 1000
301 1001
933 1002
819 1003
310 1004
64 1005
143 1006
807 1007
672 1008
905 1009
815 1010
336 1011
360 1012
886 1013
273 1014
973 1015
554 1016
97 1017
746 1018
842 1019
392 1020
576 1021
821 1022
494 1023
579 1024
80 1025
761 1026
408 1027
761 1028
610 1029
989 1030
262 1031
126 1032
334 1033
120 1034
224 1035
425 1036
733 1037
587 1038
901 1039
271 1040
18 1041
764 1042
225 1043
624 1044
814 1045
480 1046
379 1047
86 1048
193 1049
291 1050
1042 1051
1044 1052
979 1053
689 1054
315 1055
153 1056
146 1057
1048 1058
922 1059
305 1060
980 1061
932 1062
17 1063
859 1064
172 1065
514 1066
50 1067
398 1068
264 1069
899 1070
545 1071
136 1072
446 1073
704 1074
443 1075
958 1076
726 1077
647 1078
519 1079
46 1080
956 1081
289 1082
517 1083
252 1084
897 1085
86 1086
834 1087
298 1088
1050 1089
199 1090
1071 1091
512 1092
186 1093
139 1094
55 1095
637 1096
466 1097
583 1098
58 1099
265 1100
373 1101
848 1102
910 1103
189 1104
708 1105
571 1106
940 1107
460 1108
287 1109
890 1110
979 1111
544 1112
414 1113
1001 1114
18 1115
731 1116
1011 1117
21 1118
983 1119
90 1120
380 1121
898 1122
772 1123
20 1124
32 1125
906 1126
582 1127
312 1128
694 1129
870 1130
195 1131
622 1132
769 1133
959 1134
794 1135
905 1136
672 1137
126 1138
589 1139
167 1140
738 1141
748 1142
885 1143
16 1144
605 1145
117 1146
231 1147
542 1148
363 1149
903 1150
340 1151
198 1152
1019 1153
732 1154
916 1155
335 1156
197 1157
857 1158
368 1159
483 1160
258 1161
560 1162
401 1163
519 1164
1140 1165
126 1166
304 1167
1060 1168
362 1169
1127 1170
1045 1171
941 1172
45 1173
962 1174
190 1175
1162 1176
1051 1177
138 1178
436 1179
445 1180
344 1181
21 1182
1084 1183
452 1184
932 1185
1102 1186
190 1187
186 1188
599 1189
290 1190
353 1191
917 1192
754 1193
106 1194
1075 1195
714 1196
199 1197
692 1198
580 1199
204 1200
843 1201
66 1202
349 1203
340 1204
142 1205
1103 1206
1177 1207
664 1208
1139 1209
195 1210
413 1211
1027 1212
809 1213
11 1214
21 1215
900 1216
546 1217
132 1218
352 1219
1000 1220
800 1221
63 1222
363 1223
560 1224
208 1225
876 1226
341 1227
965 1228
829 1229
591 1230
712 1231
880 1232
966 1233
738 1234
192 1235
1137 1236
669 1237
1220 1238
410 1239
234 1240
781 1241
516 1242
256 1243
364 1244
687 1245
925 1246
827 1247
1188 1248
910 1249
335 1250
26 1251
294 1252
255 1253
832 1254
956 1255
1221 1256
54 1257
5 1258
262 1259
609 1260
976 1261
528 1262
452 1263
510 1264
146 1265
597 1266
1248 1267
143 1268
203 1269
925 1270
77 1271
1013 1272
1121 1273
571 1274
606 1275
491 1276
1018 1277
1068 1278
1111 1279
522 1280
744 1281
1213 1282
1128 1283
602 1284
112 1285
1247 1286
1061 1287
743 1288
1257 1289
115 1290
991 1291
1174 1292
189 1293
1048 1294
1153 1295
904 1296
286 1297
773 1298
835 1299
650 1300
831 1301
582 1302
500 1303
609 1304
654 1305
1248 1306
613 1307
1072 1308
653 1309
406 1310
422 1311
937 1312
682 1313
944 1314
526 1315
1087 1316
703 1317
1006 1318
46 1319
1285 1320
5 1321
453 1322
180 1323
451 1324
191 1325
39 1326
1256 1327
688 1328
866 1329
675 1330
880 1331
913 1332
1104 1333
1061 1334
166 1335
562 1336
492 1337
1050 1338
1087 1339
492 1340
56 1341
463 1342
1228 1343
905 1344
1337 1345
329 1346
918 1347
506 1348
761 1349
1140 1350
324 1351
545 1352
1060 1353
149 1354
251 1355
230 1356
844 1357
665 1358
134 1359
487 1360
9 1361
969 1362
858 1363
701 1364
1152 1365
426 1366
998 1367
173 1368
952 1369
635 1370
686 1371
1072 1372
652 1373
1189 1374
322 1375
260 1376
1334 1377
1341 1378
1011 1379
19 1380
1307 1381
371 1382
134 1383
767 1384
775 1385
788 1386
435 1387
177 1388
531 1389
295 1390
1305 1391
1061 1392
1290 1393
1049 1394
324 1395
933 1396
619 1397
633 1398
535 1399
302 1400
880 1401
195 1402
1016 1403
298 1404
538 1405
1394 1406
92 1407
1301 1408
296 1409
1030 1410
1042 1411
601 1412
1056 1413
1371 1414
1351 1415
245 1416
258 1417
299 1418
1152 1419
340 1420
949 1421
289 1422
784 1423
115 1424
1068 1425
1262 1426
304 1427
278 1428
823 1429
444 1430
860 1431
1059 1432
926 1433
929 1434
306 1435
782 1436
1190 1437
962 1438
744 1439
565 1440
329 1441
1302 1442
980 1443
1205 1444
1311 1445
13 1446
982 1447
557 1448
1159 1449
782 1450
441 1451
207 1452
398 1453
651 1454
1134 1455
1121 1456
1437 1457
982 1458
90 1459
1325 1460
852 1461
257 1462
518 1463
1334 1464
1176 1465
482 1466
1087 1467
1183 1468
1234 1469
564 1470
349 1471
1465 1472
985 1473
363 1474
1017 1475
135 1476
415 1477
1361 1478
977 1479
366 1480
610 1481
1311 1482
943 1483
139 1484
747 1485
972 1486
1124 1487
346 1488
1026 1489
255 1490
877 1491
498 1492
627 1493
975 1494
219 1495
783 1496
532 1497
592 1498
10 1499
115 1500
1218 1501
606 1502
733 1503
1141 1504
862 1505
273 1506
86 1507
1190 1508
1169 1509
231 1510
670 1511
998 1512
881 1513
558 1514
686 1515
306 1516
180 1517
589 1518
1346 1519
1362 1520
1298 1521
1270 1522
1030 1523
392 1524
1393 1525
392 1526
794 1527
720 1528
273 1529
1019 1530
1307 1531
513 1532
874 1533
1429 1534
16 1535
1416 1536
1278 1537
1447 1538
1513 1539
1359 1540
329 1541
760 1542
1137 1543
394 1544
217 1545
1466 1546
1330 1547
985 1548
11 1549
1218 1550
1542 1551
863 1552
689 1553
1219 1554
861 1555
341 1556
199 1557
433 1558
552 1559
996 1560
990 1561
611 1562
987 1563
1506 1564
1152 1565
770 1566
384 1567
675 1568
1233 1569
907 1570
187 1571
1426 1572
1225 1573
554 1574
772 1575
367 1576
1165 1577
504 1578
1535 1579
1107 1580
1416 1581
242 1582
549 1583
17 1584
1269 1585
514 1586
532 1587
1231 1588
149 1589
382 1590
1432 1591
1478 1592
46 1593
12 1594
333 1595
940 1596
695 1597
869 1598
608 1599
1010 1600
939 1601
46 1602
377 1603
982 1604
657 1605
1295 1606
697 1607
689 1608
829 1609
234 1610
762 1611
969 1612
1360 1613
836 1614
8 1615
999 1616
135 1617
942 1618
1216 1619
943 1620
55 1621
1610 1622
1101 1623
340 1624
255 1625
1043 1626
695 1627
141 1628
439 1629
394 1630
1093 1631
555 1632
892 1633
138 1634
842 1635
696 1636
505 1637
684 1638
191 1639
884 1640
1125 1641
495 1642
1630 1643
1294 1644
462 1645
384 1646
1563 1647
1316 1648
689 1649
1404 1650
545 1651
1442 1652
1290 1653
1590 1654
356 1655
1034 1656
1258 1657
326 1658
56 1659
514 1660
630 1661
1065 1662
1466 1663
153 1664
577 1665
1521 1666
866 1667
207 1668
1003 1669
1254 1670
1152 1671
1379 1672
1203 1673
595 1674
1449 1675
1108 1676
1426 1677
236 1678
1574 1679
1318 1680
796 1681
325 1682
1175 1683
1499 1684
1064 1685
1359 1686
1313 1687
464 1688
324 1689
698 1690
987 1691
699 1692
386 1693
951 1694
953 1695
512 1696
541 1697
78 1698
751 1699
191 1700
372 1701
640 1702
300 1703
115 1704
445 1705
4 1706
998 1707
1598 1708
1319 1709
104 1710
956 1711
852 1712
344 1713
420 1714
666 1715
613 1716
1673 1717
1198 1718
1339 1719
964 1720
86 1721
1318 1722
670 1723
1121 1724
980 1725
1533 1726
525 1727
537 1728
12 1729
743 1730
1361 1731
485 1732
95 1733
862 1734
1038 1735
1563 1736
1075 1737
983 1738
847 1739
700 1740
392 1741
134 1742
671 1743
1033 1744
619 1745
926 1746
1041 1747
1464 1748
166 1749
1686 1750
208 1751
1644 1752
181 1753
263 1754
106 1755
1021 1756
1428 1757
102 1758
339 1759
1728 1760
430 1761
1440 1762
1290 1763
1001 1764
301 1765
1455 1766
971 1767
1686 1768
1568 1769
1715 1770
224 1771
229 1772
9 1773
237 1774
572 1775
120 1776
1164 1777
515 1778
1360 1779
903 1780
352 1781
619 1782
1599 1783
1490 1784
421 1785
730 1786
332 1787
455 1788
2 1789
406 1790
547 1791
666 1792
1337 1793
15 1794
301 1795
1317 1796
1700 1797
1530 1798
637 1799
576 1800
1657 1801
1125 1802
1716 1803
12 1804
1197 1805
111 1806
1780 1807
1132 1808
548 1809
1641 1810
1097 1811
1804 1812
1652 1813
94 1814
1392 1815
1039 1816
931 1817
41 1818
501 1819
1663 1820
667 1821
1687 1822
28 1823
494 1824
1606 1825
87 1826
1309 1827
1177 1828
1617 1829
977 1830
1183 1831
674 1832
1351 1833
1647 1834
1525 1835
88 1836
410 1837
734 1838
292 1839
1299 1840
521 1841
908 1842
200 1843
1841 1844
412 1845
435 1846
944 1847
1403 1848
799 1849
54 1850
1229 1851
1742 1852
1487 1853
1614 1854
1587 1855
1776 1856
1787 1857
2 1858
733 1859
1184 1860
695 1861
637 1862
772 1863
1042 1864
276 1865
1445 1866
978 1867
163 1868
1284 1869
8 1870
581 1871
354 1872
1543 1873
390 1874
1073 1875
1502 1876
651 1877
169 1878
1510 1879
288 1880
773 1881
574 1882
1807 1883
848 1884
545 1885
1775 1886
1705 1887
1121 1888
590 1889
1509 1890
1794 1891
730 1892
421 1893
937 1894
1764 1895
1321 1896
910 1897
373 1898
1609 1899
867 1900
1298 1901
1702 1902
1034 1903
87 1904
1251 1905
939 1906
1107 1907
1097 1908
214 1909
547 1910
1907 1911
1894 1912
1905 1913
900 1914
1202 1915
911 1916
1756 1917
1185 1918
1175 1919
1715 1920
742 1921
1452 1922
1772 1923
1767 1924
1716 1925
912 1926
22 1927
1230 1928
1497 1929
1352 1930
1288 1931
529 1932
137 1933
528 1934
1328 1935
1737 1936
986 1937
1113 1938
950 1939
1276 1940
1413 1941
58 1942
839 1943
1653 1944
1389 1945
967 1946
505 1947
1230 1948
127 1949
341 1950
692 1951
332 1952
1339 1953
1845 1954
1645 1955
1955 1956
411 1957
414 1958
1415 1959
393 1960
836 1961
1066 1962
1445 1963
1658 1964
1771 1965
578 1966
408 1967
1617 1968
770 1969
976 1970
188 1971
1827 1972
1659 1973
904 1974
1677 1975
1120 1976
355 1977
1709 1978
1272 1979
929 1980
1577 1981
30 1982
440 1983
594 1984
837 1985
1488 1986
1744 1987
1870 1988
1029 1989
1905 1990
1324 1991
1875 1992
1440 1993
1630 1994
1181 1995
1467 1996
1653 1997
1488 1998
647 1999
682 2000
642 2001
1921 2002
1274 2003
1876 2004
395 2005
609 2006
496 2007
938 2008
1867 2009
16 2010
1178 2011
1826 2012
504 2013
29 2014
726 2015
1027 2016
64 2017
1681 2018
1941 2019
1398 2020
1662 2021
315 2022
1783 2023
1767 2024
1610 2025
241 2026
348 2027
1774 2028
154 2029
1899 2030
1542 2031
990 2032
587 2033
1221 2034
260 2035
1099 2036
1422 2037
1917 2038
239 2039
1406 2040
1341 2041
796 2042
784 2043
1091 2044
1763 2045
837 2046
1811 2047
1074 2048
1146 2049
1973 2050
659 2051
1686 2052
1660 2053
938 2054
875 2055
1169 2056
1693 2057
814 2058
1049 2059
1593 2060
1368 2061
193 2062
1847 2063
1769 2064
128 2065
1309 2066
2026 2067
108 2068
1711 2069
1444 2070
1896 2071
692 2072
2000 2073
840 2074
1050 2075
1205 2076
817 2077
2031 2078
153 2079
635 2080
809 2081
1803 2082
1482 2083
1083 2084
1047 2085
329 2086
1706 2087
1475 2088
1842 2089
1003 2090
315 2091
1370 2092
950 2093
1355 2094
1553 2095
376 2096
1276 2097
1278 2098
581 2099
1118 2100
1153 2101
319 2102
54 2103
2070 2104
405 2105
1172 2106
2078 2107
1753 2108
996 2109
319 2110
1947 2111
1941 2112
1030 2113
1822 2114
518 2115
1595 2116
1242 2117
630 2118
1824 2119
808 2120
1472 2121
2032 2122
78 2123
1570 2124
1866 2125
478 2126
587 2127
11 2128
1506 2129
603 2130
1817 2131
1144 2132
628 2133
1368 2134
2015 2135
2096 2136
268 2137
1372 2138
92 2139
85 2140
1088 2141
436 2142
1947 2143
2053 2144
1673 2145
1480 2146
1410 2147
1198 2148
392 2149
1439 2150
770 2151
1584 2152
2088 2153
1975 2154
459 2155
586 2156
880 2157
1247 2158
381 2159
1984 2160
1270 2161
1305 2162
1838 2163
747 2164
1625 2165
1670 2166
1756 2167
1237 2168
2045 2169
699 2170
2155 2171
956 2172
1267 2173
1202 2174
1177 2175
934 2176
894 2177
326 2178
1218 2179
2113 2180
725 2181
840 2182
680 2183
1364 2184
1195 2185
328 2186
739 2187
401 2188
1291 2189
569 2190
780 2191
1311 2192
1509 2193
1958 2194
1742 2195
1081 2196
928 2197
112 2198
429 2199
1471 2200
959 2201
930 2202
202 2203
1035 2204
2187 2205
2004 2206
1249 2207
2057 2208
1515 2209
351 2210
614 2211
415 2212
9 2213
193 2214
1774 2215
375 2216
300 2217
297 2218
1994 2219
1184 2220
1585 2221
377 2222
655 2223
2000 2224
1151 2225
1630 2226
2140 2227
1041 2228
1576 2229
1630 2230
817 2231
1028 2232
110 2233
2025 2234
1531 2235
1519 2236
1981 2237
312 2238
1178 2239
1323 2240
1932 2241
1893 2242
731 2243
1308 2244
1416 2245
1684 2246
1870 2247
1151 2248
1503 2249
55 2250
1926 2251
516 2252
775 2253
1897 2254
119 2255
1921 2256
704 2257
1037 2258
1852 2259
1544 2260
936 2261
1322 2262
1457 2263
1766 2264
113 2265
1077 2266
824 2267
900 2268
2226 2269
81 2270
749 2271
588 2272
1074 2273
2170 2274
1958 2275
1674 2276
153 2277
638 2278
1768 2279
529 2280
1997 2281
461 2282
1139 2283
1197 2284
675 2285
82 2286
2216 2287
1063 2288
1814 2289
467 2290
2270 2291
2177 2292
1045 2293
1992 2294
1567 2295
1043 2296
1021 2297
1114 2298
1591 2299
1728 2300
199 2301
1068 2302
534 2303
1498 2304
583 2305
1330 2306
1232 2307
1547 2308
270 2309
67 2310
1828 2311
1974 2312
867 2313
1384 2314
2006 2315
283 2316
252 2317
1102 2318
703 2319
870 2320
1782 2321
1829 2322
1553 2323
1299 2324
470 2325
1882 2326
1850 2327
502 2328
437 2329
968 2330
2298 2331
1165 2332
1566 2333
1090 2334
1220 2335
920 2336
1031 2337
1989 2338
1555 2339
703 2340
1287 2341
438 2342
2236 2343
1591 2344
658 2345
524 2346
548 2347
1735 2348
2161 2349
2196 2350
988 2351
416 2352
1038 2353
1595 2354
2066 2355
1884 2356
2230 2357
1231 2358
2120 2359
2231 2360
1364 2361
1861 2362
2361 2363
178 2364
753 2365
1372 2366
1520 2367
37 2368
848 2369
1177 2370
416 2371
600 2372
1964 2373
2232 2374
1370 2375
448 2376
1990 2377
481 2378
44 2379
1128 2380
956 2381
394 2382
1038 2383
2319 2384
640 2385
816 2386
364 2387
700 2388
1780 2389
1560 2390
2339 2391
514 2392
2103 2393
2221 2394
535 2395
121 2396
1495 2397
305 2398
879 2399
1301 2400
580 2401
65 2402
24 2403
1741 2404
506 2405
1754 2406
770 2407
1271 2408
1161 2409
1613 2410
505 2411
700 2412
1929 2413
2072 2414
1262 2415
2077 2416
973 2417
869 2418
2348 2419
1415 2420
443 2421
1789 2422
1019 2423
1543 2424
2095 2425
1481 2426
1316 2427
849 2428
2324 2429
1231 2430
270 2431
1791 2432
1778 2433
819 2434
1227 2435
1369 2436
461 2437
1292 2438
1022 2439
1061 2440
2398 2441
1383 2442
1377 2443
2040 2444
727 2445
1564 2446
2267 2447
1640 2448
395 2449
1214 2450
1233 2451
1921 2452
750 2453
288 2454
850 2455
1330 2456
15 2457
1462 2458
1649 2459
393 2460
1512 2461
2131 2462
144 2463
408 2464
2439 2465
592 2466
1912 2467
200 2468
2239 2469
386 2470
1753 2471
1581 2472
523 2473
374 2474
2420 2475
1743 2476
1236 2477
2153 2478
1592 2479
2242 2480
2439 2481
2043 2482
550 2483
1596 2484
106 2485
1660 2486
1917 2487
1716 2488
504 2489
31 2490
1979 2491
2062 2492
21 2493
1718 2494
1454 2495
1749 2496
2122 2497
1720 2498
186 2499
1320 2500
2493 2501
1932 2502
523 2503
641 2504
2294 2505
978 2506
132 2507
171 2508
690 2509
449 2510
2087 2511
345 2512
128 2513
1196 2514
1825 2515
410 2516
1924 2517
1842 2518
865 2519
96 2520
2458 2521
1097 2522
1934 2523
2252 2524
1105 2525
1350 2526
100 2527
1688 2528
1145 2529
1102 2530
2057 2531
895 2532
2203 2533
399 2534
955 2535
2241 2536
2497 2537
1708 2538
1159 2539
1452 2540
1637 2541
880 2542
393 2543
2225 2544
2351 2545
704 2546
2188 2547
2006 2548
1990 2549
2298 2550
879 2551
140 2552
1026 2553
867 2554
1243 2555
2324 2556
2287 2557
495 2558
1701 2559
2057 2560
1757 2561
969 2562
348 2563
533 2564
202 2565
1349 2566
2179 2567
2438 2568
1677 2569
423 2570
741 2571
187 2572
714 2573
43 2574
1240 2575
226 2576
1989 2577
1361 2578
1165 2579
932 2580
500 2581
864 2582
1209 2583
2311 2584
1429 2585
2195 2586
2112 2587
1911 2588
811 2589
1582 2590
1066 2591
1961 2592
1989 2593
1446 2594
1086 2595
431 2596
836 2597
928 2598
2535 2599
2135 2600
1985 2601
1689 2602
1183 2603
541 2604
947 2605
1535 2606
2146 2607
1167 2608
892 2609
2400 2610
614 2611
434 2612
2225 2613
2477 2614
1048 2615
2438 2616
2574 2617
102 2618
1151 2619
2617 2620
352 2621
1686 2622
1556 2623
561 2624
783 2625
1380 2626
403 2627
2172 2628
378 2629
377 2630
244 2631
1690 2632
721 2633
2381 2634
2278 2635
2217 2636
1113 2637
2107 2638
1608 2639
2555 2640
1996 2641
1064 2642
2624 2643
1073 2644
944 2645
158 2646
955 2647
335 2648
1206 2649
1800 2650
1905 2651
2644 2652
596 2653
2045 2654
311 2655
207 2656
1210 2657
1644 2658
895 2659
90 2660
452 2661
1164 2662
2092 2663
453 2664
1903 2665
2411 2666
1182 2667
963 2668
1442 2669
1879 2670
458 2671
1206 2672
2353 2673
326 2674
2287 2675
127 2676
1088 2677
670 2678
2 2679
1208 2680
717 2681
463 2682
644 2683
1297 2684
1082 2685
1783 2686
1627 2687
627 2688
651 2689
128 2690
2342 2691
1961 2692
665 2693
274 2694
2227 2695
435 2696
2229 2697
1523 2698
139 2699
91 2700
1889 2701
1114 2702
1214 2703
741 2704
2485 2705
594 2706
2348 2707
1539 2708
2375 2709
568 2710
1039 2711
2295 2712
1751 2713
2057 2714
2529 2715
1137 2716
1381 2717
364 2718
1850 2719
1263 2720
2258 2721
2310 2722
1073 2723
2043 2724
807 2725
1264 2726
1049 2727
1077 2728
385 2729
636 2730
2605 2731
2585 2732
2576 2733
1276 2734
1330 2735
1169 2736
1748 2737
1481 2738
990 2739
866 2740
1747 2741
1483 2742
335 2743
2075 2744
798 2745
1482 2746
1439 2747
996 2748
2580 2749
628 2750
2206 2751
1616 2752
1635 2753
2718 2754
860 2755
1829 2756
201 2757
1665 2758
1231 2759
72 2760
1866 2761
599 2762
1325 2763
1963 2764
1215 2765
1655 2766
1656 2767
380 2768
2067 2769
2742 2770
2272 2771
595 2772
2668 2773
1920 2774
596 2775
1466 2776
2430 2777
997 2778
1586 2779
247 2780
444 2781
380 2782
80 2783
1966 2784
107 2785
75 2786
1437 2787
1608 2788
829 2789
2400 2790
1459 2791
406 2792
2447 2793
64 2794
1863 2795
480 2796
165 2797
107 2798
1872 2799
195 2800
366 2801
1828 2802
1700 2803
1623 2804
523 2805
535 2806
2022 2807
1771 2808
1711 2809
485 2810
2624 2811
2384 2812
37 2813
2477 2814
2069 2815
1850 2816
1871 2817
664 2818
280 2819
2784 2820
2757 2821
2033 2822
867 2823
888 2824
1207 2825
8 2826
2274 2827
2606 2828
62 2829
2561 2830
366 2831
2740 2832
445 2833
702 2834
1142 2835
2409 2836
592 2837
2671 2838
954 2839
2511 2840
343 2841
1979 2842
715 2843
2339 2844
375 2845
1365 2846
1019 2847
1794 2848
2765 2849
1869 2850
496 2851
1445 2852
885 2853
1091 2854
2580 2855
2060 2856
1363 2857
638 2858
318 2859
2744 2860
2125 2861
2675 2862
1473 2863
1570 2864
1181 2865
548 2866
2742 2867
1863 2868
2698 2869
2324 2870
829 2871
861 2872
263 2873
2196 2874
450 2875
1551 2876
1147 2877
403 2878
1305 2879
121 2880
1579 2881
1127 2882
1104 2883
1926 2884
776 2885
1649 2886
16 2887
1296 2888
2841 2889
962 2890
1986 2891
1257 2892
2359 2893
1715 2894
1026 2895
2668 2896
2808 2897
1276 2898
475 2899
163 2900
1778 2901
1924 2902
657 2903
926 2904
1338 2905
448 2906
2520 2907
1505 2908
771 2909
2069 2910
2052 2911
1250 2912
2473 2913
334 2914
1747 2915
2469 2916
1682 2917
1377 2918
1602 2919
1614 2920
1235 2921
2099 2922
1042 2923
79 2924
1203 2925
551 2926
59 2927
1850 2928
1828 2929
1858 2930
1356 2931
79 2932
1977 2933
315 2934
433 2935
1539 2936
809 2937
1249 2938
1680 2939
2131 2940
409 2941
99 2942
1155 2943
1913 2944
919 2945
1554 2946
1767 2947
2146 2948
44 2949
1396 2950
915 2951
1677 2952
1639 2953
1432 2954
179 2955
1924 2956
532 2957
1075 2958
1296 2959
1396 2960
2588 2961
1743 2962
1523 2963
1562 2964
1753 2965
1127 2966
822 2967
2414 2968
1761 2969
335 2970
62 2971
1969 2972
154 2973
722 2974
2126 2975
1698 2976
1593 2977
1231 2978
541 2979
2662 2980
1937 2981
146 2982
403 2983
1560 2984
2688 2985
1457 2986
2019 2987
1447 2988
2059 2989
1127 2990
1969 2991
853 2992
1158 2993
159 2994
1234 2995
975 2996
872 2997
2167 2998
459 2999
???010?000????0??110?0??0011???0?0?01??0????1110????0?11?1??1?010??0?????1????111??01?001???11??1?1?????0???011??01???01?110?111?00?1??0?10????1?1?1???1??00?0?0??0?01??000?000?11??10??10101?1?1???01?0?1?10?000?1?001011?1110011????1???1??011?0???000010??????0??00????0??0?0?1?001?????1????0101???0????0?1???100?0??0??1?0?1???1?1????0?1?0?10???01?00?10???10??0?0??1111?1??0?1??11?010101?0??01?0?0????0?01???01??0?0110?00010?10??0??10?1????11??0?000????100??1??0?1???0??101?011?????1?000??01?01???????????100100?11?1?01?011?011????0?1?00110?1??0??11?0??0??1???1??????1??000??00????11?10111??000?0?1???0??11??1?110?0???01011?0?????1?1???110111?????0?10???11???11??001110??1?000?0000???????0??000?0?000??1001010?0011?10?0?0???1101???1?1?11?1?011????10??11??00??????0?0?11?101?01??10001?00?010??000??0????0010???1?00?10?0001?1?0?0???0?0111?0?000?1????00?1????10??00??0?10????1??01??1?0?????0?1?0??0?0?01?1??1?1?0???1??000???0??1??????010110??0?010?????010?0?100?0110?100?0??0????01??0???????1?01???10?11?01???01100??0?1??1?0?1??11??101?0?????????01?0?0????????01?1????0??110??00????00?1??0101010???0????1??10001??????1??0?10?????100???10100??0?0??1??00110?000?0?001?10?0?10?1??0?0??010?0???000?1?11???1100????101??1?010?1?1??100100101???1??0010?1????0?0??00?001?1?00?1?00??01??11110??0???0?01????011??0??11?1??01?0?1???????1?0???111???0?10?01????1??0??011?0?1???1??????????1?0??01???0?01?0001??000?????0?1??1????1001?1?0?110????????????1????1?0??11100?001111???1?????01??0????0?1??000?????1?1?10?0???1110?00?01?11??0???0?010110??01?0??1??01?01?00??11?110?0???10???100?0?0?10??1???1?00?0???0100?001????????0??100????????11?????????0?10?0???0111??10?0???010????100??00?0?10???0?1?11??11???110?1?0????00????11?10?11???01???0??01??0000??110?11??10?1?1?0???0???011?0??111????1?01?00?0??10?1?1???11??1??110??0?0????0???0??0??1?1?1??????001?11?0110?1?0??0?0?110111?1??01?0?????0011?1??0?01?1?10?0?111?1??1???0?1?0?0???00?10?11????1?11010?0?1?0?1?0?11?0??0??10???01?101?1?00???1?01?1??0?1??1??1?0?1??10??0?100?1010???1??1111?101?1?101?00?10?0??0?1???1??0??1?1??01??0?0??10101?1001????011????0??????1???110001?0??1010?1?00?10??1?1?0?1??0???10?01?1?????1?0?0?0???1???11?????10?0010????11???????11?0??10?00??101?0??0?011?0??00?00????11110??01??0???1?????100??1??0110??1???11???0?10????001?????0001?0?1111???0???1?01?????0100?0001?0???10??010?0?1?0??00??0?1????10??10?11???01?00?1??0?010?1????1?0011???1?11?11???????01??10?0??11011???01?010?????1???1?????10?010??01???00?10?110011111?1??1110?11??0010?0?0?1?10???1?0?01??????100000???101???11?1?00??1??1?????????00??110111?0??101???11??0???0??00?01?0??0101?1?00?0?00?1??00????10?01?1????010??111?????0?11010011???0?0011??1??0?101?????0??1???0?1???0?011100?0?1??011100??001???01?001????0000?01?0000?1?11?0?0??111??1?1?0111??1?000???00??1?0??01?01?00?01?1?1?0010????101????0???1001??11??01001?100???1101000?11?1????1?11???11???00?0??0??000111?1??1?11??1?10??00??1??0?1?00?0????00000??101?0??0?11?1??1??1????0?1?1?1??????0?0??0??101?1?000???0?0?00110?????01???0?01??1???0
01?10??11??11?0000??011???0?1?1???10????0??????100???0001?10?10?0???00?????1?110?01?0????00?00???01???0????01??000??111?1???01??0???0????10??0??0?0?10?0??1???0?0???0???01??11?0?101?0???1??0?0??1??0?100???10?111???001??0?1??1?0?00?0010?001??0??0?10???0?01??00????11???000?0?011?10?000?10?0??11?0???0??01101?0??110?0??10111?1???0??00?00?1?010?0101???1?1?1110??11?1??10?0??????101?111???10??0??100??0?0101?11??010?11?0?1010?010??0?0?000111?10???010?01?11001???11??00??1?00???01?0?0??1?11?11000?011??0?010??00??0?????1?01?????0??0?1?01?0?101?0100??10001?0?1??01110??010?1010?100??0?1????0????11?0?100??0?00??????1?1?1011???0010?101??1?10??????000?????000??1??11?100?1?0??10001??0?00?1??11??10?0?100?100?0?0011?01?1???01?000111100??1000?10??????0???00?00?1??1?1?0???????0?0000???0??11?0101111?11???0???1??0?????01?1????001??1100?0??001010????11?0001?0?1??01????100??0?10?01???110????01?????11???1?1011??111100000??00100?0111?0101????1?1???0000?110?011?0?????1????0?0??0?01??1?0?000??1???100?1?1??00?00001?1?0????0?0?01?0?11???0?10110?1?1?1?1?000?01?0??10?1???11110100?0?11?1??0??111100110??10??111?011?0??1??01?11??????111101?????01??0??????01??000011?1?0????0??100?0??????01??01?0?0???1?100?011?10??11???1???00?01????0?00?010????01?01011??1???1??0?0111010?0?0?00110???1111??001??1???10?1?0?00?1?1011??111110??0??00??10?1??0??1?1??01????01110?101?1?00?0?0?0?0??0??0?11???1??1110???????10?00?1????1?10?11??1110?10?0?????01000?0?0?01?01?00???1000???1100?10???0???1?10???0??10?110??????0?0?00????1?11??1?00??1??????0000?0?100?110?11001??11?11111?00?????110110??100?110101???0?????11000?1????11??0??1??100???10?11??0??1?0????0???0?0001?110000011?00?01?0??1?10111?0???100???001???0?0??011?101?1?1????1??0????1???01?1??1?01???0?0001?1??1??11?1??111??0???10?1?00100010??0???10?0??0?1?000101??0?1??1001??????1110??1100101?1??1111?10001??10011??1????100?1?01?110?11?11?0??1??0???0???1??1?0?100?0000?101011???101???0?10??01?10??????1??11???110?0??1?0?1110??10?0010???110?0?1???0?011????1111??0???1?1000??0100?00??010?0??11???0?1?111????0???0??101??0????00???11??0?00?0?1?0?00?0?00000?0????????1?0??00??????01?001?1??0??110??1?11??011???100?1?00?1????0?0111?0?????1001??000010????1??01?????010011110?1????00?1?00?101?101100???00?011?1??10000?1110?0???1??01?10?0???1?001?000?001?1???10??101?0?1?00???011?0??10?0???0?????01?00?01??1?01?1?101??01?1????1????01???110?0???1?0?1?00?0???10??0?11111??000?001?0?0??0?0?011?11???0??00011?00??01?110?1?1????0??????1??1?11?????????1??0101??0100011???0010?10?000??0?1?11?0?0???1?11?01000???10?0?1?100?1111??0??0?10?0?0?0?0?0???????1?11?01?110?11?1??0??10011?001?001?1??00001??1???1??0?01?0???0?????10?1?11?1????0??0???0?0?00001?0????1?11?1011?011?0?1??0?1?10011???01?01??1?11??10???0010??11?????00001??????00?01??0?00?1011?1?1??11?0?1????10??1???00???0??0??001?????011??????1???0?1??0???1?0?0??1????10??111101??????0000110??0???????????101???0?0111??0??01?0??1??0?11???0??111??10???00?0?01?????0??1??0???1??????0???0?0?0?0????1???10???0???00010?0101?01?01?1???010?0???1?0??00?1?