3000
1 2
2 3
2 4
3 5
4 6
5 7
1 8
4 9
7 10
4 11
3 12
2 13
10 14
3 15
1 16
6 17
12 18
14 19
15 20
6 21
11 22
1 23
22 24
15 25
9 26
5 27
7 28
18 29
8 30
23 31
20 32
4 33
21 34
1 35
21 36
29 37
32 38
31 39
25 40
30 41
32 42
29 43
28 44
29 45
3 46
13 47
32 48
12 49
35 50
16 51
14 52
33 53
49 54
23 55
11 56
24 57
42 58
18 59
12 60
48 61
55 62
61 63
48 64
38 65
46 66
53 67
61 68
55 69
5 70
22 71
61 72
8 73
28 74
21 75
47 76
28 77
14 78
33 79
40 80
70 81
28 82
39 83
10 84
79 85
82 86
78 87
22 88
9 89
37 90
90 91
61 92
26 93
34 94
14 95
58 96
18 97
58 98
50 99
48 100
19 101
34 102
33 103
95 104
35 105
21 106
102 107
1 108
47 109
5 110
15 111
16 112
73 113
74 114
11 115
5 116
89 117
116 118
4 119
75 120
81 121
42 122
91 123
56 124
80 125
60 126
26 127
70 128
59 129
81 130
57 131
21 132
60 133
25 134
51 135
38 136
40 137
125 138
113 139
10 140
53 141
40 142
18 143
17 144
100 145
6 146
14 147
8 148
58 149
73 150
41 151
70 152
95 153
27 154
85 155
132 156
113 157
3 158
65 159
97 160
88 161
134 162
30 163
100 164
41 165
116 166
45 167
74 168
51 169
113 170
13 171
165 172
80 173
8 174
3 175
62 176
63 177
157 178
45 179
69 180
19 181
39 182
105 183
23 184
183 185
130 186
66 187
36 188
3 189
120 190
1 191
4 192
5 193
74 194
134 195
149 196
58 197
69 198
193 199
46 200
113 201
76 202
28 203
54 204
121 205
98 206
59 207
39 208
128 209
193 210
205 211
185 212
17 213
82 214
8 215
163 216
175 217
61 218
23 219
100 220
35 221
212 222
170 223
196 224
105 225
141 226
20 227
57 228
202 229
126 230
103 231
88 232
57 233
73 234
23 235
121 236
190 237
3 238
106 239
230 240
180 241
58 242
202 243
19 244
70 245
29 246
238 247
180 248
206 249
77 250
162 251
172 252
74 253
55 254
162 255
160 256
29 257
157 258
216 259
157 260
82 261
69 262
172 263
179 264
164 265
108 266
77 267
5 268
197 269
24 270
71 271
27 272
257 273
191 274
111 275
236 276
189 277
30 278
25 279
232 280
264 281
8 282
39 283
171 284
221 285
125 286
184 287
86 288
172 289
211 290
50 291
11 292
223 293
187 294
104 295
128 296
8 297
265 298
251 299
257 300
3 301
190 302
199 303
51 304
109 305
230 306
243 307
41 308
81 309
156 310
223 311
86 312
152 313
86 314
293 315
260 316
107 317
85 318
215 319
194 320
103 321
248 322
12 323
38 324
204 325
258 326
89 327
269 328
76 329
216 330
54 331
50 332
11 333
319 334
11 335
44 336
293 337
213 338
59 339
9 340
274 341
232 342
243 343
185 344
171 345
79 346
273 347
114 348
203 349
340 350
288 351
205 352
78 353
138 354
13 355
105 356
48 357
146 358
51 359
146 360
157 361
2 362
117 363
254 364
364 365
145 366
237 367
325 368
199 369
126 370
31 371
357 372
364 373
248 374
116 375
97 376
36 377
211 378
35 379
218 380
14 381
273 382
254 383
38 384
13 385
291 386
117 387
16 388
26 389
284 390
289 391
150 392
79 393
28 394
103 395
333 396
207 397
345 398
10 399
69 400
132 401
236 402
262 403
320 404
220 405
343 406
150 407
128 408
57 409
372 410
73 411
192 412
190 413
281 414
98 415
179 416
135 417
20 418
370 419
76 420
321 421
270 422
145 423
293 424
7 425
25 426
197 427
4 428
389 429
425 430
156 431
224 432
413 433
120 434
364 435
169 436
423 437
415 438
427 439
331 440
215 441
284 442
85 443
18 444
314 445
148 446
193 447
93 448
220 449
90 450
202 451
261 452
182 453
280 454
378 455
92 456
382 457
159 458
413 459
163 460
237 461
185 462
113 463
285 464
4 465
332 466
305 467
451 468
43 469
127 470
205 471
374 472
253 473
398 474
271 475
150 476
192 477
129 478
169 479
186 480
203 481
186 482
232 483
77 484
233 485
394 486
285 487
485 488
74 489
76 490
219 491
76 492
197 493
156 494
382 495
63 496
352 497
108 498
376 499
202 500
279 501
369 502
201 503
244 504
440 505
202 506
174 507
205 508
313 509
211 510
282 511
408 512
510 513
461 514
213 515
500 516
487 517
287 518
112 519
420 520
131 521
209 522
368 523
421 524
80 525
63 526
273 527
122 528
517 529
175 530
416 531
430 532
302 533
86 534
472 535
43 536
451 537
294 538
47 539
212 540
346 541
280 542
517 543
444 544
276 545
246 546
41 547
59 548
425 549
126 550
242 551
193 552
66 553
95 554
338 555
406 556
91 557
534 558
1 559
536 560
485 561
240 562
371 563
8 564
307 565
348 566
71 567
509 568
318 569
31 570
243 571
218 572
58 573
550 574
412 575
203 576
504 577
569 578
228 579
415 580
326 581
236 582
390 583
328 584
75 585
408 586
447 587
333 588
100 589
193 590
73 591
538 592
569 593
77 594
570 595
26 596
303 597
330 598
397 599
378 600
92 601
66 602
309 603
384 604
112 605
426 606
599 607
551 608
79 609
296 610
360 611
53 612
186 613
486 614
116 615
266 616
391 617
99 618
549 619
269 620
88 621
74 622
206 623
280 624
198 625
443 626
277 627
147 628
380 629
237 630
341 631
238 632
472 633
192 634
26 635
403 636
242 637
194 638
211 639
619 640
377 641
116 642
101 643
139 644
199 645
209 646
384 647
608 648
66 649
477 650
443 651
427 652
282 653
335 654
49 655
238 656
576 657
188 658
442 659
75 660
219 661
2 662
94 663
161 664
431 665
280 666
523 667
350 668
29 669
65 670
650 671
592 672
543 673
122 674
356 675
277 676
37 677
375 678
490 679
533 680
493 681
624 682
198 683
620 684
138 685
46 686
504 687
45 688
45 689
614 690
370 691
483 692
374 693
279 694
678 695
188 696
138 697
1 698
581 699
382 700
329 701
701 702
667 703
234 704
100 705
282 706
369 707
626 708
642 709
352 710
628 711
96 712
194 713
124 714
609 715
286 716
200 717
604 718
218 719
649 720
442 721
605 722
313 723
499 724
557 725
578 726
446 727
2 728
265 729
528 730
550 731
54 732
218 733
10 734
361 735
599 736
217 737
383 738
421 739
650 740
195 741
160 742
43 743
723 744
167 745
673 746
116 747
476 748
212 749
218 750
428 751
656 752
361 753
734 754
145 755
270 756
477 757
201 758
584 759
325 760
480 761
108 762
177 763
126 764
157 765
597 766
580 767
273 768
452 769
735 770
719 771
526 772
466 773
232 774
710 775
611 776
760 777
25 778
567 779
352 780
152 781
57 782
726 783
328 784
144 785
371 786
168 787
765 788
366 789
209 790
48 791
238 792
163 793
232 794
721 795
266 796
583 797
438 798
362 799
649 800
359 801
126 802
464 803
547 804
156 805
256 806
805 807
214 808
420 809
470 810
516 811
548 812
368 813
511 814
359 815
123 816
488 817
363 818
88 819
143 820
100 821
751 822
252 823
465 824
269 825
821 826
293 827
417 828
735 829
107 830
507 831
489 832
233 833
345 834
373 835
457 836
748 837
464 838
697 839
450 840
579 841
70 842
180 843
122 844
676 845
282 846
522 847
174 848
155 849
465 850
489 851
31 852
672 853
614 854
695 855
61 856
599 857
227 858
818 859
698 860
60 861
733 862
760 863
514 864
597 865
830 866
369 867
852 868
717 869
638 870
691 871
447 872
834 873
202 874
822 875
665 876
491 877
355 878
787 879
456 880
319 881
436 882
822 883
117 884
145 885
383 886
173 887
846 888
221 889
540 890
672 891
290 892
455 893
253 894
584 895
458 896
760 897
145 898
129 899
640 900
210 901
488 902
586 903
852 904
86 905
234 906
495 907
254 908
272 909
135 910
807 911
499 912
496 913
514 914
101 915
663 916
186 917
809 918
139 919
310 920
215 921
443 922
468 923
708 924
11 925
906 926
74 927
729 928
437 929
312 930
702 931
554 932
533 933
330 934
634 935
496 936
591 937
22 938
87 939
201 940
89 941
881 942
512 943
359 944
358 945
867 946
15 947
250 948
345 949
788 950
691 951
635 952
211 953
677 954
152 955
606 956
839 957
160 958
718 959
692 960
502 961
548 962
755 963
532 964
784 965
200 966
926 967
713 968
803 969
448 970
202 971
305 972
328 973
927 974
494 975
77 976
672 977
858 978
965 979
296 980
202 981
178 982
432 983
56 984
972 985
857 986
757 987
757 988
352 989
483 990
469 991
311 992
681 993
540 994
312 995
601 996
924 997
755 998
181 999
814 1000
852 1001
442 1002
489 1003
539 1004
248 1005
920 1006
336 1007
99 1008
433 1009
138 1010
84 1011
770 1012
959 1013
913 1014
203 1015
485 1016
600 1017
905 1018
452 1019
446 1020
524 1021
497 1022
744 1023
6 1024
491 1025
956 1026
3 1027
580 1028
370 1029
648 1030
957 1031
952 1032
499 1033
383 1034
621 1035
310 1036
549 1037
409 1038
32 1039
525 1040
774 1041
768 1042
1014 1043
379 1044
760 1045
706 1046
954 1047
341 1048
232 1049
836 1050
616 1051
1026 1052
499 1053
56 1054
448 1055
337 1056
662 1057
1019 1058
632 1059
227 1060
124 1061
934 1062
105 1063
600 1064
398 1065
10 1066
464 1067
970 1068
954 1069
470 1070
461 1071
438 1072
202 1073
19 1074
16 1075
1010 1076
951 1077
344 1078
339 1079
406 1080
125 1081
851 1082
365 1083
27 1084
23 1085
251 1086
357 1087
550 1088
301 1089
709 1090
284 1091
106 1092
348 1093
501 1094
722 1095
545 1096
688 1097
12 1098
57 1099
876 1100
748 1101
395 1102
627 1103
335 1104
681 1105
554 1106
33 1107
41 1108
1098 1109
825 1110
153 1111
568 1112
1027 1113
196 1114
749 1115
314 1116
101 1117
454 1118
37 1119
865 1120
151 1121
460 1122
1084 1123
614 1124
938 1125
304 1126
315 1127
1045 1128
143 1129
1065 1130
1112 1131
873 1132
528 1133
959 1134
483 1135
999 1136
872 1137
829 1138
82 1139
654 1140
783 1141
68 1142
1092 1143
1129 1144
430 1145
255 1146
401 1147
1064 1148
61 1149
432 1150
87 1151
688 1152
422 1153
812 1154
18 1155
953 1156
745 1157
381 1158
504 1159
860 1160
489 1161
394 1162
1149 1163
933 1164
775 1165
915 1166
859 1167
12 1168
974 1169
292 1170
525 1171
244 1172
688 1173
914 1174
753 1175
186 1176
472 1177
444 1178
70 1179
731 1180
589 1181
348 1182
119 1183
1073 1184
673 1185
886 1186
440 1187
737 1188
746 1189
466 1190
1155 1191
112 1192
1157 1193
964 1194
515 1195
1015 1196
998 1197
983 1198
372 1199
10 1200
161 1201
451 1202
594 1203
453 1204
1051 1205
74 1206
92 1207
547 1208
147 1209
693 1210
183 1211
1025 1212
29 1213
137 1214
356 1215
824 1216
591 1217
228 1218
854 1219
915 1220
522 1221
553 1222
89 1223
6 1224
870 1225
1056 1226
398 1227
126 1228
709 1229
467 1230
253 1231
1222 1232
238 1233
912 1234
459 1235
360 1236
1025 1237
851 1238
1092 1239
328 1240
355 1241
560 1242
782 1243
792 1244
125 1245
675 1246
555 1247
730 1248
862 1249
290 1250
395 1251
329 1252
616 1253
806 1254
624 1255
293 1256
544 1257
1230 1258
23 1259
766 1260
400 1261
640 1262
641 1263
321 1264
633 1265
589 1266
1169 1267
731 1268
279 1269
118 1270
888 1271
806 1272
1078 1273
71 1274
453 1275
531 1276
135 1277
288 1278
1182 1279
725 1280
1089 1281
998 1282
968 1283
698 1284
402 1285
1255 1286
929 1287
603 1288
840 1289
361 1290
629 1291
587 1292
112 1293
1252 1294
1011 1295
1010 1296
797 1297
727 1298
238 1299
468 1300
217 1301
426 1302
330 1303
446 1304
1260 1305
861 1306
1083 1307
37 1308
1166 1309
501 1310
566 1311
1127 1312
923 1313
1276 1314
877 1315
315 1316
998 1317
737 1318
27 1319
720 1320
659 1321
10 1322
560 1323
428 1324
755 1325
810 1326
585 1327
209 1328
738 1329
887 1330
923 1331
667 1332
25 1333
1079 1334
890 1335
1064 1336
725 1337
635 1338
973 1339
946 1340
1211 1341
468 1342
1114 1343
846 1344
180 1345
616 1346
270 1347
54 1348
657 1349
1125 1350
699 1351
628 1352
1122 1353
993 1354
1062 1355
407 1356
417 1357
1298 1358
246 1359
894 1360
696 1361
1326 1362
836 1363
755 1364
1232 1365
328 1366
1207 1367
47 1368
728 1369
849 1370
966 1371
736 1372
407 1373
41 1374
528 1375
450 1376
331 1377
289 1378
808 1379
949 1380
1043 1381
879 1382
522 1383
808 1384
1153 1385
320 1386
534 1387
642 1388
541 1389
812 1390
1240 1391
1320 1392
892 1393
406 1394
1223 1395
233 1396
96 1397
370 1398
1361 1399
659 1400
713 1401
1052 1402
708 1403
1184 1404
77 1405
1355 1406
992 1407
536 1408
976 1409
557 1410
1387 1411
1225 1412
61 1413
65 1414
93 1415
723 1416
313 1417
986 1418
252 1419
866 1420
831 1421
493 1422
81 1423
452 1424
948 1425
869 1426
436 1427
1181 1428
690 1429
836 1430
205 1431
849 1432
103 1433
910 1434
362 1435
561 1436
403 1437
884 1438
701 1439
1245 1440
57 1441
745 1442
607 1443
1399 1444
866 1445
326 1446
196 1447
240 1448
889 1449
50 1450
146 1451
563 1452
1019 1453
767 1454
1446 1455
608 1456
638 1457
441 1458
991 1459
772 1460
216 1461
437 1462
798 1463
265 1464
1017 1465
1096 1466
399 1467
179 1468
344 1469
237 1470
289 1471
1425 1472
1372 1473
491 1474
1195 1475
850 1476
1242 1477
725 1478
376 1479
1468 1480
1003 1481
1376 1482
1303 1483
902 1484
1299 1485
812 1486
167 1487
780 1488
524 1489
8 1490
558 1491
1006 1492
68 1493
847 1494
1206 1495
299 1496
1216 1497
1049 1498
1273 1499
346 1500
523 1501
801 1502
865 1503
623 1504
999 1505
912 1506
49 1507
1243 1508
905 1509
267 1510
388 1511
837 1512
1148 1513
1135 1514
754 1515
321 1516
1088 1517
429 1518
701 1519
1055 1520
1191 1521
383 1522
47 1523
1164 1524
416 1525
1073 1526
1435 1527
1498 1528
123 1529
1490 1530
1004 1531
1465 1532
848 1533
716 1534
312 1535
852 1536
935 1537
826 1538
901 1539
659 1540
980 1541
568 1542
1436 1543
19 1544
1209 1545
789 1546
1158 1547
835 1548
1292 1549
463 1550
313 1551
972 1552
692 1553
360 1554
1041 1555
1382 1556
616 1557
20 1558
1513 1559
1246 1560
197 1561
756 1562
1533 1563
1459 1564
610 1565
320 1566
884 1567
1488 1568
788 1569
644 1570
1406 1571
2 1572
256 1573
1572 1574
547 1575
128 1576
590 1577
1147 1578
374 1579
535 1580
458 1581
785 1582
714 1583
1240 1584
1062 1585
1148 1586
1147 1587
363 1588
426 1589
1404 1590
440 1591
1351 1592
174 1593
523 1594
474 1595
681 1596
1321 1597
1547 1598
710 1599
94 1600
1168 1601
1344 1602
1146 1603
254 1604
841 1605
398 1606
1018 1607
423 1608
59 1609
968 1610
261 1611
1291 1612
251 1613
472 1614
654 1615
1005 1616
225 1617
1203 1618
359 1619
1609 1620
1213 1621
950 1622
185 1623
1022 1624
1582 1625
851 1626
1280 1627
248 1628
460 1629
161 1630
205 1631
619 1632
87 1633
229 1634
1583 1635
71 1636
1576 1637
807 1638
591 1639
618 1640
86 1641
1553 1642
538 1643
685 1644
1503 1645
1508 1646
889 1647
621 1648
716 1649
594 1650
468 1651
146 1652
756 1653
1151 1654
486 1655
1430 1656
226 1657
1058 1658
773 1659
1519 1660
255 1661
1038 1662
1661 1663
634 1664
1336 1665
279 1666
1333 1667
1072 1668
921 1669
1496 1670
1567 1671
96 1672
1321 1673
1468 1674
699 1675
1419 1676
1561 1677
1513 1678
329 1679
1463 1680
1543 1681
340 1682
303 1683
882 1684
954 1685
693 1686
1259 1687
304 1688
195 1689
1295 1690
1356 1691
570 1692
793 1693
489 1694
1150 1695
358 1696
911 1697
523 1698
49 1699
364 1700
510 1701
1248 1702
1428 1703
879 1704
1023 1705
1352 1706
838 1707
687 1708
26 1709
666 1710
162 1711
1540 1712
843 1713
1357 1714
101 1715
659 1716
1082 1717
1113 1718
1621 1719
202 1720
1620 1721
1582 1722
1717 1723
612 1724
227 1725
260 1726
537 1727
75 1728
588 1729
536 1730
1047 1731
864 1732
1036 1733
1699 1734
494 1735
451 1736
126 1737
1563 1738
530 1739
1147 1740
158 1741
555 1742
1484 1743
455 1744
730 1745
1550 1746
853 1747
740 1748
126 1749
753 1750
1255 1751
205 1752
1198 1753
1658 1754
521 1755
819 1756
1093 1757
771 1758
284 1759
1388 1760
854 1761
1421 1762
741 1763
869 1764
1679 1765
1691 1766
158 1767
158 1768
1344 1769
1271 1770
1419 1771
887 1772
553 1773
1641 1774
158 1775
68 1776
1531 1777
1333 1778
1565 1779
301 1780
1392 1781
1742 1782
1379 1783
959 1784
1775 1785
1718 1786
1508 1787
984 1788
360 1789
28 1790
994 1791
1237 1792
863 1793
873 1794
1279 1795
896 1796
1460 1797
1158 1798
447 1799
326 1800
633 1801
233 1802
405 1803
791 1804
1055 1805
1207 1806
1705 1807
1266 1808
1214 1809
106 1810
329 1811
1386 1812
489 1813
66 1814
534 1815
1525 1816
1655 1817
1337 1818
708 1819
1210 1820
475 1821
1207 1822
322 1823
1496 1824
187 1825
163 1826
381 1827
812 1828
985 1829
860 1830
1160 1831
1826 1832
496 1833
317 1834
510 1835
377 1836
564 1837
439 1838
1224 1839
664 1840
349 1841
942 1842
1449 1843
334 1844
1016 1845
180 1846
1532 1847
1345 1848
908 1849
1530 1850
1130 1851
887 1852
865 1853
329 1854
882 1855
1095 1856
987 1857
1684 1858
1848 1859
575 1860
241 1861
1266 1862
180 1863
1331 1864
1058 1865
444 1866
1373 1867
1017 1868
310 1869
1598 1870
260 1871
1309 1872
506 1873
967 1874
1498 1875
1334 1876
1609 1877
1411 1878
1861 1879
570 1880
585 1881
828 1882
770 1883
301 1884
914 1885
1333 1886
1629 1887
16 1888
399 1889
1657 1890
830 1891
571 1892
607 1893
1866 1894
1763 1895
868 1896
31 1897
1487 1898
1168 1899
60 1900
1783 1901
670 1902
186 1903
1070 1904
594 1905
513 1906
400 1907
192 1908
964 1909
1569 1910
486 1911
191 1912
128 1913
1166 1914
190 1915
1403 1916
322 1917
987 1918
1747 1919
346 1920
540 1921
1251 1922
981 1923
895 1924
1483 1925
373 1926
1552 1927
261 1928
1154 1929
762 1930
338 1931
1469 1932
695 1933
1852 1934
324 1935
752 1936
1736 1937
672 1938
1338 1939
585 1940
1036 1941
981 1942
632 1943
328 1944
1905 1945
923 1946
1106 1947
982 1948
1751 1949
1921 1950
684 1951
573 1952
800 1953
369 1954
382 1955
1439 1956
61 1957
1643 1958
35 1959
505 1960
1793 1961
381 1962
1514 1963
467 1964
386 1965
200 1966
1165 1967
437 1968
1624 1969
1939 1970
908 1971
1778 1972
492 1973
1038 1974
113 1975
56 1976
1579 1977
623 1978
228 1979
1394 1980
433 1981
589 1982
1801 1983
411 1984
1061 1985
1902 1986
382 1987
692 1988
1969 1989
1825 1990
873 1991
1076 1992
1698 1993
1791 1994
1114 1995
1389 1996
290 1997
1363 1998
1195 1999
1863 2000
1294 2001
359 2002
1238 2003
1564 2004
1894 2005
118 2006
1309 2007
796 2008
1228 2009
1106 2010
438 2011
485 2012
1027 2013
372 2014
43 2015
1066 2016
1793 2017
246 2018
1874 2019
104 2020
336 2021
212 2022
309 2023
140 2024
276 2025
1298 2026
1447 2027
1889 2028
665 2029
1563 2030
912 2031
773 2032
755 2033
792 2034
1210 2035
1520 2036
590 2037
1587 2038
385 2039
888 2040
1836 2041
953 2042
817 2043
1920 2044
2024 2045
1896 2046
638 2047
730 2048
2033 2049
1635 2050
1350 2051
708 2052
1688 2053
1424 2054
1245 2055
1564 2056
1152 2057
710 2058
1982 2059
1882 2060
1610 2061
853 2062
1771 2063
1567 2064
1236 2065
228 2066
415 2067
13 2068
1979 2069
729 2070
1240 2071
1579 2072
462 2073
708 2074
385 2075
75 2076
868 2077
1517 2078
1380 2079
1359 2080
1977 2081
1170 2082
326 2083
1398 2084
809 2085
883 2086
285 2087
1762 2088
561 2089
201 2090
1977 2091
1304 2092
94 2093
1805 2094
1086 2095
1326 2096
795 2097
183 2098
486 2099
1522 2100
1523 2101
1419 2102
1808 2103
1781 2104
1575 2105
113 2106
1560 2107
265 2108
1708 2109
1120 2110
2016 2111
821 2112
1042 2113
1976 2114
56 2115
1694 2116
1592 2117
1043 2118
534 2119
1312 2120
667 2121
1621 2122
2044 2123
979 2124
43 2125
819 2126
1136 2127
868 2128
980 2129
822 2130
25 2131
1546 2132
149 2133
1509 2134
637 2135
899 2136
109 2137
1192 2138
18 2139
1360 2140
1731 2141
512 2142
10 2143
69 2144
172 2145
2094 2146
1041 2147
1209 2148
529 2149
1558 2150
1203 2151
1061 2152
1716 2153
2147 2154
1568 2155
821 2156
1505 2157
791 2158
1336 2159
1191 2160
341 2161
1150 2162
1271 2163
673 2164
2028 2165
642 2166
555 2167
1157 2168
1351 2169
2063 2170
1860 2171
1009 2172
1290 2173
2038 2174
1341 2175
1241 2176
745 2177
691 2178
1909 2179
1740 2180
794 2181
1764 2182
1598 2183
1068 2184
1288 2185
1295 2186
1264 2187
587 2188
1770 2189
329 2190
1514 2191
893 2192
539 2193
2149 2194
799 2195
542 2196
134 2197
198 2198
1221 2199
729 2200
1710 2201
1866 2202
269 2203
485 2204
1795 2205
776 2206
521 2207
1920 2208
1728 2209
232 2210
2177 2211
1197 2212
1373 2213
2104 2214
966 2215
1110 2216
92 2217
1288 2218
532 2219
2195 2220
981 2221
1846 2222
1625 2223
303 2224
107 2225
644 2226
62 2227
1486 2228
1358 2229
1525 2230
377 2231
265 2232
1830 2233
83 2234
273 2235
1204 2236
2233 2237
1333 2238
1907 2239
344 2240
138 2241
1875 2242
1209 2243
923 2244
1274 2245
2192 2246
812 2247
1864 2248
526 2249
436 2250
1206 2251
864 2252
1693 2253
331 2254
103 2255
28 2256
2174 2257
1533 2258
1268 2259
952 2260
1911 2261
1054 2262
1687 2263
726 2264
676 2265
1151 2266
2229 2267
1772 2268
221 2269
342 2270
1574 2271
2113 2272
1277 2273
639 2274
904 2275
192 2276
926 2277
1437 2278
1958 2279
782 2280
1439 2281
788 2282
1080 2283
1138 2284
1474 2285
723 2286
742 2287
2256 2288
1590 2289
1628 2290
137 2291
151 2292
265 2293
1113 2294
902 2295
1592 2296
747 2297
1158 2298
373 2299
694 2300
1464 2301
1713 2302
2220 2303
1628 2304
189 2305
2290 2306
1590 2307
1969 2308
1988 2309
187 2310
401 2311
2103 2312
1040 2313
1063 2314
1683 2315
417 2316
1190 2317
2164 2318
1434 2319
41 2320
516 2321
964 2322
1631 2323
336 2324
521 2325
1211 2326
1345 2327
875 2328
649 2329
1641 2330
1536 2331
1257 2332
2180 2333
1938 2334
151 2335
2235 2336
2097 2337
1573 2338
1360 2339
1133 2340
62 2341
368 2342
1194 2343
1789 2344
1956 2345
1068 2346
364 2347
642 2348
2267 2349
742 2350
1471 2351
181 2352
1167 2353
208 2354
2315 2355
1860 2356
243 2357
130 2358
304 2359
651 2360
1015 2361
102 2362
2210 2363
1901 2364
123 2365
6 2366
1334 2367
545 2368
2037 2369
13 2370
145 2371
2090 2372
553 2373
2134 2374
1633 2375
991 2376
2128 2377
406 2378
551 2379
1768 2380
1199 2381
2225 2382
2191 2383
173 2384
906 2385
1105 2386
1046 2387
1438 2388
2259 2389
250 2390
175 2391
666 2392
1121 2393
1442 2394
911 2395
1305 2396
225 2397
1373 2398
2161 2399
1599 2400
2370 2401
343 2402
2272 2403
1586 2404
1222 2405
2005 2406
1739 2407
2065 2408
308 2409
476 2410
840 2411
1458 2412
795 2413
2339 2414
512 2415
2027 2416
2165 2417
800 2418
2090 2419
2075 2420
1722 2421
1359 2422
521 2423
908 2424
1214 2425
1171 2426
179 2427
1145 2428
173 2429
1083 2430
1599 2431
495 2432
408 2433
1193 2434
454 2435
2428 2436
241 2437
1577 2438
757 2439
1626 2440
978 2441
2271 2442
1837 2443
1933 2444
713 2445
1970 2446
866 2447
4 2448
1124 2449
2010 2450
1284 2451
744 2452
1964 2453
656 2454
1866 2455
1354 2456
1886 2457
251 2458
141 2459
555 2460
2007 2461
1705 2462
1824 2463
2129 2464
264 2465
1358 2466
482 2467
720 2468
1259 2469
1169 2470
1526 2471
1209 2472
867 2473
2130 2474
210 2475
717 2476
448 2477
1048 2478
53 2479
1011 2480
751 2481
1020 2482
1125 2483
2469 2484
1965 2485
872 2486
2315 2487
613 2488
831 2489
1032 2490
655 2491
2272 2492
1393 2493
1675 2494
2381 2495
1796 2496
1819 2497
1466 2498
1460 2499
548 2500
2340 2501
2445 2502
1013 2503
354 2504
240 2505
1291 2506
791 2507
771 2508
2459 2509
1141 2510
70 2511
1195 2512
1466 2513
853 2514
779 2515
2057 2516
2006 2517
1068 2518
823 2519
2234 2520
323 2521
2086 2522
824 2523
47 2524
2417 2525
1386 2526
666 2527
1610 2528
259 2529
233 2530
253 2531
212 2532
855 2533
1146 2534
1402 2535
1491 2536
928 2537
303 2538
1747 2539
1190 2540
1752 2541
1509 2542
1012 2543
231 2544
1041 2545
2369 2546
2417 2547
2008 2548
1640 2549
689 2550
506 2551
417 2552
506 2553
605 2554
95 2555
1078 2556
886 2557
682 2558
1688 2559
1521 2560
1518 2561
55 2562
1743 2563
2310 2564
201 2565
1004 2566
1099 2567
2035 2568
65 2569
602 2570
1888 2571
642 2572
504 2573
626 2574
1630 2575
2188 2576
1157 2577
1883 2578
339 2579
1121 2580
2172 2581
2394 2582
976 2583
2 2584
2114 2585
1755 2586
2004 2587
1173 2588
2472 2589
532 2590
2185 2591
2245 2592
711 2593
191 2594
770 2595
2572 2596
1004 2597
1891 2598
582 2599
1924 2600
2558 2601
1186 2602
396 2603
1462 2604
233 2605
463 2606
2373 2607
1376 2608
218 2609
2092 2610
1991 2611
19 2612
1570 2613
1327 2614
1102 2615
450 2616
1741 2617
220 2618
1613 2619
1071 2620
2255 2621
608 2622
1007 2623
2421 2624
347 2625
2273 2626
591 2627
1421 2628
97 2629
1970 2630
677 2631
1346 2632
2170 2633
390 2634
1258 2635
2291 2636
2158 2637
1727 2638
1510 2639
1619 2640
3 2641
1630 2642
1610 2643
1808 2644
2338 2645
2089 2646
2013 2647
1225 2648
390 2649
1515 2650
56 2651
1083 2652
1223 2653
136 2654
790 2655
1093 2656
1299 2657
1325 2658
1122 2659
387 2660
1925 2661
2124 2662
1087 2663
1530 2664
2621 2665
1834 2666
1912 2667
2533 2668
1042 2669
2023 2670
2505 2671
516 2672
1165 2673
1401 2674
512 2675
274 2676
1863 2677
1566 2678
2629 2679
2614 2680
2519 2681
1106 2682
1429 2683
1283 2684
2408 2685
2643 2686
2021 2687
2615 2688
1071 2689
2503 2690
2604 2691
389 2692
605 2693
312 2694
735 2695
2418 2696
651 2697
843 2698
89 2699
1982 2700
1509 2701
2342 2702
2135 2703
2402 2704
1440 2705
2502 2706
2063 2707
2622 2708
1682 2709
103 2710
2371 2711
1171 2712
1518 2713
103 2714
1398 2715
1418 2716
106 2717
302 2718
2079 2719
1249 2720
1671 2721
2364 2722
2677 2723
1051 2724
1434 2725
187 2726
1572 2727
670 2728
532 2729
1741 2730
2277 2731
228 2732
2506 2733
1884 2734
2622 2735
51 2736
2354 2737
2299 2738
710 2739
845 2740
579 2741
2439 2742
353 2743
1673 2744
1086 2745
2361 2746
1319 2747
297 2748
2322 2749
824 2750
444 2751
2671 2752
1213 2753
2226 2754
1714 2755
185 2756
1623 2757
2757 2758
1092 2759
835 2760
2401 2761
1502 2762
796 2763
1922 2764
2365 2765
1632 2766
2061 2767
1676 2768
1035 2769
2176 2770
2434 2771
805 2772
243 2773
1791 2774
1407 2775
1206 2776
943 2777
625 2778
1336 2779
1328 2780
1462 2781
1670 2782
806 2783
2421 2784
1918 2785
79 2786
403 2787
523 2788
1119 2789
2107 2790
613 2791
1697 2792
947 2793
1685 2794
368 2795
1400 2796
931 2797
1223 2798
2632 2799
1825 2800
742 2801
2167 2802
913 2803
1143 2804
1936 2805
737 2806
644 2807
132 2808
539 2809
2486 2810
1919 2811
2521 2812
519 2813
492 2814
1683 2815
526 2816
672 2817
2522 2818
1407 2819
201 2820
2046 2821
803 2822
2055 2823
2681 2824
2046 2825
2259 2826
2298 2827
1074 2828
1692 2829
636 2830
1340 2831
1128 2832
1259 2833
608 2834
40 2835
1940 2836
1251 2837
2018 2838
1199 2839
1583 2840
417 2841
2619 2842
1247 2843
1687 2844
708 2845
1169 2846
125 2847
1722 2848
2478 2849
896 2850
1873 2851
1952 2852
669 2853
1650 2854
91 2855
1845 2856
2573 2857
1761 2858
2264 2859
2641 2860
1445 2861
1075 2862
2765 2863
440 2864
2423 2865
644 2866
1899 2867
2118 2868
2212 2869
502 2870
185 2871
2095 2872
1337 2873
1079 2874
2451 2875
1320 2876
2477 2877
1051 2878
337 2879
445 2880
1290 2881
636 2882
1656 2883
1255 2884
2323 2885
2796 2886
857 2887
582 2888
1844 2889
2663 2890
2062 2891
1192 2892
2056 2893
444 2894
2673 2895
2058 2896
2352 2897
472 2898
501 2899
939 2900
682 2901
294 2902
2157 2903
210 2904
2535 2905
2034 2906
2038 2907
1256 2908
1447 2909
1387 2910
238 2911
205 2912
1272 2913
1012 2914
614 2915
2716 2916
1671 2917
2555 2918
800 2919
68 2920
1082 2921
1792 2922
2375 2923
2318 2924
426 2925
838 2926
1734 2927
1839 2928
1845 2929
853 2930
2619 2931
138 2932
2485 2933
2660 2934
596 2935
487 2936
2645 2937
843 2938
1635 2939
774 2940
2800 2941
1839 2942
1012 2943
2526 2944
2298 2945
681 2946
1025 2947
2878 2948
2695 2949
422 2950
3 2951
2050 2952
549 2953
2139 2954
1152 2955
1816 2956
1758 2957
738 2958
2559 2959
16 2960
1939 2961
1890 2962
345 2963
1014 2964
1898 2965
298 2966
840 2967
1924 2968
2810 2969
1336 2970
1888 2971
585 2972
1278 2973
1850 2974
1696 2975
354 2976
1468 2977
1443 2978
465 2979
226 2980
216 2981
2720 2982
634 2983
66 2984
2951 2985
1061 2986
425 2987
2913 2988
1212 2989
2959 2990
509 2991
1179 2992
2303 2993
1902 2994
597 2995
1696 2996
610 2997
2268 2998
88 2999
274 3000
?110001011???101???1???10??00?01?10010???11?001?1????1????0110010??1?1?1?1????0?00???01????10?0000?11??1??1100?11??1?1???0?1????11?1???0?011111?????01??????0???01?0101?101?1???0?1??1?01101010??1??1??0????111?1?01?0?00???0?000???11?010101?1???1??000?1101???1?????????????000??01?0001?1?11??01?1101?01??10010?0??111????0?100?10??101?10????0??1??1?001?1??0??100??101010??00?????010???111?10?01?????01??1??????1?1?0??0??1?111?1010?00????1?????1?00?0??010????1?0???00???000?00?11?0?01???001???1?1?10?1?011?0?????0000000010?1?1????0??10?01?10???0?????0???1????00???0?0?1?001??????00?00??001?0111?10????0???0?????0??0110?1?????10?????0??1??0??????111????11??000?1??0??1?010???1100????01?1?00??1?0??1?10??0???????1010????0????1?1001001100?11?10??10?110??0100???110110?1??0?1?001?01??0?0?1??10?01??10??1?1?1??0????010?00?????0?1??001??0???11?0?00?0?0?10?0?????1?01??11??01???1?0??10?01?0???01??1?1110?1???1?1??0????000?000?01???1?01000001?01?11?0???110?????1????00?00?0?0?01?0???10101?1??01111??000?1??1001?0?1??0?0??111??0??110?11?1?????0001??0101??1???11?0???00?000???1??0??0??1???1??110??0?00?1???000??1?10?0??0?0011???10??011?1?01???00??10???1?10111??1?01???00?????0?110?1????1?1??11??1??0???110??10??1??000001?01???110??0?101??0010?0?0???101?00??01?00?0?1?011??????????0?1????00???010?????1????0???1??1??1?0010??0?0???001100?0??0??111100110?0???????11?01??1???0??1??????11?011?0?1?000???10????0??1?11100??01?10?1000101?0?11???01?1?0110???10?1?11??101?000?00?00?01?11???0?0?11?0100?0?10?10101??010?01???00?01????1??????0?1?0100?00??0?10???01?????100?1?00?100101110????00?10?0?1?0?1?0???01??10100??0???1???1?0??010???0??101???110?0??0??001????0?11?0?1?1?1011?????10?1?1?0?00??1??1???10??001?10???00010?1?111??????1??01??1?1?1?100??????0?10111?1?????0??0?10?1?010?01?101?0??1?00?1????0??0?11?11?1??0?01?????11001?10????1?10?1010?101?1?011001??100??????001?0??010?01?????001???01?0????1??0??0???10??0???00101?01?0??110???001?00?1?001110000?11?1??00?100?0?11??101000??00??0001????0??01??1?1001??100001?001?????1?0??01????1????1110?0?1?0??0??1???1??1?00000001?00?10?1?1?????101??1?????10101??000???100??01??1?11?01?01?11?0??100???00?01?0?0????11??1?1?1??????0??010?1??0010?1?0?0?01??0??11??0??1?100010?100??1?00?11???????0?0?01???1000??00?0??11??1?1?101011?11??11?01??0?0110?11101?0?001?1??0011?00111?01???0??110?0?00111?1011110?10??1??01?00001??1?0???111?0??0?11?1??110??0?0010?11?1?0?1110?11?011??????1011?10100?0?01??????????01??????11?????1?1???110??0??0?01????1?10010?0?0?????0?11??00??0?0?0?1??01???10111?1?1?111?1??1?0?00????1?1111?0111101?01001??00??101?11???1?10??10??1??0??0??0?1?1????1000??0?0?0?1???111??11??1111?1?00??11?????0?0?00???100?1???1???10??0001?1??1?????10?00010000011???01??11?10??10101??10??????1???10????0??1?1101????0?11?1?0?0??1?01?1?0???1??0?10?101????10?101??0?001?0?010?110??0?01??0?010?0?000?11?????1111?0???00???00?1?0?10??0?00???0?0000???????11?00??0?1???1???00???100?1??11?0???1?1?010001?1?1?0??11??????????10110???0??1?0??1??0??01??01??0????1?1???0???????????0?10??1?0??0111
?1?1?1011?0000?????1????001??11?01??0?0?0?1??01?0?0??100???10011??10?1?1?1?000?????10??111???1?0?1?01011?0?00?011?10??1??0?0?10?10?1????11?001???11???0??11???00111???000??1?0??01011?11010?111?1000???10?101??1???00???0010?0??10?0?11??01?00?00????1??1?00?01??1???0??00??0?1?????0?1?0??1?????001??10?1?????101110????1????11??111?10000?1???0??011?0??1?0????0?0??0?0??111?0?0?00??0?1?????1????0?0?10?010?00????10?0?1000?100?11???0????0?1???001??01??0??011??101?????101??10101??010?0??????????111100110??????00?????0100???0010001?0?????10?110??1?1???0?10??111??01?0?10?0011010?0?00???0?11?0?1?1???1???0??00011?1?00??10101?11????000?11110?1???1?00??10??1?0?1????0???????0?1??010??0?1?1?1001?0?01000??0????0?10??????11?000101?1??0?11?100????1???0??0???1?????11??1011?010?10010?10?10?1?0???110?0??11?10??11????1?0?????101?1011?10???11?0???????11???0?0?11?1???00?01??1??0001?0???1?10?010????1?11???1?1??11??1??1?1010?1??1???101?????1?1?00?0?1??1?1???????1??11000?1?1??11?01?0?0???1001001?011001??0???1????1??0???0?001??1??0??1???1???000?1????1?0???10010??1??0??0??????11010?1?0?00?00011???10????1?100???01110?0??0?1???01???111?01?0?10????1??1100?????1???1???011??1?00??1?0??000???0?1010???0??1101?10????01?00??1?10?0?1???000?00????0?00?0?????1???1?01??101??0100?0??0?1???100?1????0?1010?1?0?1?0??????11??1?10??0?1?1111?01?110?1?101??11?1????1?0??0100010000?11???????1?????0?10???1??????100???00?00?010?????1???10?11?????0?110001???1?1??01?1??0??1?000?0?101???1?11??10?0?0????1??00?1?0?????00??1?00???0?0?00???0?0011??0?100?0?????0??0?1?11?1?0?00??00?0?01?11?000??0111000?1?1???1000?1?01?????1?10??1???101??1??110???01?1??101000000??11????10?1???11??1010?0????0???01?0??0?1???1?000??????00????1?1??1100??10?????001???0?1?1?1?1?01???0???1001????0?100??1?0?10110??11?00?0????1?001?0?00?????1??0???10?????01???00?????0?1010????1111??00011?010?01?0???????0??1?111???101?1?0????00??01?0000??001?100?????0?1111?011??????110?0?????0??1???1???1111?0???10??10??11?0?01?0100?0???1????10?0?0?????1??110?0??01?1??0?0???01??????1100?????110??1?00??11?0?000100?11?0101?10?00????0?00?0?????1?1?01?1000?0101???010000?01??0??0??0?0???10?1??????1???1??1000?1??01??0100??1???1??00??0??101?0????0???????10110??11?0??0?00?101111?0101????011???1???00?00100???????0110???10???1??1?1?1??10???001110?0??0?1??1??010??10110???11??01?1?01?00001?10000?0110??1101???1111???0?0???10?110??111??0101?011????000?01?01??1??101????0??0?100???101??0?10?0?1?0?1?0???101??0101?1??101??10000?00?0111?0111??0?11??1?1????0??0?0?111??01?01?1?0??11010???0???1??111??00???01?0?0?1?010?1??111?110??111???110?10??0?0??0011??000?0?1?0?10?00?00?0?0?01????110110???????0100000?0?11100110001??1???00?00000110?01???????1???00?10?1??1??0?110???01??1???010?10101????1??0???0?0??????10??000?0?1?1?0???0???010?10?10010?10?1?1?1?00????110110?0??011?0??110?0?110?1100??011???111??10?1?01?11?1?00?????00?1?00??10????101100???11???1??0?101??1?1??1?1010??0?1???????0?1??100?1000??1????1?11?10?01?1?01?010??00?????0?????10??11??000?111011?10???101??1????10001???01?00?0?101