2997
1 2
1 3
1 4
2 5
3 6
6 7
6 8
1 9
2 10
2 11
10 12
2 13
7 14
14 15
5 16
12 17
16 18
3 19
7 20
3 21
16 22
2 23
10 24
6 25
24 26
6 27
24 28
17 29
10 30
10 31
21 32
12 33
30 34
1 35
12 36
20 37
23 38
36 39
34 40
32 41
15 42
17 43
24 44
17 45
22 46
29 47
39 48
18 49
22 50
37 51
21 52
23 53
23 54
11 55
19 56
21 57
41 58
28 59
42 60
34 61
29 62
40 63
40 64
20 65
43 66
37 67
5 68
34 69
45 70
65 71
39 72
59 73
10 74
58 75
17 76
22 77
40 78
43 79
78 80
35 81
10 82
8 83
35 84
36 85
9 86
56 87
46 88
32 89
30 90
85 91
79 92
61 93
83 94
73 95
89 96
78 97
6 98
83 99
14 100
75 101
99 102
100 103
55 104
23 105
75 106
1 107
52 108
105 109
68 110
81 111
69 112
59 113
85 114
38 115
107 116
79 117
34 118
41 119
49 120
82 121
96 122
85 123
68 124
43 125
10 126
5 127
27 128
26 129
112 130
87 131
73 132
67 133
61 134
55 135
77 136
95 137
107 138
108 139
119 140
4 141
87 142
56 143
49 144
77 145
56 146
69 147
61 148
119 149
29 150
109 151
114 152
40 153
136 154
58 155
9 156
139 157
8 158
133 159
14 160
76 161
52 162
29 163
113 164
69 165
13 166
78 167
109 168
26 169
61 170
80 171
41 172
107 173
139 174
74 175
21 176
71 177
29 178
29 179
58 180
13 181
84 182
159 183
43 184
57 185
182 186
95 187
170 188
158 189
30 190
162 191
151 192
95 193
13 194
32 195
109 196
104 197
94 198
38 199
189 200
68 201
123 202
66 203
53 204
54 205
52 206
130 207
69 208
54 209
73 210
84 211
109 212
30 213
92 214
144 215
12 216
76 217
145 218
28 219
96 220
11 221
136 222
47 223
138 224
106 225
27 226
185 227
221 228
200 229
6 230
168 231
163 232
212 233
98 234
183 235
208 236
134 237
101 238
162 239
17 240
63 241
232 242
106 243
239 244
218 245
215 246
133 247
60 248
97 249
133 250
181 251
21 252
246 253
185 254
166 255
39 256
67 257
235 258
16 259
42 260
105 261
58 262
254 263
238 264
107 265
38 266
246 267
4 268
95 269
136 270
168 271
256 272
54 273
172 274
213 275
31 276
135 277
203 278
204 279
263 280
60 281
79 282
110 283
3 284
178 285
152 286
115 287
9 288
32 289
164 290
53 291
149 292
110 293
284 294
222 295
92 296
153 297
173 298
200 299
14 300
106 301
49 302
52 303
200 304
88 305
71 306
9 307
296 308
233 309
88 310
119 311
47 312
262 313
68 314
158 315
122 316
63 317
213 318
159 319
232 320
258 321
303 322
181 323
311 324
174 325
313 326
164 327
210 328
144 329
47 330
148 331
42 332
76 333
85 334
92 335
215 336
31 337
285 338
286 339
105 340
228 341
80 342
199 343
293 344
69 345
333 346
61 347
315 348
37 349
219 350
284 351
218 352
198 353
340 354
242 355
188 356
228 357
335 358
351 359
319 360
199 361
305 362
188 363
49 364
184 365
15 366
158 367
41 368
20 369
265 370
92 371
237 372
125 373
333 374
42 375
114 376
38 377
274 378
158 379
7 380
17 381
350 382
6 383
186 384
347 385
363 386
310 387
300 388
34 389
17 390
220 391
293 392
197 393
318 394
43 395
25 396
273 397
3 398
11 399
127 400
319 401
178 402
381 403
84 404
255 405
263 406
89 407
213 408
163 409
190 410
63 411
173 412
66 413
288 414
85 415
336 416
328 417
263 418
310 419
309 420
42 421
26 422
197 423
391 424
298 425
333 426
255 427
72 428
370 429
116 430
211 431
25 432
47 433
379 434
50 435
211 436
285 437
218 438
61 439
408 440
184 441
76 442
389 443
2 444
337 445
420 446
439 447
48 448
323 449
51 450
71 451
363 452
187 453
395 454
389 455
20 456
441 457
213 458
19 459
289 460
217 461
10 462
204 463
425 464
75 465
103 466
47 467
71 468
244 469
306 470
193 471
51 472
244 473
281 474
460 475
171 476
140 477
377 478
287 479
297 480
479 481
480 482
295 483
194 484
148 485
202 486
74 487
47 488
348 489
201 490
304 491
39 492
328 493
376 494
375 495
362 496
474 497
374 498
420 499
161 500
46 501
481 502
404 503
212 504
460 505
210 506
153 507
171 508
6 509
240 510
492 511
105 512
506 513
96 514
213 515
104 516
147 517
146 518
10 519
79 520
444 521
11 522
502 523
448 524
403 525
222 526
37 527
293 528
262 529
32 530
200 531
362 532
282 533
365 534
267 535
310 536
39 537
418 538
422 539
380 540
223 541
489 542
183 543
52 544
154 545
453 546
513 547
544 548
374 549
44 550
35 551
27 552
453 553
529 554
48 555
389 556
424 557
333 558
325 559
213 560
337 561
483 562
245 563
281 564
44 565
82 566
199 567
317 568
197 569
219 570
139 571
231 572
570 573
519 574
159 575
101 576
63 577
419 578
325 579
479 580
44 581
219 582
425 583
25 584
402 585
135 586
392 587
359 588
69 589
358 590
494 591
397 592
531 593
67 594
140 595
419 596
418 597
580 598
451 599
439 600
464 601
60 602
500 603
363 604
505 605
397 606
325 607
24 608
359 609
297 610
73 611
603 612
90 613
235 614
462 615
488 616
327 617
545 618
229 619
415 620
385 621
311 622
606 623
509 624
207 625
140 626
333 627
257 628
350 629
493 630
609 631
333 632
79 633
633 634
108 635
408 636
366 637
245 638
439 639
388 640
611 641
68 642
619 643
213 644
6 645
94 646
109 647
7 648
46 649
554 650
58 651
299 652
474 653
71 654
106 655
97 656
454 657
535 658
280 659
14 660
400 661
459 662
272 663
179 664
299 665
438 666
162 667
69 668
361 669
303 670
456 671
532 672
580 673
261 674
598 675
287 676
199 677
14 678
650 679
545 680
39 681
90 682
335 683
226 684
447 685
446 686
394 687
521 688
3 689
264 690
296 691
549 692
518 693
466 694
68 695
84 696
154 697
568 698
211 699
629 700
645 701
491 702
366 703
76 704
351 705
607 706
136 707
83 708
134 709
504 710
163 711
653 712
47 713
72 714
471 715
645 716
131 717
62 718
21 719
160 720
31 721
460 722
158 723
653 724
133 725
401 726
712 727
466 728
50 729
349 730
327 731
172 732
190 733
438 734
468 735
174 736
720 737
662 738
554 739
452 740
131 741
582 742
382 743
695 744
50 745
579 746
446 747
113 748
394 749
324 750
703 751
493 752
125 753
430 754
245 755
221 756
135 757
227 758
377 759
450 760
339 761
671 762
239 763
462 764
14 765
688 766
645 767
144 768
130 769
588 770
318 771
117 772
594 773
708 774
194 775
354 776
274 777
274 778
567 779
760 780
77 781
383 782
373 783
425 784
415 785
228 786
315 787
197 788
548 789
520 790
789 791
563 792
121 793
330 794
232 795
535 796
467 797
661 798
183 799
272 800
121 801
33 802
739 803
7 804
441 805
155 806
552 807
453 808
19 809
663 810
7 811
208 812
514 813
84 814
20 815
28 816
666 817
584 818
431 819
125 820
773 821
430 822
89 823
580 824
136 825
29 826
424 827
714 828
561 829
581 830
711 831
326 832
43 833
399 834
449 835
326 836
745 837
11 838
224 839
323 840
796 841
410 842
752 843
755 844
632 845
265 846
171 847
393 848
279 849
32 850
793 851
795 852
294 853
152 854
155 855
665 856
726 857
269 858
473 859
154 860
466 861
143 862
509 863
210 864
575 865
262 866
156 867
2 868
120 869
228 870
40 871
350 872
702 873
168 874
744 875
119 876
742 877
735 878
506 879
206 880
24 881
806 882
532 883
399 884
243 885
378 886
650 887
476 888
701 889
213 890
531 891
424 892
864 893
873 894
489 895
300 896
788 897
192 898
217 899
537 900
281 901
235 902
634 903
736 904
135 905
770 906
677 907
370 908
298 909
308 910
181 911
718 912
642 913
93 914
525 915
243 916
557 917
118 918
719 919
294 920
753 921
886 922
673 923
217 924
55 925
371 926
892 927
145 928
600 929
397 930
480 931
479 932
43 933
503 934
505 935
877 936
912 937
119 938
548 939
840 940
121 941
671 942
185 943
556 944
101 945
531 946
22 947
283 948
372 949
773 950
707 951
622 952
787 953
220 954
79 955
505 956
12 957
702 958
176 959
820 960
274 961
220 962
242 963
474 964
356 965
640 966
823 967
727 968
733 969
7 970
929 971
657 972
894 973
514 974
322 975
504 976
318 977
447 978
74 979
927 980
946 981
906 982
571 983
273 984
752 985
940 986
660 987
810 988
961 989
46 990
790 991
219 992
477 993
201 994
169 995
717 996
464 997
861 998
947 999
907 1000
1 1001
413 1002
556 1003
658 1004
782 1005
326 1006
22 1007
893 1008
213 1009
66 1010
663 1011
888 1012
114 1013
237 1014
804 1015
272 1016
615 1017
693 1018
257 1019
875 1020
353 1021
931 1022
698 1023
756 1024
720 1025
154 1026
487 1027
104 1028
403 1029
534 1030
408 1031
397 1032
337 1033
739 1034
807 1035
245 1036
298 1037
611 1038
165 1039
400 1040
968 1041
773 1042
952 1043
859 1044
538 1045
568 1046
151 1047
161 1048
954 1049
208 1050
757 1051
942 1052
725 1053
539 1054
765 1055
8 1056
592 1057
590 1058
284 1059
398 1060
958 1061
955 1062
674 1063
471 1064
910 1065
1000 1066
680 1067
803 1068
487 1069
755 1070
666 1071
465 1072
937 1073
284 1074
901 1075
795 1076
309 1077
80 1078
871 1079
822 1080
936 1081
590 1082
847 1083
527 1084
961 1085
334 1086
723 1087
132 1088
852 1089
999 1090
328 1091
1064 1092
432 1093
29 1094
536 1095
563 1096
176 1097
657 1098
530 1099
418 1100
730 1101
1058 1102
683 1103
931 1104
219 1105
398 1106
974 1107
372 1108
379 1109
742 1110
477 1111
171 1112
823 1113
819 1114
170 1115
474 1116
556 1117
498 1118
39 1119
158 1120
768 1121
1032 1122
641 1123
455 1124
318 1125
170 1126
1121 1127
407 1128
802 1129
796 1130
1032 1131
796 1132
405 1133
477 1134
133 1135
974 1136
653 1137
857 1138
905 1139
291 1140
759 1141
1099 1142
531 1143
1046 1144
652 1145
257 1146
1125 1147
304 1148
172 1149
894 1150
749 1151
1010 1152
552 1153
1108 1154
1094 1155
628 1156
776 1157
440 1158
244 1159
2 1160
348 1161
398 1162
841 1163
443 1164
681 1165
320 1166
91 1167
295 1168
633 1169
1020 1170
620 1171
99 1172
1126 1173
811 1174
918 1175
355 1176
816 1177
1003 1178
662 1179
905 1180
583 1181
367 1182
127 1183
853 1184
822 1185
114 1186
261 1187
893 1188
328 1189
1078 1190
212 1191
1050 1192
207 1193
453 1194
356 1195
1094 1196
442 1197
484 1198
738 1199
875 1200
168 1201
68 1202
166 1203
80 1204
993 1205
1197 1206
460 1207
14 1208
928 1209
1124 1210
865 1211
115 1212
740 1213
397 1214
1147 1215
658 1216
567 1217
1060 1218
11 1219
207 1220
588 1221
978 1222
454 1223
470 1224
884 1225
232 1226
702 1227
894 1228
371 1229
665 1230
1041 1231
182 1232
613 1233
561 1234
488 1235
92 1236
847 1237
984 1238
252 1239
576 1240
1057 1241
813 1242
333 1243
277 1244
239 1245
809 1246
769 1247
627 1248
889 1249
87 1250
899 1251
330 1252
410 1253
1023 1254
727 1255
953 1256
1172 1257
659 1258
423 1259
575 1260
216 1261
476 1262
246 1263
446 1264
704 1265
968 1266
78 1267
489 1268
480 1269
1252 1270
1229 1271
1036 1272
183 1273
187 1274
137 1275
608 1276
149 1277
77 1278
1233 1279
655 1280
919 1281
955 1282
1172 1283
1240 1284
276 1285
137 1286
500 1287
882 1288
1285 1289
452 1290
1052 1291
70 1292
1232 1293
773 1294
1241 1295
477 1296
202 1297
776 1298
146 1299
388 1300
1245 1301
999 1302
626 1303
155 1304
560 1305
714 1306
1268 1307
215 1308
52 1309
499 1310
1174 1311
611 1312
910 1313
757 1314
796 1315
1202 1316
211 1317
429 1318
47 1319
913 1320
284 1321
51 1322
785 1323
436 1324
698 1325
601 1326
1264 1327
406 1328
223 1329
174 1330
1129 1331
1225 1332
1059 1333
1083 1334
994 1335
564 1336
1317 1337
1080 1338
1050 1339
1332 1340
110 1341
1196 1342
668 1343
135 1344
1065 1345
964 1346
1119 1347
1333 1348
1100 1349
637 1350
1018 1351
98 1352
179 1353
761 1354
532 1355
785 1356
788 1357
968 1358
700 1359
635 1360
687 1361
676 1362
1262 1363
1129 1364
1283 1365
121 1366
999 1367
511 1368
1272 1369
786 1370
1152 1371
765 1372
808 1373
881 1374
1261 1375
264 1376
171 1377
684 1378
825 1379
553 1380
939 1381
234 1382
200 1383
742 1384
1244 1385
727 1386
613 1387
967 1388
1229 1389
291 1390
1253 1391
482 1392
487 1393
870 1394
496 1395
760 1396
300 1397
1178 1398
1115 1399
1227 1400
223 1401
1006 1402
535 1403
100 1404
1158 1405
979 1406
84 1407
599 1408
547 1409
388 1410
187 1411
371 1412
1051 1413
820 1414
726 1415
246 1416
845 1417
1387 1418
481 1419
1280 1420
766 1421
230 1422
995 1423
951 1424
1129 1425
685 1426
504 1427
360 1428
863 1429
66 1430
730 1431
704 1432
1426 1433
1087 1434
266 1435
194 1436
615 1437
483 1438
746 1439
496 1440
942 1441
986 1442
194 1443
1211 1444
1404 1445
21 1446
1111 1447
32 1448
990 1449
716 1450
43 1451
265 1452
152 1453
1169 1454
743 1455
310 1456
998 1457
102 1458
702 1459
1083 1460
961 1461
788 1462
1333 1463
1305 1464
241 1465
1425 1466
1182 1467
1098 1468
314 1469
659 1470
368 1471
1264 1472
1162 1473
473 1474
785 1475
837 1476
943 1477
74 1478
35 1479
600 1480
770 1481
749 1482
131 1483
180 1484
537 1485
712 1486
77 1487
601 1488
1278 1489
1431 1490
122 1491
1118 1492
196 1493
857 1494
56 1495
945 1496
422 1497
426 1498
604 1499
368 1500
35 1501
450 1502
492 1503
212 1504
157 1505
474 1506
652 1507
608 1508
1243 1509
551 1510
1140 1511
1259 1512
481 1513
471 1514
898 1515
1395 1516
553 1517
49 1518
868 1519
222 1520
1491 1521
331 1522
976 1523
1440 1524
396 1525
151 1526
265 1527
1144 1528
97 1529
141 1530
323 1531
60 1532
875 1533
766 1534
987 1535
1458 1536
1491 1537
1068 1538
128 1539
137 1540
1127 1541
1407 1542
162 1543
721 1544
336 1545
12 1546
678 1547
231 1548
361 1549
1101 1550
1181 1551
462 1552
1247 1553
649 1554
271 1555
12 1556
1417 1557
1128 1558
1243 1559
159 1560
45 1561
1252 1562
370 1563
1140 1564
3 1565
243 1566
1504 1567
973 1568
91 1569
89 1570
369 1571
174 1572
781 1573
1319 1574
858 1575
1439 1576
1074 1577
1495 1578
1462 1579
1151 1580
831 1581
1198 1582
1247 1583
1002 1584
868 1585
394 1586
136 1587
1379 1588
158 1589
489 1590
1198 1591
962 1592
393 1593
168 1594
498 1595
578 1596
760 1597
1382 1598
327 1599
292 1600
602 1601
1031 1602
47 1603
1068 1604
1577 1605
272 1606
1094 1607
1379 1608
871 1609
1060 1610
588 1611
1041 1612
185 1613
1239 1614
1331 1615
1050 1616
417 1617
1356 1618
572 1619
1179 1620
35 1621
1585 1622
873 1623
631 1624
285 1625
817 1626
1524 1627
518 1628
489 1629
1520 1630
839 1631
1444 1632
522 1633
1559 1634
252 1635
1461 1636
1243 1637
438 1638
976 1639
727 1640
192 1641
956 1642
1441 1643
29 1644
908 1645
1478 1646
387 1647
16 1648
1083 1649
1470 1650
4 1651
756 1652
242 1653
1016 1654
1031 1655
726 1656
589 1657
750 1658
1018 1659
381 1660
834 1661
882 1662
1312 1663
961 1664
623 1665
1617 1666
1354 1667
1215 1668
623 1669
1210 1670
330 1671
547 1672
99 1673
1411 1674
781 1675
779 1676
1158 1677
399 1678
492 1679
1452 1680
895 1681
942 1682
230 1683
1509 1684
1029 1685
550 1686
329 1687
615 1688
650 1689
1328 1690
35 1691
333 1692
1592 1693
395 1694
1189 1695
1166 1696
1134 1697
967 1698
931 1699
1675 1700
44 1701
820 1702
1223 1703
1499 1704
1023 1705
535 1706
1200 1707
820 1708
1440 1709
1001 1710
1492 1711
576 1712
444 1713
611 1714
591 1715
1275 1716
520 1717
1089 1718
723 1719
257 1720
1257 1721
44 1722
571 1723
445 1724
163 1725
1079 1726
184 1727
1548 1728
1272 1729
133 1730
1426 1731
742 1732
488 1733
1232 1734
266 1735
1579 1736
1510 1737
471 1738
1331 1739
1339 1740
1078 1741
680 1742
1591 1743
781 1744
719 1745
1688 1746
1107 1747
1471 1748
1173 1749
649 1750
1300 1751
1234 1752
424 1753
825 1754
1439 1755
610 1756
649 1757
1331 1758
1363 1759
26 1760
764 1761
1110 1762
57 1763
1320 1764
953 1765
203 1766
1439 1767
229 1768
1085 1769
720 1770
67 1771
1556 1772
370 1773
173 1774
1568 1775
620 1776
781 1777
1350 1778
567 1779
135 1780
1523 1781
1552 1782
424 1783
441 1784
1373 1785
1396 1786
1309 1787
487 1788
849 1789
99 1790
556 1791
308 1792
545 1793
980 1794
646 1795
409 1796
328 1797
1589 1798
1632 1799
81 1800
809 1801
987 1802
1152 1803
1693 1804
1376 1805
1245 1806
1224 1807
820 1808
1425 1809
140 1810
657 1811
620 1812
1179 1813
842 1814
1805 1815
1264 1816
1225 1817
43 1818
476 1819
1287 1820
608 1821
1206 1822
616 1823
1305 1824
1540 1825
1820 1826
1795 1827
1159 1828
1564 1829
1466 1830
985 1831
1337 1832
580 1833
489 1834
999 1835
1418 1836
1679 1837
453 1838
1536 1839
1510 1840
1642 1841
430 1842
1141 1843
1203 1844
1255 1845
1110 1846
185 1847
607 1848
1813 1849
358 1850
142 1851
1499 1852
653 1853
137 1854
734 1855
420 1856
1512 1857
1836 1858
1245 1859
290 1860
1753 1861
865 1862
972 1863
683 1864
1239 1865
1765 1866
388 1867
1578 1868
556 1869
44 1870
73 1871
80 1872
677 1873
1190 1874
1701 1875
427 1876
1135 1877
311 1878
1541 1879
537 1880
606 1881
85 1882
421 1883
571 1884
1136 1885
966 1886
1294 1887
124 1888
299 1889
1218 1890
831 1891
1218 1892
1862 1893
928 1894
1208 1895
745 1896
795 1897
1552 1898
609 1899
75 1900
1525 1901
415 1902
1225 1903
1827 1904
391 1905
343 1906
1556 1907
942 1908
1292 1909
877 1910
1569 1911
712 1912
449 1913
909 1914
1125 1915
856 1916
1611 1917
129 1918
75 1919
447 1920
843 1921
1301 1922
1719 1923
130 1924
736 1925
1427 1926
1642 1927
1188 1928
1678 1929
1070 1930
1167 1931
8 1932
104 1933
841 1934
737 1935
1523 1936
452 1937
1046 1938
1248 1939
796 1940
88 1941
1310 1942
357 1943
393 1944
954 1945
738 1946
1828 1947
1028 1948
1771 1949
160 1950
1637 1951
1793 1952
519 1953
645 1954
1595 1955
1871 1956
613 1957
742 1958
392 1959
352 1960
930 1961
614 1962
956 1963
745 1964
1488 1965
1585 1966
1256 1967
1730 1968
978 1969
438 1970
1557 1971
291 1972
202 1973
1353 1974
1258 1975
1192 1976
191 1977
652 1978
1263 1979
1793 1980
1825 1981
1143 1982
550 1983
1819 1984
1586 1985
290 1986
1389 1987
936 1988
1969 1989
957 1990
959 1991
1199 1992
121 1993
667 1994
715 1995
642 1996
1014 1997
1814 1998
1097 1999
1033 2000
1569 2001
1553 2002
1918 2003
1922 2004
87 2005
842 2006
214 2007
100 2008
992 2009
1949 2010
1442 2011
1976 2012
1160 2013
1672 2014
682 2015
1215 2016
1594 2017
152 2018
104 2019
1412 2020
1250 2021
1203 2022
1666 2023
1730 2024
1231 2025
529 2026
1033 2027
1074 2028
1880 2029
392 2030
352 2031
1043 2032
416 2033
1315 2034
1718 2035
2015 2036
272 2037
190 2038
404 2039
1287 2040
1088 2041
1865 2042
614 2043
223 2044
1554 2045
125 2046
1504 2047
66 2048
163 2049
1641 2050
406 2051
1375 2052
258 2053
1361 2054
855 2055
599 2056
54 2057
625 2058
1186 2059
1479 2060
389 2061
1872 2062
785 2063
753 2064
733 2065
1792 2066
737 2067
316 2068
381 2069
869 2070
788 2071
749 2072
1793 2073
158 2074
861 2075
1792 2076
2010 2077
790 2078
397 2079
291 2080
83 2081
175 2082
166 2083
165 2084
1707 2085
185 2086
44 2087
445 2088
820 2089
1435 2090
438 2091
335 2092
1741 2093
603 2094
299 2095
1129 2096
1524 2097
1192 2098
251 2099
1542 2100
250 2101
568 2102
1981 2103
965 2104
1248 2105
1555 2106
1251 2107
446 2108
1906 2109
1507 2110
93 2111
416 2112
1618 2113
1046 2114
1594 2115
1002 2116
430 2117
2047 2118
1851 2119
1066 2120
1589 2121
620 2122
346 2123
2006 2124
1143 2125
505 2126
505 2127
103 2128
170 2129
1437 2130
630 2131
1126 2132
416 2133
686 2134
594 2135
296 2136
1656 2137
2059 2138
1718 2139
1263 2140
1944 2141
709 2142
707 2143
1902 2144
1097 2145
1110 2146
1083 2147
557 2148
1504 2149
1558 2150
347 2151
791 2152
655 2153
899 2154
388 2155
1829 2156
1638 2157
244 2158
526 2159
942 2160
2143 2161
1376 2162
896 2163
600 2164
1205 2165
359 2166
948 2167
422 2168
2152 2169
1559 2170
1814 2171
546 2172
853 2173
1044 2174
102 2175
181 2176
790 2177
1080 2178
723 2179
1363 2180
1120 2181
1813 2182
2013 2183
1103 2184
955 2185
538 2186
2173 2187
229 2188
1864 2189
220 2190
1114 2191
555 2192
469 2193
1842 2194
1219 2195
1325 2196
112 2197
1730 2198
2143 2199
1471 2200
2008 2201
1539 2202
2156 2203
1331 2204
235 2205
734 2206
1629 2207
1281 2208
1066 2209
1398 2210
75 2211
1174 2212
2085 2213
987 2214
841 2215
1148 2216
561 2217
1215 2218
924 2219
1429 2220
94 2221
638 2222
1269 2223
1780 2224
420 2225
2076 2226
498 2227
1858 2228
943 2229
2175 2230
1533 2231
347 2232
1097 2233
1593 2234
1834 2235
1456 2236
2105 2237
566 2238
948 2239
2041 2240
813 2241
1356 2242
999 2243
2104 2244
322 2245
1566 2246
429 2247
245 2248
1429 2249
90 2250
2233 2251
1961 2252
1286 2253
1090 2254
757 2255
912 2256
1115 2257
1248 2258
745 2259
1938 2260
56 2261
1571 2262
2035 2263
2062 2264
1930 2265
162 2266
1281 2267
816 2268
1815 2269
1718 2270
895 2271
887 2272
1971 2273
1947 2274
294 2275
1488 2276
2260 2277
1259 2278
1229 2279
1557 2280
1464 2281
1743 2282
1018 2283
889 2284
449 2285
2258 2286
2168 2287
1556 2288
970 2289
632 2290
1190 2291
1253 2292
785 2293
1542 2294
2179 2295
92 2296
2229 2297
1514 2298
1378 2299
1720 2300
840 2301
492 2302
1713 2303
955 2304
823 2305
253 2306
46 2307
766 2308
541 2309
1753 2310
1648 2311
1628 2312
1574 2313
2157 2314
1551 2315
1087 2316
1397 2317
1082 2318
932 2319
1037 2320
1636 2321
2226 2322
1595 2323
2221 2324
1157 2325
2285 2326
1307 2327
755 2328
1361 2329
717 2330
1530 2331
1077 2332
831 2333
1429 2334
577 2335
1892 2336
2038 2337
589 2338
1988 2339
1161 2340
2141 2341
926 2342
2186 2343
416 2344
433 2345
732 2346
2334 2347
28 2348
809 2349
2014 2350
989 2351
1001 2352
1692 2353
186 2354
218 2355
334 2356
1463 2357
542 2358
744 2359
1909 2360
2284 2361
2265 2362
1643 2363
1231 2364
1859 2365
2314 2366
852 2367
691 2368
44 2369
2246 2370
2158 2371
461 2372
1940 2373
431 2374
1140 2375
1891 2376
2358 2377
542 2378
824 2379
724 2380
1084 2381
195 2382
362 2383
2193 2384
1986 2385
972 2386
860 2387
1601 2388
420 2389
1167 2390
1087 2391
42 2392
1415 2393
715 2394
1123 2395
1330 2396
30 2397
291 2398
1376 2399
1009 2400
1228 2401
1698 2402
1742 2403
2164 2404
925 2405
176 2406
508 2407
1039 2408
2336 2409
1200 2410
1458 2411
1698 2412
851 2413
270 2414
417 2415
654 2416
1679 2417
1324 2418
1986 2419
245 2420
1150 2421
1928 2422
345 2423
406 2424
348 2425
534 2426
1893 2427
131 2428
223 2429
351 2430
2407 2431
1012 2432
1961 2433
2292 2434
2304 2435
497 2436
553 2437
825 2438
1896 2439
613 2440
1264 2441
1811 2442
774 2443
1884 2444
2309 2445
1416 2446
2173 2447
2381 2448
655 2449
765 2450
1056 2451
898 2452
2018 2453
1730 2454
1861 2455
583 2456
2218 2457
505 2458
1217 2459
1649 2460
2089 2461
951 2462
1863 2463
954 2464
420 2465
2293 2466
76 2467
1500 2468
58 2469
266 2470
2447 2471
58 2472
1419 2473
467 2474
2287 2475
1010 2476
1049 2477
1903 2478
764 2479
1592 2480
1300 2481
460 2482
1776 2483
1077 2484
567 2485
145 2486
1316 2487
2463 2488
2030 2489
2233 2490
2428 2491
1809 2492
1552 2493
159 2494
5 2495
224 2496
1601 2497
2351 2498
1917 2499
2292 2500
929 2501
2178 2502
743 2503
380 2504
1058 2505
2068 2506
1967 2507
1975 2508
947 2509
863 2510
363 2511
1370 2512
215 2513
1645 2514
2439 2515
626 2516
2252 2517
2470 2518
1911 2519
806 2520
2099 2521
649 2522
495 2523
751 2524
1088 2525
1269 2526
2236 2527
452 2528
1499 2529
2529 2530
2306 2531
1330 2532
422 2533
862 2534
1242 2535
1045 2536
1106 2537
151 2538
1228 2539
359 2540
1995 2541
257 2542
1493 2543
2499 2544
729 2545
967 2546
361 2547
2422 2548
1616 2549
205 2550
383 2551
1160 2552
16 2553
483 2554
1662 2555
43 2556
2290 2557
784 2558
930 2559
1320 2560
2558 2561
2288 2562
1437 2563
511 2564
1373 2565
1559 2566
2305 2567
155 2568
1400 2569
558 2570
1716 2571
2332 2572
240 2573
925 2574
1556 2575
1133 2576
1765 2577
2119 2578
201 2579
938 2580
70 2581
1343 2582
1720 2583
1972 2584
77 2585
2457 2586
56 2587
25 2588
416 2589
463 2590
1297 2591
1455 2592
1034 2593
590 2594
584 2595
993 2596
1087 2597
2098 2598
196 2599
2112 2600
2504 2601
635 2602
396 2603
1358 2604
438 2605
2367 2606
16 2607
1640 2608
543 2609
776 2610
516 2611
471 2612
2418 2613
1918 2614
1031 2615
2123 2616
1565 2617
2165 2618
952 2619
519 2620
995 2621
395 2622
441 2623
1071 2624
1537 2625
476 2626
1665 2627
2615 2628
656 2629
2022 2630
1785 2631
2269 2632
2303 2633
1686 2634
1829 2635
1597 2636
238 2637
496 2638
443 2639
1242 2640
1585 2641
1363 2642
393 2643
1610 2644
568 2645
1526 2646
1439 2647
876 2648
1663 2649
280 2650
2507 2651
3 2652
374 2653
1846 2654
242 2655
757 2656
2039 2657
1847 2658
65 2659
770 2660
1122 2661
2482 2662
2593 2663
1477 2664
798 2665
1150 2666
383 2667
2291 2668
684 2669
777 2670
1104 2671
830 2672
792 2673
799 2674
1810 2675
657 2676
2257 2677
440 2678
1443 2679
251 2680
179 2681
2344 2682
2605 2683
1940 2684
1557 2685
1410 2686
1697 2687
656 2688
1730 2689
881 2690
675 2691
394 2692
2675 2693
1537 2694
787 2695
1477 2696
1470 2697
726 2698
2382 2699
1479 2700
545 2701
2608 2702
1654 2703
2211 2704
2121 2705
589 2706
639 2707
2676 2708
32 2709
831 2710
888 2711
914 2712
1488 2713
100 2714
498 2715
1981 2716
910 2717
1257 2718
767 2719
1293 2720
2577 2721
2128 2722
365 2723
1180 2724
1886 2725
1160 2726
2412 2727
829 2728
2312 2729
793 2730
2150 2731
1147 2732
1182 2733
2522 2734
1743 2735
146 2736
958 2737
2564 2738
1952 2739
282 2740
2444 2741
1499 2742
1158 2743
66 2744
997 2745
1646 2746
2203 2747
1449 2748
566 2749
1153 2750
14 2751
2036 2752
965 2753
1191 2754
1127 2755
225 2756
1571 2757
2127 2758
1256 2759
213 2760
1571 2761
597 2762
1444 2763
783 2764
2520 2765
2313 2766
480 2767
1314 2768
1345 2769
2665 2770
2758 2771
1645 2772
396 2773
138 2774
1463 2775
2566 2776
768 2777
367 2778
2764 2779
1998 2780
603 2781
980 2782
908 2783
920 2784
1694 2785
638 2786
115 2787
698 2788
2546 2789
1097 2790
2468 2791
252 2792
26 2793
678 2794
85 2795
837 2796
2144 2797
1616 2798
1987 2799
365 2800
2403 2801
2170 2802
2297 2803
595 2804
1756 2805
760 2806
693 2807
1309 2808
1406 2809
1160 2810
2102 2811
718 2812
1300 2813
2504 2814
53 2815
74 2816
1919 2817
1631 2818
423 2819
2210 2820
319 2821
2645 2822
470 2823
2006 2824
676 2825
2247 2826
289 2827
2453 2828
2508 2829
1409 2830
2312 2831
2570 2832
1335 2833
2509 2834
2241 2835
2245 2836
2175 2837
2202 2838
1785 2839
2661 2840
2583 2841
1993 2842
746 2843
130 2844
284 2845
673 2846
362 2847
1928 2848
32 2849
1179 2850
1513 2851
2702 2852
524 2853
922 2854
2738 2855
1011 2856
1092 2857
2853 2858
2074 2859
2220 2860
1201 2861
1007 2862
118 2863
1874 2864
2424 2865
1199 2866
2148 2867
470 2868
247 2869
2153 2870
2050 2871
597 2872
68 2873
2600 2874
788 2875
1933 2876
2824 2877
1862 2878
1530 2879
2432 2880
616 2881
1006 2882
2725 2883
1092 2884
1304 2885
1174 2886
1999 2887
2839 2888
2239 2889
953 2890
2035 2891
889 2892
641 2893
1758 2894
2470 2895
1887 2896
1377 2897
367 2898
995 2899
481 2900
587 2901
1798 2902
2048 2903
224 2904
1103 2905
2061 2906
2122 2907
2125 2908
919 2909
745 2910
100 2911
1440 2912
1636 2913
801 2914
877 2915
1884 2916
2628 2917
2319 2918
2343 2919
2785 2920
2737 2921
2497 2922
253 2923
2021 2924
748 2925
1867 2926
2294 2927
2193 2928
48 2929
2526 2930
1760 2931
1988 2932
1270 2933
2372 2934
1962 2935
952 2936
99 2937
71 2938
41 2939
2582 2940
649 2941
2491 2942
1773 2943
1470 2944
2351 2945
1445 2946
1118 2947
252 2948
549 2949
1467 2950
93 2951
2738 2952
2633 2953
1419 2954
76 2955
1936 2956
2149 2957
2061 2958
1574 2959
859 2960
2912 2961
450 2962
2683 2963
504 2964
2806 2965
666 2966
1084 2967
103 2968
1930 2969
1605 2970
2632 2971
1706 2972
499 2973
1712 2974
1701 2975
1414 2976
793 2977
1376 2978
2022 2979
2490 2980
2550 2981
2787 2982
1615 2983
2325 2984
2864 2985
1822 2986
112 2987
2518 2988
2067 2989
1015 2990
2423 2991
892 2992
368 2993
527 2994
382 2995
2559 2996
527 2997
10?1101?01??1??1???0????01?1110?????0??1?10????????11?1001???0?1?0?1?11?0?1?11?001?????0010?11?10???1?0?1?01110?1010?111??001??00??0??010??0?10100?101?1?01?0?0??1?0??1110??1?11?00?111???11?10111?0?????0??10?0?????0?110???11??0?01111?1?11?1??0??10??1011?01??011??10???0?1????1?0????1?1?11?11?0?0??1?0???0?1???1?0?11000?0?1??0??00011?100??0??0000?11100101100?10??0010?0?1?110???????????1?1?0?0??01111???????001????0?0?0????1?00???11???0??00?01?01000??111?0??1010??11???1100?11????0?1??0????1?1?01100?0101??11?00?10?11?000?00??10??0100??1???11?0010?010?10?0?0?1?101?1?????1?011??0000?0??1?10?11?1??????0?11?0101???1?0???0?1??001?1?01000001??101??11????1????10??1?01???11010?0?????0?0??1?????1?????1?????0?1?00?1?01????????1?0111??0?0?0??0?001?0??0?0?10??010?0?1?110??????1??1?1?????011?1101101???0?0?001???11???0????10??0?00??????101?1????11?1?1????????0??00??110?0??00??1111011100?1??1???0?0???1??0??11?00????00??1??0110?1?1?1??10???1??00?001??1???10?0?1?0????0?00?0100111??11??01?10?01?1??????011?10?0?01???1?1010?0??0?00?1001????0?0?11?0??000??0??010?0000?????00?11011??0??100?1??00??1?00???100??0????100001101100?1?????0??00??0?11?0001?11?????1??1???0????101???1?00?00000?1?10?0?0?0?101100?????0?1?0001?0??000?010??0?1?11????01??111?10?1??11???1??1??0??0???0?1101111?11?1???0111010???????1010????0?01?0???01?101?1?0?0?100?11????1?11??000?0??1?000?0??10?11?0??0001?0000?1????0?111110???01?00?0?010??010?0???000??1?0???1?1?0?1??0???0101?11??01?0????11?0???1???1?1??1?001?0?100001???1??????0?1?10?????1????000??????0?101011?0?0??1?10??11??011?01????00??0?????0??010?10010????01???0???0?111?0???1??01??0?11???0?0?110??1?0?0?1?10?1????0010011??1????0???10??0??11??0?110??0??????1???1???0??0??00010???1010???1011?0?1??001101?11?1101??0???110???1100?0?0??01???0?1???001??1???01??001?000??100??110?0?00010?1?????10??0?1011?1110?11??110???1?1????0??010???0?0?11?010100?00?0?011?01????1?01?00??1?1??????0?0?1??1?110?1?1??1??1???00?000001???00?1???011?10?100?0??010???????0100?0?0?0111???11??10?1?001?011?????0??0?1?01????1?00?01??11?10?1?10?10011???1??10??10?00?10000?10???0??001??10111?0?11??0???0????0???0??0?1????????01?0?00??11001?????110100??0?0??10?00?0111?10?????1?1101?1?1????0?1???????00?10?0??1???????0??0??10??10?11001??0??101011110001?0??00100??0??0?10??010??????01?????11???0?10?10?11???00?0?1?0??1???1??1?1??0??0?010??010?00??11???0??1????00??01??101?0?1?1????0?0??001110?0100?111???0?111?10?00?0??1???1?00?0?0?01????1????0?1??????10?????1110??0000?1?1?0????1?10?01??1??1??0???0??0?0?0?01?111????11111?01???00?01?0??10?1?0??11????11?0?????0??0?1?010??01?0??0?1??10??01?????1001010?0101??1??0?1???0?1010?11???1001??1??1?0010????00?1???00?0??0?0111?0?1101??0011????1??110?0???1????10????1?0?1??1?1?1?01?0??00??11?00111???????0??0?1?0?0??0??1??1????001101???1011??00?00?011?11???00?0100??00010?0????1?????1??10?0??1?00?1??0??0????00??0??0??0?011??111????1?0?1101???111?11??0???0?????00?11?111100???01010?11??00???00?0??0?0??1?1?11??0?011101?000??10?10?0?00?0010?001000?11?001?1???1????0001?00???
???101???1???1?????101?1???11?10???1111??010?1??????010??0??01?111?0???0??0??01010??1??1??00?01???0??1?1?0111??0??011???11????????11?101?0?0????00?00?10??1?0?111?1?0??1?001?10?00?1?1?111000???000???11??111?110?1?011?0101?1?0?0???0?010101????00???0110?10??00??1??0?010???1???101??1?101111?0?1?1?01?1001??0????11?0111011?11?0?1??111?1?0000?????0??1?1?001?0??1?1?????010111??100100???1?0??0????0011??11010111?0001?0???0?001?1101?1???111?10?0??1?00?01???0??1?11?100?01?00???0?1?011??11?00?0?0?00?10????01?10??0??101100?0??1???1??11??0?0?001?11??0?10??0?0??100???101001???1?1??100?1???0?011?1?1???????1??0001???00???0111?1?0?0?1?11?11????01?????1?0??0????1?0?0?001??11?1?01?1?01???0??1???01?00?10?0101010100??1?0?1??0??0??100???11??11000??010?110????110000?11???111????1?0?1100?0011?111101?????10?1????0?0?0?110??1?0???1??0?101?0?1???1?????0??1???00?1100100010??1?10??0?11?11?1000??00?10??1?0?111??01??????1001000??1?????0?1??10??0?0??110?1??1011???0?01010?00??0?01??0?010?00??0???0100?1??011?00???011????1?00?0?100?1?10???0???10?0?0?0111010?0?011?00?11?1?0??10??101?10???0010?1??01?011??1??0?00??1?0101???1??111?00???11???1??0011???0???01??0????0?1?1011?1100?0??0?1???11???1???0?0??11?0?0????010?11???00???10010???1?1??0??0?????1???11??0???1???011?01111?00?1?1??1110110?1?011????10??1?1?100?011?10???0??1??0?10?0??????1110?1???11?1??0?1???00?00?01??1111?0?1?10??1??00?1?0100??1?00?1?????0111010?10?0?1?????110?0?0??101????0101?1??011010???????0011?0000010?01?00?1?100?10?0?0?10?0??11?1?1?1?1??001?000??????10?1??01?110?1??10100?1????11?00?0?1?0??0???0?11??00011??1??10????????1?11?0?0?1??0???0????1?1???0110?100?????101???0?0110110???1?1?1???0???001???1??01?1??0???111?00??0?111????000???1??1??110????0??0?1???01?1?1??01???0??0?11?01?0?111??0?0?1??00?1???1???0?0???10?00??1??1??1?0?0?00????01??0?11???00????1???00??1????0?11?100???00???????11001??11??11??0??????111??0??1?100?1000?????00??0?10???0?1?11?101?0?1??????0???0??000?1????100????0110?0???1??11?11?0001?1???1?0???1?11?1?110??1??101??0?0011111??11?1?00??1??110?101??0?????1??10?1??0?01?00??1?1???1???111?10?1???1?0?101001??1?0??101?01?????1?10??111??0??10?1?1?1?10??10????01?????11?01???1???010?1011??00?00?0?1111??100??0???1??0?01??110?0?01???0?0??0000???1???100??00?1?10?00?00?001?1??????1?1?01????0100?0101????001100?1????1??0?0111?1?????100????10???1??101???0?00011??00000????0?0??1??01??0?100?00??0??00001????0???1?1110??1?11?0??001?0011?00??0?0?1????0???1???1??1??10?0?01?????01????11?00?10?10???001?111?11????00?1?0?0000??0????0??11?????1?100???001?10010?1????11?01?0?0??????0??10??00101??1?0??1?1?1??0??????101??1?111110???10100????100101??1?1??0?1?0???1??1??01??11?000??0??010110111?010011??0?111001?111?01??0?01????1?10?1??1?0???1100??11?101??10?110?0??0?1??????00???????0??0110?110??01??01??101??0??11??1???10?0?000?????0?0?01101?0???1?10011?000???1?01???0?0????010?1??0???0??0?????10?10???0?01?1?01?10001?10????0?0100??????1?01?1?0???????0??00?????1?10?1?????????????001???0?101??1??????100???000?1????1?111??0??011?1??0?1?011001??