1
2000 5000
813 1740
847 1085
234 1740
1289 540
1740 878
946 948
1740 1926
743 1237
18 957
529 1600
1820 1740
429 44
1620 744
735 1764
1969 769
1740 142
1068 1740
1007 37
973 141
996 1341
644 671
192 1740
1740 861
165 541
1089 696
1383 1422
2000 1740
1638 989
580 1857
89 1064
1356 1740
1250 1914
727 745
542 1740
480 401
247 1885
565 1437
1740 1760
1740 578
107 1570
1233 372
1433 1772
1811 368
1991 885
1740 1382
614 882
1740 956
1480 1740
885 537
919 398
1749 636
326 890
171 542
1071 526
1740 666
425 1740
510 1917
926 624
1740 546
1740 1187
104 807
4 655
1742 1211
216 1740
1152 684
849 1740
891 1740
905 200
1740 1161
1226 1740
1537 1740
1159 1436
1457 1740
682 1252
1740 111
1650 717
437 1910
1740 1828
687 120
265 1484
1150 1740
891 986
125 1740
1740 1007
1390 130
1051 1531
226 832
375 1913
802 1461
110 954
1740 1957
1740 429
779 1142
1287 1871
1740 905
703 702
850 1079
40 390
1815 1141
60 1905
1546 1740
1108 717
1621 608
387 1702
1654 768
1642 1592
929 49
346 179
320 19
383 1740
1364 1150
170 122
1470 1121
425 1626
107 780
1062 1740
310 1740
249 1742
448 194
1652 1211
1740 594
1003 1740
1388 67
1831 1685
1624 429
955 1387
1835 1740
1018 1277
1645 1460
309 768
1999 907
1602 372
636 778
1238 1934
622 1461
1740 1598
1491 1893
1635 1718
1437 1740
401 1497
1740 632
151 1740
845 1481
964 1361
242 1048
1265 1740
612 221
1335 556
1891 1740
481 802
429 1745
1406 1740
524 1419
1415 1681
1740 1135
292 1740
982 481
760 1935
1096 1627
1740 1131
980 699
154 1331
1740 1301
1740 1462
1740 1450
945 830
800 1740
119 1740
641 196
1027 1196
1248 1328
1771 1443
66 1740
847 979
960 823
29 637
1329 1226
317 927
643 1740
699 13
591 1740
1562 1740
1740 1136
1740 376
1221 730
1424 583
1740 100
1740 1962
1675 35
1768 1027
959 1740
1740 1829
47 1740
1740 962
1740 779
218 1749
1134 1740
388 1873
1045 171
752 751
1740 1332
821 191
123 1527
1740 1289
765 43
159 422
734 552
98 1281
1668 1740
1740 789
1774 788
494 1740
89 1740
1740 1909
885 1235
1553 1973
1740 1565
1855 1038
1740 805
567 1740
1574 1740
1090 1975
1865 1740
1325 1731
1740 1001
1740 1557
1359 611
1507 188
1740 366
1740 1386
577 1424
108 1961
1655 570
898 84
1425 570
1740 762
934 912
652 1347
1114 1740
1740 1972
1030 451
684 292
561 1045
650 1424
1639 1740
1245 1740
291 1945
86 1431
1702 1801
422 1740
1740 1774
759 877
834 774
145 532
1460 1740
37 1394
113 1740
953 1740
1369 1308
940 1740
1132 853
1740 1459
894 1740
1154 1740
1740 1607
737 712
1454 1283
1505 1363
1880 263
1740 228
1402 457
119 1321
1946 1196
1740 1750
1043 564
1351 726
1456 764
1946 778
924 218
1725 258
977 1740
995 1740
1112 406
729 1740
902 1704
1740 1266
274 1033
1740 1471
1927 1367
41 1740
1740 1302
1740 1192
1721 904
1740 1273
676 1740
796 1740
1740 201
1275 105
325 1397
1090 192
1740 672
1107 1251
1740 1144
165 1740
1564 632
145 1854
825 1740
1116 1740
1740 1159
1764 426
1610 1740
271 1740
681 1740
1394 1469
1740 471
942 1740
1291 1903
893 1515
1740 717
768 1647
1103 499
1792 89
289 285
928 1740
1132 1740
1740 1645
1885 1560
180 526
784 212
531 353
1740 415
1740 933
1994 973
1014 1633
722 1005
273 784
1740 371
1528 1473
506 696
1676 743
414 865
1753 1412
65 1940
156 638
1740 1422
1380 406
1706 1264
1632 1740
1282 507
675 1740
1740 704
1740 1380
1846 1449
1828 1973
605 455
1036 50
1740 1650
1729 764
1772 502
1740 1037
1484 1740
292 31
1027 1740
363 366
1740 1014
1064 1132
1740 34
562 1306
417 1489
204 1740
1613 387
1550 1232
426 1362
510 1527
1392 733
582 1263
223 672
1556 27
1456 1662
1376 1011
1375 1923
333 1891
993 1049
502 1593
1740 423
1208 53
807 320
1740 1500
1269 1757
1740 1767
1563 490
1184 1749
1096 1971
889 942
922 1495
1171 756
1573 204
987 1740
1269 951
604 1194
1740 1533
196 1740
1740 187
931 1271
1013 561
1306 1260
1089 1740
1740 297
320 1740
1486 689
1349 117
1646 1740
1740 1880
1358 678
436 1300
133 759
1740 1843
660 1875
1141 14
1740 1705
1203 338
684 1740
1580 1974
357 1740
1998 1281
1120 1740
1740 1404
1142 570
961 1476
1740 1854
1414 1476
1393 578
1911 1508
1740 1595
1054 717
977 228
623 1158
1854 1752
1167 395
1740 1250
54 1740
401 1740
1740 1631
511 1740
416 587
49 950
1558 1740
1033 1740
1740 4
1567 413
1979 446
1553 1516
1149 374
1393 612
1095 1740
1784 1906
1426 1924
1740 412
1740 214
1740 507
799 432
110 1833
195 1740
580 1740
1194 1073
1048 1679
1740 585
108 1740
106 1417
370 91
1740 1347
460 70
1879 501
930 1640
558 1124
1205 662
763 1973
780 1740
446 651
1548 1518
1740 1863
1674 760
677 263
772 1740
1740 1584
191 1740
334 603
759 1716
1740 1641
1208 1740
1299 1740
1808 77
1740 1644
1948 1740
1740 495
1740 421
659 782
1556 1551
1384 1968
340 505
458 1740
893 1309
1782 1915
441 46
1235 965
615 1570
1740 1702
62 1532
1740 1509
1740 1832
1740 1936
1115 367
169 1172
1806 1874
1729 898
1570 273
1987 1740
1127 367
783 844
1075 1500
995 1612
529 123
565 1169
1904 1740
1740 866
1457 1649
1901 1250
562 616
1622 1618
1618 1078
482 501
1740 1492
634 605
81 1740
1427 8
1003 1896
1740 454
212 1302
1230 1740
1313 1740
256 1547
29 1740
808 1724
16 1903
154 609
514 1740
1039 1986
817 1740
1860 1472
1740 904
1740 1755
1740 915
1523 1972
17 946
340 1740
693 961
1740 719
1084 20
571 136
1740 1211
1273 827
192 1137
1740 391
1263 1628
1740 890
767 445
1307 1740
848 1800
1001 579
158 700
763 764
745 1740
1308 218
1828 237
1562 1292
863 1176
1740 1591
883 674
850 1740
1133 1740
52 1740
1583 1740
1207 1740
1740 1777
1247 1740
1740 427
1432 929
1419 124
1740 1690
1786 1198
1740 756
1319 1595
1006 640
1810 580
1740 930
1833 1740
1740 147
1882 270
1623 1740
1476 1740
182 701
113 987
1932 1691
323 1740
1070 1740
1141 1740
1740 1049
1634 1785
1508 1393
1740 1433
1606 362
1875 1740
1740 573
1740 900
1784 107
323 1777
525 902
1740 1513
848 403
1943 534
48 931
1088 233
1320 1740
981 1641
335 102
979 1394
169 1740
1629 121
673 1302
1818 43
239 1212
341 1740
96 1611
1740 1035
1740 64
420 731
1740 871
1534 1328
1455 207
1997 997
1586 947
617 1597
826 960
1740 172
1316 1740
1779 1773
1740 691
1740 402
517 1739
92 1316
893 1740
727 1086
1704 1740
1740 1712
927 1740
1740 875
1307 383
1487 1740
1740 38
1214 737
618 1079
1538 713
1739 1526
393 41
1740 329
1815 1740
1202 1740
329 584
988 1740
1740 1057
141 1740
981 1740
1740 705
1625 690
771 1945
604 936
1813 1449
1740 826
757 321
768 506
277 1740
1509 1681
1946 1605
403 491
799 981
301 361
1640 390
361 980
532 1740
167 1698
1485 514
1818 1740
1252 67
722 902
657 1285
1571 1545
1745 1740
272 1540
1740 1874
524 367
1118 1776
1938 879
406 1740
1282 1740
1317 1740
598 1734
1251 1740
337 761
1740 1142
934 82
1225 482
1740 1298
1740 714
1740 847
1740 1198
145 1519
807 1311
1740 522
589 137
212 1740
121 1110
1740 993
355 1740
1740 569
1740 965
1947 1697
1740 1431
1740 132
1213 1740
221 1424
1207 453
650 19
1740 14
1984 321
361 374
1002 430
682 558
390 1740
1740 874
1900 360
1813 1740
1708 1597
1904 376
1740 257
1740 1522
1479 1279
1740 1952
1450 604
894 719
114 1896
1740 433
1426 1740
260 1799
117 757
1770 1813
632 176
831 246
1740 1523
1740 551
1413 1335
1740 1869
188 1388
1066 1709
1740 879
1256 1193
1816 3
1628 1740
1363 1858
73 574
1063 845
296 1740
1120 95
1740 1039
306 193
1156 145
357 1942
1706 1126
688 1740
189 1740
1740 482
1740 42
719 1459
257 1326
852 732
958 1039
1281 1740
1601 1740
244 1740
1749 1740
1686 471
327 1981
443 880
1740 1652
1915 1860
1135 1193
1623 1900
1740 1656
215 1651
137 459
904 959
1740 1146
1740 660
1623 866
911 1740
1740 488
1121 1740
1740 1420
1862 1740
1740 604
1630 1542
1254 1810
1622 523
1709 1740
1666 1856
1740 1199
1740 44
413 1446
381 1740
1740 1223
1813 757
559 1476
1408 1740
215 1075
1415 1094
519 1903
412 333
9 765
1872 1137
1734 1507
757 614
1740 1468
834 540
1586 1740
939 1740
984 1785
1158 1358
1261 1803
1740 326
214 1146
451 1740
361 1550
1740 554
1433 610
610 1740
1740 914
618 7
1740 1019
797 1740
1740 1395
1104 524
1727 532
602 63
836 1740
90 1828
1706 1740
1003 542
1740 1770
1423 120
1225 380
670 424
1740 1898
1239 139
383 594
1239 1740
1740 867
1768 1859
881 1689
880 1463
446 1795
1256 253
1574 593
870 257
1787 759
324 677
1856 807
254 1740
1720 1310
316 71
1740 1958
1978 1604
1740 82
1740 164
1711 1608
243 764
1445 1740
1740 888
660 1278
1740 315
1872 805
1221 839
1740 886
1593 1603
772 1
1916 1740
1003 232
1259 206
472 378
1740 95
76 1974
1926 1855
1602 68
1884 504
1740 680
1034 245
1740 1088
124 1622
1194 1740
751 1740
1892 1740
1740 635
1455 1244
1174 1740
979 856
589 62
33 1776
720 8
315 587
827 328
1050 1032
724 1740
1638 1852
89 1927
1226 475
1740 1436
560 1842
1740 713
1740 1359
1331 1975
1740 955
1207 429
1740 1929
1386 628
1040 1740
752 754
890 1942
1177 1400
23 1740
416 1181
1740 502
134 1740
1740 664
1740 1087
1740 438
1343 1740
561 773
1133 1635
21 1682
498 1096
1990 1126
563 1555
1716 1740
1783 280
966 390
586 1457
1740 1991
385 1796
1186 1481
316 1740
1830 1266
1467 1851
949 1089
1564 388
1740 374
1017 1298
1398 1740
664 869
1740 1922
1145 1740
1630 1740
457 1294
1351 1122
1807 1465
912 196
1754 1740
470 1516
1657 1740
435 1898
991 1106
1740 467
1454 924
173 1971
1740 1511
1740 948
1740 936
1080 1740
724 28
648 1740
597 1740
1478 356
1106 955
1129 1740
215 1798
749 50
447 1754
294 1740
1740 1921
637 114
168 1740
1328 720
1740 435
83 470
1740 629
1965 1740
213 165
467 105
715 469
1454 1764
1529 176
1143 518
544 845
1676 606
1260 683
1333 436
716 1740
1890 320
1919 964
1437 1399
1818 1270
447 975
1085 96
1634 1220
291 1595
1494 1026
1740 881
943 1740
1472 1524
1740 505
1740 1763
1755 1063
571 281
1990 316
634 283
1448 921
1219 914
1178 1202
1902 1415
914 1302
1740 1510
1740 380
1740 1516
1740 57
1310 1315
94 1560
1135 1164
892 811
1183 1518
1740 1717
1803 852
1088 1189
1740 1556
813 1579
705 740
349 1343
1740 1517
711 365
1484 1944
1069 1973
1385 1363
1999 364
511 714
1690 1137
1740 1802
858 11
1839 656
1961 823
24 1740
1496 1035
1740 803
1451 1740
600 1740
1052 1740
348 1485
1866 1740
1740 1004
35 1298
836 1491
661 956
339 1833
1265 1905
272 385
1954 1278
1409 137
928 749
1755 362
1783 1894
1740 1655
1740 1738
1887 67
1359 301
778 1919
1740 287
496 717
1927 1740
938 1446
669 1740
841 379
701 1740
1541 1739
1740 1314
1936 1695
1157 505
1986 1740
1980 1935
971 1785
1491 1092
235 1158
278 139
307 457
847 1734
1740 1291
1740 354
1740 510
58 1272
852 1229
1369 1740
554 1235
1740 700
288 1611
405 826
263 1740
1363 30
1740 647
280 1379
1467 1740
827 1673
1965 191
1117 623
1365 800
388 1740
1241 1740
145 1740
839 666
1740 1873
1417 1740
69 1057
1124 1145
1339 1596
694 1544
1326 1999
1654 1234
1740 129
1888 701
1277 1740
1197 362
17 1740
1740 1905
1740 232
1091 1740
783 1740
548 333
1117 1367
515 1740
951 1703
1432 518
1574 1027
792 1741
40 1911
666 1338
1740 872
1740 1580
1758 508
1065 1652
1740 521
16 216
1740 1897
448 1604
1740 902
814 446
1603 459
1740 159
1740 1221
158 1740
152 1453
146 1497
1773 1740
1740 530
1335 1707
1740 1428
1740 520
497 1740
254 188
1832 470
1319 629
1740 1446
674 169
1584 1957
1740 261
1018 662
342 1740
87 1740
1184 151
24 483
1895 932
1740 1079
1278 839
1985 1740
1142 276
607 1817
1045 1740
1862 10
625 1740
1979 972
1761 222
524 1611
1074 1740
1740 740
1740 1392
1081 839
63 1712
1586 312
1740 116
922 1740
821 1740
1860 1740
1740 209
903 953
1740 1752
1695 1180
74 1863
431 497
1740 1209
1740 1679
1286 425
958 1740
645 471
971 1211
414 1683
1295 853
1066 711
752 1740
1134 807
1208 1513
974 1740
1652 996
1578 1740
446 721
1915 1041
1740 1735
926 1380
1460 1782
855 1740
1740 556
1740 65
760 1740
136 1063
1790 1292
1102 371
459 1740
1465 1094
950 1740
1927 615
1740 690
1740 1138
1740 53
1740 1017
1328 141
1395 1142
1512 1740
703 1740
1274 1137
1964 937
121 1740
1740 1412
1214 1740
925 1653
722 142
1740 1418
1293 1386
1753 1740
1452 487
1093 1479
1750 719
280 37
1913 1740
1586 463
615 135
499 115
1486 740
874 1318
1036 1027
615 1354
996 707
1740 223
321 1276
656 1231
1029 1740
426 1740
1176 1740
1740 150
285 1740
224 1740
1740 1850
1426 654
1740 1805
1740 344
1740 1924
1796 828
1740 1980
1840 1740
1958 998
1345 1740
144 1465
1739 1740
1814 1453
846 1237
1374 1740
73 1029
1331 374
577 1684
1238 1079
691 596
1725 1097
1288 1462
1740 1605
851 1931
468 1740
1477 1848
569 1339
1072 634
1740 1073
1396 1597
539 1580
1658 1065
720 77
1724 839
1740 1673
509 1638
1847 1740
862 329
1111 95
167 676
1740 1984
1844 554
1549 1740
336 1740
766 345
1740 410
944 242
614 1130
1035 1382
1708 1740
1623 112
1341 51
262 1740
682 455
668 139
1740 1366
828 735
1740 1065
1386 1222
937 1216
1475 908
1035 1995
297 1302
1770 1206
1740 1232
1849 1740
1394 1388
1740 1363
1740 1882
1740 279
1740 1285
1675 1740
1740 968
605 135
1631 72
791 1740
651 1740
1740 1814
364 1740
413 950
521 1012
877 1740
566 1167
1645 131
1477 1490
1330 1740
1432 1473
1837 1173
944 1740
1740 1822
473 1740
176 1289
1740 237
1150 1061
1688 1481
1070 478
1740 1518
213 1740
614 1740
1520 1740
1402 1873
248 1740
28 1740
76 1346
593 939
1234 1437
1163 1293
1610 784
589 1632
395 838
1740 627
1658 1483
727 1964
1477 1119
1740 1683
69 1740
314 1996
454 1270
148 1973
1918 921
1740 290
1056 1349
1740 1541
904 1795
766 1740
257 1970
549 230
490 867
335 24
1042 1122
1287 637
258 536
1963 1740
1740 1912
1729 1325
525 676
1139 909
1877 1740
827 1740
1740 1387
1253 176
207 338
1519 269
637 1255
1788 1512
467 1203
841 734
1740 858
1740 787
1115 1740
1740 1071
238 574
724 1374
1920 1319
1290 329
700 1400
1614 1740
1594 1739
172 132
1740 1845
757 1740
43 786
1740 179
1740 934
316 1261
1279 1740
1072 1930
1743 1740
1740 545
1740 615
1102 1740
422 1587
1740 72
334 605
474 1605
1841 1670
1896 719
1680 696
568 240
1475 1740
1690 649
1740 1653
1488 699
1241 1430
1740 56
1740 1104
398 1740
481 644
1514 140
278 303
1103 1597
132 1824
1153 1740
1375 253
1740 1490
650 570
1399 1740
479 1652
1192 1755
1081 1740
333 714
1740 131
1699 1955
345 207
1740 938
1183 384
1740 50
384 336
837 1187
251 1740
887 1387
539 1940
110 1958
1740 73
525 1740
1452 1740
595 1619
775 1740
90 1777
1684 1740
1740 683
587 680
835 1674
279 949
1776 1260
1526 1740
61 687
691 1694
1876 1740
1491 1740
1403 1694
551 1198
761 1740
1740 1573
615 1214
1647 1211
1912 1238
1740 233
424 554
1111 852
1435 1740
1588 937
1965 1809
918 665
1640 610
1237 1203
1740 819
942 73
1951 678
720 1740
1468 872
1544 1703
1975 79
1740 979
1740 452
646 1740
1740 1188
1737 793
1740 11
1277 8
182 1740
1402 1573
687 1363
1799 289
50 452
1658 1740
1740 300
265 1740
912 403
1076 1760
1889 1153
1817 1740
34 1567
512 1740
1176 385
541 1740
1886 1880
1103 80
1512 1718
1721 1740
1674 694
1740 941
1957 12
621 1740
457 1740
921 1378
804 1290
1740 318
1579 351
1561 1643
331 37
1740 464
1277 986
1053 1740
1580 1399
1109 781
904 1898
1499 1255
1740 1945
1317 1433
1721 1147
842 1740
1740 908
209 1691
1740 1697
343 369
1306 83
1430 326
1740 946
287 1816
1740 1796
440 1625
1194 267
1605 22
879 1823
1805 1059
1682 57
250 116
917 1441
1883 715
798 534
1740 162
817 727
35 517
1453 1966
1791 1740
1009 1740
1841 1547
1237 667
1806 1037
1568 1740
363 1740
1260 1179
1740 1748
1753 1304
1124 1740
1740 295
1539 910
1144 1544
150 600
1648 1740
1459 213
827 101
417 1740
1635 1740
1477 1518
1682 1740
557 817
129 1130
165 1009
1511 1431
1996 1359
1740 1956
1240 1621
1237 1304
1740 1304
1297 1740
1058 279
1724 1324
1599 1740
1740 1267
1783 1767
1658 1189
1740 1795
1740 1560
1914 1740
1830 73
83 726
1353 896
540 1443
710 1405
501 1740
1740 325
1596 1740
39 1740
1719 879
1769 1063
1740 798
1079 848
344 443
125 365
1740 1651
658 592
445 1771
903 1740
428 1199
375 1740
1740 1899
625 1346
98 570
1044 120
71 275
1649 213
1304 1614
965 1738
1898 1925
1240 1740
1951 1841
1942 739
1919 1740
1740 358
1786 1740
1901 1740
1634 875
1165 869
157 1740
1138 548
1960 6
1558 1303
1727 1241
398 1425
1304 1690
1740 1824
697 107
502 1507
1740 1992
1886 1740
1740 408
270 1244
1115 1584
1740 230
1506 1255
1001 1856
392 1640
1740 1227
1740 833
490 893
465 1470
1740 746
1740 1472
209 792
615 1250
1596 1089
1595 1820
1740 211
1036 1740
1701 1740
65 675
1003 1357
1740 808
1862 304
588 1752
67 1718
1022 191
1426 1958
863 1659
1336 557
1740 550
178 1740
735 1740
506 1806
205 1740
1036 543
1900 1559
1740 853
505 672
1374 732
1954 1987
30 1078
127 789
673 1740
1740 1162
1751 207
94 557
290 1134
1740 1326
1688 1740
1550 1735
539 1069
553 1075
1060 155
982 1066
1740 105
1838 1052
1177 813
1884 1878
1707 548
1753 372
1476 780
1419 619
1740 314
202 1740
930 1687
1740 1185
1169 1411
175 66
308 1317
1740 609
1057 1188
86 1740
1740 1894
1740 273
1076 258
1361 125
1389 1951
1740 312
1740 1405
1740 769
1986 414
1023 1097
86 1962
1740 1275
1740 1989
1026 1740
1199 1733
1530 1513
386 895
1740 1841
1740 1158
353 574
535 725
1481 1740
1264 1740
1740 674
55 1740
1231 1740
1126 1941
1013 402
1436 1138
1048 1400
1617 514
1739 277
1740 1438
581 1746
176 1740
1847 1343
1740 1411
1740 1274
1764 1740
1613 1740
1626 352
184 391
737 1138
1740 289
111 565
531 319
1986 389
1334 123
735 190
77 1740
960 1591
1485 1740
187 56
1740 1699
821 1305
1296 1740
1821 1875
523 1740
1557 1854
1870 1622
1740 1259
1740 288
243 1104
418 1740
475 1740
841 802
1740 1044
398 1041
1740 103
1349 1760
1145 590
1740 362
1740 1727
670 1740
677 1740
356 1740
849 1611
376 1706
1473 1740
1646 624
35 1740
1604 98
661 1169
1278 734
433 696
1740 1217
1732 1926
1740 128
914 1548
441 146
244 352
1740 528
1902 963
1414 1740
558 1740
1740 722
922 104
1740 1572
631 1740
1425 1982
1740 1561
578 1908
217 1283
1148 1875
731 1740
296 784
1090 1401
316 788
772 1305
1740 901
988 691
1299 997
166 1579
1740 1798
1959 981
1740 509
689 168
1459 1511
1740 1502
84 644
1491 907
868 1793
1740 1715
76 1740
1740 404
103 864
278 1740
1287 1740
1421 1740
1490 1006
1548 885
1476 3
1740 1098
1133 573
1504 1740
1710 1975
964 1740
1740 1996
760 1738
1740 115
1941 834
472 1291
7 1939
841 727
1397 426
22 1199
1740 1466
163 791
604 1986
635 321
1740 508
1018 1740
1740 1677
1740 980
1762 885
742 58
1818 105
1587 1166
1643 1740
805 77
1852 1740
1740 1722
804 38
1740 219
1028 1740
1144 1826
1740 1008
397 1221
588 1621
237 375
425 621
1669 1740
107 1547
1497 1740
379 1765
1740 306
645 815
1054 1016
190 316
441 1136
1740 1757
308 614
967 1740
1740 498
1740 175
565 1651
23 629
1740 1430
1758 1598
265 1191
58 60
215 689
1740 1355
117 566
1856 1684
1038 1934
916 1740
539 1740
49 1740
1397 617
1911 1740
1740 561
59 293
1184 1740
1834 1740
454 879
1122 133
1649 562
1256 1740
619 1740
145 161
145 317
1365 1740
1514 1224
1740 1292
1740 1379
1740 764
1926 361
1400 1740
1127 1740
1119 1740
1164 1502
1740 455
1905 1379
1535 1740
1740 685
299 182
1740 46
1207 1533
1995 1697
1032 1700
1060 873
731 1178
1243 1740
1968 134
1740 1139
125 1288
1740 462
1952 1775
1413 1613
1842 304
694 1560
1198 267
108 45
821 1042
1349 1740
1191 1447
1848 1873
181 505
898 1740
1332 1703
700 1839
1894 828
1740 1896
86 1365
1740 1261
342 1433
252 1740
1391 1641
1087 1909
1928 1740
1467 1761
410 992
119 1901
748 1097
1740 122
352 245
1740 596
466 1333
1017 1443
315 1177
1161 52
405 1740
1740 431
369 112
684 1170
1740 832
1456 332
1736 1102
1464 1486
1349 1816
879 1998
1740 1334
10 1111
736 767
284 980
1740 568
1740 834
450 1740
403 1616
154 1411
1149 1740
352 1740
672 948
918 798
139 1744
572 1740
1740 1664
1740 218
1888 1960
1740 1342
1501 835
1085 1227
1883 1709
310 1641
710 1020
1740 21
1647 30
510 1625
996 1627
258 1740
1397 1740
1740 692
496 1502
1944 1740
1487 1924
1281 1080
1740 378
1714 1740
1551 412
1740 1597
344 252
1058 1740
1114 917
1254 1740
1196 1826
1384 1561
101 1740
1740 1449
1740 96
1230 317
1740 613
1780 1740
765 79
107 1698
1866 1301
1583 953
1660 1740
1262 289
1708 1739
1223 1580
662 1823
400 1538
326 644
1747 1068
753 1740
1944 1941
797 506
1740 1785
696 1966
1822 849
1887 138
429 1925
1380 831
1383 296
119 122
1781 1740
1453 54
1160 1740
782 1015
123 1740
773 1740
498 1499
414 1740
1740 921
1740 765
1312 725
1636 1058
864 1695
1662 952
1342 983
1560 1247
1047 1171
211 170
1761 1896
1740 1186
1750 907
192 1212
1740 1429
1427 1740
1740 986
513 263
1331 1340
67 1740
1500 1004
1146 171
29 1460
556 1227
1494 1740
18 1023
395 1740
182 1080
99 1740
1740 1055
1740 1163
1740 790
1740 678
376 1210
708 1305
221 118
1207 529
818 1163
728 1740
223 400
390 215
242 699
1662 1740
1740 1407
295 51
1632 1090
954 1559
1910 1434
1740 274
888 1937
1743 1021
1182 218
1740 1310
834 526
1526 71
188 1676
354 1598
884 1474
1740 1728
1062 1511
931 961
136 449
869 1740
1915 1740
1740 1703
766 37
727 797
1196 1245
1740 823
1099 1740
534 1524
1265 623
1861 193
1740 828
1129 1001
253 1740
1949 1517
1944 1243
1370 1390
1094 1740
464 1711
1282 1447
1229 321
1740 603
1740 1783
1323 1740
1014 190
1447 486
1212 610
1344 21
800 416
153 1551
1606 1199
1740 338
1235 1740
515 912
1090 1740
1740 88
718 1127
1764 1276
1740 963
1740 606
1202 358
841 1740
791 1176
1823 1740
1117 410
1740 1604
434 1468
1740 883
326 1056
1102 756
1740 1013
1600 1740
1532 235
226 1740
708 1740
1688 746
767 1027
1740 264
1806 1740
622 1860
1463 1740
1585 1624
1740 110
206 265
543 358
837 1304
667 1115
859 539
1416 1364
1740 696
905 1599
1740 313
537 257
1740 1547
1191 1740
860 1740
996 1200
1740 68
815 1740
989 1740
1740 177
1740 19
1740 1242
1228 552
617 1741
1740 741
148 1740
1740 1078
1740 154
1740 846
1171 1453
381 1306
1344 3
1583 414
553 1740
68 487
1251 1814
1262 1475
1179 654
760 639
1740 1999
1051 1740
345 446
1740 840
1740 727
617 1740
392 1012
1740 139
1740 1890
1759 1740
1562 1305
851 47
1231 1883
1831 797
1740 1751
828 1264
190 1327
71 286
1740 581
347 1740
1740 1732
808 928
406 662
191 1638
1740 516
1391 1740
1740 1005
605 1740
1740 74
1841 633
1666 1740
1542 83
1041 1740
9 1383
1740 1719
28 760
1698 1572
6 305
31 652
1740 544
424 1740
361 451
273 1854
1576 1740
187 808
1740 1768
639 1056
1960 324
1081 1476
1790 1689
1991 1840
1740 1839
1222 1712
1310 689
527 1740
1072 1621
1835 1767
57 752
1231 803
627 1657
385 305
374 272
220 1372
647 351
255 1740
770 987
1534 1456
1933 1740
1974 1259
1852 11
1740 1801
190 480
1740 1109
1702 1256
1151 1740
1740 1889
1970 1740
1740 1971
1910 1740
516 1902
1740 1385
1272 1714
927 480
1041 1268
304 213
331 1780
1771 1684
209 1675
1216 861
1740 960
560 915
498 1135
401 1631
1290 1595
1740 79
912 20
171 1740
1349 303
1846 791
1054 1740
1867 1766
1423 1626
1211 1790
1101 1740
1806 107
537 100
1683 211
483 1740
1130 1430
889 1740
1938 292
1126 1504
1867 1909
1401 921
251 734
1740 1167
1439 731
217 1379
1740 384
57 845
1088 1647
1883 1208
1740 1593
1740 30
1443 1026
198 1740
1585 1654
1678 1740
1740 1442
1520 1669
1867 1740
125 275
1294 561
75 1740
1902 9
809 928
365 1740
9 1676
412 391
41 365
1937 1036
113 1539
1740 403
1740 1286
1740 730
1896 1938
136 1740
1740 489
1428 1310
1740 456
35 105
600 1701
1740 1456
938 738
1740 957
1531 1707
695 727
1740 1339
992 1798
1321 476
1524 1740
1740 453
1740 862
360 1740
1740 715
1422 987
1257 1740
1740 10
1061 291
163 1740
867 985
382 543
259 1740
234 1927
909 1924
537 721
871 1422
1740 60
576 1740
806 782
1740 372
492 1740
976 816
1718 1983
1646 1388
1740 1521
345 1807
321 1740
1156 1195
877 172
1960 1458
501 1491
923 1740
194 936
1333 1139
1864 1740
929 1740
1740 144
1278 1740
1053 1425
85 1038
1740 1642
256 670
1740 1178
1740 1075
348 783
1129 614
481 1740
163 1737
1797 1740
676 1697
1740 667
1865 803
1489 1740
1252 1740
1577 923
1740 887
764 1194
269 1740
1131 1511
889 1589
114 1943
1740 1346
901 1995
1740 301
634 1885
1324 1740
1356 1661
1740 446
1740 750
844 1740
1740 367
598 815
1486 1410
1349 100
64 730
645 1740
1090 1460
1020 932
1740 1934
245 1740
49 957
1740 183
1588 1806
1894 587
701 1314
819 334
636 1452
19 1165
1021 1740
320 1128
1740 1942
1740 444
747 26
1973 1740
1396 1376
334 1740
117 1740
368 1740
826 1631
436 1153
1499 1103
1071 1280
392 1740
671 459
1740 1201
1921 7
1740 985
1238 1510
463 1740
1740 1879
1740 1525
605 1348
1138 445
447 402
1693 476
164 1471
944 1459
1815 343
116 1798
702 1977
1553 1740
383 300
1682 1743
1740 400
319 1740
1740 389
1544 1740
1527 814
1012 1740
1319 277
1698 1740
61 1415
114 205
1688 1364
1740 918
1740 1741
603 1012
1740 1908
1284 1880
968 544
1528 192
1912 1008
7 1740
599 1133
756 848
1093 727
1373 1381
1077 1775
1544 361
1740 838
835 46
1740 1294
296 1967
1611 417
1740 1290
1740 702
1443 1936
333 275
250 239
772 474
800 859
1501 1740
631 110
976 1740
108 1909
236 1740
1834 142
1178 426
860 1189
1740 328
345 1676
1740 1567
1511 1250
1740 1519
1740 782
644 251
656 1740
1740 582
1740 707
1250 1292
848 1740
1740 397
1740 925
1687 1740
888 1376
614 1137
1771 1740
1740 1545
1606 943
1893 1012
1740 1782
1465 1740
997 1740
684 1675
1938 459
1878 1740
620 1740
1465 787
1034 1740
1740 536
1841 1903
212 150
1236 1740
1163 648
1392 101
580 634
94 678
441 1740
616 1740
1740 1917
1740 27
14 539
592 808
1906 1740
1991 110
544 465
243 1740
301 627
807 1102
438 801
869 331
1676 1607
1039 1235
1409 1941
1199 482
1740 830
878 1960
1740 1030
1042 72
349 737
82 1061
706 1740
771 1740
1445 899
170 1740
1515 1740
1228 1321
699 1319
1365 974
588 1124
1740 266
688 868
1740 1350
1078 60
644 1740
453 984
488 1213
219 432
1833 488
717 290
177 1186
1740 1340
1930 1740
572 1259
1762 1393
964 579
1990 1740
1955 1740
1848 1234
234 717
1764 1073
1940 902
1740 18
1615 1740
1023 538
650 1740
1511 1331
1740 759
1740 1370
1740 725
1740 1592
74 541
1442 1147
1373 1100
1569 469
1780 658
1740 742
1126 1740
1953 417
1740 104
1769 1779
754 1396
1676 1740
1740 9
395 432
1187 1426
1634 1771
1740 682
682 1805
1402 1823
47 947
1740 1112
393 1740
181 485
65 2
1721 1004
1887 1055
808 1857
1726 211
11 529
1740 217
479 1756
1505 1740
46 1638
1740 767
1559 1740
1740 1665
1253 1740
1829 1307
1447 1740
1740 854
1740 1322
1740 1569
197 1895
340 355
1161 709
1740 1838
50 1558
1740 697
675 1968
98 1242
954 1740
1740 1534
1740 876
1740 308
510 911
1102 1265
1740 1885
9 908
49 779
365 1661
1195 1929
1300 1859
469 1740
1350 1838
1779 1740
1139 1762
1740 1258
1740 78
1244 1916
1105 226
476 452
466 1740
1477 215
1765 1740
1972 945
1470 675
102 1740
1381 1740
1089 1567
986 1288
40 855
393 1989
157 225
1207 1174
1499 994
303 348
1964 1134
1907 1511
1726 1740
693 1613
1363 819
273 107
1633 1309
654 1740
1756 831
742 382
963 612
1740 107
596 1317
940 1059
874 630
148 1042
1740 1564
1612 542
1740 1606
1740 1375
1740 430
299 1788
1740 1808
1540 1740
1037 260
1307 1388
1301 1860
758 1740
1731 1130
671 1740
1740 873
1259 1860
1740 517
309 1740
1740 161
231 1740
1190 1765
1283 1128
1539 72
645 528
1740 971
1740 1024
425 46
1539 181
1478 1740
536 1040
152 602
814 1740
1740 868
1528 1024
1561 1238
779 1114
348 1740
561 968
1093 1307
1632 1605
1740 1362
947 1415
599 625
1022 407
848 335
1740 593
1694 1591
12 1229
160 1740
1356 22
1740 1224
1366 971
883 690
1740 1935
1190 697
1799 1228
1890 41
1125 1173
1170 567
1440 1740
773 294
342 207
1798 538
540 437
993 945
1740 1166
1721 840
897 1740
1712 1132
1740 570
1740 1103
1859 1351
1740 518
210 107
1740 1229
1785 349
874 700
1740 588
26 1456
1740 1637
1740 1853
1740 1093
215 1740
1740 1
1740 1010
807 667
79 1409
579 1740
1740 1321
250 1740
607 323
1740 1248
984 1740
94 1597
387 1740
1895 1425
1761 1740
937 849
1344 1740
1576 918
1740 969
1246 315
717 1930
575 1740
1354 1536
931 1740
586 1740
1992 457
1740 1453
794 1740
1740 210
368 272
1542 742
1638 1740
1740 687
1473 1037
112 1189
559 1740
686 760
1065 1690
1535 541
1788 36
739 228
817 793
111 485
1740 1416
1248 52
1764 1287
856 671
1328 1740
1597 1805
1151 1820
1740 1183
1740 22
1740 416
1824 879
64 833
1133 1035
110 1016
75 733
1740 109
1573 375
1740 16
152 526
1742 1740
649 1740
1604 750
95 446
1036 1997
61 1740
1740 1168
491 1035
348 461
1700 1871
1740 1067
489 805
525 1615
1827 1740
1579 1706
1939 1069
1740 1046
1740 45
681 931
156 510
626 269
1764 489
1423 1160
1510 1739
1104 784
1620 1740
1253 756
1739 675
542 1067
1080 1734
1902 1289
156 1740
466 549
48 1986
1740 1941
251 1502
1740 658
1558 1415
1740 1529
1740 246
869 54
895 1718
541 782
518 1065
845 1740
792 1740
465 678
1707 6
104 1104
1973 1533
915 1773
857 1881
1925 1740
403 1062
1588 935
317 1896
815 1076
472 1740
1769 353
8 1213
1740 560
482 1753
1740 1357
39 1897
1740 1303
392 334
1740 1625
1740 135
1880 1970
914 1534
1740 1893
1740 20
1740 1939
1740 970
1740 1477
1983 1526
656 1875
1049 1329
411 191
647 783
999 72
1415 303
1431 1885
1200 1652
248 1698
1694 1660
1740 1393
1740 1439
1012 1425
188 1656
1740 784
1581 1740
1458 907
1740 668
568 81
1575 1740
1553 302
1111 1740
611 775
1583 1908
1603 618
27 527
98 1740
1302 1791
1123 1688
1740 1255
818 796
1148 1496
634 1506
438 690
1076 1740
371 1366
803 138
1740 1333
1268 1740
1740 167
92 1740
1299 598
1397 423
1934 1183
179 1594
1780 1571
1740 284
339 292
377 1740
72 1614
661 767
91 1651
1637 1282
1833 1458
1888 1740
1740 737
1740 1113
1762 1853
1837 1740
1193 1740
487 1740
1542 831
1510 1332
1904 201
1740 612
80 358
1608 1012
1383 1740
249 580
953 610
1622 398
370 1740
130 1740
94 1740
776 62
933 1349
928 146
1740 260
90 343
1594 1234
1565 755
1767 967
1108 901
1740 951
146 477
10 854
1758 1740
299 269
36 1657
990 823
1749 1143
1138 318
1185 1464
321 694
1740 1968
1740 1923
1740 240
1740 882
1724 1086
742 329
1603 1740
112 1255
1319 1740
1512 272
467 596
624 1740
790 622
1740 184
349 1740
1006 1740
1740 786
552 1740
1803 1696
906 1740
1093 1982
810 1740
621 215
626 1740
1038 1740
591 232
293 171
1777 1268
1740 637
1326 1677
1740 1506
1309 482
18 1087
1740 71
396 1446
1043 1625
1740 504
1629 1840
1693 1923
264 1867
1853 633
1949 298
1740 199
1949 1740
1788 1740
1459 1357
571 1108
1687 1839
1479 1260
550 1881
1740 1085
81 1877
745 966
644 1030
63 382
1243 603
1740 1589
1194 1383
966 1517
1740 1270
1740 1351
1740 1325
1740 1283
1740 1819
651 267
1740 1812
279 1645
276 928
1306 1740
1740 8
1376 1415
118 1740
1040 155
1672 1740
1736 1740
411 1740
378 1565
496 1429
937 382
859 1740
774 1740
1514 538
1890 1155
426 1787
902 299
1537 1797
121 1578
577 1740
858 1025
444 1779
1712 1871
592 1294
1733 1740
1740 140
1740 90
1174 1396
367 1489
640 1740
1565 1742
1740 1204
1740 503
1562 516
722 704
187 1010
1740 1633
1740 59
1740 33
1872 14
1354 1740
1740 1454
804 1740
1578 1937
1740 1931
1740 809
1416 267
1285 1622
1740 763
1740 436
1740 1766
1740 445
1643 1088
685 932
1097 1740
324 6
1284 1740
1150 1449
1740 114
1110 1740
170 270
1740 84
629 1579
1283 1436
1174 88
904 1190
153 374
1740 1794
279 1230
908 1328
1326 627
1893 1689
1532 64
896 1740
1486 1740
486 1740
1926 113
1740 1125
982 1740
1927 321
1282 1976
1740 770
1699 107
601 46
468 1743
21 415
1691 1789
60 294
1740 1747
1963 82
1740 1550
379 1093
1740 1895
1754 965
1740 1107
1580 1836
1740 754
938 1776
275 438
1740 1856
1967 1415
1822 372
522 416
1824 1617
941 1908
1740 1647
48 1740
497 311
1237 382
1740 913
1799 766
1740 1388
1060 114
92 903
83 1106
1305 1740
1233 751
1740 1474
1999 1304
1740 1868
1740 513
316 1030
1740 229
1740 747
1848 1740
1903 1740
1874 507
1325 1214
43 1740
1738 348
1010 283
526 203
373 1588
290 694
390 1290
1058 647
597 2000
553 1702
984 673
1494 304
1170 1218
1740 1300
1276 1740
808 1684
549 1740
1563 649
39 1999
1740 1951
633 575
1740 1195
1149 1682
628 1740
1740 1681
363 1534
1659 970
185 164
1984 163
1740 304
1740 1496
207 1215
1963 1886
1740 1571
71 1766
1740 1022
1729 1002
785 1740
602 346
1220 1096
716 1142
185 1805
1000 1740
1450 1110
744 1740
1925 1344
695 1740
1047 1488
1740 748
1476 1907
1901 640
1740 865
1021 585
871 801
109 715
818 1740
1895 10
565 1740
1740 1570
332 1325
597 1157
1212 1740
115 1298
1713 93
1311 1740
1452 1289
1740 990
621 660
460 1740
1967 1740
1740 564
988 1371
1458 319
978 1740
1740 537
1348 1679
945 93
1740 1396
227 656
1580 906
1083 1657
1194 823
1740 1694
1274 562
1796 1548
1394 947
487 418
503 1350
1932 1740
1960 939
1740 293
1740 1695
1746 1740
1740 1636
650 1311
185 751
1740 1106
1292 1425
929 211
1512 346
1740 885
1858 280
1689 164
1913 1435
1206 1740
723 1740
1114 338
1184 1930
1740 112
259 484
1740 500
945 1740
1740 778
366 10
949 685
1740 1954
157 784
1585 1740
1740 62
1432 1740
902 1984
1899 236
549 1263
42 237
1048 362
1423 1740
1665 1610
1931 303
1822 1416
764 641
311 859
734 451
1180 219
1540 1154
393 1173
320 920
695 1340
1118 1740
1726 1279
1336 399
339 1740
541 1708
439 1740
1740 608
1359 460
747 1199
1740 1025
1063 1740
1801 820
1740 1171
1740 937
1954 701
302 1740
58 1599
1488 1740
1740 1371
1740 1778
1468 47
1740 734
1964 1740
1549 1080
1383 142
1753 1720
292 1819
660 1797
1173 1740
703 1968
1164 1733
1256 45
1740 155
120 1740
1497 1716
1361 1740
995 268
305 1740
1635 1823
802 901
1740 870
916 947
498 668
832 1130
241 1798
1608 1263
173 441
152 1261
1857 1740
820 1740
1068 1453
1577 744
633 1740
932 1729
1793 1740
634 1740
498 305
1075 1234
1164 1740
1583 1817
203 1740
32 908
345 1740
1740 409
924 866
1249 1143
1740 1156
1740 526
1740 972
1188 336
1809 1740
1106 1570
1740 1579
658 1689
396 1740
92 1941
710 850
1740 1872
638 1740
1473 216
186 471
298 1020
16 495
87 599
622 1740
528 1328
1309 436
1373 698
611 921
1624 1617
1689 1740
1179 1740
869 1997
856 1044
1740 490
1624 1740
1740 93
207 1740
748 1830
1740 437
1865 1960
240 380
1770 980
1199 1558
346 1841
315 1395
1740 97
1258 430
1826 1740
853 1232
264 206
1168 496
279 1
1383 953
1740 1626
961 1740
1740 1308
1936 1022
201 1166
689 1740
1137 1740
1640 1740
187 1283
1950 1740
1007 1553
380 1950
850 518
1231 351
1273 690
1740 70
496 1740
235 1740
1578 1065
530 288
1017 1770
686 1740
208 1223
1740 1800
170 1202
1729 1740
1740 299
645 569
36 1740
686 298
583 1740
1740 419
1670 1740
926 1712
1920 1896
1740 1619
1045 1680
280 1740
463 1687
347 901
76 6
1691 1740
1740 267
1740 434
433 734
1846 560
1883 1740
1977 1740
379 758
1327 428
1462 67
1740 1772
1151 1559
1787 93
1740 239
1740 975
1740 1086
1740 598
1014 1175
1740 1887
1740 37
793 1740
382 1740
1740 1225
361 691
1954 1039
1831 1740
1003 65
1236 419
653 116
986 1007
1827 860
1035 1521
1508 12
1740 1128
689 1236
433 1814
1398 1912
1590 1719
295 1012
1181 1740
1740 1190
232 1254
616 149
1507 1740
443 1740
910 216
1583 1316
1740 1881
55 1464
1734 1740
1875 418
1433 1272
1661 302
763 1424
1740 1616
1740 822
1807 1740
375 1867
1152 314
1627 1592
309 1051
201 152
1530 1542
890 1
775 1468
1810 549
420 1740
641 30
1740 1315
688 133
1661 717
603 896
1647 1056
1740 1720
767 649
1233 1538
1678 1160
662 1740
657 1740
465 510
1740 534
1680 1740
1592 1195
1997 1140
546 1172
1740 1907
707 1949
905 1066
429 1412
672 756
174 1740
1791 188
1419 1913
1718 1752
1740 1295
1194 1531
280 662
1659 1740
1740 407
155 1797
1947 731
398 609
1775 444
1740 1425
1326 1558
972 1326
1978 1791
971 340
1188 1502
973 1495
1740 1072
623 1004
509 1098
379 930
1337 305
1740 1966
699 1740
1740 1263
553 436
888 1845
1940 941
1740 1552
1740 543
1363 1635
454 351
1782 1684
1912 213
1740 180
1495 1740
1941 1860
1931 1414
1740 241
1658 1450
533 917
2 1740
1525 404
15 1898
1177 1740
1740 1048
1871 1740
1163 385
1549 590
1499 105
286 1929
1696 1371
744 656
1421 758
1974 1740
1125 72
1740 1378
1038 530
1740 1969
671 1198
1719 1502
1031 1455
502 109
298 1740
1848 1279
1222 1762
184 135
852 1740
1418 1856
1378 1379
1941 814
1920 1740
930 456
1740 1402
491 1740
1740 12
660 369
1105 1740
757 1887
1487 166
1360 291
1376 1568
449 1740
1663 1236
875 623
1740 1566
1740 1069
696 1423
589 1326
1769 1740
605 1058
1507 663
1228 1740
956 1929
1983 150
904 488
1950 1560
424 1657
1098 666
1740 665
660 416
1513 937
347 1714
1824 535
1740 268
1740 26
1740 1554
1245 359
492 1040
1417 1745
322 903
1469 172
1152 1740
146 1740
1618 1740
1172 668
332 1740
1729 1155
1740 935
1740 1389
350 1933
1740 1288
1391 626
1380 172
1594 1740
658 1289
846 1247
595 293
1740 1979
1740 1175
863 1775
1740 777
1740 1982
1740 602
13 1430
1740 126
1997 1740
379 412
829 1740
569 1023
1740 618
498 210
1821 1676
1318 724
1740 1482
568 1065
903 777
1740 1693
1740 225
614 1783
25 1740
1740 1108
91 1447
63 1622
653 1767
376 830
755 94
982 1854
197 1740
821 1072
1195 135
103 977
1978 1740
181 1655
1606 1168
80 1280
1000 379
1740 311
694 1199
15 1055
1599 598
1956 1878
47 1788
408 1275
1740 1902
1517 1357
1740 1577
1465 1032
52 970
275 1740
1770 1705
598 1265
1021 366
1306 1884
1784 600
758 560
1740 238
1575 185
259 1592
1740 973
1740 3
1499 1539
876 358
584 1740
1938 1740
270 1740
540 1670
92 290
1503 1740
1740 346
1959 1740
1740 1237
1883 107
672 1377
1528 1724
1603 680
1203 1233
1740 485
381 463
1064 1740
307 1740
39 512
907 926
1706 3
105 430
924 1740
1846 1562
1250 385
238 226
571 1740
1946 1740
1710 1740
828 230
9 511
15 1740
1499 1747
14 303
426 1377
10 1612
1740 843
1740 1293
1740 1219
1077 1249
1740 432
1286 140
840 925
1043 1402
863 1740
484 1740
1676 1817
106 1908
95 1580
198 1277
1095 236
1740 493
1740 85
661 1740
1090 467
1707 433
238 968
829 1425
1740 1588
1611 781
22 201
69 890
1967 1118
121 1283
1787 1709
1150 1893
1141 1575
1740 276
1161 1917
25 1101
1740 1479
22 638
1740 1830
1506 914
1740 1514
1823 888
912 1740
1570 1992
590 378
1740 589
910 231
117 1946
1740 413
476 1356
1740 562
1740 587
869 1619
831 1775
1740 966
1283 1314
132 855
1313 857
1746 849
1729 110
787 652
1453 414
1327 572
694 1600
979 516
1740 864
1664 1181
680 1193
1640 1295
1214 1879
178 900
282 1740
1198 979
204 1630
1416 751
1271 1740
1740 1464
1940 1740
1689 191
1740 1629
697 893
1808 1909
176 547
303 1740
174 1688
1189 1740
919 1740
945 782
692 36
181 1125
1740 743
1740 1148
1740 1413
1740 653
994 1740
642 299
160 998
1951 1412
395 1639
1740 32
1740 1448
1250 958
1740 1542
1490 1575
1144 1870
1855 1740
539 382
500 1823
1740 185
730 1397
636 681
1740 1943
1934 284
1740 1047
477 480
1792 1740
1341 1740
1740 1338
655 1740
1674 1740
1922 590
837 1260
1740 83
1740 194
336 1317
31 1740
586 189
1441 486
1740 907
1436 1399
164 1812
141 960
705 555
1809 1883
1262 542
1281 166
1740 623
1128 1490
386 1331
1543 1740
1625 1996
1390 1740
1740 1215
422 450
679 1740
1740 1789
1098 609
868 399
8 1858
178 1295
1740 1804
358 211
1654 1740
1236 807
1740 80
712 1740
1775 1740
1755 1452
1753 1538
853 113
1371 760
383 1380
909 1740
279 1320
1740 839
1394 1740
394 1740
1740 1918
1440 328
1740 506
1740 256
1136 1577
1740 1861
119 515
1032 389
344 515
1331 1740
1399 254
1401 1740
615 1815
1740 322
1498 1740
1858 329
1491 1838
193 1740
1385 205
674 1283
1817 899
283 669
812 221
1740 721
1629 1885
1740 1122
1724 1740
1740 1725
1700 1740
1262 1740
1437 1531
1740 1117
1387 231
795 1797
1740 1983
1035 1227
1740 1337
1740 1376
1562 427
1740 1216
1433 816
1957 720
1740 1042
1740 1731
1958 630
1740 642
1724 614
636 1740
1060 1587
1256 1828
95 798
1587 928
1740 1020
1740 663
947 1740
1718 240
1059 470
1462 13
861 420
525 1760
1356 132
1517 97
1218 1740
1915 1790
874 1729
328 461
1056 1740
915 1546
755 1740
351 1740
608 16
738 563
1967 404
65 64
1909 445
1358 1740
386 1740
1692 1740
1884 1431
642 1320
1634 752
206 1752
350 1740
1981 1740
1740 1238
1611 1740
366 493
756 1119
1152 736
1740 1608
1031 1740
958 105
531 1740
470 1740
1842 141
1740 106
1870 1740
1556 812
1994 1299
299 440
439 873
1310 1905
1622 1740
500 957
1723 1740
1846 1740
1689 1658
954 1657
1740 337
899 1740
1080 1498
1740 1671
1980 300
943 115
1740 807
1740 1730
1740 1415
1182 1740
143 1740
1700 773
370 1810
1043 1740
1650 811
789 164
739 1234
1169 1199
1740 1816
1998 1740
369 1740
1403 1740
480 365
1077 1740
200 1552
630 1740
1208 1746
1740 1246
1933 1376
1740 227
1740 1799
1228 1470
1008 101
541 1709
1740 1458
1961 1740
1537 1260
901 420
1135 557
1910 167
1197 1740
1740 659
1009 1090
1607 666
1661 1740
1740 477
690 1378
2000 1501
1177 839
297 1692
772 635
523 393
1654 190
1222 1740
149 1207
1369 1265
1781 1836
1740 221
1740 283
1274 274
1981 1712
1740 1548
1696 1740
885 134
1145 718
1740 272
887 787
1740 149
1441 1740
816 1740
480 1740
964 659
582 261
503 382
1249 1000
1223 405
1794 1053
1740 920
1740 1455
1016 167
601 1740
816 1517
1740 1737
822 1985
912 892
706 1626
1592 1184
1888 1950
1740 1859
1740 1609
421 798
360 1657
1898 282
1388 1336
1653 588
1713 385
1013 89
1740 291
1740 1528
1318 1740
5 1740
1900 1740
1740 693
1740 1205
1367 1740
400 1228
1740 835
1740 926
1221 1169
1994 1740
1740 563
427 236
107 356
403 342
1214 1065
1462 1978
1937 1740
273 451
177 1731
1535 516
473 1611
373 1740
1740 992
749 1740
999 1740
933 392
62 869
1921 1688
1530 1740
1947 1740
1057 822
594 1920
385 1740
317 1110
1740 1196
605 849
327 1740
1740 1960
85 1386
1364 1759
1662 591
1290 1611
557 1383
1740 137
1306 1836
1744 1740
1611 1261
1718 367
326 1572
574 1740
1740 1372
1740 1373
1776 720
1740 333
1433 1286
255 1370
181 1135
885 561
8 754
13 1395
1790 1740
1994 134
1740 768
698 1740
1359 1813
1477 200
1913 626
1480 1880
1810 1740
1740 1582
1620 581
1192 1748
1740 1685
1740 1082
726 582
1740 857
1032 1485
607 1740
1627 663
1476 1270
1532 1216
480 1912
1120 37
1558 402
1092 1740
1312 1740
1096 1483
726 1740
1740 447
255 1841
1740 1884
1203 231
1538 396
170 1722
1860 1344
204 383
1740 1269
4 1561
259 1273
1822 1407
550 1460
1157 1740
380 1091
1576 842
1740 1527
1661 1927
353 1740
1740 51
423 1724
592 1740
1740 1563
1558 1933
257 1351
1740 949
905 799
1854 1190
147 1603
1740 652
718 1740
1836 1740
880 1740
663 1691
1740 124
743 1280
1602 1740
948 282
1740 711
1740 1988
234 1146
1834 1004
1497 156
996 8
1776 1454
781 1740
1653 1656
1508 1740
647 1983
1076 833
1273 287
802 1740
1740 1210
500 1574
968 289
1538 1740
31 178
856 1740
710 1871
1667 1361
1740 1470
1740 1634
169 878
529 1740
1740 448
1740 286
226 1585
1497 13
713 129
1355 1847
1740 1368
1703 489
1802 1784
1740 330
187 538
14 717
1740 379
311 1762
1740 1663
837 1740
1740 1713
1790 599
1409 788
1050 1740
1701 1159
1845 1566
1896 855
1940 1292
1055 1741
222 1740
1740 190
817 1126
1571 578
1410 1740
938 1409
1740 801
1740 533
255 1994
358 164
1474 1690
1740 812
1260 1740
1189 786
965 949
1066 1959
1068 1862
580 155
944 279
548 1717
664 700
588 1782
1740 1203
736 1740
1312 1017
1353 1740
1177 1830
977 822
1637 1823
2 1507
45 1980
74 413
1140 80
1740 694
1740 824
146 31
924 698
1335 1740
1000 1991
1349 1226
1444 1740
1740 1762
1740 895
952 1740
1780 513
1740 1100
461 1740
1740 776
1740 1707
1233 1740
643 1109
1481 1824
1712 302
478 1740
1740 1555
1662 147
926 1091
1760 1285
1844 1740
1375 617
181 1740
803 699
1356 1786
519 1612
15 734
1056 1527
502 1665
1629 1983
1740 317
547 1740
998 1347
892 1381
1740 1784
1740 1811
107 116
1740 1975
1010 422
281 1740
857 293
795 1740
491 273
1153 838
186 1740
1147 1954
1413 1000
1740 1531
989 1470
1409 1740
413 1954
359 1740
787 202
139 1109
1740 1165
1740 641
1979 346
1206 445
1740 1953
718 1503
739 872
963 1851
1740 1327
1082 1284
1656 1382
892 1740
1740 611
1740 428
1360 1740
1090 1742
1740 1083
98 572
999 33
321 12
383 1196
1061 1740
1740 1032
13 1740
1614 460
465 1740
996 1740
1740 851
529 496
1740 1059
1817 1897
1686 1740
324 1791
159 1757
208 1740
540 1740
442 1740
1740 799
1740 566
1473 1358
1649 1740
1740 1309
1435 545
1740 6
51 119
1976 1740
1074 552
1579 319
373 612
1536 281
739 737
1740 200
263 1882
1170 1459
1395 1351
78 187
261 1889
1740 806
1740 1590
1627 1740
1740 1220
63 1740
1144 1677
124 588
1405 1187
1740 1155
1775 466
22 256
285 391
1016 1740
73 1976
1023 1740
1740 476
1993 1740
40 1740
1740 535
773 123
1485 498
1011 1740
329 1415
1907 788
188 1740
1169 1740
1521 1361
278 1140
471 487
1364 1740
1740 324
512 715
410 1492
133 1740
1923 980
1118 1788
455 405
1147 1740
750 1398
960 1395
1740 991
1862 285
422 1220
1416 1449
1740 1172
1740 1384
1384 255
479 1740
1419 1740
922 1633
292 478
1721 934
1330 463
115 316
68 531
1740 1821
1587 1740
1823 389
357 44
932 1740
872 606
1748 557
1740 331
1972 1020
205 842
1884 647
343 1740
1647 1027
1376 316
1740 1170
1740 1483
1334 434
253 219
1740 249
1811 1805
1041 1924
1740 1995
1754 144
1918 907
1532 1740
788 1740
91 1740
1554 1583
557 1740
811 1740
884 1740
21 1352
1210 257
1740 1329
1740 1756
1845 1790
1143 1740
1249 1740
1740 153
363 1983
1539 1740
519 1740
395 1711
1456 1076
201 405
1740 247
778 1473
392 988
368 1083
920 1427
1097 400
446 180
446 344
1234 1740
69 675
1740 1336
1740 1280
1803 1740
1283 179
1286 645
710 1740
1725 1520
1525 1957
1438 1924
108 179
1740 983
166 1740
1740 1244
1729 1575
47 1257
1544 181
752 611
524 1740
1740 595
1182 1245
1740 1612
1828 562
72 643
220 1740
474 1740
1330 49
1066 1833
705 1488
974 522
304 60
1358 800
1639 1177
1300 686
1340 1388
1740 242
506 1744
1265 86
172 1540
998 1740
1740 733
709 1740
1546 1649
1638 796
441 1089
254 450
1091 935
1365 1132
1612 262
1718 1740
472 513
165 1100
869 1596
1740 1551
1123 1740
1466 569
1557 1324
1851 1740
974 1941
1986 353
661 399
1740 739
1740 440
682 143
72 724
830 1493
1740 590
1740 361
1712 1874
1740 831
138 1740
347 657
1740 1130
1424 1740
1740 1348
1740 910
178 454
1740 1434
93 1118
1064 1304
1744 1320
1536 1740
613 1150
805 617
1539 1297
335 1740
648 93
725 1780
1599 969
648 1815
939 1988
1740 1776
778 68
239 773
1615 1209
1713 1168
1740 732
107 1004
548 1740
1275 1630
1740 499
1396 1328
649 1759
221 1816
1595 618
44 816
247 1278
813 1256
636 1490
961 88
519 726
1359 1953
1066 1740
1558 1141
1740 1787
452 690
1592 57
1740 1493
365 927
177 1894
127 1740
621 1975
952 1190
1740 1002
836 1231
538 1740
1737 1320
114 487
529 1846
1295 675
476 458
1274 1963
1740 1377
755 589
1497 1693
1711 1740
1740 1084
1740 152
1191 122
1621 1740
1740 1272
206 613
1499 1740
764 1888
1694 72
1740 1060
333 1929
1858 1740
1676 1285
1740 1096
1818 1002
1595 1863
575 1651
83 1853
1547 1376
1352 1740
1678 103
403 857
977 616
613 1400
1402 1098
399 1740
945 975
781 1660
206 1740
639 1740
1839 1115
140 1324
80 540
615 1468
1704 1098
956 1074
1095 1752
296 1563
1662 1973
497 1819
845 1486
675 1040
1242 1027
866 344
1140 1740
1016 1135
1740 1180
1637 58
1786 803
913 1171
1377 823
599 1740
5 1190
1740 1469
1740 1667
731 705
1763 1958
1740 1461
1740 1825
457 164
1740 1842
485 321
415 406
738 1740
1063 1558
1443 1740
1826 782
1412 352
1047 1234
173 1740
439 667
1015 1740
1774 1515
1756 1849
1740 555
670 1355
1178 1950
82 285
58 1740
885 1488
925 1926
1493 650
1740 917
1617 1740
216 589
1740 1200
685 1220
250 1678
376 1094
1438 1061
546 1928
