1000 10000
101 24
94 24
86 24
57 24
28 8
1 96
2947 480
480 96
2678 480
15362 6240
29 8
337 96
174 96
253 24
99 24
40 8
190 24
21951 6240
2268 480
590 96
1 6240
568 96
36718 6240
41 8
562 96
154 24
505 96
995 480
60 8
59 8
49 8
371 480
333 96
343 96
1743 480
38 8
15936 6240
375 96
13633 6240
15673 6240
29 8
122 24
458 480
17 8
503 96
19 8
35 8
478 96
58 8
1188 6240
71 24
75 24
28433 6240
436 96
1042 480
2264 480
1406 480
200 96
3549 480
362 96
26 8
91 24
1483 480
53 24
1620 480
1104 480
37171 6240
511 96
2362 480
24302 6240
1 480
4065 480
42 8
160 24
104 24
57546 6240
113 24
559 480
493 96
119 24
123 24
19671 6240
115 24
274 96
103 24
445 96
105 24
32 8
83 24
38 8
297 480
2865 480
3865 480
59 24
141 24
19463 6240
153 96
31379 6240
472 96
1 96
780 480
141 24
135 24
582 96
48 8
23 8
99 24
409 96
28815 6240
766 480
157 24
229 96
27200 6240
29654 6240
399 96
2063 480
35852 6240
27 8
3090 480
438 96
13981 6240
513 96
482 96
353 96
24 8
57 8
2022 480
710 480
111 24
262 96
30747 6240
113 24
32261 6240
440 96
531 96
34705 6240
1209 480
293 96
93 24
967 480
153 24
898 480
3022 480
1683 480
600 96
30 8
9949 6240
44666 6240
16 8
30 8
2199 480
35 24
23 24
861 96
18942 6240
45 8
12 8
46612 6240
49 8
24077 6240
1618 480
1 6240
47 8
2450 480
136 24
28045 6240
153 24
2417 480
28 8
1851 480
2024 480
2635 480
1700 480
50 8
521 96
30103 6240
2272 480
373 96
158 96
2539 480
16356 6240
14234 6240
2691 480
104 480
24288 6240
51955 6240
2253 480
393 96
29842 6240
77 24
92 24
44034 6240
2399 480
24414 6240
140 24
29 8
246 96
2627 480
53 8
128 24
1834 480
430 96
1 8
15954 6240
1240 480
357 96
27 8
21456 6240
40556 6240
9 8
37 24
315 96
27 8
17944 6240
51 8
36 8
597 96
12158 6240
1 24
597 96
90 24
292 96
25226 6240
372 96
19627 6240
2110 480
2311 480
22 24
262 96
66 24
1976 480
51 24
3190 480
2353 480
125 24
814 480
524 96
32487 6240
2011 480
671 480
386 96
28 8
150 96
16269 6240
43 8
296 96
176 24
235 24
2546 480
546 96
35284 6240
28086 6240
5 24
28098 6240
55 24
346 96
1929 480
128 24
31 8
45 8
439 96
116 24
385 96
27585 6240
36934 6240
398 96
86 24
22 8
31009 6240
1134 480
401 96
49 8
1 24
36 8
19 24
30 8
113 24
3022 480
484 96
3029 480
365 96
2534 480
116 24
24 8
2206 480
1 96
12 8
40 8
107 24
604 96
36 8
10409 6240
49 8
33217 6240
2317 480
51263 6240
641 96
21776 6240
18 8
612 96
1723 480
304 96
38373 6240
21115 6240
59731 6240
19648 6240
186 24
2780 480
60 24
52 8
98 24
78 24
31115 6240
20132 6240
39 8
125 24
418 96
10 8
31614 6240
1736 480
1590 480
28892 6240
65 24
31 24
37732 6240
1426 480
1432 480
18130 6240
182 96
166 24
57 24
28456 6240
1 6240
1453 480
10459 6240
4498 480
65 24
30367 6240
2314 480
32 8
2844 480
1757 480
45015 6240
23 8
53 24
838 480
29626 6240
33 8
23655 6240
146 24
40773 6240
3145 480
22180 6240
179 96
2704 480
61 24
2845 480
1913 480
35276 6240
49 8
29488 6240
41201 6240
1190 480
29229 6240
663 96
131 96
1 96
26784 6240
118 24
1 8
7102 6240
162 24
368 96
709 96
44593 6240
101 24
41 24
135 24
2718 480
1 8
38650 6240
2638 480
2468 480
398 96
12273 6240
95 96
44 8
385 96
86 24
379 96
12 8
667 96
1475 480
1650 480
19 8
55 8
50 8
25 8
43 8
1484 480
1112 480
40466 6240
669 96
44 8
30 8
557 96
30153 6240
47 24
287 96
195 24
494 96
25729 6240
44 24
86 24
46 24
22 8
233 96
340 96
120 24
26260 6240
88 24
3386 480
2347 480
192 96
1120 480
89 24
538 96
136 96
2417 480
20 8
123 24
1 96
118 24
93 24
98 24
33 8
1322 480
115 24
12666 6240
2129 480
128 96
589 96
1518 480
466 96
28822 6240
29 8
56 8
112 24
1780 480
1 6240
1597 480
231 96
452 480
21612 6240
1266 480
22876 6240
297 96
47 8
28556 6240
19 8
382 96
1721 480
348 96
33680 6240
27 8
50 8
1148 480
154 24
640 480
28009 6240
131 24
36807 6240
8 8
29 8
2511 480
45 24
78 96
74 24
22537 6240
20191 6240
15967 6240
98 24
2781 480
971 480
3903 480
492 96
288 96
213 96
35 8
4447 6240
1681 480
1011 480
537 96
88 24
122 480
109 24
1609 480
194 96
38 8
3746 480
33166 6240
245 96
43 8
2469 480
30785 6240
30 8
14 8
615 96
38 8
23593 6240
3198 480
2544 6240
327 96
50 8
10595 6240
595 96
96 24
96 24
41698 6240
2435 480
426 96
13 8
1439 480
42806 6240
25426 6240
23 8
110 24
586 96
30 8
370 480
26 8
4 8
33 8
2239 480
22132 6240
3433 480
32 8
36 8
75 24
76 24
9418 6240
119 24
17 8
57 24
2832 480
20 8
28780 6240
22565 6240
334 96
26 8
124 24
942 480
56 8
75 24
40 8
190 24
23 8
169 24
450 96
278 480
2063 480
1738 480
43251 6240
26 8
54 8
299 96
314 96
223 480
118 24
40 24
1768 480
25552 6240
2818 480
449 96
368 96
40982 6240
56 24
45 8
23046 6240
42 24
76 24
46 8
145 24
77 24
107 24
39515 6240
194 96
37 8
1027 480
42611 6240
12 8
1240 480
59 24
32 8
3390 480
97 24
1480 480
1577 480
1 6240
40 24
25 8
27598 6240
130 24
2992 480
1 24
12879 6240
23 8
57 8
119 24
364 480
45902 6240
23247 6240
530 96
39 24
90 24
2153 480
473 96
26600 6240
99 96
2006 480
16877 6240
121 24
465 96
340 96
14665 6240
479 96
478 96
35 8
664 96
23 8
435 96
128 24
1086 480
2768 480
1856 480
772 96
33468 6240
34217 6240
23595 6240
15 8
104 24
19 8
463 96
32828 6240
38332 6240
37148 6240
640 96
33 8
35362 6240
22 24
19 8
176 24
2875 480
104 24
109 24
17323 6240
128 24
20 8
46287 6240
54 8
19 8
101 24
1157 480
362 96
25534 6240
35 8
1057 480
304 480
787 96
32 96
215 96
207 480
170 24
30183 6240
64 24
107 24
352 96
32 8
20102 6240
42882 6240
1091 480
169 24
468 96
2236 480
36 8
11 24
29 8
71 24
871 96
40 8
633 96
49 24
154 24
147 24
465 96
237 96
3923 480
23 24
38302 6240
204 480
1920 480
18 8
47885 6240
117 24
198 24
2 8
34 8
92 24
20471 6240
50 8
1 8
23131 6240
1536 480
3169 480
29312 6240
87 24
418 96
97 24
300 96
50 8
18450 6240
2225 480
22955 6240
95 24
117 24
36387 6240
34 8
292 96
23 8
19 8
135 24
222 96
2359 480
1396 480
454 96
30063 6240
59 8
671 96
74 24
1 8
35 8
24 24
489 96
22 8
68 24
1647 480
26 8
37 8
1181 480
41 8
2909 480
1 8
53 96
3077 6240
2546 480
773 96
3799 480
25185 6240
39892 6240
501 96
346 96
1076 480
1645 480
452 96
31741 6240
29 8
118 24
33 8
528 96
431 96
848 480
40296 6240
37 8
873 480
34268 6240
41 8
174 96
43098 6240
31573 6240
33 8
15 8
1085 480
159 96
67 24
23779 6240
65 24
139 24
2559 480
219 96
45 24
173 96
330 96
516 96
28 8
666 96
119 24
345 96
13578 6240
505 96
1047 480
41 8
165 480
37 8
112 24
2217 480
12 8
318 96
32006 6240
466 96
3447 480
72 24
24 8
263 96
416 96
1 8
2483 480
24690 6240
20 8
183 24
106 24
37 8
1 480
41 8
30619 6240
130 24
33942 6240
1899 480
40085 6240
146 24
22152 6240
280 96
2014 480
466 96
156 24
2352 480
836 480
420 96
17 8
2310 480
29875 6240
127 24
11838 6240
5 8
3081 480
24810 6240
15438 6240
418 96
13 8
24503 6240
34206 6240
22621 6240
24 8
2288 480
114 24
92 24
30047 6240
783 480
2586 480
24100 6240
436 96
2956 480
91 24
40 8
64 96
30342 6240
685 96
355 96
131 24
91 24
89 480
34072 6240
196 24
248 96
410 96
30852 6240
75 96
2469 480
31 8
787 96
25535 6240
1734 480
155 480
17069 6240
20129 6240
328 96
157 24
27108 6240
225 96
27293 6240
377 96
1 24
39686 6240
28314 6240
105 24
100 24
95 24
22004 6240
83 96
2298 480
20451 6240
72 24
17 8
380 96
38 8
484 96
31 8
352 96
104 96
457 96
2477 480
86 24
19960 6240
30 8
12828 6240
33404 6240
11 24
1601 480
42 8
434 96
31 8
22 8
1 96
2609 480
46 24
39 8
10 8
158 24
17362 6240
30 24
390 96
1155 480
42 8
23997 6240
27262 6240
228 96
3438 6240
44 96
85 24
10455 6240
401 96
1681 480
132 24
84 24
354 96
30215 6240
31869 6240
1 96
6326 6240
404 96
138 24
588 96
1062 480
193 96
55 8
173 24
116 24
1 8
49 24
538 480
14 8
757 96
7195 6240
123 24
734 96
47 8
224 96
47 8
589 96
38 8
1733 480
89 24
569 96
39853 6240
16 8
14861 6240
15383 6240
44439 6240
23 8
3205 480
319 96
33967 6240
52 8
22 8
128 24
20 24
29152 6240
33 8
501 96
23755 6240
108 96
2122 480
2359 480
728 480
580 96
1 8
547 480
345 96
1869 480
1813 480
23 24
