50 45 1000
BBBAAAAABBABAABBBBAABBBBABBAABBAABABBBBBBABAB
BABABBBAAAAAAABAABABBBAABABBBBABABBBABBBBBABA
ABBAAAABAABBBABABBAABBBBBAABAAABAABABAAAABAAB
BBABBABABAAABBAAABBABBABABABAAAAAAAAABAAAABBB
BBABBBABBAAABBBAABBAABAAABBBBBBBBAABABBBBABAB
BABABAAAABBBBBBABBABAAABBAAABBBBBBABBBABBAABB
BBAAABAAAAAAABABABABBBBBBBBABABAAAAAABAABBBAA
ABBAABBBBAABBBABBBAAAAABBAABABAAABBBABAAABBBB
BABBBBBBBBBBABABAAAABBBAABABAABABAAAABAABABBA
BBAABABBAABABAAAAABAAABABBBBAAABBABABABAAABBB
AAABBBAABABBAABBBBABBBAABABBABBABBBBAAAAAAAAA
BABABBABBABBBAAABBABBABBBBBAAABABBBBAAABBAABB
BABBBBAABABBAAAABAABAABAAAABBBAABAABABAAAABBA
BBAAABBBABAABBBBBBBBABBBBABABABAABAABBABABBBB
AABAABBBBABBBBBAABABBBBBABBAAABAABABBABBBABBA
AABBABBBAABBABAABBABBAABAAAABBABABBBAABAABBBB
BBAABBBAABBBABABABBABAABAAAAABBBBABABBBAAAABB
BAABABBAABABAAAAAAAABBBBBBBBAABBBBABBBAABAABB
BABBAABAAAAAAAAABBABBAABABBBBBBBAABAAABAAAAAB
BAAABABBBABAAAABBAABABABAABBBBABBBABBBABBAABB
AAABABABAAABBABABBAAAAABABABABAAAAAABABABBABA
ABAABBBBABBBBAAAABAABBABABBABABBBBBAABBAAAABB
BAABABABBABBAAABAAAAABBBAABBBABAABAAAABBABAAB
AAAAAAAABBBBBABBAAAABAABABBBAABBBABBABAAAAAAB
BAABBABAAABAABAABABBBAAABBBABAAAAABABABBABBBA
BABABBBBBBAAAABBAABAAAABAAABAABABABAAAAAABAAB
ABBABBBABBBBBAAAAAABBABBAABBABBAABABBBBAABABA
BBABABBBBBBABBABBAABAABBABABAAAABABABBBBAAABB
AABAAABBBAAABABAABBAAABBABABAABBAAABBBBABABBB
BAAABBBAAAAAABBBBBBBBAABBABABABABABAABBAABAAB
BBAAAABABABBAAAAABBAABBAABABBABBBBBAAAABABBAA
BAABAAAABABBAAABBBABABAAAABBBABABBBABABBABBAB
BBAAABBAABBBBBABABAABAABAABBABABAAAABABAAABBB
BBAABBBBABABBAAABBABAABABAAABBBABAABBAABBABAB
BBBAABBAAABBAABBBAABABABABBAAAABBABABABAABBBA
BABBAABAAABBBBABBABBBAABABBBBAAAAABBBAAABABBA
ABABBBABBBABBABAABBBABBAAABBABAABABAAAAAAABBB
BAAABBBAABABBBBABBBBBBBBAAABBAABAABBBBBBABAAA
ABBBBBBBAAAABBBABBBABAAABAAABBAABBBBBAAABBABB
BBBABABBBBAAABAABBBBBBBAABAABBABAAABBBAAAABAA
AABAAABBAAAAABAAABBABBBBBBBBAABABAAAABBABAAAA
AABBABBBABAABBAAAAABBBBBBAABBABAAAABBBBBAAABB
BBAAAAABAABABAAABBBAAABABABAAABAAABBAABBBAAAA
BAABABBBABBBBBBAABBBBBBBBAABBABABBAAABAABBABA
BBABAAABBBBBAAABBBAABBBABAAAAAABAABBAABBAABAB
BBBBABBAABABABABABBBAABAAABBAAABBBAABBAABBBBB
ABBBAAABAABBBBAAABABABBBABBBAAAABBBBBAABAABAB
BBABBABABBAABAABBAABBBABABAAAAABAABABBBABAAAB
AABABABABBAABBBBABAAABBABABAABBBAAAAABBBABAAA
BBBBAAABBBAAABBABBBAABABBAAAABAAABAABAAAABAAA
4 26 21 36
13 4 43 6
16 16 43 38
18 35 35 36
41 2 47 22
23 26 44 44
21 1 26 7
6 6 48 43
34 27 46 44
28 7 33 25
2 7 6 23
41 37 46 42
26 15 32 42
21 23 25 43
4 11 24 24
34 38 35 43
14 18 42 20
37 12 38 15
23 21 31 30
7 3 20 14
14 13 40 45
19 24 45 40
6 36 16 43
38 9 48 35
1 8 14 25
2 6 39 11
23 1 45 7
20 30 20 44
3 9 33 38
13 10 32 42
46 4 49 6
14 25 18 26
5 31 36 39
9 15 30 40
24 4 46 10
28 13 38 32
28 40 49 43
7 14 26 16
21 16 43 24
4 34 29 39
22 1 33 21
6 10 22 40
29 1 48 4
9 24 9 25
12 31 23 40
7 14 40 20
46 34 48 43
27 7 44 8
13 13 47 18
4 22 47 37
39 16 45 40
34 3 38 21
7 34 44 37
38 3 41 21
27 25 30 33
18 22 26 39
8 16 46 33
2 30 30 37
16 20 32 26
15 4 44 40
2 39 23 41
30 6 33 15
25 12 41 35
5 12 19 39
13 10 17 24
22 6 28 23
10 24 42 26
12 2 16 43
20 30 23 44
5 40 32 42
25 12 34 29
9 6 45 10
23 11 43 33
14 36 30 44
6 25 10 30
10 29 12 29
8 26 36 41
14 39 40 42
1 28 36 31
25 14 42 39
4 22 49 29
28 23 42 25
13 20 30 41
16 2 32 4
1 29 47 30
23 17 39 21
16 3 28 8
27 2 31 41
19 10 26 39
14 3 32 24
3 37 18 37
18 35 46 38
37 2 42 6
2 42 43 45
21 1 35 4
9 13 36 16
46 20 48 40
3 30 34 33
20 5 38 30
19 21 19 31
16 25 38 35
16 22 17 23
11 12 29 40
25 16 46 43
5 36 9 44
9 1 22 28
12 1 46 16
11 1 33 28
2 1 11 11
7 11 35 14
25 14 28 45
17 2 45 25
12 29 36 44
8 4 23 21
2 13 34 19
1 35 7 37
11 11 50 45
29 37 42 43
21 1 44 9
25 14 27 25
38 14 46 30
6 12 7 34
31 18 50 40
25 26 33 30
4 4 12 20
39 18 39 43
9 13 17 31
28 1 43 35
2 12 11 38
40 15 41 18
6 12 37 30
6 5 26 20
50 8 50 10
17 3 41 38
11 18 22 20
18 6 44 17
25 18 49 24
9 1 16 18
11 23 20 38
37 6 49 29
20 8 34 28
44 12 45 16
6 4 9 18
15 13 25 28
15 5 20 40
38 18 46 29
14 14 18 31
21 24 34 27
1 18 27 33
22 12 50 13
9 36 42 39
22 6 24 43
43 5 44 38
14 4 29 4
1 27 18 44
16 22 44 44
17 9 44 15
8 7 18 23
4 3 32 36
2 41 15 45
17 16 43 44
3 11 36 44
16 9 48 13
29 43 37 43
24 17 27 32
30 16 35 18
29 22 48 29
3 11 45 44
23 8 38 36
12 18 28 23
29 11 45 24
2 4 40 14
15 19 42 45
44 23 49 23
9 22 34 27
20 26 50 27
14 15 27 33
20 16 49 26
28 16 48 19
15 18 37 27
28 32 39 38
8 2 30 28
39 2 41 18
3 27 16 45
3 39 9 44
31 23 37 25
2 18 21 36
6 8 9 26
2 26 15 35
8 16 10 19
33 44 33 45
12 13 35 45
28 2 35 30
8 14 15 24
5 8 38 21
8 16 37 25
5 14 29 34
31 28 45 36
5 40 36 45
6 5 27 21
21 30 41 37
18 33 50 41
5 11 14 30
28 17 29 41
33 15 45 41
6 9 24 14
20 5 28 42
8 6 38 30
13 9 43 23
3 38 42 43
8 4 39 18
4 8 32 43
1 25 36 26
16 28 24 45
19 31 44 45
8 1 42 30
13 15 44 40
19 10 31 14
8 24 41 29
23 18 27 38
12 17 44 37
8 32 19 39
23 4 38 24
45 19 47 39
11 43 35 44
20 8 33 23
35 11 49 26
45 1 49 7
16 2 35 14
22 15 50 42
11 8 47 44
12 1 29 38
30 15 40 27
15 5 15 22
42 8 45 27
48 6 50 7
12 33 42 34
4 4 19 29
9 34 31 38
31 9 50 25
19 2 44 21
26 7 32 36
29 3 36 44
12 13 13 38
15 28 46 31
7 7 26 19
1 11 16 38
16 18 24 40
24 7 31 43
4 2 24 33
13 4 27 32
17 30 45 38
10 2 47 45
16 4 36 29
4 6 5 12
1 13 26 44
3 35 12 38
17 41 28 42
21 6 34 30
12 7 43 28
11 10 20 19
8 15 17 36
20 4 49 34
2 4 27 37
21 32 32 35
45 32 48 42
7 22 29 23
40 3 40 5
1 37 17 42
7 6 49 32
2 30 34 36
9 5 28 42
40 31 48 43
1 10 19 16
11 19 39 19
24 5 32 12
13 23 20 23
32 6 36 22
21 2 25 44
27 19 29 20
4 9 27 27
20 6 40 42
24 19 49 33
12 9 40 17
21 14 44 18
1 13 27 27
7 3 43 35
7 38 41 45
26 18 35 33
20 3 45 34
28 4 46 20
17 19 45 25
17 28 22 41
5 21 43 35
23 31 48 37
47 16 48 32
1 2 44 15
18 33 26 38
12 16 19 38
33 18 49 22
37 5 43 21
10 1 16 31
14 10 32 29
26 10 29 21
27 29 37 31
1 16 9 35
30 13 48 34
8 17 31 37
22 5 29 23
3 2 7 5
5 24 49 43
8 21 15 35
1 7 27 31
6 12 23 43
15 10 37 19
38 2 38 45
36 17 50 30
4 17 20 34
42 18 49 44
22 20 27 34
14 23 28 29
32 6 41 16
18 10 24 33
34 19 40 40
40 22 47 32
6 5 37 22
27 20 35 25
36 20 38 41
1 9 37 24
13 1 28 8
22 10 36 25
11 10 19 27
24 14 49 16
18 5 20 39
30 27 41 35
12 9 32 30
8 14 50 31
6 21 26 42
26 3 36 29
18 7 25 25
14 21 41 39
4 22 44 38
23 19 47 42
16 5 28 34
22 41 44 45
30 8 39 41
17 3 44 45
28 4 49 16
11 27 39 28
18 29 27 33
5 5 46 30
16 4 26 41
20 17 41 38
7 4 11 26
7 8 44 21
6 24 50 42
38 21 50 33
5 17 23 35
29 8 47 42
8 19 27 35
4 24 37 26
16 27 20 29
3 6 45 17
24 18 31 45
24 2 36 8
3 4 8 39
13 3 36 30
24 9 30 35
3 23 37 44
5 23 10 44
1 20 49 43
9 16 33 42
42 5 45 23
25 8 32 38
32 8 47 8
7 31 34 32
16 4 21 12
46 41 47 43
13 9 27 10
2 4 28 41
17 21 46 45
35 22 48 23
32 37 42 43
16 32 24 42
27 31 33 38
10 1 15 28
6 2 24 25
16 22 24 35
18 4 22 17
24 25 44 42
12 6 18 19
15 4 45 12
2 24 8 36
5 12 42 40
14 11 49 43
5 10 21 41
11 21 32 43
16 6 30 11
1 11 39 35
8 31 37 43
15 18 44 32
13 27 47 32
12 10 41 35
20 7 36 33
24 38 32 41
19 4 28 6
39 35 43 44
9 2 37 17
10 10 29 33
37 5 37 25
15 35 41 44
7 41 35 43
13 31 16 45
39 14 49 33
7 6 35 31
8 1 26 9
8 3 22 15
8 6 12 11
1 4 37 29
16 13 44 21
44 12 48 45
27 36 46 40
20 14 31 22
10 26 40 41
2 7 27 39
16 17 45 24
34 24 41 34
3 9 37 38
33 14 38 33
5 15 47 43
10 2 46 45
12 17 29 37
12 6 13 17
48 17 50 43
24 15 45 23
31 13 38 14
10 2 41 8
22 12 37 38
37 7 38 18
18 16 31 32
16 2 17 5
13 27 28 31
11 3 25 45
24 12 36 39
8 10 28 12
16 38 22 42
8 5 26 31
1 7 43 24
30 7 39 36
4 26 16 37
9 22 48 35
17 20 28 21
8 3 20 5
8 3 16 15
18 13 26 24
21 27 47 39
42 24 43 29
13 15 32 19
12 33 27 43
19 21 24 27
21 10 50 28
16 12 42 30
20 3 24 14
19 12 39 26
8 5 25 25
11 10 30 23
2 1 37 38
13 15 48 32
1 12 42 43
19 21 24 26
20 13 25 28
15 21 27 27
17 32 32 33
21 11 28 35
6 13 8 22
19 32 22 40
20 17 34 22
13 26 37 35
30 5 42 11
30 16 33 42
20 5 45 17
14 19 23 41
1 15 29 41
40 14 48 29
4 19 43 20
14 26 46 27
20 4 44 23
2 21 11 40
42 13 50 36
24 32 45 44
3 3 18 8
7 2 13 25
1 3 17 33
9 2 21 21
14 4 41 31
5 4 33 13
11 14 12 33
15 16 23 38
22 17 39 26
35 18 38 22
11 23 34 35
10 6 42 10
22 35 37 35
26 8 26 39
8 8 31 11
8 8 24 18
13 7 15 19
20 30 48 34
9 28 20 38
18 32 30 38
5 24 49 45
30 18 48 36
21 31 24 42
39 40 46 40
28 23 44 39
27 23 50 28
14 5 22 32
2 7 5 12
1 1 23 30
8 33 22 34
28 11 36 39
5 16 21 40
11 4 25 12
17 34 28 37
16 29 34 32
22 14 45 24
24 25 36 26
12 22 28 34
16 10 24 37
5 23 13 33
30 28 40 28
2 6 19 33
26 35 38 39
4 38 34 43
3 1 44 25
34 12 36 14
12 16 19 45
30 18 33 39
7 11 36 43
35 15 47 16
21 14 44 24
38 8 47 28
21 10 40 29
6 15 17 37
1 13 35 32
1 15 7 35
5 13 39 21
35 14 47 28
2 20 49 41
1 23 37 45
20 3 32 42
41 10 44 45
9 26 30 26
12 18 23 24
3 18 26 37
17 1 44 11
26 28 32 44
2 9 29 28
8 11 40 36
6 6 40 25
18 16 37 39
10 30 37 34
2 14 33 17
16 18 36 30
37 36 38 36
3 2 20 31
1 10 2 36
1 4 45 40
26 32 37 39
19 1 26 2
36 10 50 31
2 5 46 31
20 4 46 45
30 7 48 24
14 1 27 37
20 15 22 26
30 25 31 42
9 17 48 45
24 12 49 44
1 2 40 16
11 11 29 14
11 8 29 39
3 12 45 41
16 1 49 28
10 5 44 19
1 11 21 28
17 8 40 28
8 16 25 33
6 27 32 45
39 18 41 41
42 7 47 15
9 23 34 42
20 39 33 43
28 39 32 40
22 3 48 45
16 15 42 15
11 23 50 27
22 23 45 32
16 35 46 43
2 23 25 32
17 7 30 20
3 8 48 16
21 25 32 34
42 44 48 44
20 28 30 44
37 25 49 37
10 16 44 20
5 14 26 25
12 12 14 28
2 13 12 33
36 9 39 20
7 2 19 19
12 30 38 37
11 28 21 39
19 9 48 36
13 21 36 44
27 12 43 35
15 38 35 44
27 4 43 19
17 9 41 12
8 23 11 29
16 6 45 9
14 12 28 42
47 37 49 43
9 9 22 39
6 18 16 23
19 10 41 26
20 1 45 33
3 36 4 43
7 37 42 43
27 34 40 43
2 28 41 28
14 19 49 28
26 28 37 42
5 32 42 43
23 2 32 37
33 12 46 45
20 4 42 17
28 4 34 39
9 16 41 33
7 22 16 45
34 2 36 40
21 22 36 42
14 17 41 42
2 16 40 36
18 24 18 38
9 13 30 41
33 34 37 35
16 11 30 28
5 10 13 28
8 21 28 37
11 31 15 33
10 4 48 27
14 18 27 39
2 2 28 43
35 4 46 42
28 35 30 40
41 1 50 26
34 36 35 43
22 3 49 43
4 21 45 44
1 12 2 31
16 10 46 44
7 36 15 39
6 23 44 23
13 27 45 43
36 20 46 28
28 6 37 25
22 12 48 17
4 21 44 29
31 1 39 11
34 10 35 38
34 36 45 39
6 15 20 25
15 19 46 29
6 16 21 25
9 24 15 25
34 18 37 21
7 5 37 19
5 15 47 33
34 37 45 40
7 18 39 40
18 3 43 26
21 17 32 43
2 9 44 34
25 15 48 35
6 15 12 35
8 17 28 19
2 4 24 17
13 6 27 19
10 32 20 45
1 21 15 43
19 7 25 27
1 4 35 20
24 13 45 25
22 12 46 26
42 5 48 42
4 16 39 33
9 20 46 25
15 17 48 44
14 5 26 11
22 25 27 41
22 9 50 13
38 13 40 20
28 1 48 42
24 20 47 28
19 42 19 44
12 7 19 28
46 14 50 42
10 8 48 22
30 5 41 19
2 20 10 27
41 14 50 15
26 11 42 19
15 25 27 29
35 16 46 41
4 4 5 29
29 5 39 6
34 10 46 18
34 7 36 23
14 1 38 11
17 40 46 42
17 19 19 31
5 9 42 35
38 1 41 31
2 32 36 37
14 27 23 40
2 16 42 45
9 3 12 42
15 12 49 44
5 16 25 39
19 8 42 15
19 5 33 9
33 10 44 13
27 11 46 32
5 31 31 40
15 34 35 35
18 9 44 18
10 16 14 20
18 27 31 33
14 5 41 20
24 9 35 23
32 4 33 8
13 15 38 32
4 10 43 35
13 37 38 40
3 3 42 25
38 9 44 21
37 19 50 22
33 7 48 9
10 32 34 44
7 11 26 44
5 20 12 29
29 10 37 38
12 3 32 37
32 25 40 32
9 36 18 44
10 22 29 22
28 39 32 44
7 32 13 37
13 1 39 37
20 12 38 16
38 1 42 7
4 25 22 40
30 10 45 34
4 20 39 34
20 10 34 24
22 16 35 41
8 30 33 39
15 7 49 43
5 23 48 35
15 11 37 22
26 7 30 30
4 8 37 23
4 14 13 25
19 11 40 33
3 23 12 23
27 38 47 41
2 8 46 45
42 9 43 26
13 22 47 37
23 14 27 14
32 5 47 11
8 23 20 37
15 19 43 25
29 28 29 43
22 2 36 45
1 26 29 31
8 8 40 21
34 10 36 26
21 9 46 37
20 9 22 43
7 7 29 32
14 2 27 42
4 8 13 35
11 1 33 41
21 6 35 35
10 4 13 8
26 23 35 30
11 41 46 41
34 11 37 42
10 2 11 24
22 12 48 21
36 9 44 44
14 6 32 7
11 38 12 45
15 33 16 42
9 17 18 40
8 11 36 34
13 34 41 40
16 41 32 41
5 6 34 26
15 22 37 30
30 3 36 25
9 36 30 45
33 29 43 36
15 42 44 43
22 19 46 43
12 14 16 43
22 8 32 26
30 19 33 25
20 11 29 22
10 4 42 34
37 13 47 22
7 14 13 40
4 1 42 8
42 7 49 30
14 4 38 38
5 30 17 37
23 5 41 45
32 1 45 10
7 28 19 40
18 18 39 24
20 12 44 25
1 17 7 26
20 11 42 22
17 5 42 20
13 7 26 41
7 36 20 37
10 21 42 33
14 3 18 10
43 24 47 43
29 19 45 30
17 3 42 34
31 13 39 36
4 22 12 27
31 19 34 35
4 24 17 34
12 8 20 39
32 40 36 40
6 32 14 38
39 12 48 25
20 12 50 25
14 9 41 42
3 12 43 40
38 9 41 11
7 20 44 20
9 33 13 40
7 10 43 44
2 31 26 41
24 5 39 6
10 11 50 41
32 12 34 40
37 7 42 39
31 19 40 44
8 6 14 41
11 16 19 21
4 5 6 10
19 12 47 22
27 30 30 35
11 28 26 30
1 9 19 17
5 19 39 23
2 17 16 35
13 33 44 34
17 16 42 17
40 18 46 32
30 16 34 39
24 4 46 12
1 18 16 40
16 3 38 36
16 9 24 22
3 30 9 43
34 36 40 40
18 10 37 42
30 11 32 26
1 17 8 45
30 10 35 25
23 29 24 31
3 5 13 22
34 3 45 28
22 13 32 42
13 1 43 40
27 10 40 37
8 8 33 34
18 15 35 22
28 3 38 7
21 12 25 38
33 2 47 32
10 18 28 37
17 2 49 38
1 2 13 21
6 16 29 26
2 28 4 30
23 26 27 44
46 2 47 33
2 20 35 34
14 41 34 45
4 6 40 43
11 23 41 36
11 11 14 18
28 23 35 39
15 2 38 22
23 7 37 34
5 20 17 25
29 24 45 43
13 5 17 22
22 11 30 22
7 21 24 30
8 4 14 44
36 7 44 16
9 7 33 45
12 18 24 40
32 5 34 18
47 26 47 43
40 4 44 24
18 16 21 20
6 2 39 36
1 1 21 31
18 4 42 11
16 8 38 44
3 37 30 39
29 5 37 11
3 20 16 39
24 29 26 30
6 2 43 24
8 19 26 26
3 32 45 37
22 9 28 11
2 14 17 38
6 7 10 20
42 7 48 12
10 4 19 10
3 32 26 38
5 9 31 40
15 5 50 26
38 4 40 9
2 30 35 40
30 14 46 40
19 10 41 34
12 36 14 44
12 17 43 41
24 1 43 7
26 23 31 45
24 6 26 11
16 8 26 29
20 28 26 39
47 22 48 45
25 22 29 37
12 13 23 32
20 4 41 18
41 6 42 29
10 17 47 18
2 6 9 40
7 24 21 36
40 1 46 22
20 11 25 40
6 6 18 44
24 37 48 43
36 6 39 39
14 8 25 28
29 34 34 45
9 5 43 36
38 35 46 38
48 14 50 21
7 4 27 7
26 29 43 44
1 19 38 41
14 5 24 9
36 6 49 14
25 29 31 36
19 5 44 35
4 5 44 20
11 6 39 14
44 10 47 26
30 2 41 22
29 18 34 33
42 3 45 21
10 9 32 22
1 6 28 43
28 18 49 43
26 5 36 36
7 6 14 37
47 20 48 39
24 6 35 42
4 22 25 23
9 20 16 25
8 12 23 20
8 17 50 25
32 14 35 19
