5000
1 299995 299996
2 1 1
2 1 1
1 299980 299982
1 299997 300000
1 298601 298605
1 293767 293772
1 298070 298076
2 4 1
1 202481 202488
1 134294 134342
1 226689 226768
2 2 8
1 192016 192151
2 5 10
1 -178379 -178111
1 112272 112599
2 7 2
1 -234633 -234244
1 153407 153907
2 11 1
2 6 7
1 -211460 -210861
2 6 8
2 1 4
2 7 14
2 3 3
1 222254 222878
1 128303 129205
1 -191979 -191033
1 -43971 -42895
2 8 16
1 -59901 -58745
2 18 2
2 6 15
2 20 9
2 20 12
1 -289972 -288769
1 -200453 -199248
1 282502 283763
2 5 16
1 178669 179996
1 -111455 -110109
1 90099 91514
1 175216 176655
2 26 19
1 -227322 -225882
2 4 23
1 -186402 -184907
2 29 12
2 3 12
2 18 28
1 -3767 -2118
1 162324 164108
1 -166419 -164573
1 -60995 -59148
1 225679 227564
1 -281020 -279032
1 -55546 -53528
2 32 21
1 83932 86007
2 20 37
1 103777 105928
2 37 17
2 13 26
1 188214 190930
1 178787 181515
1 -260101 -257339
2 27 2
2 33 29
1 -226423 -223469
2 16 4
2 33 41
2 32 29
1 -133052 -129850
1 179985 183458
1 80379 83876
1 41205 44784
2 22 44
2 8 44
1 -274976 -271348
1 115910 119634
1 271943 275778
2 39 29
2 31 30
1 293596 297579
2 45 49
1 -32064 -27379
2 45 1
2 12 24
1 -134024 -129212
2 10 17
1 105428 110295
1 135360 140572
2 19 4
2 32 52
2 20 52
2 12 2
1 -291590 -286275
1 125402 130903
2 48 12
2 28 3
1 -286374 -280817
2 17 51
1 -126345 -120640
1 -19513 -13780
1 261747 267574
2 59 37
2 13 51
2 31 11
2 51 50
1 258226 264210
1 53975 59969
1 -173459 -167314
2 2 3
2 34 23
1 117334 123546
1 -99642 -93379
1 -226060 -219694
2 43 25
1 -250901 -244288
1 108837 116024
2 54 1
1 -141591 -134305
2 7 15
1 160747 168075
2 13 36
1 -185600 -178152
1 -268061 -260446
1 87018 94919
2 15 42
1 36093 44315
1 -188232 -179994
2 47 23
1 -144154 -135910
1 -268602 -259887
1 204719 213530
1 -225032 -216218
2 78 37
2 61 1
1 235681 244553
2 5 65
2 72 69
1 -181068 -172049
1 162621 171687
1 248445 257659
1 -265587 -256071
2 33 16
2 42 13
1 181600 191125
2 59 49
1 182294 191836
1 -239633 -229854
1 -107569 -97693
2 71 1
1 -299645 -289767
1 -11058 -1161
2 29 38
1 143279 153409
2 12 35
1 76610 86852
1 -130712 -120205
1 189204 200352
2 35 25
2 68 58
2 37 13
2 89 71
1 255992 267559
1 -72522 -60871
1 191685 203366
2 24 79
2 14 3
1 -221713 -210018
1 -276593 -264778
2 44 19
1 67169 79284
1 261076 273269
2 7 59
2 30 23
1 242900 255115
2 44 41
2 99 77
1 89547 101775
2 15 32
2 85 89
2 73 18
2 81 50
2 67 18
2 101 8
2 88 16
2 37 80
2 45 30
2 101 57
2 28 81
2 18 77
1 209369 221633
1 -46447 -34162
2 83 7
2 34 32
1 -299093 -286521
1 -223433 -210648
1 266096 279034
1 -93342 -80284
2 94 78
1 52364 65452
1 184853 198093
2 111 29
2 80 110
1 216705 230074
1 49901 63455
1 155604 169204
2 79 43
2 13 106
2 72 5
1 244324 257960
1 -140718 -126977
2 49 90
2 13 23
2 69 63
1 -230297 -216405
2 75 47
1 54917 68856
1 172428 186869
2 18 50
1 -107216 -92703
2 118 98
2 18 113
1 122067 136604
1 -229219 -214563
2 95 112
1 -256937 -242179
2 58 89
2 35 16
2 26 53
2 90 119
2 6 113
2 109 13
1 77928 92713
1 43032 57877
1 132553 147481
1 -222043 -207114
2 96 4
1 15856 31084
1 34850 50089
1 -293631 -278233
1 59445 74858
1 -49451 -33934
1 -129169 -113612
1 -279963 -264251
1 94173 109911
2 13 11
1 135890 151645
1 55528 71345
2 67 43
2 101 4
1 -191449 -175520
2 122 57
2 34 73
2 65 6
2 7 75
2 16 10
1 180892 196876
2 82 15
2 66 76
1 135592 151617
2 27 98
1 -169611 -153535
2 60 118
1 215130 231463
1 272833 289335
1 -62783 -46227
1 202143 218899
2 51 2
2 31 108
1 219446 236385
2 75 3
2 102 98
2 37 127
1 -55040 -38000
2 20 132
1 -281635 -264456
1 239761 257266
1 34520 52051
2 58 58
1 130916 148602
2 103 62
2 25 23
2 33 125
2 44 86
2 89 137
1 -145385 -127645
2 83 121
2 51 89
2 75 61
1 -67366 -49453
2 142 105
1 11989 30284
1 244389 262955
2 48 31
2 70 125
2 111 73
2 43 143
1 133848 152481
2 79 70
1 94122 112825
1 264715 283492
1 -76011 -56992
1 151487 170639
1 -179069 -159846
1 87839 107172
1 -126369 -106732
2 16 67
2 53 136
1 117525 137337
1 224889 244723
1 58308 78151
1 -217026 -197120
2 17 70
1 -27472 -7476
2 85 138
2 120 153
1 -183436 -163378
2 140 135
2 91 161
2 28 26
2 80 108
2 158 116
1 208288 228400
2 4 11
2 45 40
2 29 28
1 -200886 -180252
2 149 149
2 126 129
2 49 61
1 117598 138375
2 132 53
1 52683 73875
1 -244447 -222934
1 -291278 -269760
2 115 97
1 -267436 -245889
2 32 114
2 103 95
2 61 23
2 157 37
2 101 85
2 68 42
2 30 22
1 -180861 -159157
1 57573 79283
2 177 172
1 -254671 -232841
2 99 96
1 -83835 -61775
1 270283 292415
2 89 8
2 163 92
1 44678 66900
2 136 160
2 135 56
1 -296481 -274225
2 11 110
1 -84272 -61975
1 96323 118704
2 54 16
2 85 147
1 194611 217492
1 2129 25062
2 105 126
1 -253189 -230160
1 103674 126744
2 95 20
2 17 121
2 138 109
1 10022 33171
1 242551 265721
2 24 25
1 -14107 9117
2 90 34
1 -55832 -32513
2 146 136
2 144 76
2 96 40
1 -272139 -248785
2 143 8
1 -25170 -1796
1 -74395 -50745
2 63 37
1 -170839 -147071
2 56 107
2 69 91
2 108 8
1 -95654 -71878
2 122 152
1 -209672 -185751
1 242095 266065
2 43 147
2 173 94
2 28 27
1 -95941 -71869
1 52313 76418
2 198 150
1 84396 109083
2 84 165
2 123 202
2 89 113
2 72 9
2 34 186
2 150 150
1 214934 239671
1 -21428 3548
1 59914 85029
1 -132826 -107706
2 174 69
1 -36549 -11401
1 30995 56356
2 18 98
2 135 104
1 -134669 -108979
1 12328 38172
1 26716 52678
2 140 211
2 12 161
2 208 118
1 114288 140429
2 92 111
2 60 162
1 -135777 -109537
2 4 104
1 -78658 -52209
2 160 138
1 -38368 -11895
1 -26600 -100
2 131 70
1 -175143 -148622
1 -29931 -3377
2 27 136
2 81 76
1 90442 117052
2 167 151
2 26 167
2 192 170
2 11 81
2 198 137
1 -211627 -184603
2 97 114
2 169 24
1 -155107 -127726
2 102 38
2 212 101
1 -57363 -29909
2 113 199
1 -179430 -151973
1 81025 108490
2 163 33
2 90 151
1 -72492 -45022
1 149144 176659
1 -155447 -127850
1 -268430 -240781
1 -16924 10728
1 213688 241378
2 92 66
1 262904 290605
2 14 146
1 -188678 -160870
2 88 219
1 151725 179562
2 144 200
2 83 142
1 -111870 -84032
2 147 189
2 84 175
2 6 143
2 209 54
2 206 52
1 137360 165204
2 125 63
1 -270608 -242691
1 256615 284628
2 86 212
1 -125061 -96837
2 239 32
1 -185822 -157564
2 147 14
1 270316 298620
2 181 124
2 27 91
2 107 187
2 87 164
1 152495 180844
1 -13490 14872
1 22911 51410
2 93 80
1 14556 43171
1 -78303 -49684
2 93 214
1 59844 88800
2 124 92
1 147353 176352
1 -60724 -31515
1 201319 230924
2 250 207
1 128494 158117
1 201203 230846
1 -173471 -143631
1 134572 164531
1 -200038 -169880
1 215797 245972
2 66 121
2 209 185
1 -206740 -176472
1 49290 79784
2 198 69
2 196 198
1 -79914 -49384
2 151 221
1 147740 178363
2 85 41
2 49 39
2 217 191
1 -22028 8731
1 204353 235119
1 84871 115668
2 92 23
2 97 130
2 191 81
2 98 256
1 -234903 -204085
2 191 139
2 95 140
1 -8427 22408
1 -134260 -103356
2 237 90
2 79 42
1 -283068 -252105
1 267273 298297
1 75881 107286
1 57221 88670
2 95 13
1 -213128 -181651
2 1 266
2 2 110
2 78 26
1 220999 252483
2 120 102
1 -100487 -68930
2 191 116
1 82959 114552
2 83 139
1 89170 120810
2 127 57
1 65745 97473
2 143 75
1 174188 206340
2 63 222
1 -126382 -93985
1 -220746 -188305
1 -285146 -252643
2 221 272
1 71857 104371
2 243 127
2 216 121
2 149 225
1 231754 264440
1 2009 34776
1 -254350 -221445
2 103 104
1 12627 45577
2 155 254
2 230 122
2 233 87
2 79 268
1 45749 79043
1 -55961 -22648
1 258716 292301
2 83 174
2 197 109
2 181 29
2 241 99
1 -41110 -7481
2 51 258
1 -133661 -99799
1 210008 243988
2 148 52
2 79 28
2 223 158
1 -183931 -149910
1 -92611 -58511
2 242 147
2 260 153
1 -185442 -151302
1 192356 226673
2 284 167
1 103614 138018
2 30 257
2 220 266
1 -263563 -229025
2 177 127
2 182 252
1 -116699 -82138
2 222 250
2 204 190
1 -289186 -254593
2 275 238
1 -6023 28592
1 140101 175278
2 292 132
2 198 167
2 122 167
2 291 137
1 -274017 -238452
2 251 128
1 262921 298533
2 57 48
1 -134149 -98497
2 149 86
1 -288555 -252833
2 222 287
1 -123599 -87845
2 27 289
1 -260754 -224841
2 295 304
2 65 290
1 166126 202111
2 58 112
1 -90768 -54693
1 247727 283936
2 186 290
1 194983 231368
1 -294256 -257765
2 53 263
2 36 134
1 -170625 -134120
2 186 92
2 61 12
2 117 106
1 -182269 -145729
1 -213630 -176945
1 -75498 -38772
1 -106309 -69394
1 -11950 25018
1 115655 152692
2 45 22
1 110278 147362
2 173 164
1 -149710 -112465
1 -69028 -31765
1 174929 212399
2 215 154
2 157 72
1 76640 114159
2 80 154
1 -159631 -121932
2 48 102
1 -182917 -145143
2 167 15
2 54 157
1 162781 200900
1 -8654 29531
2 177 114
2 55 187
2 286 154
1 -285598 -247017
1 69671 108402
2 61 117
2 34 131
2 42 278
1 152468 191275
2 23 135
2 36 304
1 128885 167816
1 11908 50899
1 242793 281919
2 176 212
2 200 177
1 9893 49033
1 196523 235794
1 30985 70306
2 317 110
2 231 9
2 152 118
2 166 87
1 100519 140081
1 67147 106756
2 277 258
1 -84533 -44852
1 -297957 -258196
2 195 315
2 23 285
1 -167156 -127287
2 195 204
1 73835 113806
2 99 210
2 52 133
2 46 239
1 -97312 -57339
2 63 187
2 212 42
2 56 16
2 156 142
2 94 201
1 -42752 -2606
2 156 245
1 235414 275587
2 169 172
2 62 102
1 -124417 -84201
1 -122907 -82547
2 212 73
2 325 299
2 36 180
1 148175 188602
2 13 163
2 118 45
2 86 161
2 205 339
1 -218629 -178178
2 157 137
2 47 215
1 -282132 -241568
1 -120453 -79644
1 -212292 -171454
1 129817 170664
2 337 84
1 55484 96354
2 182 84
2 126 77
2 293 331
1 -127830 -86797
2 218 12
2 267 115
2 202 219
1 144491 185553
1 -89976 -48912
2 204 107
2 3 294
1 -294541 -253180
2 150 161
2 65 151
1 216953 258414
2 206 226
1 -15328 26231
2 53 252
2 140 26
1 -160836 -119198
2 7 91
2 278 171
1 -147112 -105286
2 97 124
2 277 320
1 184880 226722
1 -198676 -156776
1 175217 217172
1 76547 118595
2 21 205
1 238951 281136
2 361 127
1 -79696 -37499
1 133714 175922
1 -179009 -136548
1 -289533 -246830
2 147 338
2 189 301
1 -236185 -193446
2 325 220
2 57 204
1 -192503 -149670
1 -253449 -210377
1 -14837 28327
2 126 141
1 248615 291913
1 223093 266419
1 120551 163957
1 3444 46891
1 -53614 -9540
2 98 176
1 -232931 -188846
1 -103070 -58914
2 356 353
1 -232781 -188312
2 117 127
2 21 267
1 167590 212206
1 -174384 -129403
2 115 111
1 -41650 3346
2 268 337
1 -278106 -232949
2 117 228
1 5889 51083
1 -216466 -171147
2 231 62
2 331 151
1 41982 87400
1 -27174 18255
2 315 78
1 -46313 -649
1 -260327 -214353
1 4412 50410
1 -35330 10898
1 -61324 -15077
1 161708 208038
2 357 378
2 77 150
1 110289 156786
2 106 363
2 379 319
2 78 175
2 231 37
1 -288973 -242226
2 130 111
1 -93963 -47214
1 80865 128184
2 271 32
1 84224 131594
2 266 289
1 -135043 -87522
1 226822 274379
2 127 250
2 21 258
1 -275724 -228122
1 -17644 29963
1 -215607 -167929
1 146387 194175
2 106 26
2 42 321
2 61 294
1 -194046 -146052
2 335 138
1 -94833 -46742
1 41466 89670
2 239 258
1 -67490 -19230
1 -31080 17275
2 256 316
1 3502 51990
1 191234 239808
2 158 221
2 238 399
2 198 379
2 110 137
2 266 241
1 -245835 -196959
2 20 186
1 83178 132150
2 324 126
2 280 208
1 -136066 -87026
1 -232547 -183407
2 24 307
2 372 303
2 300 151
1 -185175 -135840
2 320 244
2 126 3
1 -282753 -233354
1 -212562 -163061
2 328 220
1 -32909 16755
1 241894 291584
1 -220182 -170054
2 266 364
1 -133253 -83055
1 -124340 -73816
1 170754 221387
2 90 315
2 130 295
2 298 147
2 69 339
2 179 44
2 365 291
2 318 408
2 238 357
2 78 81
2 254 321
1 103568 154238
2 171 43
2 6 374
2 217 132
2 17 249
2 203 105
2 333 242
2 313 177
2 172 208
1 57682 108458
2 327 308
2 29 399
2 312 70
2 56 46
2 415 151
1 -204639 -153817
1 -185130 -134136
1 150674 201977
2 314 245
2 348 302
1 207842 259579
2 126 217
1 243176 295024
1 -11553 40581
2 341 195
1 -68337 -16098
2 265 348
1 -184375 -131982
1 33721 86220
1 120786 173500
2 55 80
2 97 16
2 374 129
2 79 211
1 159834 212817
1 -198282 -145270
2 27 258
1 -21371 31795
1 -181425 -127889
2 254 79
2 72 422
2 360 429
2 181 330
2 141 128
2 213 309
1 -123093 -69550
1 -55258 -1638
1 -79255 -25565
2 31 233
1 -61264 -7308
1 95606 149595
1 -67240 -13095
2 404 205
1 -175790 -121486
1 47899 102237
1 -231206 -176781
2 49 103
1 105365 159831
1 45675 100240
2 336 222
1 107666 162316
2 82 317
1 27636 82366
1 -242486 -187637
2 68 253
1 -242034 -187165
1 -100969 -46024
1 -227253 -172241
2 417 43
2 351 317
2 367 352
1 -182491 -127385
2 144 144
1 127803 183135
1 -216616 -160902
2 327 290
1 167428 223184
1 77449 133300
1 214513 270416
1 95356 151304
2 178 65
2 289 419
1 227306 283391
1 -291967 -235845
2 404 190
1 129029 185646
1 211093 267876
2 200 182
1 -32128 24811
1 -150802 -93814
2 297 121
2 143 61
1 -295635 -238492
1 -261848 -204566
1 75069 132417
1 -208625 -151110
1 -37926 19754
2 405 391
2 191 120
1 72148 130077
1 -168478 -110449
1 -60260 -2224
2 206 451
1 130214 188291
2 216 397
2 335 61
2 15 53
1 27806 86260
2 283 343
1 192262 250766
1 -58505 26
2 229 10
1 7967 66592
1 199142 257811
1 -83194 -24474
2 483 114
1 223256 282148
2 146 11
1 -212208 -153289
1 -190570 -131159
1 -206367 -146946
2 391 10
1 -114704 -55159
1 158910 218827
2 425 114
2 187 269
1 -262852 -202699
1 46886 107063
1 78835 139081
1 -129175 -68906
1 -96385 -36087
2 332 330
2 162 185
2 258 448
1 -72834 -12451
2 226 142
1 99899 160569
1 181963 242687
2 14 176
2 458 64
1 -165642 -104687
2 475 245
1 -118308 -57262
2 121 397
1 227401 288767
1 -158324 -96825
1 63944 125622
2 107 294
1 -51916 9946
1 46437 108367
2 459 97
1 -299554 -237403
1 -26200 36625
1 -199633 -136740
1 -160389 -97440
1 -288988 -225964
1 -272455 -209416
2 396 495
2 459 229
2 343 383
1 1432 64683
2 142 298
1 -138960 -75702
1 -96903 -33203
2 193 330
1 -161903 -97874
1 225405 289591
2 508 154
2 484 403
1 -256605 -192352
2 91 280
2 478 233
2 55 99
1 -227898 -163528
2 90 246
2 242 441
1 19973 84530
2 524 272
2 14 19
1 52954 117602
1 -216639 -151923
2 171 153
1 -167336 -102474
1 -64564 384
2 227 40
1 -94134 -28740
2 302 39
2 206 45
2 116 140
1 -178878 -113386
1 -298644 -233102
1 100980 166718
2 439 66
1 155692 221432
2 501 253
1 -215055 -149173
1 -131584 -65597
1 -173664 -107582
2 400 89
1 -269179 -202774
2 283 158
2 163 532
2 375 462
1 4745 71179
1 -244281 -177533
2 58 253
2 204 490
1 -13879 52871
2 397 325
1 -141159 -74400
1 -30157 37035
2 485 245
2 148 446
1 117937 185216
1 26182 93543
2 128 310
1 -298695 -231312
2 226 35
2 455 85
2 490 521
2 418 268
2 375 484
1 -91387 -23773
1 -851 67035
1 124034 192136
2 101 256
1 24341 92590
1 226655 294974
2 322 539
2 355 294
2 533 41
1 184178 252500
1 -264503 -196062
2 399 402
2 450 419
2 244 454
1 148679 217188
2 318 36
1 -177323 -108695
1 52989 121633
1 226412 295196
2 44 516
2 487 330
2 79 146
2 376 225
2 316 273
2 399 366
1 25371 94161
1 -280245 -211381
1 161125 230174
1 80750 149840
1 194687 263942
1 -287454 -218177
1 -141238 -71666
1 -258552 -188804
2 556 22
1 45916 115988
2 255 47
1 -207894 -137729
2 178 208
2 536 142
2 219 118
1 -293524 -223187
1 17200 87607
1 18016 88782
2 414 322
2 132 153
2 449 287
1 -283304 -212281
1 74353 145379
2 192 216
2 19 471
1 14861 86123
1 -201314 -129993
1 163029 234685
2 362 17
2 429 156
2 322 69
1 -228810 -156844
2 218 177
2 475 306
2 55 353
1 48587 120814
2 151 241
1 36982 109220
1 43702 116017
1 224287 296624
1 -118131 -45710
1 -76060 -3581
1 60363 132843
2 436 250
2 73 210
2 253 559
1 -289091 -216531
1 58351 130943
2 482 420
1 -223659 -150884
2 122 72
2 85 286
1 81745 154616
2 402 482
1 17353 90251
1 -82932 -9997
1 205436 278463
2 300 568
2 323 321
2 444 413
2 106 345
1 105226 178297
2 229 282
1 -57225 15973
1 -289659 -216447
2 481 216
1 -132118 -58725
2 98 567
2 462 65
2 436 261
2 93 194
1 92629 166155
2 111 162
1 40970 114524
1 74559 148195
1 -122577 -48892
1 -80568 -6843
2 295 280
1 106235 180162
2 331 328
2 459 131
2 50 134
1 204770 278749
1 -84813 -10802
1 -190859 -116607
1 -215230 -140786
1 -264502 -189700
1 -112258 -37125
1 79199 154370
1 130455 205963
1 -14682 60850
2 379 400
1 206582 282402
2 265 427
1 -55850 20067
2 442 589
2 378 193
2 486 205
2 480 16
1 86812 162792
1 183977 260040
1 -152818 -76246
2 41 480
2 215 115
1 142580 219213
1 147125 223918
2 474 249
1 -274912 -197964
1 144293 221274
2 344 513
1 -165726 -88599
2 496 412
2 377 235
2 596 535
1 -127021 -49883
1 -193793 -116502
2 467 95
2 341 102
2 550 275
2 420 107
2 330 233
1 -197142 -119833
1 -259189 -181841
1 127538 205116
1 -120888 -43051
2 351 144
1 -283927 -206067
1 -140005 -62003
1 92466 170476
2 78 568
2 464 396
2 81 435
1 12086 90098
2 506 442
1 -295663 -217451
2 458 520
2 282 216
1 212506 290723
1 219236 297454
1 120368 198618
1 182424 260735
1 100141 178492
2 259 394
2 272 561
1 -154719 -76225
2 594 102
2 185 233
2 457 378
1 -158251 -79687
2 6 386
1 -213621 -134914
1 -177052 -98196
1 21788 100929
2 631 543
2 463 537
2 226 180
1 -111626 -32296
1 179115 258495
1 -120479 -41024
1 -227407 -147835
1 -294235 -214546
1 218186 297935
2 147 628
1 167776 247541
2 255 294
2 250 245
1 -222787 -142924
1 -242761 -162799
1 118129 198461
2 22 67
2 359 211
2 544 556
1 -290336 -209884
1 -288837 -208356
2 538 11
2 149 355
1 90183 170675
2 466 609
2 2 339
2 610 458
1 10056 90588
2 433 434
2 284 218
2 119 448
1 -3446 77252
1 132771 213630
1 202774 283807
2 157 425
2 132 27
1 -77062 4045
1 9150 90279
2 610 18
1 127410 208607
2 248 133
1 -13020 68190
2 271 98
2 278 96
1 -211715 -130389
2 596 288
2 124 31
1 92946 174434
1 112052 193919
1 187572 269841
1 -139551 -57217
2 422 570
2 545 201
2 234 418
2 486 303
1 -202006 -119606
2 141 15
2 64 393
1 80388 162868
2 128 310
1 -9472 73023
1 46783 129339
2 606 168
1 -137044 -54487
2 493 637
2 263 43
2 373 114
1 -97840 -15160
1 -53671 29063
1 -195286 -112467
1 -248054 -165067
2 326 668
2 498 581
1 -165307 -82312
2 274 49
1 -140272 -57230
1 -220719 -137513
2 220 477
1 -127314 -43959
2 455 448
1 68164 151768
1 -71710 12195
1 -292679 -208640
2 209 18
1 208305 292405
1 46266 130377
1 179616 263821
1 90587 174993
2 417 587
1 72312 157288
2 429 432
2 586 391
2 110 564
2 173 573
2 159 530
1 -146067 -60796
1 -96009 -10705
2 566 679
2 232 559
2 142 673
2 155 202
2 394 19
2 468 602
1 -8842 76575
2 680 397
2 500 556
2 106 72
2 42 220
1 -37243 48283
2 433 35
2 663 590
2 362 56
1 157301 243169
2 279 657
1 -290698 -204823
2 147 422
1 122313 208693
2 633 687
1 -151978 -65568
1 127122 213938
2 282 653
1 165547 252756
1 -118887 -31661
2 110 218
1 43183 130857
1 -20267 67414
2 542 355
1 -129053 -41293
1 -173035 -85102
2 402 293
2 395 171
1 -241599 -153104
2 78 480
1 101976 190565
2 133 585
2 134 481
1 -266072 -177320
2 188 401
1 -266454 -177466
2 317 533
1 191797 281463
2 272 490
2 17 666
1 -83606 6182
2 586 22
1 -145898 -55979
1 109592 199719
1 48356 138786
2 383 113
1 57398 148141
2 597 700
1 -118599 -27845
1 -59700 31112
1 -117449 -26408
2 109 374
2 405 320
2 534 693
2 449 690
1 120478 211534
2 547 652
2 686 615
1 -98659 -7511
1 -217926 -126700
1 68331 159621
2 256 490
1 148975 240345
2 7 597
2 695 212
2 510 107
2 715 594
1 -60394 31050
2 437 326
1 -257631 -165799
1 -167981 -75950
1 -245533 -153308
2 592 506
1 42360 134885
2 585 659
2 532 91
1 162094 254739
1 68425 161207
1 -189382 -96569
1 -133389 -40550
2 466 148
2 485 5
2 445 10
1 119441 212431
2 587 452
2 182 51
1 -90221 2854
2 469 450
1 -191882 -98668
2 649 65
1 110197 203589
1 -51428 42001
1 201720 295192
2 314 234
1 -9651 83903
2 267 314
1 -32774 61161
1 -254692 -160746
2 231 207
1 -243980 -149826
2 33 86
2 140 470
2 465 449
2 143 70
1 -185351 -91084
1 29225 123528
2 184 288
1 -150272 -55826
2 508 659
1 -4398 90338
2 230 293
1 -74192 20545
1 120525 215722
1 -135367 -40083
2 445 132
1 190272 285574
1 -201640 -106174
1 166480 262283
2 620 137
2 250 135
2 262 6
2 221 599
2 615 148
2 676 326
1 107084 202932
1 32312 128295
1 126115 222102
2 625 35
1 146651 242696
1 -169158 -73086
2 26 28
1 110820 206900
1 -124310 -28115
1 -289911 -193634
1 56231 152570
2 415 452
1 -95640 826
1 -51748 44951
2 346 546
2 558 363
2 480 306
1 118233 215052
1 158465 255356
2 126 301
1 -104024 -7126
1 -175161 -78157
2 643 145
1 -202963 -105942
2 440 151
1 -98163 -863
1 -187960 -90633
2 466 41
2 683 16
1 -278943 -181547
1 -76490 21201
2 457 465
2 504 369
2 603 247
2 361 542
2 633 243
2 686 562
1 -158579 -60794
1 79069 176975
1 -213390 -115407
2 2 489
2 458 271
2 636 102
1 -215531 -117475
1 80016 178131
2 156 649
1 -43868 54308
2 606 633
2 26 747
1 184785 282973
1 161627 259958
1 36260 134592
1 -248504 -150143
2 141 279
1 72004 170393
2 750 165
1 -270953 -172473
2 493 529
2 86 127
2 321 227
1 -39339 59210
2 145 96
2 321 44
1 -211741 -112946
2 52 462
1 -139413 -40570
2 334 218
1 -120492 -21394
2 464 415
2 570 698
2 109 38
1 -163018 -63727
2 207 433
2 723 243
1 -240406 -140890
2 311 60
2 565 217
1 17089 116607
2 786 386
1 -42385 57516
1 -155525 -55300
2 67 196
1 23146 123533
2 250 658
2 764 25
2 496 126
1 -128247 -27550
1 35329 136223
1 -122991 -21828
2 487 323
2 646 356
1 -92353 8951
2 422 302
2 432 787
2 759 203
1 30562 132009
1 194595 296056
2 225 165
2 274 297
1 -75676 25921
1 -232241 -130561
2 771 118
1 -40872 60994
2 632 159
1 183004 284883
2 465 695
1 -60370 41520
2 639 306
2 287 500
1 -229320 -127367
1 -260029 -157610
1 157856 260313
2 595 519
2 524 301
1 -298433 -195628
1 -36388 66488
1 -232911 -129959
2 184 28
1 34120 137119
1 -125312 -22202
1 -97929 5311
1 -52684 50601
2 577 580
2 503 46
1 -257242 -153906
2 214 696
2 655 297
1 -111382 -7814
2 752 341
2 305 591
2 167 603
2 440 323
1 -72138 31606
2 282 519
1 -159525 -55705
2 605 229
2 415 178
2 242 625
1 -139158 -35297
1 -216803 -112888
2 741 438
2 643 270
1 -57677 46284
1 -93634 10456
1 163877 267972
2 109 648
1 -132117 -27424
1 -1222 103514
2 579 659
1 -142490 -37724
2 526 384
2 525 121
1 60052 164911
1 185765 290654
1 77134 182131
2 521 205
1 -145803 -40805
2 380 803
1 -132999 -27547
1 -286263 -180716
2 95 538
2 469 404
2 289 89
1 50893 156682
1 -257496 -151655
1 -211744 -105802
2 624 487
1 -102523 3423
2 126 805
2 103 300
1 84723 190820
1 -150226 -43975
1 -201194 -94906
2 512 196
2 201 459
1 63635 170291
1 -235193 -128233
1 -184966 -77913
1 -175694 -68560
1 -299595 -192438
2 109 101
1 -170879 -63679
2 137 722
2 625 826
2 642 214
2 515 572
1 65309 172689
1 -229883 -122442
2 62 557
2 803 195
2 514 227
2 60 385
2 582 33
1 -51721 55749
1 -101678 6021
1 -159836 -52106
1 -199597 -91812
1 -26511 81403
2 705 99
1 -194834 -86798
1 71580 179662
1 -60776 47578
1 120735 229275
1 129885 238506
2 328 9
1 -152439 -43519
1 -296433 -187422
1 108384 217476
2 314 513
2 399 383
1 -262171 -153030
2 246 847
1 -39093 70363
1 -277101 -167610
2 379 219
2 12 400
1 -117579 -7995
2 263 790
2 222 226
1 50278 159864
2 298 264
1 -165464 -55313
1 113457 223649
1 -23239 86962
1 -152064 -41790
2 20 693
2 417 213
2 102 9
2 65 779
1 -181348 -71013
1 -10906 99512
2 82 803
2 401 313
2 557 827
2 381 373
2 807 515
2 292 312
1 -273663 -162855
2 230 867
2 35 306
2 64 64
2 738 773
1 141274 252139
2 865 821
2 773 309
2 645 735
2 81 686
2 208 356
2 467 215
2 530 508
1 -238428 -127242
1 79548 190846
1 14462 125773
2 561 704
2 342 658
2 604 477
2 294 618
1 -163791 -52392
2 328 708
1 -15643 95869
2 222 620
2 635 4
1 -42688 68861
2 64 162
1 5924 117968
1 83566 195751
1 8906 121138
1 111675 224475
2 96 150
1 -52727 60215
2 870 466
1 -33040 80026
2 449 250
2 116 65
2 296 744
1 21196 134354
2 612 396
2 63 365
2 868 199
2 528 252
2 47 596
2 805 703
2 7 586
1 -223368 -109677
1 103894 217638
2 116 666
2 67 177
2 646 764
1 -283173 -169381
1 -1935 111998
1 74389 188430
2 269 19
2 375 105
2 649 889
1 174321 288777
2 130 203
1 -240491 -126033
2 145 383
2 86 294
1 98334 212935
2 729 678
1 -233552 -118782
2 455 742
2 143 420
1 16654 131461
1 156653 272423
1 -180636 -64799
1 158785 274855
1 102689 218789
1 147756 264614
2 642 499
2 224 136
2 798 630
2 586 122
1 167100 284042
2 275 430
2 8 97
1 130057 247149
1 -42986 74199
1 -12510 104705
1 105382 222619
2 719 766
1 -237421 -120179
2 151 788
1 6229 124154
2 379 604
1 -3725 114279
2 387 901
2 339 141
1 -254004 -135455
1 -254420 -135827
2 197 299
2 395 355
1 37355 156089
1 -87306 31603
1 -11701 107271
1 28513 147524
1 -81993 37128
1 -222361 -103158
1 106822 226050
2 555 17
2 109 422
2 716 633
2 755 235
2 102 627
2 274 265
2 217 727
2 10 552
1 -6593 112639
2 725 379
1 107920 227199
1 -171282 -51903
1 171013 290561
1 -190446 -70686
1 -294889 -174982
2 250 285
1 35725 155973
2 441 629
1 -95097 25163
1 -239280 -118917
1 -240202 -119790
2 549 359
1 -28578 91886
1 139014 259520
2 39 564
1 -4401 116140
2 52 389
2 141 156
1 -184332 -63680
2 728 64
1 147761 268466
2 109 214
2 550 299
1 -59896 60844
1 -46032 74802
1 -6405 114548
2 225 787
2 894 664
2 899 517
2 480 201
1 138825 259837
2 353 360
2 622 293
2 756 82
1 -68614 52533
2 141 735
2 464 385
1 -83488 37805
2 478 548
1 170208 291590
1 -51140 70257
1 -261810 -140086
1 154662 276418
1 -64250 58018
1 10067 132467
1 -61013 61392
1 -206596 -84090
1 -63881 58642
1 -115021 7561
1 -59925 62683
1 -237313 -114484
2 169 670
2 343 262
1 -262931 -140046
2 818 513
2 95 633
2 466 754
2 692 298
1 96264 219294
2 89 763
2 285 304
2 303 657
2 284 531
1 -112264 11052
1 2412 125787
1 -113720 9901
1 32134 155796
1 -78439 45326
2 900 469
2 408 854
1 -30481 93567
1 -88596 35614
2 330 427
2 505 377
1 -259441 -135139
1 -171786 -47150
2 356 653
2 714 510
1 104052 229240
1 -280726 -155429
1 -131690 -6319
2 22 462
2 826 760
1 -285516 -160056
1 -149869 -24294
1 161752 287404
2 748 79
2 666 447
1 118514 244594
1 -213465 -87178
1 -83981 42308
1 -2358 124186
1 -130143 -3471
1 120056 246771
1 -39502 88175
1 -113889 14111
1 -250333 -122215
2 376 146
2 184 192
1 89086 217238
1 -264674 -136453
2 519 762
1 58112 186384
2 867 7
1 -10286 118248
2 688 841
1 -96354 32616
2 967 319
2 74 293
2 250 719
1 169386 298569
1 38161 167415
1 -182846 -53458
2 545 232
1 69120 198578
1 -204293 -74824
1 118071 247561
2 380 694
1 -166916 -37233
1 97026 226904
1 72221 202175
2 27 288
1 -91569 38913
2 190 772
2 338 501
1 -270665 -140093
2 76 154
2 112 104
1 -295751 -164622
1 -225718 -94450
1 -12330 118995
2 736 843
2 444 724
2 86 135
2 314 606
1 104395 235773
2 144 628
2 781 858
2 142 961
1 131981 263540
1 63616 195216
1 30950 162743
1 -177170 -45206
2 991 350
1 -100571 31503
2 770 74
2 771 934
2 67 897
1 148072 280311
1 -289541 -157113
2 144 286
2 685 831
2 674 462
1 -261611 -129125
1 -260459 -127929
1 144571 277586
2 982 227
2 684 654
2 505 401
1 -187576 -54372
1 139104 272325
2 484 897
1 -66456 66825
1 -257499 -124130
2 110 559
1 -39631 93840
2 777 638
2 494 849
1 -277930 -144250
2 208 341
1 -141163 -7463
1 -170014 -36283
1 -28774 105490
1 -20160 114209
2 195 215
2 710 907
1 -157822 -23320
1 -22249 112279
1 -228945 -94383
1 9120 143750
2 934 471
2 48 294
2 396 616
1 -125797 8837
2 323 395
1 147102 281897
1 34651 169577
2 326 637
2 394 757
1 -113074 21853
1 -150099 -14864
1 -41795 93545
1 84999 220840
2 639 866
2 710 734
1 -219901 -84010
2 1020 319
2 474 511
1 -212218 -75966
2 194 212
2 344 769
1 -57985 78473
1 -256877 -120321
2 661 826
1 40810 177635
2 69 437
1 -98453 38800
1 68530 205796
2 71 726
1 78618 215952
1 -31316 106307
1 -93314 44790
2 917 30
2 481 195
2 275 917
2 341 73
2 945 288
1 157254 295692
1 -27552 111014
1 -116938 21852
2 467 658
2 963 953
2 967 285
1 -145304 -6050
1 153445 292885
2 504 679
1 -178998 -39550
1 -68348 71124
2 183 704
1 -271916 -132376
2 85 920
1 -84716 54835
1 22679 162568
2 782 709
1 -71798 68195
1 22970 162983
1 -148711 -8564
1 -74934 65383
2 225 935
1 -86531 54202
1 -118031 22828
1 143843 284750
2 832 533
1 -223046 -82119
2 30 74
2 616 152
2 187 546
2 482 541
1 -198517 -57574
2 957 185
1 -212544 -71592
2 591 760
1 39461 180573
1 130926 272124
1 -108552 32719
2 71 96
1 -79749 61744
2 562 76
1 -80831 60709
2 748 1019
1 -232818 -91250
1 -196124 -54503
1 87229 229024
1 -161047 -19236
1 1662 143651
1 -177294 -35000
1 91453 233983
1 13711 156378
2 489 529
2 1057 522
1 69547 212470
1 86657 229791
2 111 64
1 -116558 26612
1 130904 274096
2 159 679
2 203 472
1 40497 183770
1 -36197 107117
2 826 287
2 823 417
1 84052 227522
2 903 1006
1 -22741 120920
2 314 23
1 -260835 -117106
2 617 987
2 551 1025
2 942 782
1 -99158 44579
1 -230653 -86768
1 -206461 -62371
2 924 706
1 -276619 -132363
1 -202603 -58268
1 55587 200110
1 -209134 -64603
2 346 1051
1 -275064 -130504
2 265 883
1 -52993 91609
2 102 483
2 824 473
2 959 53
2 776 839
2 106 27
2 193 1034
1 -247599 -102928
1 -33382 111644
1 31587 176979
2 862 1074
2 450 282
1 37161 183032
2 915 891
1 -219204 -72574
2 1073 622
2 955 506
1 151854 298671
1 106835 253911
1 -198475 -51271
2 679 410
2 930 500
1 -212796 -65408
2 947 83
1 -282634 -135235
1 -165943 -18541
2 294 645
2 243 46
1 114487 262026
2 853 767
1 48054 196342
2 583 52
1 -87001 61312
1 -185463 -37098
1 -235659 -86941
2 654 1047
1 -223683 -74733
1 -178109 -28770
2 1084 640
2 494 1042
2 958 143
2 412 408
1 -90108 59338
1 -145876 3664
2 443 1029
1 -248569 -98991
2 707 719
2 11 647
2 1021 316
2 240 298
2 240 87
1 93541 243144
1 -274032 -124425
1 -205286 -54958
2 870 926
1 118370 268778
1 -143982 6478
1 93753 244572
2 165 1062
2 137 773
1 52019 202942
2 231 778
2 417 330
2 878 105
1 69033 220032
1 53684 204904
2 1063 646
2 119 155
1 66761 218018
2 939 570
2 73 672
1 51449 202763
2 165 939
1 -97830 53794
2 209 124
2 497 823
1 -173592 -21927
1 -62971 88745
1 -177865 -26006
2 1085 263
1 78883 230791
2 985 551
1 -198213 -45947
2 104 1003
2 128 458
2 543 851
1 -273873 -121479
1 115400 267800
1 -196752 -44269
1 -169826 -17114
2 603 671
1 -101558 51422
1 119548 272744
2 615 927
1 -48977 104221
1 136176 289520
1 -85445 68145
1 80956 234674
2 815 359
2 344 161
1 36060 189878
2 490 1021
2 591 660
1 131706 285577
2 616 797
2 1136 473
1 -150024 3896
1 -218984 -64932
1 -2373 151865
2 838 505
2 885 801
1 -221185 -66761
1 -71385 83055
2 628 751
1 68264 223063
1 -204181 -49106
1 -272211 -117044
1 -266015 -110834
1 -63617 91630
2 1021 90
2 698 76
1 -93061 62361
1 -127679 27762
1 -64664 90882
2 545 551
1 92507 248245
1 -89459 66374
1 -30914 124934
2 921 1018
2 614 777
2 980 743
1 61142 217139
1 -6687 149644
2 848 512
1 -64017 92317
1 111111 267450
2 94 554
2 630 1145
1 -294771 -138330
1 26099 182645
1 -243282 -86651
2 801 1148
1 -240069 -83244
2 578 754
1 -123170 33698
2 641 1121
1 -87182 69789
1 -267566 -110522
2 916 95
1 -215565 -58506
2 102 1048
2 889 796
2 651 721
1 -8714 148347
1 -20912 136590
2 132 552
1 20457 178038
1 -93794 63959
2 280 476
1 -223652 -65846
1 124069 281929
1 -43242 114816
1 -86577 71541
2 217 895
2 758 663
1 -265569 -107337
2 180 794
1 -262206 -103794
2 282 968
2 820 841
2 41 1108
1 114398 272881
2 66 442
2 878 641
1 -24687 133995
2 657 1170
1 -48201 110549
1 -131406 27524
2 377 314
2 403 452
1 56287 215640
2 608 641
2 411 789
2 28 883
1 -19580 139823
1 74171 233698
2 558 1095
1 -147677 11860
2 1128 102
1 128052 287638
1 -171978 -12352
2 828 856
1 -253316 -93665
2 1043 561
2 1122 25
2 60 537
1 6845 166597
1 -46219 113623
2 1027 707
1 -245355 -84986
1 -172847 -12158
2 794 670
2 693 806
1 -218316 -57599
1 -1868 158996
2 65 615
2 351 179
1 -132160 28847
1 -246673 -85484
2 296 311
1 -13376 147902
2 130 335
1 -169215 -7673
2 330 651
1 -155821 6019
1 -228694 -66787
1 -224819 -62869
2 793 261
2 636 82
1 -108423 53715
2 280 819
1 -250994 -88755
1 -216148 -53319
1 -56774 106079
2 657 192
2 550 914
2 1082 308
1 18 163581
1 -138961 24770
2 1202 1079
2 712 1187
2 374 779
2 922 422
2 75 605
2 167 1086
1 647 164716
1 -252197 -87639
2 974 543
2 626 1100
2 331 891
1 131068 296097
2 1111 880
1 -295982 -130809
2 240 1064
1 -186346 -21096
2 264 252
1 14867 180146
1 -266585 -101270
2 951 229
1 -74384 90951
1 -260146 -94671
2 174 1182
2 504 330
1 -245307 -79818
1 -215454 -49925
1 -139067 26542
1 67141 233116
2 146 322
1 -13022 153134
1 -198230 -32063
2 466 206
2 909 1057
1 -124224 42071
2 165 438
2 1179 1032
1 -292507 -125805
2 1074 1068
2 1141 845
1 -107165 59621
2 786 1206
2 1002 41
2 939 117
2 620 15
1 -202492 -35511
1 -46628 120362
2 684 942
1 -263451 -96155
1 101401 268790
1 -265579 -98079
1 -37582 129932
1 -232722 -65009
1 -213694 -45586
2 924 194
1 -182798 -14512
1 -166278 2265
2 392 732
2 853 917
2 1069 517
1 -21748 146807
1 122406 291088
2 724 951
2 512 532
2 882 1068
2 589 513
2 1040 227
1 14576 183406
1 116091 284953
2 264 628
1 37060 206064
2 211 874
2 764 704
1 -46234 122965
1 -98398 70829
2 323 184
1 -263770 -94519
1 -287663 -118368
2 758 396
2 556 879
2 545 222
2 409 605
2 162 68
1 -200585 -30932
1 35936 205637
1 86664 256698
1 94240 264424
2 97 740
1 -24694 145671
2 914 1167
2 225 223
2 347 301
1 -7612 162782
2 56 311
2 705 305
1 51918 222594
2 239 360
2 1106 1191
1 100291 271162
2 504 604
1 -248830 -77725
1 -119576 51739
1 111251 283016
2 813 760
1 -48679 123153
2 488 1209
1 -115600 56238
2 1231 777
2 775 1007
1 -222670 -50671
1 66289 238409
2 403 100
1 -191218 -19032
2 760 468
2 662 471
1 23784 196032
2 409 726
1 38939 211198
1 -172867 -576
1 61538 233836
2 1 814
2 1217 649
1 -263188 -90708
1 -289820 -117283
2 1071 836
2 219 569
2 1256 19
2 21 379
1 -68453 104237
2 1045 541
1 -39900 134116
1 -34573 139503
2 434 695
2 1241 1208
2 657 1154
1 -35691 138499
2 444 1078
1 19073 193285
2 1042 864
1 104111 278369
2 743 765
1 -201135 -26777
1 -244519 -69823
2 29 1026
1 -112176 62568
1 -289239 -114258
1 -299028 -123806
1 -135187 40102
1 70188 245580
1 -127536 48053
1 -138418 37261
2 1077 752
2 41 260
1 -125644 50344
2 531 787
2 491 1068
2 16 459
2 468 988
1 -41295 134714
1 -220803 -44727
1 -186358 -9966
1 -269382 -92927
1 110203 286666
1 -66658 110041
2 1046 59
2 1266 724
1 -286175 -109263
1 -24762 152177
1 -147228 29878
1 50294 227500
2 1193 771
1 -2712 174503
2 89 1112
2 674 215
1 88379 265623
1 -10784 166554
1 26828 204241
2 1098 975
2 247 195
1 32758 210206
1 -46052 131502
1 -1776 175856
2 206 209
1 -6064 171658
2 118 1050
1 -225141 -47379
1 -165107 12748
2 198 586
1 -194 177780
2 392 793
1 -141588 36406
2 852 1251
1 -13993 164267
1 84636 263117
2 323 564
2 227 541
2 195 545
1 -213590 -35079
1 -242248 -63696
2 231 269
1 -81734 96853
1 -191095 -12487
1 -77657 100959
2 222 152
2 1242 684
1 -97296 81394
2 344 594
1 -214740 -35711
2 18 882
1 85598 264679
2 129 215
2 1132 1075
1 -190487 -10976
1 105720 285400
1 39800 219488
1 -200202 -20470
2 1018 126
2 767 364
1 -136651 43582
2 863 28
1 -53661 126628
2 1097 858
2 502 727
1 -20055 160422
2 808 825
1 -146310 34461
1 112237 293595
1 -263711 -82339
1 -207820 -26410
1 -61056 120521
2 669 323
2 485 1207
2 1062 226
2 756 1163
1 -204074 -22466
2 1030 1170
1 -15956 165699
1 104358 286484
1 -178199 4491
1 -235 182524
2 985 1013
1 -53945 129208
1 -181077 2108
1 -218906 -35596
1 -130153 53295
2 1292 587
2 1212 1222
1 -225167 -41327
2 503 1129
1 -29974 153922
1 29233 213936
2 947 989
2 397 726
2 996 831
1 -284447 -99729
2 876 612
2 391 328
1 -193919 -9092
1 50648 235513
1 -8335 176633
1 33547 218560
2 1308 1274
1 -203982 -18506
1 -50285 135246
2 785 585
1 -127016 58905
1 -140343 45651
2 717 677
1 -57736 128412
1 43912 230104
2 1055 84
1 -117952 68574
2 58 1034
2 739 134
2 644 1332
2 282 138
2 294 408
2 548 524
2 604 1336
1 19036 205666
1 -279351 -92377
1 -207020 -19849
2 1224 684
2 1347 1237
1 -38197 149378
2 889 188
1 -203589 -15850
2 697 375
1 -262494 -74545
1 66109 254109
2 1285 347
1 86217 274232
1 -143563 44679
2 1096 767
2 975 462
1 -80021 108247
2 1069 79
2 821 1183
2 727 208
2 857 490
2 1048 656
2 36 368
2 62 64
1 -243820 -55469
2 999 158
1 -59412 129408
1 -27634 161679
2 348 281
1 14328 203718
2 638 160
2 99 555
2 142 266
1 -6627 182961
1 -208400 -18469
2 219 967
2 266 74
2 1310 1316
2 158 787
1 -152753 37496
1 101414 292248
2 945 714
2 1199 416
1 -29886 161078
2 952 648
2 882 665
2 734 967
1 -236409 -45377
1 -270514 -79389
2 951 635
2 575 739
2 805 469
2 1306 34
1 -61081 130045
1 -290086 -98827
1 -214041 -22667
1 -190607 879
1 18924 210457
2 836 511
1 -242052 -50277
2 392 565
1 -118551 73247
1 -206108 -14206
2 681 926
2 916 947
2 143 1348
1 -247755 -55845
1 -89991 101971
2 1339 888
2 1215 777
2 196 903
1 -182958 9045
2 1084 161
1 -202972 -10876
1 100018 292164
2 638 297
1 -18535 173815
2 1008 210
1 -148212 44309
2 622 495
2 428 931
2 949 465
2 487 1374
1 -168537 24083
1 88104 280925
2 589 283
2 183 147
2 963 1112
1 -242693 -49770
1 -277867 -84564
1 -191330 2347
1 -41813 151896
1 -255508 -61421
1 -290229 -96031
1 -52420 142339
2 593 672
1 11372 206660
2 588 908
1 92607 287937
2 345 191
2 1291 983
1 -92094 103287
2 396 260
1 -94719 100679
2 1096 1041
1 -108550 87154
2 72 198
1 21025 216813
2 984 18
2 315 93
1 -29719 166236
1 -149665 46397
2 1210 773
2 166 914
2 838 621
2 989 890
2 87 602
2 403 433
2 245 822
1 -245699 -49606
1 95511 291763
1 -78424 118069
2 752 691
2 670 56
2 1028 861
1 92422 289012
1 -48620 148408
2 57 34
1 59609 256802
2 770 369
1 -158706 38532
2 473 558
1 -104573 92680
1 59923 257402
2 292 1218
2 459 471
1 -298120 -100594
2 457 902
2 319 907
2 786 1356
2 337 607
2 315 71
2 767 1195
2 156 356
2 337 1404
1 -29133 168828
1 88781 286754
2 1247 90
1 7230 205313
2 531 354
2 644 1104
2 318 98
1 -96192 101999
1 -139769 58797
1 79632 278408
2 1138 253
1 -244445 -45440
1 -69994 129240
1 -234461 -35179
2 369 347
2 1315 821
2 236 1201
2 682 821
1 -10559 189105
2 907 193
2 1263 82
2 444 1134
2 731 1407
1 -271416 -71669
1 -71305 128453
2 69 161
2 312 57
1 -134910 64936
1 -48668 151192
2 1073 306
1 -6668 193640
1 -263045 -62573
1 -294151 -93494
1 39414 240118
1 81004 281812
2 704 797
1 -178876 22016
2 486 391
1 93516 294774
2 533 540
2 1056 1146
2 137 836
1 -194867 6463
2 517 1396
2 1048 953
1 -83930 117508
2 1416 832
2 956 369
1 81482 283773
1 -144379 57976
2 1434 270
1 -36636 165822
2 730 1080
1 -38463 164295
1 -249563 -46639
1 -222985 -20048
2 1143 412
1 -266507 -63365
2 1275 983
1 84323 287756
2 564 317
2 424 790
2 25 1430
2 1376 1330
1 -57542 146064
2 282 151
2 618 240
2 883 1408
2 1422 1231
2 36 132
2 520 566
1 -79077 124633
1 -184278 19618
1 -53702 150369
1 -99533 104642
1 -190625 13558
2 665 1014
2 843 148
2 1215 679
1 -199814 4409
1 -230508 -26276
2 70 276
1 61174 265426
2 996 1068
1 -5307 199071
2 566 135
1 26869 231272
1 95377 299993
1 -112753 91916
2 776 286
2 12 649
2 162 1123
2 203 471
1 91131 295883
1 -39355 165461
2 379 968
2 1129 1267
2 321 902
2 991 1011
1 69056 274057
1 -245342 -40081
2 1223 859
2 960 478
2 404 492
2 64 1256
1 55547 260829
2 705 372
2 511 964
1 12655 218090
2 680 449
2 1423 864
2 571 1082
1 -278435 -72833
2 137 1367
2 353 1257
2 1387 3
2 1336 76
1 47127 252943
2 367 1176
2 167 297
2 709 1026
1 91540 297713
1 74930 281148
1 36274 243031
2 1336 5
2 279 77
2 688 580
1 -287052 -80201
1 -23999 182911
1 -136243 70736
2 749 794
1 -32095 174983
2 405 847
2 1431 1120
1 -30404 176904
2 1289 794
1 -160643 47206
1 -137017 70970
2 1271 1236
2 416 1248
1 -46110 162037
1 -165557 42714
1 -110988 97405
1 73351 281968
1 139 208867
1 79448 288384
2 25 562
1 -110949 98127
1 26827 235997
1 38596 248022
1 -123295 86675
1 -237390 -27284
2 1329 269
2 36 489
2 504 1103
1 -280323 -69695
2 1250 631
2 1120 678
1 -199654 11026
2 242 233
1 -218851 -7496
2 220 1098
1 -245083 -33454
1 -206530 5111
2 583 890
2 587 1374
1 62468 274305
1 -150877 60990
1 -78130 133938
2 418 1473
2 664 1364
2 121 1469
2 1030 13
1 -147921 64285
1 -168136 44082
2 1364 281
2 1288 803
1 -170293 42011
1 -218173 -5811
2 1458 60
2 803 734
1 -210311 2529
1 -2629 210260
1 8620 221514
1 -234446 -21407
2 790 232
1 -106153 106952
2 707 61
1 -208122 5079
2 1108 247
1 36076 249292
1 -198197 15322
2 1322 59
2 426 1169
2 1057 111
2 1123 1286
1 -84089 129478
2 502 1183
1 -274968 -61349
2 42 975
1 63531 277196
1 6536 220372
2 1055 454
1 -248226 -34217
1 -175517 38679
2 1480 346
1 31846 246155
2 224 135
1 -249461 -34842
2 314 799
2 1302 1443
1 -187727 26974
1 -121696 93373
1 -97833 117344
1 -55239 160070
1 20393 236044
1 -238893 -23180
2 1051 495
2 256 1329
1 -104285 111499
2 1097 645
1 -183490 32461
2 299 730
1 -55380 160707
2 554 1170
1 -183849 32387
1 -103621 112683
1 -33056 183412
2 563 636
1 -137592 79264
1 -14529 202467
2 1268 76
2 1152 1337
1 -164299 52808
2 1330 558
1 50142 267372
2 842 1170
1 -231090 -13647
2 55 466
2 1440 1476
1 -47607 170110
2 1261 524
1 -170594 47205
2 1169 368
1 -35111 182700
1 -218473 -265
1 59805 278181
1 -88341 130415
2 299 325
2 1463 1485
1 10414 229194
1 -39398 179443
1 19006 238023
1 -194323 24828
1 -129410 89938
1 56835 276515
2 1010 360
2 1242 994
2 1467 104
1 -40724 178958
1 10939 230805
1 -96012 124584
2 108 32
1 -146074 74565
2 1009 1076
1 -19211 202071
1 7537 228918
1 -176743 44644
1 -221104 360
2 726 289
1 -39587 182108
2 785 647
2 1284 110
1 -186627 35373
1 -290713 -68686
1 22542 245059
1 -227731 -5066
1 -65325 157473
1 -143945 78859
1 -262479 -39561
1 49137 272266
2 884 221
2 555 841
2 674 451
1 -226092 -2893
2 358 263
2 821 642
1 -114711 108519
2 226 1034
1 49508 272980
1 -18448 205193
1 18623 242469
2 451 795
2 932 1407
2 848 575
1 -179775 44371
2 429 1294
1 64991 289314
2 1156 175
2 244 1379
1 -99866 124459
2 555 199
2 312 1149
1 -209053 15294
1 -176490 47901
1 -183716 40767
1 -104869 120001
2 498 1251
2 1505 1231
1 59156 284103
2 1121 524
1 -32738 192294
1 68982 294036
1 -252717 -27518
2 401 371
2 455 141
1 -79441 146539
2 176 1493
2 676 948
2 881 586
2 88 914
1 -80277 145708
1 -186225 39965
1 -4223 221978
1 6263 232651
2 1525 565
1 -296521 -70049
2 529 1147
1 -286754 -59967
2 156 99
1 34735 262603
1 34980 262855
1 -210498 17629
1 3933 232228
1 -1816 226487
2 319 395
1 -138934 89550
2 1099 723
1 -233827 -5078
2 1235 32
2 1058 370
1 46076 274851
2 23 640
1 -77225 151919
2 246 970
1 -1208 227992
2 657 912
2 1332 1520
2 1083 545
1 -69061 160884
2 8 1579
1 -244155 -14103
1 -70212 160237
1 -176409 54114
2 838 40
1 44545 275205
1 -55606 175058
2 517 1236
1 -29115 201706
2 1475 1060
2 853 657
1 59243 290123
2 1463 385
1 -268445 -37097
2 375 496
2 1033 816
1 -81582 150074
2 1480 205
2 961 11
2 611 1065
2 2 369
1 -195224 36614
2 1314 833
1 65294 297720
1 -146836 85638
1 35637 268441
1 -274406 -41097
2 1461 139
2 145 772
2 631 630
2 706 680
2 266 252
1 -41280 192213
1 -134056 99694
2 1488 1591
2 198 742
2 530 1282
2 1510 1442
1 63789 297559
1 -155836 78776
2 557 89
2 374 1042
2 944 1058
1 -168004 66854
2 330 366
1 -40053 194946
1 -6028 229041
1 -298835 -63633
1 -255971 -20752
1 -260807 -25123
1 -17036 218751
1 -157555 78638
2 209 548
1 -44962 191657
1 -84820 152108
2 24 1114
2 17 106
2 1372 919
2 1453 1294
2 1561 201
1 -288427 -50885
1 -257610 -19969
2 887 1278
1 33025 271110
2 475 477
2 1558 925
1 -29953 208138
2 1129 944
1 -273975 -35423
2 1345 456
1 -192122 46970
2 1531 1369
2 1117 1262
1 -113599 125545
2 204 664
2 1159 1023
2 1323 1113
2 762 230
2 1185 873
2 1434 85
2 436 654
2 297 150
1 -292604 -53040
2 1252 243
2 555 833
1 -161126 78477
1 -207437 32177
1 13374 253087
2 1526 651
2 1117 791
1 -278706 -38799
1 -195560 44388
2 1058 69
2 761 996
2 449 511
1 -241131 -976
1 -29131 211130
1 21874 262256
1 -230891 9602
1 -128878 111630
1 -250401 -9815
2 415 1595
2 1511 306
2 1558 969
1 -6347 234550
1 -204224 36720
1 -264534 -23504
1 -202543 38885
2 1313 1259
1 -200133 41936
2 636 619
2 922 620
1 -234418 7675
1 -191845 50384
1 -268115 -25531
1 -235387 7274
1 -158347 84724
2 609 1136
2 375 978
1 -30199 212926
1 -197200 46297
2 1595 1448
2 1276 911
1 -128890 114690
2 1035 1088
2 478 1647
1 947 244669
2 184 241
2 236 987
2 1542 1507
2 705 777
2 388 1610
2 427 374
2 747 767
1 -274681 -30955
2 1260 732
1 -12791 231036
1 -7703 236289
2 1598 1486
2 71 74
2 707 1525
1 -238528 5484
2 671 44
1 53648 298204
2 885 1342
1 -210868 33812
1 -45464 199407
2 198 1208
2 468 115
1 -120050 125148
1 -25927 219298
1 -238589 6872
1 -59334 186141
1 28730 274267
2 548 742
2 812 104
1 50514 296095
1 -116873 128734
2 1156 1579
2 320 1492
2 169 677
2 1587 196
1 -173912 71846
1 -2658 243366
1 -33348 212805
2 718 224
2 56 708
2 1003 164
1 -123650 122625
2 633 1155
2 926 875
2 1263 629
1 -5806 240593
2 1254 1124
1 -197319 49217
1 -289520 -42610
1 19115 266200
2 1348 1647
1 -106779 140375
2 1602 376
2 1291 937
2 1203 1083
2 1043 735
2 791 782
1 -254414 -7028
1 -81066 166399
1 21544 269072
1 -85118 162502
2 972 1250
2 233 30
2 1597 98
1 33937 282225
2 1424 857
1 -94628 153905
1 -107913 140665
2 1018 104
2 811 1567
2 883 1478
2 924 698
1 -290750 -42037
1 -59629 189307
1 -257227 -8240
1 -93523 155810
1 3778 253671
2 1560 111
1 14787 264736
1 -208837 41134
2 19 487
2 88 385
1 7991 258201
1 -271189 -20834
2 1152 1216
1 -249292 1175
1 -225492 25004
2 484 1202
2 1275 427
2 1161 804
2 1340 1048
2 1693 1588
2 636 681
2 1627 816
1 8147 259246
1 -103964 148352
1 -84540 167959
2 1421 1633
1 -19467 233067
2 541 1181
1 -147862 104683
2 842 1362
2 353 1021
2 1161 1567
1 -263568 -10963
1 -189868 63075
1 -290408 -37265
2 1327 208
1 32336 285489
2 1207 1689
1 -271054 -17465
2 1400 291
1 -47240 206601
2 609 1311
1 -53980 200018
2 1250 1348
2 235 802
2 1613 1156
2 86 1345
1 -41573 212539
2 1487 881
2 90 449
2 1156 345
2 1352 1237
2 1370 1696
2 1156 821
2 1323 298
1 -177180 77363
1 -107598 146967
1 -216003 39301
2 528 1596
1 -201516 54096
1 -131806 123827
2 74 683
1 -55699 199946
2 984 1020
1 -97538 158228
1 -299597 -43182
2 1164 938
1 -183955 72461
1 -296656 -39930
2 316 814
2 1388 38
2 66 1293
1 -82722 174056
1 -89653 167186
1 -261078 -4229
2 1580 522
2 1595 296
2 620 1600
1 5014 262240
2 454 387
1 -90525 166771
1 -256497 1188
2 1367 26
2 755 1434
2 653 283
1 -171969 86324
2 1300 1011
1 -156351 102207
2 636 1335
2 1200 286
1 -246762 11844
2 427 1015
1 -171692 87118
2 1418 1516
1 -197232 62565
2 1394 960
1 -211183 49485
2 209 1558
2 858 935
2 1554 1039
2 389 327
2 1504 920
1 -37930 222910
1 -187104 74019
1 11553 272702
2 89 145
1 -133994 127249
2 1201 1160
2 1451 1141
2 339 479
1 -287817 -26465
1 -49908 211910
1 -130146 131769
2 1213 973
2 879 1449
1 -253604 8323
1 -223884 38465
1 -118578 143966
1 -163527 99058
1 -152133 110771
1 -81061 182122
1 -277383 -14111
1 -207891 55592
2 434 36
2 969 292
2 1193 1082
2 1113 865
1 -43703 220013
1 -14185 249617
2 430 1416
1 -79319 184534
1 -165029 99023
1 -142913 121208
2 1532 878
1 -136628 127572
1 -48882 215894
2 816 919
1 -218798 46252
2 1348 1540
2 864 185
2 83 1522
1 -227455 37701
2 341 579
2 167 1285
2 337 1606
1 -246318 18876
2 189 1427
2 861 667
2 312 918
1 -32944 232567
1 -42754 222769
1 -257078 8492
2 277 901
1 -244414 21175
2 1113 1462
1 -71388 194594
2 1095 1424
1 -78780 187240
1 -237713 28344
2 1 383
2 282 1656
2 994 1330
1 -161659 104437
2 475 1688
2 1707 1692
1 -139325 127107
2 1615 426
2 929 1628
2 1271 1071
2 1218 1182
2 1360 1630
1 -147358 119159
2 395 620
2 1195 262
2 936 971
2 595 276
1 -27042 239492
1 -152413 114450
1 -87562 179481
2 110 788
1 -194623 72554
1 -92229 175234
1 -213779 53721
2 285 1500
1 -287275 -19739
2 1454 976
2 102 1222
1 -177424 90525
2 766 775
2 1187 17
2 1370 710
1 -167507 100853
2 1158 561
2 146 1605
1 15114 283476
2 332 164
1 27894 296514
2 1645 1714
2 33 804
2 380 1729
2 1325 1413
1 6256 275119
1 -238750 30456
2 45 1068
2 1733 873
1 -269613 -310
2 222 505
1 -238946 31024
2 141 270
2 931 1037
2 1450 854
1 -198047 72382
2 948 652
2 1306 1721
1 -264505 6115
1 -200215 70473
2 1773 379
1 -241446 29680
2 197 1426
1 -282819 -11427
2 191 373
2 1120 114
1 -69827 201590
2 990 1090
1 -93084 178357
2 1108 1670
1 -113509 158166
2 1087 1079
2 348 971
2 606 1723
2 1669 566
1 -17854 253877
1 -283395 -11612
2 948 223
1 -204826 67121
1 -156109 116206
2 53 801
2 682 632
2 58 370
1 20278 293184
1 -78938 194128
1 -274082 -904
2 1134 809
1 -217758 55623
2 577 1302
2 1533 594
1 -166302 107182
1 -192301 81276
2 1388 1781
1 -299985 -26179
1 -65823 208316
2 96 887
1 -74267 200899
1 -266274 9386
1 -102348 173545
1 -197412 78928
1 -231606 44953
1 -81504 195085
2 341 289
2 1739 1609
1 -234427 42171
2 1450 1569
1 -204618 72375
2 381 1392
2 455 751
1 -104053 173063
1 -194042 83526
1 -210496 67327
1 -168859 109347
1 -64108 214133
1 3300 281829
2 271 1750
1 -292802 -14188
2 1369 42
1 -217795 60845
2 870 424
2 939 517
1 -45607 233142
2 179 66
1 -84546 194254
1 20761 299744
1 -4580 275102
2 1486 1025
1 -89811 189998
2 991 472
2 1256 874
1 9239 289258
2 781 470
1 -171582 108456
1 -229823 50603
2 1519 1080
2 1775 257
1 -126427 154033
2 403 715
2 1407 180
1 -246710 33895
2 782 891
1 -137415 143200
1 -293540 -12838
1 -5432 275548
1 -173854 108303
2 323 817
1 -61708 220460
2 514 971
1 17485 299989
1 -135930 146583
1 -257412 25479
1 -180999 101972
2 1428 835
1 -105950 177260
2 242 1080
1 -10659 272640
2 1260 1826
2 634 1057
1 -139452 143976
1 -128132 155298
1 -169219 114240
1 432 284076
2 321 1415
2 789 1635
2 1544 927
2 553 909
1 -267917 15839
2 909 87
2 1334 96
2 1373 130
2 310 1439
2 122 1314
1 -184774 99072
2 935 1066
2 1479 926
1 -195029 89015
2 857 113
2 568 440
1 -128244 155894
2 1493 1029
1 -105925 178532
2 1217 139
1 -93969 190780
1 -69793 214998
2 1108 603
1 -292039 -6844
1 -140553 145634
1 -282057 4266
2 591 1323
1 -129602 156962
1 -13260 273489
1 -141342 145413
1 -193807 93228
1 -78801 208322
2 1045 1002
2 75 731
2 1119 956
2 1069 1620
2 1684 301
1 -70540 216671
1 -170784 116557
2 1285 342
1 -32466 254887
1 1098 288704
2 1540 779
2 988 1142
2 1548 1333
2 1490 608
2 1474 61
2 311 1593
1 -150893 136957
2 1243 1805
1 -62645 225282
1 -298843 -10486
2 143 16
2 1166 1649
1 6428 294896
1 -84335 204301
1 -168085 121117
1 -59254 231149
1 -82052 208651
1 -189657 101365
1 -223053 68101
1 -252708 38640
2 1321 1869
1 -262236 29540
1 -226323 65950
1 -176298 115987
2 1571 1731
1 -221807 70564
2 625 852
2 939 421
2 269 489
2 624 1587
2 524 752
1 -176983 115474
1 -226319 66155
2 657 1076
2 84 775
1 -111744 181039
2 702 881
2 1524 1609
2 971 894
2 361 1398
1 -64792 228284
1 -187527 105559
2 1618 260
1 -56447 237022
2 1824 1616
2 1540 287
2 289 19
2 1187 483
1 -159029 134622
2 1373 769
2 1010 220
2 1043 458
1 -75443 218337
1 -274277 20187
1 -59693 234964
2 730 1761
2 1078 1707
1 -224931 70042
1 -172287 123031
2 402 210
1 -57236 238699
2 1858 381
1 -119778 176779
1 -129449 167206
2 1639 459
1 -171461 125747
1 -6462 291217
2 336 742
1 -138938 158819
2 1467 281
1 -77131 221169
1 -274546 23958
2 1805 1746
2 600 1725
1 -263079 35620
2 753 444
1 -11471 287283
2 1409 514
1 -144987 153863
2 981 297
1 -61643 237292
2 495 1544
1 -47689 251319
2 28 899
2 654 1145
2 1640 979
2 474 1280
2 990 455
1 -113042 186062
1 -285176 14131
2 824 173
2 1734 863
1 -6980 292587
2 872 543
2 465 1810
1 -79223 220472
1 -45747 253996
1 -76915 222859
1 -183090 117162
2 1648 1645
2 492 418
2 1841 410
2 203 135
1 -263346 37332
1 -4518 296738
1 -173431 128207
1 -189211 112603
1 -282208 19746
1 -83817 218692
2 1907 1819
2 1141 701
1 -131692 170854
1 -109207 193407
1 -291866 11282
2 1145 1821
2 1503 875
1 -273443 29789
1 -284789 18862
2 268 751
1 -159025 145077
1 -200617 103550
2 816 1192
1 -30655 274306
2 1812 810
2 647 742
2 1145 749
1 -180194 125251
2 559 1061
2 723 1710
2 410 1767
1 -107682 197918
1 -125793 180289
2 587 1134
1 -11170 295037
1 -178205 128619
1 -195739 111404
2 1035 856
1 -157146 150384
1 -218352 89402
2 1526 1408
2 1165 1650
2 364 1859
1 -210936 97022
1 -159036 149408
1 -288982 19468
2 51 1271
1 -257760 50771
1 -233897 74657
2 676 1080
1 -294220 14390
2 1906 121
2 507 1214
1 -171429 137480
2 1298 1628
1 -212249 96795
2 871 961
2 1212 333
1 -108320 200782
2 877 554
1 -272578 36816
1 -278155 31365
1 -149800 159953
2 1291 347
1 -21402 288524
1 -111991 198555
1 -218608 92074
1 -92937 217861
1 -186936 123879
2 1761 1932
1 -77694 233285
2 1209 114
2 637 1542
2 1174 1817
1 -191001 120164
1 -217269 94129
2 706 452
2 1213 925
1 -106605 204804
2 626 1735
1 -33441 278419
2 683 1373
2 1623 1654
2 1559 147
1 -39738 272534
1 -25742 286768
2 276 1616
1 -236065 76870
1 -260116 52897
1 -113207 200230
1 -154596 159008
1 -213989 99763
2 1054 672
2 267 1126
1 -233636 80223
1 -296565 17320
2 901 959
2 1285 1764
1 -237733 76328
2 1372 1529
2 848 844
2 556 812
2 1277 1478
1 -255443 58750
1 -60852 253566
1 -142356 172144
2 575 1330
1 -33313 281246
2 389 459
2 1921 696
1 -236224 78352
1 -210607 104042
1 -90361 224573
1 -262233 52893
2 89 355
2 903 1798
2 1259 1916
1 -177953 137832
2 384 1223
1 -213934 101961
1 -60941 255046
1 -26452 289626
1 -299748 16716
2 631 1188
2 25 729
1 -178609 138335
2 101 1109
2 895 762
1 -86325 230904
2 1053 431
2 204 1483
1 -119385 198010
2 1042 91
2 1069 1436
2 799 1628
2 545 1525
1 -124899 192497
1 -56888 260637
1 -164746 153019
1 -227197 90677
2 1031 1367
1 -44619 273424
1 -129943 188952
2 197 877
2 1791 1928
2 392 644
1 -278276 40651
1 -208567 110821
2 1075 1566
1 -279888 39618
2 1717 1350
1 -132056 187864
1 -297908 22334
1 -237881 83006
1 -261793 59653
2 1125 1301
1 -234692 86772
1 -115993 205713
2 758 557
2 236 61
1 -296083 25678
2 121 750
2 1908 1685
1 -172364 149977
1 -150454 172385
2 767 389
2 1938 530
2 1019 1802
1 -252954 69933
2 692 647
1 -111099 212305
1 -260918 62663
1 -83927 239688
2 886 1173
2 195 967
1 -71170 252638
2 1929 700
2 77 277
1 -245652 78400
2 1412 1875
1 -222195 101996
2 524 315
2 1935 403
1 -61097 263399
1 -26477 298338
1 -114037 210997
1 -77248 248518
2 1062 1697
2 870 1195
1 -168055 157814
1 -198848 127458
2 511 1525
2 1771 1204
1 -220470 106098
2 655 1542
1 -291249 35352
1 -106505 220132
1 -251299 75529
2 1074 200
1 -186476 140462
1 -113768 213443
2 1320 1876
1 -32550 295097
1 -294790 33042
1 -58418 269605
2 1782 1469
2 47 1846
1 -73404 254762
1 -195593 132874
1 -217847 111718
1 -238290 91542
1 -82192 248162
1 -89420 241251
1 -180085 150914
2 875 391
2 697 1319
1 -293010 38441
1 -183101 148423
2 1759 524
1 -193328 138404
2 476 1462
1 -74351 258195
1 -85275 247482
1 -206038 127228
2 55 1755
1 -123457 209953
1 -267864 65571
1 -47219 286392
1 -162822 170838
1 -162444 171244
1 -228846 104898
2 1785 939
2 68 894
2 848 1394
2 160 577
2 1500 1109
1 -218561 115835
1 -278167 56262
1 -251001 85112
2 1869 1194
2 1162 1205
2 553 968
1 -236675 99441
2 2011 1905
1 -100188 237005
2 1436 1006
1 -43614 293737
2 523 1578
2 1753 550
2 243 2037
1 -274542 63160
1 -210819 127106
2 1451 1028
2 223 399
1 -50816 287185
2 1443 1432
1 -72742 265308
1 -122188 215882
2 843 1467
1 -40247 297944
1 -289798 48723
1 -68749 269943
1 -173863 165114
1 -42002 297071
1 -165062 174225
1 -65102 274529
2 925 190
2 924 2033
2 1672 1809
1 -256048 83596
2 1708 1699
2 1150 1073
2 265 1368
2 1634 2029
1 -47904 291877
1 -70204 270057
1 -125259 215020
2 1981 988
1 -87865 252432
1 -198319 142072
1 -205836 135505
2 1768 1317
1 -269841 71609
1 -170133 172283
1 -166799 176209
1 -255662 87399
1 -152069 191160
1 -172151 171669
2 1985 1794
1 -225345 118960
1 -159479 184846
2 749 2034
2 779 541
1 -123026 221852
2 1104 1839
1 -105813 239192
2 479 724
1 -45594 299663
2 159 1323
2 726 1013
2 1469 1735
1 -250354 95316
1 -259314 86572
2 191 2051
1 -232776 113669
1 -173997 172911
1 -195272 151844
1 -244137 103312
1 -254604 94222
2 2040 1134
2 1753 435
1 -217074 131962
2 1683 1112
1 -264023 85222
2 1019 1248
1 -120338 229118
2 2012 311
1 -288169 61315
2 352 1226
1 -222018 127614
2 178 1675
2 489 1442
1 -263241 86942
2 2052 1387
1 -96638 254497
2 57 1877
1 -125922 225726
1 -126320 226315
2 317 962
2 112 303
2 2054 1809
2 1791 1290
2 480 1415
1 -296054 57096
1 -227864 125574
2 1120 2014
2 421 3
2 692 1102
2 1471 1478
2 2081 197
2 1253 1658
2 378 1675
2 601 1694
2 2065 245
2 1395 1432
2 272 1929
2 1368 1344
1 -283642 70078
1 -266383 87410
2 1374 1194
2 1864 1874
1 -291924 62122
1 -56776 297327
1 -174639 179614
1 -278860 75484
2 1251 110
1 -221982 132623
2 1152 1680
1 -66434 288202
1 -132401 222717
1 -292249 63956
1 -277377 79205
1 -296371 60529
2 654 1724
1 -267454 89734
1 -192113 165203
1 -226716 130702
2 1994 1749
2 1377 1510
2 309 1991
1 -216538 141331
1 -67979 290503
2 156 1353
2 1449 1413
2 1939 113
1 -299368 59177
2 2064 1429
2 1768 930
1 -102625 256163
1 -143986 214910
2 341 429
1 -165815 193284
1 -80322 278807
1 -129640 229511
2 1003 833
1 -148223 211097
1 -217573 142526
1 -220251 140020
1 -265490 95238
2 547 2034
1 -213892 146843
2 1949 799
1 -219973 141115
2 1650 1866
1 -208033 153267
2 2061 804
2 389 1712
2 1407 1675
2 1422 212
2 223 1335
1 -227476 133975
1 -258320 103276
1 -105954 255773
2 1258 215
2 1573 620
1 -83582 278559
1 -209298 153388
2 1469 712
1 -177762 185016
1 -214159 149049
2 418 1286
1 -220060 143849
2 1351 1124
2 463 664
2 90 1080
2 2050 714
1 -209326 154849
2 1510 965
2 1204 1652
2 653 1551
1 -203968 160288
2 1116 225
2 24 1989
2 2067 733
2 1304 1185
2 1487 1336
1 -144857 220631
1 -149443 216751
1 -289844 76554
2 1452 676
2 1422 130
2 1897 347
1 -208057 158445
1 -238193 128507
2 722 746
2 56 2099
2 1469 1758
1 -214082 152718
1 -78072 288970
2 1854 1624
2 1971 668
2 1467 1921
2 956 141
1 -283205 83917
1 -254381 112782
2 738 1256
1 -275037 92181
2 354 1572
2 1102 520
1 -250870 116589
1 -247558 120691
1 -288092 80209
1 -169395 198926
2 654 768
2 473 1609
2 687 349
2 193 1599
2 1263 1966
1 -170117 198431
2 1199 162
1 -103428 265301
1 -205085 163916
1 -86174 283127
1 -87565 282386
2 335 654
1 -237960 132125
1 -180029 190065
1 -197094 173051
2 399 2143
1 -162770 207438
2 1822 559
1 -204454 165923
2 1818 529
2 714 962
2 794 1059
2 2105 1295
1 -168986 201659
2 322 525
2 461 2035
1 -92663 277984
2 931 835
1 -169234 201658
1 -297735 73324
1 -150193 221031
1 -147909 223412
1 -81411 290268
1 -219859 151922
2 1501 1074
1 -79096 292800
1 -190028 183186
2 1004 905
1 -273872 99362
2 1694 10
2 829 999
2 692 1230
2 900 2049
2 2116 433
1 -169657 203728
2 110 850
1 -299379 74025
2 835 1251
1 -287694 85815
2 1291 349
1 -171397 202265
1 -229429 144496
2 1575 1605
1 -148428 226092
2 797 741
1 -253873 120654
2 792 1056
1 -267367 107234
2 506 1715
1 -259437 115271
2 1507 588
1 -82667 292512
2 1056 1474
2 452 111
2 436 1448
1 -186961 188233
1 -90030 285204
2 816 1108
1 -169791 206076
2 748 253
1 -252401 123541
1 -181685 194428
1 -220337 156758
2 1272 162
1 -233872 143288
1 -290903 86581
2 138 258
2 1234 296
2 420 1395
2 1484 1461
2 944 670
2 1353 554
1 -94034 283707
2 1060 1628
1 -280700 97543
1 -152428 225966
1 -226573 152504
1 -133863 245218
1 -289008 90128
2 1698 2161
1 -280043 101125
2 1294 984
1 -281962 99684
1 -183455 198658
1 -213201 169081
1 -234648 148513
2 1753 1678
2 272 1127
1 -107112 276124
2 483 669
2 118 678
2 1637 546
2 1231 798
2 695 809
1 -125556 258114
2 1250 712
2 1601 149
1 -105069 279636
1 -137609 247159
1 -276891 107982
1 -281675 103278
2 2098 1532
2 1914 1432
2 1961 1695
1 -201836 184022
2 1502 758
1 -286789 99204
2 1298 1464
2 2163 1460
1 -188532 198055
2 961 1906
2 955 736
1 -177026 209573
2 68 113
1 -248711 138411
2 302 740
2 243 776
2 1719 1928
2 524 151
1 -285855 101826
2 228 1130
1 -299183 88568
2 479 2063
1 -219035 168979
2 2117 2020
2 1225 865
1 -243907 145670
1 -146339 243562
1 -132697 257677
1 -133343 257111
2 214 966
1 -251443 139228
1 -211082 179643
2 1898 832
2 734 1831
1 -173779 217683
2 584 200
2 1547 1649
1 -210168 181601
2 297 530
2 1655 1968
2 847 1909
1 -215539 176764
1 -116146 276228
1 -205747 186744
1 -183976 208789
1 -242630 150590
2 1167 1008
1 -156006 237366
1 -108281 285453
2 2192 955
2 66 99
1 -137934 256013
1 -104608 289480
2 101 1427
1 -201549 192935
2 571 2132
2 582 1024
1 -153252 241550
1 -140420 255079
2 1436 1507
1 -226632 169595
2 466 1049
1 -255473 140761
2 1112 500
2 1412 464
1 -147398 248845
2 1467 536
2 385 981
2 569 383
1 -293569 102728
2 803 1351
1 -205226 191249
1 -124443 272190
1 -103410 293304
1 -157404 239920
2 288 2052
1 -195426 201955
2 1617 2127
1 -99249 298276
2 441 933
1 -112818 285081
2 1383 1669
1 -287821 110181
2 953 385
1 -272615 125696
1 -202229 196340
2 767 1446
1 -148384 250237
1 -149058 249802
1 -242492 156700
2 130 1820
1 -178741 221091
1 -101223 298785
2 1760 1392
2 263 638
1 -136626 263534
1 -188948 211301
2 844 622
1 -283515 117036
2 100 2013
2 2114 527
1 -247056 153633
2 1755 317
1 -225903 175270
2 441 1118
2 779 201
1 -238476 164013
2 1068 234
2 638 1454
1 -224434 179644
2 2154 2227
1 -211728 192782
1 -168965 235596
1 -254993 149579
1 -139002 266511
2 1393 822
2 2035 1998
1 -125373 282171
1 -177749 230603
2 409 1080
2 965 847
1 -292423 116209
1 -211490 197357
2 2188 2126
1 -185034 224309
2 831 913
2 907 1772
1 -132731 276667
1 -142541 267317
2 829 234
1 -224999 184990
2 144 2040
2 1740 913
1 -164334 246270
1 -231982 178752
2 2192 2131
1 -156885 254474
1 -196217 215193
2 1623 2113
1 -272246 139272
1 -254610 157592
1 -242453 170313
1 -298454 114489
1 -128964 285087
2 1107 2210
2 891 1630
2 878 95
1 -170767 244311
1 -287425 128174
1 -181146 234687
1 -266134 149745
2 1821 1714
2 1801 1253
1 -175077 241630
1 -119954 297151
1 -207125 210022
2 703 1526
2 366 997
2 767 1768
1 -167629 250032
1 -157980 259688
1 -132235 285665
2 419 1047
1 -294580 124091
1 -159368 259391
1 -127554 291625
2 1470 709
2 1249 1761
1 -141364 277889
1 -244229 175147
2 1376 929
1 -227036 192409
1 -216089 203450
1 -225201 195078
1 -240895 180040
1 -217233 204096
1 -186104 235299
1 -281091 140389
1 -179485 242374
2 813 1604
1 -207571 214518
2 1493 1894
2 901 206
2 269 50
2 1241 2171
2 1784 1028
2 2080 1311
1 -173571 248535
2 862 1261
2 105 1722
2 524 334
1 -235741 186526
2 2293 1106
1 -296087 126268
2 1055 2284
2 1303 470
1 -131073 291676
1 -194484 228392
2 122 1795
1 -211743 211202
2 1174 2207
2 1588 121
2 368 2214
1 -142871 280152
2 1601 1573
1 -200074 223784
1 -290706 133269
1 -189631 234440
2 258 1516
1 -289095 135426
1 -218799 205824
1 -169312 255354
2 1409 842
2 1190 1309
2 2116 954
2 910 263
1 -133257 291748
2 2034 2034
1 -125618 299695
1 -132414 294525
1 -195476 231940
2 1165 400
1 -129377 298101
1 -214425 213186
1 -130514 297587
2 712 1099
2 463 897
1 -297349 131258
1 -156714 272225
2 551 1687
2 1994 773
2 70 111
1 -274914 154050
1 -206177 223865
1 -225346 205044
1 -163171 268271
2 889 1792
1 -284383 147687
1 -299543 132708
2 601 487
1 -260750 171955
2 274 822
2 1233 2129
1 -180548 252288
1 -258073 175343
2 92 1500
2 558 1231
2 2208 1967
1 -135847 299337
2 652 1694
2 203 644
1 -299793 136495
2 407 1493
2 1896 185
2 955 1286
1 -290194 146149
1 -151551 285560
2 647 163
1 -230073 209222
1 -273805 165638
2 1077 1062
2 1251 961
2 1654 12
2 1270 2188
1 -196695 246393
1 -239187 204745
2 1723 1287
2 960 1398
1 -255447 188704
2 951 1398
2 268 2157
1 -259445 185207
2 839 2058
2 1416 1589
1 -219383 225533
1 -258947 186881
1 -272477 173677
2 193 414
2 442 525
1 -192104 254631
2 967 1479
1 -188092 258834
1 -176993 271122
2 1768 792
1 -149277 299100
2 610 573
2 78 1283
2 832 1316
1 -231078 217328
2 1777 15
1 -220692 227963
1 -152451 297688
1 -290563 160158
1 -164354 286730
1 -281527 169899
2 1662 1998
2 1191 430
2 1952 720
2 32 2314
1 -247500 205068
2 2177 1479
1 -182288 270586
2 964 1509
1 -161590 291318
1 -239516 214184
1 -280263 174331
2 1933 1302
1 -186101 268739
1 -204202 250762
1 -197975 257110
1 -297552 158303
2 2355 2026
1 -270485 185937
1 -204451 252184
1 -242867 214619
1 -225038 233989
1 -238394 220988
1 -185504 274466
1 -233357 226968
2 832 288
2 557 1215
1 -262113 198394
2 472 431
1 -198164 262656
2 1872 144
2 2135 2115
1 -199216 261877
1 -208045 253236
2 1575 1579
1 -218771 242840
2 621 2190
2 1080 1011
2 1610 2362
2 2335 936
1 -173499 288659
1 -247338 214922
1 -225068 238207
1 -181460 281976
1 -278726 184988
1 -203298 260612
2 625 648
2 260 1127
2 1553 1648
1 -239700 224461
1 -238145 227162
2 1183 1810
1 -267375 198239
2 18 2042
2 1645 839
2 2246 1600
2 1806 2001
1 -189355 277124
1 -267509 199076
2 2040 1065
2 1214 1672
2 387 1249
2 986 33
1 -219279 247555
2 842 635
1 -191233 277787
1 -243254 225790
1 -233677 235591
2 300 850
1 -249135 221655
1 -262332 209450
1 -256322 216841
1 -201337 273015
2 648 509
2 2386 1867
1 -204213 270568
2 133 156
2 2304 1805
2 2196 1437
1 -206960 268410
1 -212259 263741
2 88 1327
2 1833 179
2 301 1501
1 -201014 275459
2 2260 648
2 1070 1558
1 -280111 196366
1 -286732 190305
2 2088 412
2 1179 58
2 1612 1751
2 369 2361
1 -260026 217398
2 1010 1504
1 -216544 261938
1 -229255 249477
1 -180892 297878
1 -268137 210754
1 -284413 195036
1 -231507 248318
1 -186818 293362
2 726 2130
1 -259509 220864
1 -297689 183353
2 1079 2324
1 -260901 221696
2 1665 1513
1 -280470 202637
2 896 373
2 1385 1536
1 -237058 246054
2 1978 2141
2 1925 756
2 507 1387
2 2120 2249
1 -276804 207401
2 2145 562
2 1304 147
2 152 744
2 1985 242
2 1327 2236
1 -291602 192872
2 128 1096
2 1821 1936
1 -263829 222088
1 -286064 200511
2 1424 631
2 1049 1992
1 -234039 252576
2 275 1066
1 -218889 267781
2 892 1398
2 2087 2048
2 2123 771
2 1646 2276
2 2154 2022
1 -229038 258346
1 -280894 207619
1 -290843 197823
2 2024 1260
1 -220639 269488
1 -197968 296013
2 1322 2204
2 163 2159
2 2111 2040
2 2325 352
1 -223534 271092
1 -267213 227617
2 2371 2334
1 -248935 246828
2 241 1172
1 -237866 258588
1 -231676 266537
2 200 1713
1 -269210 229150
2 770 1962
2 69 2414
1 -249868 248906
2 2354 1786
2 1648 295
1 -246995 251874
2 1586 1209
2 1276 550
1 -273695 225546
2 2157 187
2 1384 2191
2 21 1690
1 -242682 257291
2 1854 494
2 1555 2206
2 1336 1909
2 15 503
2 489 1805
1 -216235 283880
1 -266360 234552
1 -218664 282343
1 -294711 206305
2 685 1699
2 325 1562
1 -281983 219278
1 -253182 250616
1 -289437 214579
1 -245534 259424
1 -263652 242319
1 -252920 253082
1 -284632 222108
1 -273053 234487
1 -231675 276267
1 -241570 267571
1 -246467 263023
1 -257442 252298
2 1283 146
1 -291884 218196
2 1394 509
1 -243126 267337
2 795 2310
1 -218288 292667
1 -245047 265928
1 -261298 250459
2 228 1415
2 668 1738
1 -263469 248295
1 -260351 251461
1 -291337 220985
1 -227674 284982
1 -246536 266302
1 -259730 253192
1 -276943 236062
2 164 456
1 -264880 248658
2 498 305
1 -242897 270667
1 -267184 246960
2 242 699
1 -257512 257386
2 1604 1753
1 -288095 226806
2 1100 1157
2 1467 749
1 -218075 298030
2 78 2465
1 -271463 244743
2 2438 520
1 -228806 287507
1 -253743 264246
1 -281063 241708
2 2019 1322
2 863 239
2 671 819
1 -287499 236049
1 -290704 234290
1 -283262 242017
1 -262498 264319
2 1107 2027
1 -232602 295726
2 2063 1468
1 -268085 260402
2 692 1264
2 686 2015
2 1136 2444
1 -241888 286806
1 -272701 256483
1 -273621 258084
1 -252537 279300
2 815 2349
2 555 1841
2 1596 1539
1 -286435 245776
1 -288753 243719
2 228 377
1 -284550 247983
2 207 1739
2 200 1261
1 -249576 283940
1 -249507 284321
2 678 1492
2 1497 148
1 -239743 295894
1 -260569 276744
2 907 476
1 -289333 250404
1 -291783 250550
2 624 2172
2 1308 1927
2 733 436
2 21 1643
1 -260050 282701
2 267 1575
1 -298322 245148
2 948 1575
2 2058 2441
2 259 847
2 40 2139
1 -274816 269058
1 -254631 289963
1 -247632 297970
1 -270026 276894
2 52 705
1 -299323 248080
2 1848 1342
1 -267938 280795
2 1662 1217
1 -272413 278210
2 29 1710
1 -273526 278678
2 1040 1134
2 1346 264
1 -290591 262024
1 -253957 298847
2 1635 1198
2 1606 884
2 523 504
2 809 1346
1 -272025 281247
1 -287305 266850
1 -284710 273549
2 2362 1372
2 1178 1931
1 -266677 296158
2 659 90
2 1287 539
2 704 853
1 -279606 283898
1 -264304 299466
2 1256 1377
1 -296819 269393
1 -276244 292862
2 2305 1937
2 453 2040
1 -285186 284891
2 352 1157
2 95 599
1 -282223 288542
2 1827 1499
1 -276573 294423
2 354 518
1 -283186 289893
2 2140 176
2 1116 2029
1 -284619 291444
1 -279782 298173
2 1263 2281
2 172 717
1 -296839 283247
2 643 991
1 -293195 295267
1 -296845 293164
