1000
1 729445718 729710185
2 1 1
1 -5253742 -4879242
2 1 1
1 -251559345 -250921681
1 542847949 546416629
1 -939049117 -930961766
1 985910412 997775767
1 -732782156 -717078311
1 -560708091 -544505617
1 640871162 658396022
2 7 2
2 6 3
2 2 6
2 9 4
1 -12739684 6082213
1 308348698 327328612
2 5 4
2 6 2
2 3 1
1 -17920854 1103575
1 184193330 206312923
1 300347060 324038833
1 -855156063 -829795790
2 13 14
1 587104330 613978988
2 6 10
2 14 8
1 -944107198 -916803414
1 334286966 361946740
2 10 12
1 226175615 253930008
2 6 11
2 17 2
1 51718338 79996317
1 418676069 447843827
2 4 14
2 9 19
1 -667607343 -638063237
1 -567790659 -535831091
1 -949821419 -912099471
2 23 9
2 8 24
1 180798670 218770873
2 14 8
2 16 12
1 492701748 531253515
2 12 24
2 24 15
2 18 11
1 -527806688 -485732638
1 749177642 791520562
2 17 22
2 9 27
1 842428513 885157263
1 80825306 125278847
1 434243107 480020562
2 4 11
1 782288432 829488483
1 580536980 627781906
1 863695833 915766265
2 22 7
1 572489320 625489222
2 25 12
1 -333486344 -276717471
1 89418345 150072562
2 21 9
1 618726567 681259486
1 768439565 832450559
2 26 38
2 9 22
1 190267682 254737610
1 314036940 378589861
1 -591832686 -525396632
2 39 21
2 35 20
1 698378680 765407951
1 -861746228 -793081188
1 797447374 867843985
2 25 11
1 -834877454 -764229789
2 23 39
1 675519710 746951992
2 13 39
1 -452232008 -378885462
1 449250928 525294355
1 -736128254 -659488868
2 20 19
1 -355104449 -275917137
2 31 45
1 -823954730 -737894713
1 -913585972 -826651985
1 -929931000 -840425342
2 6 39
2 51 10
2 28 40
1 214477811 304394838
2 54 53
1 230330723 321003518
1 60160344 151675555
1 -472501001 -380951591
2 5 2
2 29 32
2 56 32
2 10 15
2 20 18
2 37 14
2 47 27
2 12 32
2 43 50
2 58 47
1 408147943 500227973
1 292613752 385048126
1 -223528948 -125982905
2 32 35
1 -234680510 -134912787
2 50 16
1 -691070292 -588337999
1 81730559 184671080
1 678324581 783881448
1 249248449 357142697
2 7 21
2 29 48
2 58 57
1 -457156170 -348649467
1 -702258036 -592998082
2 68 26
2 58 33
1 439776880 550472411
1 -506416522 -391309352
2 19 6
2 66 30
2 58 13
1 501758236 618006530
2 17 31
1 -935112080 -818119494
2 11 40
1 275592535 398107802
1 -813119428 -690508677
2 17 36
2 23 10
1 855577838 980139670
1 727298262 854476204
2 75 9
2 25 41
2 42 6
2 10 71
1 -640398966 -509982588
2 6 2
2 61 67
1 342647338 479218772
1 442676104 581804423
1 -432793901 -291851690
1 512625179 661577765
1 -529567481 -380566766
2 4 4
2 38 59
1 -532448968 -381865741
1 -1167425 154390602
1 253586225 409216833
1 -204512077 -46234653
2 20 80
1 557132356 716779584
1 -197368304 -24965607
2 55 5
1 -609415644 -436114857
2 51 41
2 41 11
1 -571248665 -393288007
2 89 24
1 -978707202 -795860806
1 335663599 524772991
2 62 76
1 -441286946 -250811404
2 6 47
2 20 61
1 777287013 972953927
1 497543817 698095455
1 -451944227 -250379254
2 44 55
1 -227529492 -24851873
1 564893105 768907792
1 762115642 968063565
2 57 6
2 91 52
2 62 68
1 178211799 385562412
1 -936038373 -726264821
1 -425591343 -215049921
2 27 82
1 156777999 369112074
2 37 92
1 391636 213450915
2 89 63
2 42 52
1 239418406 454209364
2 47 97
2 61 12
2 95 9
2 80 41
1 575777008 791787107
1 407703294 627382690
2 62 45
2 50 30
1 -66104692 160135570
2 25 9
2 57 52
2 95 33
2 22 58
1 451800407 680444529
1 547456792 778785183
2 14 21
1 545407206 782100399
2 99 90
2 91 56
1 -805270413 -566186471
1 -708359215 -468269241
1 -852824326 -609221538
2 91 6
1 -387559840 -142680121
1 -917986002 -669668874
1 -182440843 74148530
1 98189519 355496430
2 85 83
1 506605486 764413455
2 39 82
1 -783393216 -524868949
1 -691782142 -431934644
2 24 91
1 353776736 615723192
2 14 30
2 118 91
1 709977490 978082667
2 8 10
2 113 56
1 -546855981 -278216777
2 1 12
2 73 111
2 61 74
1 -822378958 -553494536
1 655395849 926623820
2 32 3
1 512836616 784565648
2 81 83
1 -92604406 179980287
1 71454148 346425943
2 125 73
1 -101591467 180610635
2 99 48
1 471757176 763264663
1 116746943 409777615
1 -867627107 -573574410
2 29 13
1 -171723283 129297199
1 47502940 349866900
2 106 21
2 91 47
1 233840107 540274452
2 130 36
1 -342455669 -34703980
1 441345012 750673490
1 215780693 528472290
2 19 74
1 -110939470 207204558
2 130 127
1 141067745 460689253
1 -235096688 89485509
1 -777969961 -448922527
2 9 82
2 123 67
1 504731417 834995906
1 376283861 706892688
1 -752311619 -421681611
2 141 103
1 -447295261 -115125710
2 2 103
1 -73409321 260560241
2 121 16
2 136 87
2 32 6
2 108 138
2 26 8
2 7 48
1 -957462412 -623222659
2 36 44
1 -913259202 -578853009
1 238021508 573767702
1 -877981026 -540046075
1 536984243 875962339
1 -757380215 -415764396
1 358672789 700596830
2 134 17
1 146668669 490456025
2 101 75
2 54 120
1 -814625420 -469767949
1 344613069 690370780
1 17251760 364649949
1 349453017 701961814
1 -378177374 -23394220
2 44 98
2 156 119
1 -596485519 -241193882
2 100 70
1 -626794710 -271031634
2 37 121
1 -63634685 293944812
1 -301278349 57218458
2 32 86
1 -69762565 290986954
1 431915428 793789308
2 155 62
1 -703124332 -338815950
1 -436768739 -71030509
2 105 153
2 145 166
2 88 146
2 135 70
2 48 145
1 -970460172 -604674191
2 51 102
1 302039625 668399038
2 66 46
2 6 31
1 -908000880 -538664958
1 -515457847 -143781437
1 -732646454 -354270773
2 70 21
2 28 148
2 132 144
2 92 27
2 129 135
2 21 95
2 31 86
1 -45059683 333735301
2 151 34
2 167 156
1 58543000 437659514
1 -179538574 204915391
2 5 41
1 -727779626 -340719058
1 182554416 569804909
1 178546397 567603293
2 10 51
2 174 95
1 -454864710 -64453791
1 -776890657 -384638025
2 137 69
1 83257339 479288275
1 -955159502 -557241355
1 494183303 892280461
1 282477301 682980467
1 -642172843 -238736396
2 105 128
2 165 39
2 104 21
2 43 3
1 564946477 971040134
2 30 58
1 -155357193 251710255
1 117882248 528623643
2 10 32
2 36 120
1 290120917 702630155
1 119456669 532108772
2 59 31
2 46 168
2 129 1
1 20648206 434636955
1 9302854 423595437
2 116 181
2 80 23
2 98 50
2 11 147
1 81337253 503431832
1 191670678 613812117
1 -435627350 -12480670
1 -319491831 105629064
2 22 153
2 62 45
2 188 110
1 -112017655 313524627
1 -716407037 -290863182
2 111 165
1 427333186 858512109
1 -287505724 148227355
2 173 192
2 133 88
2 60 85
1 -97491681 340405340
2 43 17
2 116 58
1 100355215 538791384
2 32 67
2 190 172
2 165 114
1 467631664 908459042
2 108 118
2 96 130
2 66 28
1 -390875647 49971948
1 -744137320 -302478735
2 176 203
1 477916451 921893353
1 -949861870 -504788234
2 202 6
1 -755056612 -309948081
1 249027830 694482723
2 83 30
1 -775688308 -328109536
1 12292006 464542479
2 152 137
2 11 54
1 -622892875 -169751206
2 138 107
2 75 18
1 -780875618 -325780424
2 194 59
1 -377987707 82228187
2 59 135
2 39 169
1 -713272834 -251561492
1 408463558 871292509
1 -175788634 288559590
1 -922393192 -455885079
1 38868381 506917540
1 -143315301 325335264
1 -808584716 -336379133
2 142 155
1 -128930213 346208078
2 73 132
2 48 118
2 22 27
1 -868973284 -379555615
2 181 164
2 79 156
2 150 64
1 -461557459 28285093
2 67 75
2 23 84
1 -620314161 -129964544
1 -9675692 481139924
2 141 10
2 118 158
2 17 201
1 357686505 850804166
1 145998298 651597260
2 124 13
2 31 3
2 23 39
2 198 121
1 -728665629 -221826787
2 148 88
1 -251750339 255288027
1 -383501859 123632650
2 86 17
2 104 21
1 388264903 896994416
2 32 101
2 20 174
1 -46508884 466540212
2 132 27
2 37 36
1 -639926899 -124927733
1 164126319 682538069
2 98 212
2 121 205
2 101 33
1 155901626 676957505
2 108 72
1 -927165430 -405450252
2 95 162
2 138 20
1 -439516182 85217337
1 -517678004 7974045
2 109 109
2 50 87
2 80 47
2 91 233
2 98 188
1 296613213 825181432
1 -571783729 -38697662
2 226 43
2 164 114
2 103 152
2 96 29
1 -574673605 -40132607
2 6 17
1 362212944 897925270
1 158071933 700664988
2 25 174
2 31 185
2 49 168
2 190 35
1 434927856 980029218
2 12 31
1 -996610685 -450296581
1 -775024546 -227555368
1 -453657715 94065857
1 -33805663 518152259
1 -555106616 3270385
1 232060230 796407600
2 210 16
1 -217552196 348698354
2 107 150
2 135 246
1 283061994 854011423
1 373460390 950262394
2 184 1
2 153 212
1 80223942 661003902
1 277659056 861881188
2 66 21
1 -37162599 548900862
1 -780957379 -192721956
2 249 243
2 114 180
1 -445490235 148599954
1 -429480844 169872752
2 230 214
2 224 59
1 -587972731 14616614
2 111 66
1 -882474366 -278733077
1 134271703 745627132
2 98 55
2 112 156
2 165 217
2 144 192
1 -152468910 459362664
1 -93315338 522409442
1 54866262 670879512
2 51 72
1 120799144 738230239
1 -828138974 -207717573
2 255 80
1 216092875 837858812
1 -115973684 507069265
1 -233172951 391309595
2 203 40
2 235 27
2 190 27
1 59607499 685526014
2 273 22
2 239 120
2 150 108
2 247 274
1 43904360 670778772
1 297700756 925273526
2 253 99
1 97448229 731589413
2 5 249
1 -915610485 -275269990
2 229 7
1 -762676918 -121245528
2 162 260
1 -405644403 242583636
1 -38510063 610060424
2 189 240
1 197663862 846244782
1 72168433 723285490
2 53 248
1 149149220 802248732
2 188 14
2 126 281
1 -339776340 315171739
2 173 79
2 10 93
2 68 118
1 254123674 913275149
2 185 20
1 -819298454 -151983564
1 -589782200 78814667
1 -890689488 -221017237
1 -790865457 -120976849
1 -290460039 380484014
1 -78040410 593423524
2 229 202
2 71 57
1 -220175752 451928399
1 -370537317 302255934
2 262 117
1 -528273107 144987062
2 83 238
1 -960230618 -286421778
1 243057667 920513404
1 -113692076 566949130
2 12 191
1 -810456231 -129660371
1 17165006 700816687
2 268 69
2 207 235
2 21 50
2 245 124
2 82 40
2 58 22
1 -811469637 -125228859
2 56 147
1 -438438154 249945426
2 40 200
2 111 95
2 180 234
2 224 208
1 -773622272 -83744589
2 151 281
2 289 137
1 113464354 804906349
1 -66695384 628852372
2 274 55
2 11 212
1 -418941590 278940300
2 36 193
2 231 244
1 -961367540 -258998835
2 82 276
1 -429069257 273997412
1 -671182000 35485515
2 77 231
1 -44647601 662568981
2 205 168
1 -570069266 137947971
1 -783170667 -70744501
2 261 70
1 -425411308 287233249
1 -273762108 454349305
1 -729762391 2398375
2 10 178
1 -877028949 -141116119
1 -589246239 155109285
1 -3859153 745187021
1 -559725793 190931508
1 -161924460 597984726
1 -327603816 437439769
2 266 300
2 284 145
2 159 255
2 78 143
1 -359639006 409374306
1 -457492535 312242392
2 69 305
1 -326143066 448119406
2 294 322
2 125 261
2 184 277
2 158 86
1 -787277063 -10554001
1 -374599037 408450573
2 26 171
1 -541493450 243027729
1 54028976 838585850
1 206934768 993826478
2 176 216
1 -561188246 227231949
2 195 174
1 -269397080 526033708
2 115 208
1 -176707531 620100642
2 305 70
1 -882875142 -83323235
1 107709130 907677931
1 -8535275 791660038
1 -962788726 -161991926
1 -280983115 521559778
2 199 136
1 21637238 825933431
2 219 14
1 -925027106 -119522440
1 149673955 957526360
1 -565225471 243765908
1 -999577228 -188116625
2 122 288
1 -942092993 -130568532
1 -932670725 -120441267
1 90166897 915568063
2 27 73
2 269 150
2 57 329
1 58664046 884941958
2 136 263
1 -173555265 655618156
1 -754169868 80049815
2 19 330
2 294 288
1 -269943353 571319218
2 29 233
2 330 229
1 -269989462 573649844
2 168 173
1 -580470289 269024497
1 -765844495 84332541
2 327 33
2 44 201
1 21233262 878547797
2 46 276
1 -522163201 337994535
1 -746732977 115956856
2 180 168
1 -368579166 503666593
2 238 166
1 -867026799 10231995
1 41842104 921097904
2 326 158
2 162 53
1 115943967 995532051
2 322 344
1 -558525328 327795112
2 76 178
1 -602957906 285481654
2 230 87
2 267 149
1 -422182379 468240203
1 -116463131 776173442
2 155 175
2 208 175
1 -227834993 667664114
1 -343716460 552262149
2 209 241
2 362 237
2 26 361
1 -326706715 584208226
1 -443492329 470292091
1 73482691 988633946
2 238 316
1 -376556125 538888787
1 -124632239 793233683
2 224 95
2 35 79
2 364 133
1 65330198 983232383
1 -887145626 31562293
1 -409571492 510587948
1 -227947262 697347290
1 -513959825 412642160
1 -581106603 348427956
2 90 172
1 -734723808 195820854
1 -839576903 96058999
1 -60016914 876218402
2 342 1
2 364 215
2 279 92
1 -992247537 -48236372
1 42246402 988571524
2 96 377
2 317 307
1 -529877128 418439303
2 345 109
2 161 1
1 -172784087 781829911
2 87 290
1 -328765323 629163462
1 -18699069 947754431
1 -563113634 409629306
2 330 181
1 -729973107 243695603
1 14646515 990895601
1 -990429639 -5464824
2 380 377
1 -139945771 858616001
2 275 361
1 -703067904 300393497
2 391 276
1 -549021208 456850864
2 198 112
1 -750093503 256724177
1 -902462082 106349005
1 -287869672 725492513
2 118 118
1 -645407483 371694408
2 113 365
2 72 279
1 -760465381 261743310
2 397 65
1 -767261878 259412078
1 -285523478 741288629
2 118 211
1 -204202440 827387724
1 -178353126 857944416
1 -848449430 188364630
2 200 158
1 -377703455 665035685
2 290 219
1 -514472120 528779324
1 -87915501 962412390
1 -598277235 454454602
1 -547450703 505487511
2 68 299
2 20 363
2 122 160
2 309 210
1 -709049195 351728391
1 -589401727 473460014
2 293 209
1 -107114619 956958745
2 29 262
1 -491353747 576102054
1 -705353801 367937373
1 -754253761 320075060
1 -588534271 486030926
1 -491590347 582996041
1 -631522893 448173584
2 95 117
2 265 67
2 363 145
1 -643212656 436785473
2 26 266
2 274 377
2 164 297
2 175 337
2 326 183
1 -90585672 993758462
2 156 34
1 -608437490 479763066
2 162 361
2 7 14
2 353 370
2 417 94
1 -621231636 470001844
1 -352721927 738807690
1 -731984262 369963666
2 290 94
1 -293154665 814482276
2 186 414
2 176 192
2 226 330
1 -454167800 658564531
2 378 200
2 297 247
2 347 161
1 -625738281 494981791
2 290 158
1 -233727087 891172712
1 -849493737 286917893
1 -889394316 250447848
2 257 379
2 67 122
2 285 45
1 -243167740 901653367
1 -434850527 720553099
1 -223852523 937363611
1 -514242929 648470351
1 -856854875 306833810
2 34 242
2 333 163
1 -779764919 388435763
1 -985744743 186028535
2 279 428
1 -920183032 254376482
1 -596978084 580488998
2 139 71
1 -490891269 694213941
2 406 346
2 336 13
2 155 127
2 153 32
1 -277177292 915395312
1 -389534935 809900844
2 68 48
2 165 232
2 144 4
2 176 39
2 415 281
2 57 180
2 366 220
1 -391355798 812074279
2 112 429
1 -836085740 389635290
1 -414605829 833621628
1 -769149477 480766572
1 -448200076 809462658
1 -555557742 706154086
1 -761945115 501887060
2 222 58
1 -741556557 527244458
2 114 412
1 -471749254 797105454
2 224 139
1 -904564425 392674721
2 239 276
1 -779012731 527731494
2 293 412
2 120 56
2 154 159
1 -753066435 558422334
1 -953089710 362750493
2 416 406
1 -644568985 674004117
2 68 433
1 -464282988 856479506
1 -794402797 527385058
1 -576233639 748490205
2 442 443
2 5 47
2 248 189
1 -694841512 640095640
1 -926077003 420092640
2 307 156
1 -970969387 379797617
1 -386422309 967533875
1 -784720964 569465375
2 220 258
1 -952048236 402849910
2 323 255
1 -603286863 761115980
1 -888618907 495777878
2 339 65
1 -756021658 630602647
2 112 19
1 -451306171 937008445
2 97 280
1 -738194994 660795376
1 -784392729 617012394
1 -827128731 575676031
2 284 121
2 385 232
1 -970511843 433121701
1 -643247245 761614698
2 346 354
2 55 82
2 19 206
1 -791328157 624743761
2 170 320
1 -622929298 793384994
1 -625023919 796725952
2 453 228
2 170 414
1 -439712232 996375255
2 30 233
1 -635305094 803423964
2 64 52
1 -814424600 625754302
1 -803232905 652126682
1 -962097915 504877774
1 -957758327 529950774
1 -767004677 725721391
1 -525186143 979494417
2 28 252
2 448 163
2 174 41
1 -952034090 553452059
1 -693142584 825020267
2 106 41
1 -939740189 585239365
2 154 374
1 -724168175 819515384
2 121 40
1 -674036284 877934835
1 -907711785 644510689
2 322 37
2 483 170
1 -824522464 769671843
1 -658680521 950448006
1 -978812655 632377188
2 157 142
1 -733374089 879774341
1 -994091167 621896887
1 -699063750 935883590
1 -903463833 742083193
2 404 192
1 -682883388 966538577
1 -885436472 777941619
2 484 426
2 356 169
2 53 422
2 236 362
2 370 353
1 -881493618 811805685
2 105 360
2 466 18
2 314 313
2 406 319
2 365 178
1 -999294063 694151032
2 347 58
2 227 187
2 98 211
1 -967186466 726514378
1 -748446395 951307645
2 48 176
2 32 255
2 281 216
1 -775527503 947105034
2 482 275
1 -740679902 983380991
2 152 269
2 219 9
2 70 63
2 72 59
1 -838673700 917121794
1 -959428383 804762241
1 -828659103 960862927
2 88 152
1 -868251552 923849675
1 -891619265 967169404
2 127 293
2 482 401
2 106 32
1 -919587878 959824885
2 307 157
1 -913730635 978221950
