1000
1 299999 300000
2 1 1
2 1 1
1 299995 299997
2 2 2
2 2 2
2 2 2
2 1 1
2 2 1
2 1 2
2 1 1
2 2 1
2 2 1
2 1 2
2 2 1
2 2 1
1 299933 299936
2 2 3
2 1 3
2 1 3
2 3 3
2 3 2
2 3 1
1 298692 298696
2 4 2
2 2 2
1 298033 298038
2 2 4
2 4 1
2 5 4
2 4 4
2 5 3
2 4 2
2 4 2
2 4 1
2 5 2
2 2 3
2 1 5
2 1 3
2 4 2
2 2 4
1 295760 295766
2 4 3
2 4 6
2 1 1
1 296534 296541
1 -98924 -96412
2 4 5
2 3 7
2 6 6
2 4 8
2 8 1
2 7 3
2 3 1
2 1 2
2 7 4
2 8 7
2 8 4
1 -9556 -5851
2 4 2
2 1 7
2 7 5
2 1 9
2 3 8
2 1 5
2 2 6
2 3 2
2 5 5
2 2 2
2 6 8
2 5 8
2 6 9
1 68659 77012
2 6 2
2 6 6
2 4 1
2 3 9
2 2 7
2 6 3
2 5 10
2 9 2
2 7 5
2 6 8
2 9 4
2 3 10
2 9 8
2 8 6
2 4 6
2 9 6
2 10 3
2 2 4
2 8 8
2 7 4
1 -184727 -175208
2 9 11
1 -9993 2280
2 12 8
1 161351 174390
2 6 5
2 1 13
2 12 2
2 13 2
2 6 2
2 6 7
2 1 3
2 1 11
2 2 1
2 13 6
1 -185154 -170379
2 9 11
2 8 7
2 8 3
2 12 11
2 4 4
2 6 6
2 2 12
2 1 5
2 12 2
2 7 4
2 9 2
2 5 13
2 13 6
2 11 2
1 254703 272549
2 9 13
2 5 10
2 3 9
2 9 8
2 8 2
2 12 10
2 5 3
2 7 8
2 5 3
2 7 8
1 -156718 -133802
2 4 2
2 7 2
2 14 12
2 1 1
1 42544 65589
1 113971 146107
2 17 7
2 15 7
2 4 18
2 11 5
2 7 3
2 15 5
2 5 18
2 5 11
2 1 18
2 11 17
2 12 7
2 12 16
2 1 12
2 11 14
2 12 6
2 6 15
2 11 18
1 -178769 -146410
2 10 13
2 10 1
2 7 4
2 16 11
2 16 13
2 16 14
2 4 3
2 11 14
2 18 10
2 19 15
2 19 12
2 3 8
2 3 19
2 13 18
1 -97114 -63996
2 13 4
2 5 11
2 3 11
2 20 3
2 5 11
2 12 7
1 27520 64761
2 8 9
2 15 6
2 10 11
2 5 21
2 15 11
2 2 16
2 19 19
2 15 19
2 4 12
2 15 1
1 96526 141895
2 9 3
2 21 2
1 -294228 -246754
2 22 10
2 11 17
2 11 14
2 15 3
2 8 16
2 23 21
2 8 1
2 12 14
2 1 22
2 13 9
2 11 23
2 3 11
2 9 4
2 20 14
2 20 2
2 19 2
2 4 8
2 18 3
2 17 21
2 20 14
2 11 13
2 23 11
1 -170057 -120221
2 8 4
2 19 2
2 18 9
1 116669 169693
2 10 17
2 22 5
2 14 11
2 20 17
2 13 12
2 11 12
2 10 14
2 16 10
2 19 23
2 3 20
2 4 10
2 18 21
2 24 8
2 22 24
2 5 6
1 -191169 -128786
2 18 18
2 13 25
2 26 21
2 14 21
2 6 6
2 20 8
2 10 26
2 10 20
2 21 23
2 26 21
2 23 9
2 9 26
2 2 10
1 -261468 -191102
1 -57931 21671
2 16 24
2 22 15
2 21 1
2 3 6
2 18 7
2 15 14
2 21 12
2 3 17
2 23 17
2 23 13
2 7 25
2 7 9
2 23 20
2 28 21
2 3 28
2 26 28
2 19 4
2 24 14
2 16 14
2 26 12
1 21168 106565
2 27 19
1 -93659 -7850
2 18 26
2 17 27
2 10 21
2 6 6
2 30 13
2 25 27
2 21 9
2 2 21
2 15 20
2 9 25
2 2 22
2 3 30
2 17 17
2 11 15
2 15 4
2 2 3
2 25 22
2 4 14
1 -115966 -24964
2 21 16
1 -106922 -14350
2 11 28
2 2 10
2 22 11
2 21 6
2 11 23
2 6 6
2 20 15
2 14 20
1 -77690 16768
2 22 8
2 31 27
2 21 23
2 30 13
2 18 4
2 9 18
2 7 1
2 30 30
2 12 7
2 14 15
2 5 5
2 26 3
2 21 4
2 27 6
2 5 22
2 12 13
2 29 19
2 5 7
2 32 1
2 13 4
2 9 16
1 87579 187240
2 14 3
2 18 21
2 14 23
2 19 15
2 14 11
2 32 10
1 -154562 -54476
2 3 33
1 -173272 -71240
1 67080 170051
2 33 23
2 37 19
2 20 21
2 16 16
2 34 34
2 2 19
2 9 32
2 5 23
2 27 25
2 14 11
2 27 26
2 34 29
2 29 28
2 29 21
2 30 3
2 20 5
2 11 2
2 9 19
2 20 3
2 28 22
2 13 16
2 14 5
2 16 37
2 36 3
2 10 37
2 21 35
2 19 7
2 1 37
2 34 37
1 45048 152170
2 10 12
2 28 37
2 30 17
2 3 3
2 27 1
2 28 25
2 37 13
2 8 20
2 32 12
2 30 16
2 23 4
2 7 5
2 13 6
2 20 35
2 20 37
2 34 13
1 -223854 -112677
2 8 16
2 17 18
2 26 18
2 36 9
2 4 7
2 25 21
2 21 27
2 16 33
2 9 18
2 19 37
2 4 21
2 28 38
2 23 2
2 8 31
2 32 24
2 35 32
2 12 1
2 22 16
2 27 3
2 13 24
2 32 20
2 13 6
1 -213659 -101028
2 20 36
2 35 32
2 3 1
2 14 14
2 32 30
2 10 12
1 38030 160311
2 39 11
2 9 4
2 18 14
2 21 9
2 26 2
2 32 7
2 27 40
2 8 32
1 -94153 30750
2 29 11
2 9 41
1 66415 196558
2 40 34
2 31 18
2 37 31
2 28 4
2 41 34
2 29 7
2 23 43
2 14 15
2 38 4
2 28 25
2 11 1
1 -131975 4298
2 20 7
2 28 8
2 10 42
2 16 36
2 22 17
2 36 17
2 9 29
2 32 6
2 6 16
2 35 35
2 22 38
2 19 36
2 3 36
2 36 13
2 44 34
2 18 24
2 44 38
2 25 5
2 32 32
2 26 44
2 11 7
2 2 35
2 39 42
2 14 13
2 6 9
2 32 18
2 34 18
2 14 24
2 19 42
2 11 8
2 26 8
2 24 27
2 12 4
2 2 18
2 7 9
2 31 27
2 8 5
2 36 7
2 21 23
2 11 18
2 3 32
2 39 15
2 33 19
2 16 35
2 41 32
2 10 26
1 -73389 67629
2 7 23
2 2 18
2 26 33
1 83507 224966
1 118289 261204
2 24 43
2 14 37
2 19 45
2 42 20
2 33 18
1 -298287 -154944
2 11 25
2 14 18
2 25 8
2 45 20
2 42 29
2 26 12
1 -121092 22422
2 9 11
2 3 12
2 42 13
2 15 39
2 22 31
2 42 11
1 -208858 -62955
2 4 37
2 5 27
2 10 42
1 124605 274402
2 49 42
2 39 43
2 34 16
2 22 22
2 48 30
2 49 49
1 17200 170106
2 29 8
2 45 11
2 29 7
2 39 15
2 25 26
2 42 22
1 67351 222561
2 33 11
2 51 7
2 22 15
2 3 1
2 25 18
2 35 19
2 4 17
1 -184693 -21257
2 29 35
2 12 9
2 22 13
2 31 21
2 2 39
1 -25844 137727
2 16 9
2 20 36
2 36 14
2 16 22
2 44 7
2 27 48
2 9 25
2 4 27
1 -263124 -87055
2 8 11
2 48 27
2 6 26
2 4 40
2 24 20
2 16 28
2 39 49
2 41 51
2 40 27
2 24 14
2 43 4
2 55 17
2 26 8
2 27 39
2 55 20
2 24 53
2 43 26
2 45 5
2 43 45
2 56 3
2 31 21
2 28 12
2 53 24
2 12 23
2 27 55
2 1 53
2 8 54
2 39 45
2 25 32
2 7 5
2 14 6
2 23 49
2 5 31
1 -189939 -980
2 21 44
2 6 40
2 38 45
2 50 31
2 22 9
2 24 51
2 44 47
2 45 24
2 33 18
2 55 49
2 8 30
2 7 4
2 41 39
2 5 34
2 44 42
2 27 16
1 -292506 -101241
2 32 19
2 9 48
2 3 32
2 33 47
2 11 36
2 23 14
1 -118445 75637
2 35 6
2 37 18
2 5 13
2 29 10
2 57 46
2 12 13
2 56 38
2 24 4
2 57 24
2 41 27
2 7 50
2 41 41
2 27 47
2 40 7
2 39 12
2 10 24
2 5 11
2 23 31
2 37 52
2 24 28
2 56 6
2 5 45
2 14 39
2 47 38
2 18 22
2 42 16
2 49 23
2 54 56
2 15 34
2 59 57
2 47 32
2 12 35
2 2 41
2 18 13
2 14 55
1 -136464 83977
2 33 1
2 29 35
2 12 12
2 11 39
2 56 52
2 18 23
2 45 18
2 42 20
2 14 20
2 52 37
2 5 14
2 44 32
2 55 38
2 37 37
2 57 11
2 12 24
2 50 10
2 11 14
1 -245276 -24173
2 27 34
2 2 20
2 13 34
2 13 47
2 17 29
2 10 44
2 36 29
2 16 53
2 18 46
2 18 10
2 15 14
2 51 30
1 -75252 154339
2 50 55
2 52 26
2 56 53
2 11 6
2 22 21
1 -270346 -31579
2 5 20
2 60 10
2 28 2
2 11 56
2 2 17
2 16 36
2 59 40
2 23 4
1 -156452 87606
2 18 46
2 6 25
2 55 51
2 53 31
1 -52197 197634
2 60 59
2 40 7
2 28 2
2 28 38
2 62 48
2 37 21
2 44 47
2 11 30
2 18 21
2 6 33
2 63 52
2 40 34
2 48 33
2 58 37
1 -275820 -18934
2 41 50
2 38 26
1 -269144 -9140
1 -123863 143348
1 -30501 238589
2 17 64
2 62 15
2 58 40
2 19 16
2 6 30
2 9 22
2 8 1
2 54 3
2 64 37
2 2 30
1 -121538 152876
1 -113059 166006
2 17 17
2 21 6
2 5 30
2 9 48
2 61 19
2 19 35
2 61 34
2 15 61
2 34 48
2 29 37
2 59 4
2 15 63
2 54 23
2 24 20
2 28 59
2 9 7
2 44 14
1 -96049 187670
2 65 7
2 3 4
1 -122436 163895
2 33 42
1 -58785 244834
2 37 53
2 50 11
2 26 18
2 61 1
1 -98429 205816
2 33 63
2 38 63
2 4 24
2 48 33
2 5 42
2 18 41
2 69 38
2 16 41
2 74 43
2 62 43
2 38 66
2 5 47
2 75 29
2 61 39
2 10 18
2 13 30
2 24 15
2 30 47
2 35 51
2 25 38
2 32 74
1 -249500 67442
2 28 31
2 16 67
2 56 56
2 55 68
2 55 7
2 36 16
2 19 59
1 -128726 210451
2 76 42
2 13 23
2 20 17
2 71 14
2 56 1
2 15 50
2 56 68
2 74 35
2 71 60
2 56 26
2 20 50
2 25 5
1 -269907 73803
2 60 37
2 78 30
2 19 5
2 4 7
2 19 28
2 3 2
2 24 41
2 68 17
2 56 10
1 -288644 57446
2 36 70
1 -292055 64371
2 35 16
2 11 47
2 14 44
2 40 78
1 -231987 130929
2 7 49
2 51 69
2 26 76
2 49 36
2 14 41
2 13 34
2 76 42
2 63 52
2 60 14
2 10 72
2 65 79
2 4 2
1 -180352 188104
2 78 51
2 9 19
2 74 60
2 4 33
2 59 17
2 74 46
2 4 65
1 -165473 206213
2 61 11
1 -133526 240832
2 43 71
2 35 58
1 -95094 280493
2 54 65
2 70 59
2 29 80
1 -217797 164388
2 77 12
2 22 48
1 -208811 195807
2 69 5
2 56 28
2 9 49
2 45 87
2 30 41
2 15 39
2 41 48
2 61 61
2 44 46
2 66 25
2 1 77
2 6 74
1 -121119 291579
2 48 41
2 51 15
2 60 43
2 56 33
2 36 20
2 57 41
1 -197270 217770
2 64 66
2 78 55
1 -280749 144922
2 6 37
2 65 21
2 88 14
2 52 18
2 62 49
2 13 51
2 17 60
2 6 31
2 52 26
2 33 56
2 47 35
2 4 22
2 41 25
2 8 43
2 19 3
2 78 46
2 15 32
2 20 39
2 21 60
2 47 83
2 73 43
2 68 88
1 -163980 286090
2 71 72
2 77 42
2 72 9
2 29 29
2 48 56
2 80 1
2 91 46
2 91 84
2 91 70
2 2 43
2 4 36
2 33 8
2 59 49
2 20 22
2 10 4
2 89 34
2 27 16
2 86 42
2 67 67
2 6 77
2 76 37
1 -248155 204521
2 81 66
2 79 20
1 -291807 182680
2 86 76
1 -197049 284614
2 93 90
2 68 60
2 35 27
1 -239921 255435
2 77 36
2 33 17
2 32 87
2 41 38
2 64 88
2 46 77
2 1 4
2 26 80
2 4 53
2 41 65
2 18 51
2 22 59
2 9 7
2 91 74
2 85 72
2 48 24
2 39 20
2 90 66
2 79 82
2 48 85
2 62 24
2 68 63
2 13 61
2 70 55
2 26 10
2 55 50
2 52 54
1 -245827 252800
2 68 27
1 -200579 299387
2 59 97
2 42 19
1 -256945 258464
2 29 83
2 85 18
2 18 16
2 28 2
2 60 47
2 80 76
2 36 2
2 47 27
2 52 88
2 57 52
2 83 3
1 -283569 250477
2 40 79
2 59 72
2 96 62
2 94 92
2 23 26
2 66 45
2 43 99
2 31 24
2 53 19
2 58 15
2 25 8
2 9 67
2 9 6
2 45 94
2 46 28
2 84 34
2 28 95
2 52 64
2 85 41
2 8 64
2 10 34
2 55 38
2 22 19
2 52 1
2 43 44
2 73 54
2 31 47
