1000
1 299999 300000
2 1 1
1 299996 299998
1 299756 299759
1 299952 299956
1 294578 294583
1 293878 293884
1 175097 175104
1 -128314 -128161
1 240137 240331
1 177852 178401
1 -95473 -94845
1 271536 272211
1 114442 115826
1 150844 152458
1 187228 189382
1 -111763 -109569
1 4364 6588
1 -18475 -14784
1 -14110 -10061
1 -57023 -51547
1 -281999 -275785
1 -223345 -216771
1 -249348 -242665
1 175980 182709
1 -274274 -267287
1 34034 41472
1 -206234 -197517
1 173193 182103
1 -57458 -48530
1 -77349 -67271
1 -258371 -247409
1 167076 178274
1 17052 28860
1 -165939 -153961
1 -262522 -250030
1 -116627 -103668
1 70485 83654
1 171169 184969
1 -262301 -248106
1 113696 128365
1 -247680 -232680
2 15 21
1 135255 150475
2 6 5
2 24 28
1 123521 139280
1 -110401 -94270
2 3 36
1 252131 268427
1 -115631 -98688
1 221545 238719
1 -217517 -199772
1 -134512 -116568
1 -296786 -277726
1 140845 160291
1 -276558 -256754
1 -186398 -166304
1 -201177 -179082
1 -131262 -109064
2 9 33
1 -187581 -165346
1 217443 239760
1 -202523 -179790
2 15 22
1 227855 250889
1 211023 234069
2 52 19
1 -109939 -85965
1 -44561 -19930
2 7 25
1 -297202 -272508
1 -115506 -90731
1 -261691 -236510
1 67667 92924
2 46 32
2 23 4
1 -133820 -107528
1 -169608 -143151
1 -78008 -51305
1 -193686 -166962
1 205383 232218
1 266363 293559
1 -180061 -152770
1 100547 128264
1 -117611 -89474
1 186421 214922
1 170271 198833
2 7 42
1 -275003 -246374
1 -297652 -268778
1 -248829 -219662
1 -184079 -154657
2 13 49
1 130856 160539
1 93684 123665
1 162375 192370
1 51543 81608
1 126582 157016
1 -241115 -209935
2 4 72
1 46336 77563
1 67320 98707
1 -116894 -85395
1 235490 267009
1 245703 277741
1 245148 278807
1 -299179 -265397
1 45814 79651
1 -60935 -26268
1 -47224 -12546
1 -77188 -42063
1 -190008 -154353
2 82 73
1 126466 162652
1 -101093 -64298
1 229936 267028
2 3 36
2 95 89
1 129886 167710
1 -87747 -49782
1 -96441 -57478
1 -291906 -252453
1 -232028 -192232
1 186693 227235
1 -194011 -152906
1 41463 82794
1 219300 260733
1 13433 55070
1 -154198 -112113
1 201522 244466
1 -165536 -122405
1 -51698 -7634
1 25852 70390
1 226304 271359
1 66448 111908
1 165416 211015
2 90 70
1 -121381 -75429
1 -139530 -93407
1 -11439 34798
1 -48578 -1961
2 123 121
1 -83395 -36766
1 237093 283754
1 -63014 -15937
1 -55963 -8707
1 -282297 -234836
1 33252 80771
1 -9869 37887
1 212064 260677
1 33113 82181
1 227050 277484
1 218441 269861
1 94115 145580
1 -38039 13840
1 -244071 -192046
1 62523 114577
1 207623 260548
1 44544 97678
1 -76181 -22882
1 -213495 -159708
1 -186509 -132199
1 61566 115945
1 -158197 -103597
2 100 81
1 93669 148291
1 177759 232434
1 -158070 -103334
1 -208839 -154041
1 -140948 -84932
1 56153 112623
1 189277 245935
1 -266117 -209447
2 16 135
2 44 95
1 126628 183369
2 138 43
2 2 108
1 143237 200388
1 -39420 17748
1 77598 134859
1 125882 183243
2 99 61
1 -121268 -63334
1 -12307 46406
1 -229280 -170522
1 -137639 -77585
1 185662 245729
1 169101 229359
2 152 43
1 7241 67962
1 197748 259029
1 -283237 -221758
1 -207715 -146220
1 -79517 -16997
1 135447 198052
1 161140 223859
1 49047 112881
1 -234766 -170626
1 -269993 -205374
1 -266587 -200955
2 137 81
1 -19786 47113
1 -52091 14897
2 25 51
1 -160812 -93494
1 -92180 -24540
1 -263671 -195526
1 -283075 -213939
1 -13493 55679
1 -99353 -29924
1 -148317 -78886
1 -205337 -135905
1 -224301 -154666
1 -75839 -5963
1 -124168 -54176
2 89 171
1 -243488 -173375
1 -72296 -1731
1 -183493 -112830
1 192716 263586
1 369 71745
1 63695 135439
1 168192 240802
1 -296266 -223219
1 -37507 35543
1 -293114 -219476
1 -240369 -166661
1 -166403 -92374
1 213230 288000
1 -166006 -90366
1 -29197 46658
1 -72138 3749
1 32234 108180
1 154664 231064
2 99 153
1 -45006 31477
1 -249058 -172076
1 56758 135174
1 -12395 67328
2 182 169
1 -12087 67639
1 -237204 -157118
1 -154544 -74319
1 83204 163628
1 -236844 -155749
1 17175 98670
1 55141 136878
1 -26005 56741
1 -138633 -55441
1 5421 88811
1 -153828 -70220
1 -176714 -92527
1 -8460 76111
1 -294101 -209021
1 -241792 -156398
1 178077 263636
1 -268514 -182689
1 197201 283112
1 51295 137263
1 116317 202915
1 92984 179752
1 -258252 -171218
1 -169326 -82090
1 131165 219024
1 -57612 30361
1 -195574 -107596
1 48018 136125
1 57890 146203
1 -269008 -180098
1 -141522 -52481
1 -17515 71682
1 -71296 18455
1 -191715 -101148
1 183675 274670
1 -230306 -138659
1 -102124 -9960
2 202 68
1 61806 154132
1 110893 203720
1 -246856 -154001
1 -215843 -122840
1 163450 256536
1 -291355 -198144
1 88734 182095
1 -21883 72436
1 -44010 51470
1 -192442 -96367
1 115574 211678
1 -89089 7468
1 -212572 -115990
1 -39437 58093
1 47370 145116
1 -70412 27547
1 -81623 16765
1 89558 188164
1 -162840 -64053
1 172185 271109
1 -176737 -77151
1 134307 234555
1 -220815 -120416
1 -214941 -114433
1 123898 224523
1 -263946 -162689
1 124097 225488
1 -56458 45034
1 -15523 86674
1 195737 298040
1 -16470 86292
1 154001 257227
1 193510 296917
1 150076 253685
1 -136121 -32019
1 -205928 -101528
1 -184651 -78951
1 -137461 -31568
1 47644 153642
1 -143230 -37082
1 -87106 19770
1 -38834 68063
1 -255486 -148563
1 141302 248238
1 62919 169863
1 -234597 -127122
1 -196095 -88531
1 -66860 41153
1 -204706 -95970
1 124339 233112
1 -231234 -122289
1 -31659 77773
1 -297418 -187839
1 -273086 -163175
1 160164 270305
1 110952 221633
2 237 74
1 -147866 -36582
1 9206 120516
1 95473 207949
1 145979 258752
1 173420 287162
1 44802 158660
1 -279454 -165527
1 -77943 36156
1 -288879 -174432
1 149944 264593
1 -215730 -100527
1 -186412 -70830
1 -1385 114583
1 -32940 83164
1 -174769 -58509
1 -117688 716
1 43019 161629
1 14430 133603
1 123291 242566
1 -173391 -54107
1 -279802 -160478
1 128724 248579
1 55982 176350
1 53487 174646
1 -128547 -6996
1 -248304 -126293
1 -23004 100276
1 -40883 82705
1 -270142 -145655
1 167821 292466
1 124022 248860
1 155950 280971
1 -186346 -60656
1 -236163 -109977
1 -1121 125441
1 -74191 52667
1 53240 181110
1 -222272 -94213
1 -141874 -13161
1 22767 151596
1 -49664 80402
1 -193094 -62331
1 -217878 -86165
1 99645 232224
1 -188248 -55063
1 -253809 -120580
1 -227982 -94748
1 -154584 -21229
1 99587 233263
2 156 339
1 -26573 107767
1 161586 295941
1 126409 261386
1 161084 296576
2 10 104
1 -111689 23908
1 30119 165833
1 -211635 -75884
2 104 178
2 350 293
1 -32016 104163
1 -223275 -86393
1 -239848 -102324
2 41 153
1 29139 167038
1 146207 284322
1 -89177 49255
1 81491 220328
1 135139 273999
1 45791 184725
1 30147 169086
1 -209223 -69715
1 -285385 -145408
1 30869 171069
1 -226259 -85501
1 142239 283615
1 25756 167432
1 -92678 49840
1 119891 264689
1 85437 230296
1 -148894 -2768
1 -257489 -111131
1 101277 248598
1 125490 274169
1 -179083 -30036
1 145429 294628
2 313 271
1 -263121 -113611
1 94568 245369
1 -147519 3949
1 8560 162195
1 -184982 -30716
1 -147191 7244
1 92704 247183
1 -92008 62591
1 -65081 89743
1 -293409 -137301
1 -172558 -16178
1 -265762 -109232
1 119782 276362
1 -164463 -7316
1 15081 172809
1 -54608 103567
1 36360 195159
1 -230469 -70623
1 -157505 2844
1 -5763 154985
1 -106756 54765
1 53470 215041
1 -296128 -133904
1 49582 212678
1 133451 297386
1 -125903 38339
1 -214263 -49815
1 -245276 -79908
2 305 294
2 229 316
1 -113822 52228
1 117220 284656
1 -224270 -56059
1 -265213 -96731
1 61042 230359
1 -271329 -101701
1 -49626 120253
1 -270107 -100014
2 209 3
1 -49735 120781
1 -242351 -71454
1 -28530 142842
1 -217909 -46277
1 87640 259979
1 46680 219302
1 -150328 23466
1 -77144 97635
1 -269947 -94346
1 19196 195632
1 4148 180838
1 41967 218887
1 90623 267684
1 -284016 -106935
1 -159033 19045
1 49305 227774
2 140 226
1 58700 237290
1 -182263 -2874
1 -14269 165771
1 -3395 177337
1 -244561 -63531
1 -125319 55765
2 182 67
1 -151200 29929
1 54448 236849
1 84577 267436
2 297 261
1 -49732 133139
1 34102 217252
1 19357 202788
1 -11304 172431
1 -187483 -3272
1 -32605 151882
1 -69152 115943
2 41 156
1 -21814 163635
1 -60549 124976
1 66037 252301
1 -96234 91001
1 -124325 62953
1 44583 232716
1 19047 207390
1 40563 229601
2 358 213
1 -61671 127479
1 -286494 -97312
1 -165134 25313
1 -150291 40488
1 6940 198029
1 -16585 175756
2 230 31
1 -224276 -31605
1 34756 228317
1 -73973 120097
1 -128970 65400
1 -18998 176409
1 -3570 192020
1 -28882 166826
1 -105885 90735
1 -276319 -79577
1 -166471 30539
1 -8729 188386
2 42 440
1 57738 256274
2 39 278
1 -144442 54973
1 -189660 10080
1 -257492 -56724
1 -270201 -69050
1 -263089 -61906
1 -186942 14628
1 -226635 -23032
1 -209541 -5719
1 -141644 62276
1 -164131 39861
1 -51921 152684
1 2026 206712
1 -183373 21821
1 10052 215271
1 -249317 -43119
1 -258459 -52182
1 -229620 -23330
1 -155225 51208
1 -198824 9092
1 -26007 183031
1 -193380 15925
1 42933 252891
2 27 222
1 -134119 76096
1 -73641 137107
2 319 37
1 -268937 -58146
1 -220582 -9760
1 -198549 12426
1 -212678 -1547
1 -52808 162289
1 -239484 -24112
1 -239535 -24045
1 -61713 154053
1 -119937 95903
2 250 154
1 51406 267363
1 -270861 -54601
1 -200598 15941
1 -236857 -19653
1 -237154 -19194
1 -182891 35482
1 -200915 18224
1 -270877 -51413
1 -100496 119767
1 -63414 157670
1 -236581 -15310
1 -142383 79026
1 -179714 42235
1 -141450 80663
1 -172552 49648
1 72695 295208
1 -210130 12456
1 -113419 109796
1 -54025 169392
1 43074 266654
1 -279248 -55520
1 -193740 30742
1 -217118 7544
2 218 521
1 -250625 -25062
1 70576 298878
1 -283208 -53865
2 9 348
1 -171296 58380
1 -101369 128338
1 -210040 20277
1 -205195 25230
1 -167675 63039
1 -35092 195860
1 -201820 29993
1 -254595 -21976
1 20443 253446
1 -4751 228718
1 10734 245599
1 -98789 137199
1 -39795 196617
1 -278033 -40897
2 524 359
1 -115784 121639
1 -71435 166240
2 116 131
2 488 448
1 42960 282282
1 -269365 -29531
1 -20176 220972
1 -182474 59889
1 -654 241755
1 -126225 117087
1 -172200 71174
1 -88880 154806
1 -100753 143050
2 160 105
1 -275079 -30645
1 -247661 -2164
2 546 60
1 17869 263728
1 -261048 -15042
1 -81089 165091
1 -65803 180681
1 -264750 -18208
1 -34201 212686
1 -109902 137215
1 -94477 153031
1 4195 252634
1 -34052 216145
1 -41805 208492
1 -85950 164825
1 -151631 99958
1 30769 283128
1 21048 273445
1 -260658 -8020
2 258 305
1 -10894 242316
1 -3073 250460
1 -221978 31739
1 -218023 36241
1 -54661 199831
1 -197697 56823
1 -42844 212081
1 -146439 108764
1 -200469 54747
1 -175142 80150
1 29419 284712
1 -150549 105537
2 151 549
1 -249194 7525
1 -249357 7580
1 -250530 6495
1 -152732 105881
1 -198178 60610
1 -128660 130744
2 454 585
2 210 387
1 -52721 207791
1 -286743 -25854
1 -230918 30295
1 -283411 -22041
1 -230334 31333
1 -125982 135944
1 -274523 -12504
1 -79476 182742
1 22952 285187
1 -76014 186685
1 -124489 138438
1 -290303 -27142
1 -190394 73214
1 -233156 31814
2 450 180
1 -38551 226864
1 -34412 231230
1 -253956 12865
1 -219987 47085
1 -199216 68087
1 21334 289002
1 -152579 115386
1 -180269 88230
1 -238708 29829
1 -274815 -6171
1 -221953 47111
1 -201239 69280
1 -226870 44530
2 438 568
1 -7066 265104
1 -225267 47011
1 -71101 201252
2 485 505
2 29 169
2 103 208
1 -113258 159453
1 -61102 212301
1 -234052 40117
1 -270804 4013
1 -279280 -4300
1 -284888 -9888
1 -93780 181489
1 15443 291622
1 -272864 3484
1 -217602 59559
1 -73261 203972
1 -244041 33678
1 -64556 214198
1 14564 293457
1 -196032 83583
1 -104269 176187
1 -59101 223197
1 -129649 152651
1 -59416 222983
1 -59566 222971
1 -262707 20148
2 165 634
2 424 464
1 -212980 71415
1 -240273 44936
1 -142888 142413
1 -90653 194668
1 -185732 99814
1 -173124 112743
1 -235057 53473
1 -15091 274166
1 -20775 268991
1 -285034 5379
1 -191132 99425
1 -94311 196406
1 -245440 45547
1 -194075 98332
1 -125392 167517
1 -255379 37936
1 -105529 188041
2 175 539
1 -202697 91098
1 -33951 261610
1 -9639 288378
1 -111824 186783
1 -202583 96180
2 190 356
1 -167793 130994
1 -205943 93146
1 -123693 176044
1 -272691 27501
1 -126172 174060
2 620 253
1 -33978 266596
1 -39262 261540
1 -42491 259444
1 -52253 249758
1 -231032 73353
1 -246744 58474
1 -75094 230321
1 -171613 134045
1 -55231 252122
1 -115220 193924
1 -244771 64541
1 -207467 102349
1 -15885 295439
1 -68879 243412
1 -259409 53355
1 -262992 49944
1 -25420 288198
1 -256585 58010
1 -237894 76830
1 -270713 44341
1 -151021 165774
1 -142024 176040
1 -121290 197892
2 127 474
1 -104990 214290
1 -60504 259707
1 -46838 274145
1 -95947 226780
1 -113349 209398
2 575 704
1 -283482 39289
1 -206164 118506
2 101 617
1 -135969 189193
1 -56472 268859
1 -231366 94090
1 -232973 92960
1 -61907 264559
1 -247174 79933
1 -284952 42750
1 -101600 226522
2 658 204
1 -164683 163565
1 -87889 241003
1 -294147 36116
1 -215027 115889
1 -115155 216253
1 -140372 191235
2 396 457
1 -144685 187579
1 -296844 36682
1 -185280 148869
1 -100552 235932
1 -228706 107801
1 -141136 195642
1 -247343 89784
1 -276140 62233
2 391 680
1 -240196 98507
1 -120029 218733
1 -283491 55915
2 472 137
1 -133134 206449
1 -140293 199765
1 -222064 118031
1 -251707 89742
1 -119064 224763
1 -118684 225286
1 -92429 252373
1 -273296 71630
1 -112970 232749
1 -252053 95868
1 -93244 254695
1 -196585 152154
2 618 2
1 -62812 286675
1 -153964 195831
1 -204893 147053
1 -137682 214488
2 366 400
1 -133685 219897
1 -80415 275432
1 -294753 61665
1 -247567 109115
1 -175005 184007
1 -119598 239978
1 -144595 215489
1 -254632 105726
1 -278646 82500
2 751 224
2 577 407
2 700 384
1 -151171 209990
1 -164804 196870
1 -200056 161817
1 -85314 276669
1 -163868 198403
2 566 395
1 -213772 149377
1 -290744 72800
1 -139985 223821
1 -154335 212263
1 -224939 142947
1 -181131 186897
1 -146175 221960
1 -107806 260991
1 -159289 210187
1 -209611 160421
1 -110007 260112
1 -101498 268830
1 -201466 169100
1 -210560 160144
1 -105607 265968
1 -219797 151925
2 97 340
1 -160648 211189
1 -99771 272152
1 -251785 120474
1 -182000 190426
2 315 470
1 -92921 285707
1 -245844 134184
1 -94387 285725
1 -227620 152564
1 -120901 260201
1 -133208 249387
1 -147946 235831
1 -251554 134178
1 -134322 252905
1 -194772 193179
1 -291959 96437
1 -173185 215759
1 -194826 195077
2 188 536
1 -140135 250575
1 -229853 162176
1 -282168 109911
1 -99204 294562
2 508 583
1 -98319 296008
1 -139629 255713
1 -111042 284592
1 -251002 145277
1 -258385 138127
1 -188685 208359
1 -232819 164390
1 -257619 139718
1 -194448 204430
1 -254459 144823
1 -132873 269137
1 -190666 211610
1 -128480 274350
1 -279061 124168
2 70 204
1 -230895 173062
1 -131982 272763
1 -293425 114938
1 -144962 263729
1 -146957 262883
1 -282386 128227
1 -245070 165559
1 -159213 252007
1 -215863 195572
1 -173329 238975
1 -224830 191669
1 -152484 264025
1 -280755 136178
1 -293389 123608
1 -215067 202965
1 -146196 273137
1 -124319 295125
1 -228347 191149
1 -153959 266155
1 -160465 260300
1 -229864 191352
1 -279671 142730
1 -224495 198586
1 -195650 229171
1 -248963 176750
1 -178405 248530
1 -224167 203703
1 -194870 235064
1 -179383 252668
1 -207144 228394
1 -296070 139792
1 -224821 212650
1 -187803 250195
1 -278332 161145
1 -297514 142060
1 -234834 206289
1 -174644 268537
1 -283997 161708
1 -181098 268019
1 -160768 289362
1 -256423 194018
1 -197660 254343
1 -159152 294006
2 472 242
1 -197470 256356
1 -268517 186162
1 -246449 208579
1 -183911 272274
1 -220330 236095
1 -252770 205756
2 837 725
1 -174103 284922
1 -215007 244653
1 -292920 166925
1 -234153 228464
1 -219208 244190
1 -240889 223555
1 -297491 168368
1 -273978 193502
1 -175125 293713
1 -219602 250786
1 -252125 219158
1 -176095 297612
1 -202294 271519
1 -281153 195997
1 -198941 278918
2 537 774
1 -234706 244414
1 -211661 269592
1 -271869 210030
1 -205831 280916
1 -201399 286480
1 -280019 210457
2 561 746
2 115 284
1 -241893 248985
1 -264239 227060
1 -264358 230303
1 -251929 245968
1 -208280 290395
1 -290702 208207
1 -228692 272639
1 -226284 277271
1 -268971 238681
1 -289232 220289
1 -218338 295198
1 -247263 273781
1 -270890 252714
1 -235401 288885
1 -235010 289794
1 -292443 241870
1 -288234 251271
2 15 156
1 -290167 254820
1 -298349 287256
1 -297922 288799
