5116
1 299999 300000
2 1 1
2 1 1
2 1 1
2 1 1
2 1 1
2 1 1
2 1 1
2 1 1
2 1 1
2 1 1
2 1 1
2 1 1
2 1 1
2 1 1
2 1 1
2 1 1
2 1 1
2 1 1
2 1 1
2 1 1
2 1 1
2 1 1
2 1 1
2 1 1
1 299962 299964
2 1 2
2 2 1
1 299980 299983
2 2 3
1 299713 299717
2 4 1
2 2 1
2 4 1
2 4 1
2 1 2
2 3 3
2 2 1
2 2 1
2 2 4
2 1 4
2 4 1
2 2 2
2 2 3
2 2 1
1 292323 292328
2 5 5
2 1 2
2 5 2
2 1 5
2 1 1
2 2 3
2 3 3
2 5 2
2 3 1
2 5 1
2 1 1
2 4 4
2 4 1
2 4 5
2 5 1
2 1 2
2 3 1
2 2 4
2 2 2
2 1 5
2 3 2
2 1 4
2 5 3
2 3 3
2 1 3
2 1 1
2 2 1
2 2 3
1 278853 278859
2 1 5
2 1 3
2 3 5
2 4 1
2 3 1
2 3 2
2 6 1
2 1 2
2 4 4
2 1 5
2 3 3
2 5 6
2 5 2
2 2 6
2 4 5
2 2 5
2 4 3
2 5 1
2 3 3
2 2 2
2 5 3
1 2390 2397
1 -251699 -251313
2 6 1
2 2 6
2 1 5
2 3 1
2 1 8
2 2 5
2 7 5
2 6 5
2 8 5
2 6 3
2 5 2
2 7 4
2 5 2
2 2 4
2 1 4
2 5 8
2 4 3
2 3 8
2 7 7
1 -24329 -23818
2 5 5
2 2 5
2 3 6
2 2 4
2 1 5
2 1 5
2 4 7
2 1 3
2 7 6
2 9 5
2 5 2
2 7 7
2 6 8
2 5 8
2 3 7
2 2 5
2 1 4
1 47599 48326
2 6 10
2 4 10
2 6 3
2 7 7
2 9 4
2 4 6
2 4 8
2 7 3
1 -60340 -59443
2 8 9
2 6 7
2 5 10
2 5 2
2 6 10
2 7 4
2 3 5
2 10 11
2 5 6
1 87996 89288
2 7 8
2 8 11
2 11 8
2 3 8
2 7 2
2 7 11
2 7 4
2 2 9
2 8 11
2 3 3
2 7 11
2 7 1
2 5 4
2 4 7
2 8 11
2 8 7
2 11 7
2 11 5
2 7 9
1 -125094 -123683
2 3 2
2 1 7
2 7 5
2 1 4
2 11 11
2 7 12
2 10 10
2 10 1
2 5 7
2 10 9
2 9 10
2 3 7
2 1 6
2 9 13
2 1 12
2 4 4
2 8 3
2 7 6
2 3 12
2 2 10
2 13 11
2 3 4
2 2 13
2 13 6
2 4 13
2 9 12
1 -273338 -271737
2 12 7
1 7709 9442
2 4 6
2 3 9
2 6 13
1 275608 277473
2 8 14
2 1 12
2 8 4
2 12 3
2 9 4
2 5 6
2 10 6
2 14 7
1 -32845 -30926
2 2 14
2 4 17
1 60403 62813
2 10 9
2 6 8
2 12 8
2 7 9
2 14 18
2 14 9
2 14 7
2 11 16
2 2 1
2 9 7
1 -146792 -143687
2 2 6
2 9 3
2 7 3
2 2 6
2 14 16
2 16 6
2 9 9
1 150321 155205
2 12 17
2 12 12
2 7 14
2 19 12
2 18 5
2 9 18
2 1 4
2 16 9
2 11 13
2 15 6
2 15 18
2 11 17
2 11 19
2 12 1
2 16 18
2 18 12
1 75358 80511
2 4 15
2 6 8
2 14 3
2 3 2
2 13 13
2 3 5
2 7 18
2 13 10
2 17 12
2 15 9
2 3 15
2 10 15
2 16 13
2 16 10
2 20 12
2 3 4
2 6 17
2 6 10
2 3 15
2 4 7
2 17 7
2 20 18
2 5 15
2 18 12
2 14 18
1 98368 105013
2 5 9
2 1 13
2 19 8
2 17 22
2 14 1
2 8 15
2 14 4
2 21 22
2 11 6
2 2 22
2 8 13
2 11 12
2 13 16
2 9 4
2 5 1
2 4 9
2 18 8
2 11 12
2 8 16
2 19 14
2 6 19
1 -160474 -153557
2 2 23
2 3 11
2 2 19
2 9 2
2 5 20
2 12 1
2 3 14
2 8 5
2 20 16
1 155296 162283
2 3 9
1 -107822 -100330
2 5 2
1 -55294 -47184
2 24 18
2 2 19
1 204102 212374
2 22 2
2 17 3
2 16 3
2 3 17
2 10 6
2 9 8
2 24 1
2 9 2
2 9 5
2 17 20
2 4 23
1 -6202 2743
2 26 19
2 1 8
2 11 18
2 14 8
1 -7758 1440
2 8 24
2 3 5
2 12 21
2 20 23
2 10 9
2 8 9
2 19 18
2 5 3
2 28 2
2 19 19
2 26 9
2 18 12
1 -9091 556
2 23 25
2 22 3
1 113010 123013
2 19 23
2 19 5
2 10 18
2 10 16
2 10 16
2 1 22
2 19 6
2 1 14
2 26 11
2 30 12
2 9 1
2 23 31
2 1 30
2 17 24
2 26 18
2 2 18
2 22 23
2 16 19
2 21 18
2 27 13
2 31 26
2 13 7
2 16 20
2 21 19
2 12 26
2 17 8
2 6 24
2 17 17
2 27 22
2 10 7
1 -272804 -262712
2 31 32
2 30 23
2 20 16
2 26 17
2 31 20
2 30 5
2 16 11
2 26 7
2 21 31
2 17 16
2 6 16
1 46581 56856
2 31 31
2 33 9
2 25 7
2 15 11
2 33 6
2 15 26
2 24 23
2 6 6
2 15 33
2 22 23
2 9 28
2 19 14
2 23 11
2 8 22
2 21 1
2 23 12
2 30 29
2 4 22
1 184166 194847
2 8 27
2 6 17
2 31 11
2 15 1
1 -210174 -199033
1 230817 242257
2 8 17
2 34 5
2 27 3
2 13 10
2 3 15
2 6 22
2 10 16
1 179648 191381
2 35 29
2 20 8
1 213766 225563
2 3 30
2 32 38
2 9 30
1 -4223 7855
2 18 14
2 8 37
2 11 30
2 21 9
2 7 5
2 25 26
2 30 4
2 26 6
2 6 6
2 16 20
2 29 37
2 35 12
2 2 30
2 35 31
2 15 22
2 38 35
1 225510 237753
1 114189 126824
2 41 26
2 24 27
2 20 32
2 5 35
2 27 18
2 35 14
1 -288620 -275571
2 42 40
2 20 33
2 40 23
2 10 41
1 -92169 -75275
2 5 26
2 34 31
2 10 3
1 -246063 -228620
2 1 29
2 31 2
2 16 17
2 23 7
2 33 37
2 6 34
2 26 41
2 25 8
2 34 31
2 21 15
2 39 43
2 30 24
2 1 34
2 22 3
2 8 40
2 17 28
2 27 35
2 13 22
2 2 20
2 35 23
2 23 6
2 39 40
2 33 17
2 9 12
2 28 4
2 16 6
2 25 15
2 35 7
2 6 9
2 9 33
2 44 20
2 7 6
2 15 5
2 11 37
2 44 12
2 43 26
2 35 35
2 25 30
2 14 39
2 14 3
1 -87533 -69806
2 5 2
2 17 11
2 14 39
2 35 43
2 8 3
2 19 23
2 33 26
1 -96791 -78391
2 38 20
2 27 44
2 35 2
2 24 8
2 23 40
2 26 21
2 30 34
2 6 12
2 40 28
1 139968 158402
2 23 2
2 10 7
2 47 35
2 31 33
2 7 7
2 20 43
2 10 15
2 22 28
2 40 5
1 226448 245083
2 8 37
2 9 21
2 23 25
2 20 3
2 6 34
2 2 11
2 31 12
2 30 2
1 224142 243760
1 -13376 7656
2 6 28
1 138168 160580
2 24 20
2 20 17
1 -52862 -30384
1 -23290 -754
1 126528 149775
2 11 1
1 27925 53196
2 46 17
2 15 53
1 -57161 -31882
2 21 31
2 48 43
2 46 6
2 34 47
2 53 55
2 9 12
2 37 44
2 8 6
2 26 48
2 41 35
2 37 13
2 10 22
2 19 34
2 11 38
2 33 39
2 19 11
2 12 42
2 20 56
2 16 9
2 55 56
2 19 7
2 28 34
2 38 32
2 33 7
2 40 23
2 44 33
2 4 44
2 46 21
2 38 43
2 20 30
2 49 44
2 41 3
2 32 45
2 23 55
2 12 32
2 50 12
2 53 51
2 36 38
2 50 22
2 19 33
2 24 21
2 44 33
2 40 1
1 262936 288488
2 29 6
2 3 12
2 22 7
2 27 19
2 30 10
2 36 24
2 17 48
1 272138 297911
2 28 37
1 -51921 -24172
2 38 49
2 16 38
1 -206213 -178361
2 53 14
2 47 14
2 54 37
2 26 52
2 5 47
2 43 11
2 5 3
2 17 28
2 60 46
1 -286182 -258171
1 90908 118979
2 48 4
2 18 23
2 62 20
2 35 26
2 52 20
2 24 42
2 21 30
2 39 33
2 6 18
2 2 25
2 59 59
2 10 45
2 28 37
2 7 61
2 26 2
2 51 3
2 22 7
2 27 37
2 44 19
2 35 38
2 5 8
2 55 38
2 31 7
2 13 4
2 21 4
2 44 17
2 34 16
2 11 61
2 61 58
2 19 32
2 17 2
2 28 50
2 7 53
2 45 62
2 39 29
2 50 13
1 -194635 -166550
2 2 53
2 4 42
2 29 37
2 22 37
2 3 19
1 79907 109251
2 38 40
2 3 27
1 136714 166495
2 12 34
2 34 53
2 13 57
2 44 55
2 30 42
2 9 3
2 64 47
1 -64423 -33767
2 29 23
2 9 54
2 54 52
2 8 40
2 6 1
1 118627 150662
2 40 38
2 59 25
1 160352 192408
2 46 34
2 28 51
2 61 62
1 262646 295413
2 45 32
2 62 19
2 37 54
2 26 30
2 48 60
2 23 53
2 58 20
2 54 44
2 18 12
2 39 45
2 31 64
2 54 45
2 37 15
2 46 30
2 17 20
2 10 69
2 68 25
2 55 47
2 52 37
2 3 22
2 20 50
2 64 9
2 12 26
2 67 39
2 34 59
1 22242 55026
2 55 16
2 68 41
2 23 48
1 99815 134258
2 8 47
2 19 50
2 2 22
2 41 64
2 24 14
2 26 52
1 -9952 24603
1 53880 88810
2 27 63
2 8 55
2 30 43
2 58 63
2 3 41
2 47 8
2 51 3
2 34 60
2 42 8
2 65 49
2 53 35
2 60 61
2 16 50
2 2 7
2 8 16
2 21 35
2 1 35
2 5 41
1 39829 74942
1 -67340 -31892
2 11 25
2 22 26
2 32 71
2 41 62
2 25 16
2 15 68
2 37 12
1 -222036 -185895
1 -75046 -38238
2 28 15
2 63 29
1 -221549 -183860
2 58 46
2 47 31
2 61 78
2 24 35
2 2 53
2 28 56
2 64 36
2 18 34
2 10 48
2 73 25
2 63 52
2 54 63
2 63 59
2 51 72
2 50 38
2 57 18
2 78 70
2 53 31
2 78 11
2 74 23
2 13 51
2 72 24
2 28 56
2 54 24
2 24 70
2 62 14
2 76 17
2 25 41
2 53 70
2 18 6
2 16 30
2 16 43
2 13 77
2 9 51
2 48 1
2 62 18
2 40 6
2 22 34
2 12 42
2 16 16
2 65 35
2 7 52
2 24 74
2 43 5
2 76 69
2 47 52
1 55804 93558
2 73 42
1 26129 65035
2 53 70
2 52 71
2 6 77
2 53 65
2 45 22
1 -9111 30796
2 70 56
2 1 13
2 66 5
2 14 58
2 47 40
2 59 32
2 25 57
2 24 48
2 68 74
2 11 81
2 51 3
2 81 9
2 66 76
1 230925 271042
2 45 48
2 62 7
2 61 40
1 243553 284222
2 72 2
2 29 4
1 -257235 -215884
2 72 83
2 7 30
1 -83988 -42274
2 67 7
2 38 70
1 -258645 -216351
2 63 26
2 26 71
2 22 57
2 15 77
2 81 6
2 12 16
2 39 84
2 46 71
2 57 82
2 48 33
2 76 25
2 10 53
2 3 65
2 60 16
1 -163933 -121302
2 51 19
2 58 57
2 62 30
2 39 7
2 56 2
2 53 1
2 44 63
2 28 55
2 11 12
1 30227 73026
2 52 53
2 14 14
2 4 26
2 79 11
2 81 88
2 65 10
2 33 2
2 28 85
2 77 83
2 54 55
2 54 9
2 7 39
2 31 40
2 33 27
2 39 20
2 7 5
2 72 29
2 69 84
2 78 16
2 73 21
2 83 67
2 57 19
2 40 2
2 26 56
2 86 17
2 44 60
2 66 11
2 18 30
1 70191 115302
2 80 53
2 64 25
2 73 14
2 81 39
2 38 14
2 63 20
2 34 88
2 19 26
2 67 1
2 76 29
2 11 68
2 1 12
2 49 36
2 63 10
2 54 88
2 53 33
2 17 73
2 20 57
2 21 56
2 53 78
2 82 52
2 84 52
2 13 59
2 36 8
2 27 9
2 34 87
2 42 56
1 177178 223699
2 87 70
2 64 75
2 32 71
1 -415 46636
2 40 76
2 26 84
2 59 83
2 79 14
2 50 22
2 30 2
2 41 79
2 12 33
2 51 63
2 66 30
2 65 47
2 22 4
1 -94915 -47317
2 26 3
2 24 77
2 51 3
1 -202975 -155033
2 44 18
2 51 60
2 74 44
2 93 29
2 50 9
2 20 86
2 92 31
2 75 57
2 76 54
2 19 86
2 36 12
2 49 37
1 -125784 -77335
2 90 59
2 16 72
2 45 70
2 73 54
2 9 49
2 90 31
2 73 93
2 87 43
2 22 50
2 57 17
2 56 44
2 25 71
2 87 94
2 19 34
2 19 65
2 45 94
2 64 34
2 83 58
2 52 25
2 27 84
2 60 57
1 -277183 -228277
2 57 83
2 68 64
2 80 9
2 13 38
1 152435 201651
2 61 24
2 79 9
2 28 16
2 76 47
2 92 75
2 51 52
2 6 19
1 -245419 -193108
2 11 19
2 49 50
2 23 69
2 26 47
2 9 41
2 44 20
2 82 13
1 -59281 -6378
2 35 14
2 76 80
1 137877 193169
2 40 97
2 61 73
2 80 71
2 32 44
2 95 64
2 95 52
2 20 9
2 27 97
2 22 58
2 5 1
2 19 9
2 78 21
2 22 18
2 52 85
2 52 23
2 53 69
2 64 29
2 52 77
2 28 76
2 2 31
2 98 26
1 -251122 -195567
2 45 57
2 60 88
2 87 49
2 57 92
2 19 95
2 100 94
2 14 10
2 67 5
2 50 47
1 178364 234011
2 43 73
2 20 40
2 84 77
2 45 95
2 1 15
1 190863 247889
2 89 54
2 28 45
2 67 73
2 39 47
2 23 33
2 17 65
2 63 41
2 29 97
2 29 58
1 -278260 -220753
2 76 10
2 44 71
2 34 78
2 63 39
2 92 19
2 24 31
2 70 8
2 43 26
2 64 47
1 -203066 -145270
2 104 29
1 -188255 -130297
2 89 17
2 50 77
2 43 18
2 52 29
2 83 22
2 50 65
1 -282551 -223846
2 71 91
2 44 59
2 32 10
2 58 78
2 70 64
2 19 62
2 15 18
2 23 9
2 6 73
2 83 81
2 19 95
2 104 34
2 12 84
2 100 14
2 86 50
2 35 11
2 4 30
2 58 74
2 9 18
1 208267 267900
2 74 59
2 29 76
2 40 22
2 51 60
2 78 89
1 -177673 -117164
2 13 67
2 4 47
2 44 90
2 37 61
2 2 86
2 74 67
2 75 82
2 25 78
1 169136 229839
2 103 49
2 36 18
2 52 84
2 16 64
2 15 97
2 11 94
2 13 99
1 -79838 -19041
2 58 88
2 92 100
2 69 109
2 98 35
2 103 87
2 77 32
2 26 4
2 19 39
2 48 83
2 54 41
2 91 95
2 72 109
2 29 89
2 8 50
2 5 90
2 11 26
2 53 18
1 -159752 -96881
2 47 25
2 43 106
2 98 78
2 12 9
1 -225654 -162768
2 15 32
2 100 95
2 92 11
2 72 43
2 44 29
2 68 95
2 70 41
2 7 4
2 71 103
2 100 70
2 29 19
2 44 88
1 -174652 -111623
2 87 32
2 11 92
2 110 53
2 20 89
2 97 30
2 7 75
2 8 23
2 63 60
2 44 28
2 43 69
2 110 28
2 46 73
2 43 78
2 53 27
1 101502 165347
2 96 114
2 12 16
2 93 50
2 22 15
2 105 35
2 105 44
2 46 1
2 39 61
2 64 54
2 59 49
2 110 21
2 107 19
2 65 16
2 10 10
2 71 108
2 72 84
2 74 59
2 71 19
2 62 41
2 58 77
2 86 50
2 54 38
2 97 38
2 10 50
2 51 93
2 112 56
2 41 6
2 114 80
2 81 8
1 -284757 -220835
2 65 58
1 -167261 -103144
2 43 114
2 33 76
2 21 46
2 24 113
2 40 88
2 72 27
1 -254594 -189666
2 12 50
2 50 78
1 -2194 62767
2 79 65
1 -272296 -207168
2 37 93
2 1 55
2 82 26
2 73 4
2 29 100
2 45 101
2 109 23
2 99 53
2 101 12
2 111 29
2 93 114
2 86 63
2 101 86
2 11 68
2 51 95
2 41 28
2 15 71
2 52 76
2 46 14
2 85 35
2 26 49
2 41 94
2 61 34
2 72 91
2 85 118
2 24 119
2 47 95
2 40 107
2 76 2
2 111 39
2 109 110
2 11 118
2 101 61
2 49 6
2 52 66
1 148905 214303
2 35 117
1 156402 222210
2 80 24
1 -207320 -140241
2 103 121
2 56 109
2 75 42
2 20 101
2 119 23
2 113 91
2 113 44
2 65 57
2 49 26
2 75 45
2 53 84
2 9 121
2 45 84
1 -272370 -204234
2 100 8
2 71 68
2 119 98
2 18 61
2 90 96
2 27 118
2 7 88
2 30 97
2 68 122
1 23493 92484
2 48 123
2 6 13
2 81 47
2 52 18
2 111 105
1 72941 143767
2 123 48
2 110 19
2 77 111
2 88 107
2 88 95
2 29 74
2 88 115
2 3 98
2 59 100
2 17 22
2 61 106
2 108 27
2 66 99
1 66960 138494
2 117 103
2 75 96
2 24 28
2 122 102
2 60 71
2 48 48
2 26 65
2 105 29
2 1 48
2 124 108
2 93 65
2 28 108
2 52 96
1 -133183 -61437
2 122 125
2 99 51
2 127 26
2 28 23
2 111 54
2 33 120
2 82 104
1 213867 285951
2 78 82
2 54 68
2 90 97
1 -194540 -122123
2 92 72
2 39 99
2 81 27
2 88 45
2 11 57
2 17 3
2 69 112
2 88 52
2 59 47
2 85 103
2 107 21
1 183992 257161
2 104 124
2 62 115
2 39 61
2 41 83
2 110 118
2 99 63
2 104 70
2 36 97
2 85 100
2 83 74
2 50 97
2 62 2
1 -106470 -32709
2 122 115
2 2 74
2 31 99
1 54285 128276
2 64 57
1 217407 292958
2 18 6
2 67 76
1 25218 101118
2 25 62
2 133 97
2 39 102
2 103 30
2 36 47
1 25221 101371
2 69 103
2 115 16
2 1 22
2 10 18
2 119 42
2 129 92
2 124 110
2 81 31
2 28 123
2 17 9
2 51 23
2 89 95
1 -1444 75337
2 53 6
2 72 39
2 21 20
2 62 43
2 127 20
2 39 104
1 137191 214392
2 85 21
2 22 68
2 106 123
2 62 30
2 96 93
2 124 32
2 94 122
2 46 94
2 97 122
2 74 124
2 106 16
2 79 9
2 107 73
1 -186386 -108470
2 91 31
2 125 95
2 54 3
1 -230625 -151785
2 103 99
2 43 139
2 90 87
2 130 21
2 55 52
2 48 39
2 39 106
2 84 21
2 41 112
2 23 98
2 92 68
2 30 108
2 43 75
2 96 117
2 41 96
2 135 66
2 131 85
2 33 112
2 28 36
2 120 39
2 11 76
2 130 19
2 104 8
2 69 88
2 137 28
2 59 72
2 9 110
2 57 66
2 40 113
2 1 23
2 40 112
2 126 115
2 116 110
2 93 33
2 99 94
2 58 49
2 111 100
2 124 3
2 75 74
2 33 134
2 116 4
1 -32141 46763
2 138 136
2 92 32
2 11 47
2 21 2
1 186828 265809
1 -202698 -122497
2 124 112
2 138 19
2 29 31
2 22 78
2 120 79
1 81050 161284
2 48 19
1 -35838 44721
2 71 72
1 -15241 66085
2 11 50
1 -36179 45712
1 -216577 -133900
1 -272000 -188451
2 148 28
1 -1537 82574
2 20 100
1 -34889 49317
2 139 40
2 142 54
2 61 107
2 76 51
2 66 91
2 106 127
2 40 128
2 38 47
1 -140536 -56077
2 12 130
2 131 79
2 98 123
2 64 3
2 65 38
2 122 74
1 58612 143453
1 -194602 -109610
2 2 35
2 104 125
2 87 81
2 55 130
1 44155 129253
2 144 90
2 28 63
2 138 32
2 11 64
2 131 52
2 23 134
2 56 83
1 116628 202435
2 152 127
2 147 6
2 142 54
2 53 88
2 88 125
2 11 146
2 92 42
2 25 101
2 101 75
2 119 17
1 -54319 31638
2 13 138
1 -283750 -197413
2 42 125
2 52 110
2 134 121
1 -33215 54073
2 150 123
2 7 113
2 88 9
2 46 151
2 2 145
2 119 91
2 61 146
2 114 112
2 55 135
2 92 101
2 14 89
2 154 23
2 84 148
2 51 71
2 142 45
2 123 47
2 90 93
2 145 69
2 108 44
2 43 14
1 -202662 -115246
2 120 101
2 105 23
2 71 147
2 139 118
2 8 30
1 -233895 -145781
2 63 151
2 2 119
2 50 83
2 44 125
1 -103602 -14451
2 115 106
2 108 22
2 95 82
2 66 149
2 55 120
2 144 41
2 24 99
2 146 153
2 41 34
1 -281987 -191329
2 71 69
1 -159712 -68320
2 158 156
2 44 124
2 156 73
1 160781 252492
2 74 151
2 52 150
2 56 65
2 143 9
2 160 113
2 111 140
2 122 109
1 -161853 -70113
2 66 126
2 30 163
2 120 76
2 159 34
2 128 80
2 48 149
2 161 30
2 76 54
2 8 102
2 19 21
2 5 142
2 19 93
2 31 75
2 34 132
1 166205 258732
2 155 55
2 166 79
2 82 11
1 -242209 -148906
2 31 93
2 101 120
2 132 97
2 163 162
1 64436 157964
2 68 113
2 37 75
2 20 103
1 -207072 -111675
2 97 146
2 88 18
2 105 16
2 77 118
2 151 145
2 61 65
2 156 158
2 144 107
2 82 91
2 34 73
2 30 116
2 162 9
2 63 169
2 153 14
2 37 61
2 124 78
2 153 37
2 141 49
2 72 139
2 45 65
2 34 101
2 28 101
2 30 163
2 63 8
2 38 77
2 153 65
2 89 34
2 113 80
2 111 137
2 163 140
1 -97426 -1293
2 159 169
2 62 126
2 17 7
2 86 39
2 112 125
2 153 90
2 36 87
2 129 122
2 21 115
2 76 19
2 55 44
2 138 35
1 -257553 -161171
2 109 63
1 -269333 -171752
2 109 106
2 79 88
2 92 137
2 116 79
2 144 162
2 141 153
2 61 122
2 31 26
2 144 6
2 140 164
2 149 88
1 -98363 -689
1 137355 235036
2 95 76
2 170 162
2 13 126
2 53 150
2 164 66
2 68 142
2 107 139
2 88 33
2 44 62
2 40 60
2 69 94
2 106 136
2 107 143
2 82 55
2 93 78
2 119 104
2 103 134
2 149 158
2 127 167
2 157 76
2 85 16
2 152 113
1 -219327 -119883
2 46 172
2 83 90
2 13 172
2 154 73
2 53 42
2 80 32
2 49 43
2 61 23
2 89 119
2 33 27
2 143 140
2 131 141
1 -132240 -32106
2 54 20
2 6 39
2 133 1
2 9 25
2 128 88
1 -143174 -43029
2 118 46
2 82 175
2 45 17
2 49 127
2 169 130
2 36 97
2 146 33
2 25 37
2 61 29
2 156 5
2 23 168
2 8 125
2 86 15
2 114 150
2 72 150
1 -215702 -115309
2 135 90
2 57 95
2 56 148
2 69 171
2 16 6
2 44 34
2 107 49
2 141 67
2 150 153
2 116 103
2 71 158
1 -121257 -20664
2 141 93
1 49671 150273
2 70 145
2 37 142
2 25 175
2 93 127
2 27 99
2 95 17
2 3 87
2 100 38
2 34 115
1 -136449 -35242
2 68 177
2 101 180
2 175 19
2 100 112
2 160 76
2 131 19
2 181 105
2 76 88
2 39 165
2 44 114
2 53 145
2 59 83
2 87 118
2 165 75
2 134 139
2 25 37
2 43 160
2 144 148
2 103 147
2 50 126
2 3 16
2 64 61
2 161 20
2 1 181
2 135 28
2 154 53
2 30 56
1 129183 230789
2 30 77
2 131 78
2 140 21
2 159 77
2 36 109
2 140 149
2 53 69
2 53 145
2 133 26
1 -112672 -10815
1 -110364 -6964
2 115 51
2 124 156
2 97 112
2 60 128
2 132 65
2 90 94
2 158 71
2 183 3
2 72 144
2 106 35
2 127 142
2 94 118
2 64 9
2 66 176
2 78 128
2 156 28
2 50 89
2 4 42
2 43 101
2 165 84
2 117 24
2 18 16
2 129 56
2 149 112
2 120 32
2 177 180
2 45 110
2 37 146
2 72 117
2 73 131
2 109 90
2 147 40
1 -260041 -156114
2 5 86
2 132 106
2 98 178
1 165514 269550
2 176 99
2 122 144
2 84 30
2 108 55
2 29 79
2 141 96
2 98 153
2 108 172
2 113 107
1 -2180 102228
2 30 155
2 75 118
2 117 76
2 122 5
2 23 132
2 39 27
2 182 78
2 3 73
2 96 61
2 166 95
2 110 9
2 107 57
2 61 22
2 184 49
2 97 22
2 24 86
2 90 167
2 128 158
2 101 27
2 92 25
2 89 66
2 173 179
2 29 71
2 37 100
2 19 170
2 51 157
1 87189 191994
2 173 134
2 67 112
2 57 173
2 27 161
2 13 81
2 136 63
2 23 77
1 -68710 36329
2 101 166
2 10 86
2 180 36
1 -285848 -180054
2 80 175
2 186 133
2 28 168
1 97107 202915
1 -194042 -86768
2 64 77
2 189 39
2 188 29
2 64 175
2 176 141
2 20 23
2 74 58
1 -244205 -136284
2 77 63
2 144 133
2 135 111
2 58 57
2 40 60
2 42 24
2 106 119
2 67 10
1 68199 176348
2 78 23
2 120 158
2 151 152
1 -65425 43283
2 35 90
2 171 28
2 101 84
2 66 189
2 186 92
1 145605 255047
2 43 80
2 156 33
2 1 36
2 128 24
2 185 144
2 159 99
2 19 129
2 151 65
2 180 184
2 155 119
2 133 70
1 -135476 -25821
2 120 111
2 121 6
2 57 20
2 20 95
2 146 174
2 178 62
2 76 187
2 125 109
2 150 72
2 126 20
2 90 80
2 84 168
2 7 36
2 148 134
2 13 182
2 59 56
1 -111605 -1730
2 120 20
2 189 58
2 16 39
2 57 30
2 111 185
2 118 185
2 97 35
2 28 190
2 127 12
2 51 115
2 21 2
2 195 142
2 129 51
2 45 172
2 167 73
2 41 34
2 179 118
2 82 134
2 61 32
1 -244128 -133189
2 74 62
2 11 116
2 173 45
2 127 4
2 167 5
1 -30530 80633
2 158 44
2 13 181
2 95 195
2 190 26
2 180 41
2 127 50
2 132 49
2 191 3
2 80 58
2 132 30
2 41 118
2 90 126
2 114 98
2 77 99
2 17 13
2 51 199
2 90 45
1 -47300 64250
2 148 66
2 114 22
2 115 39
2 13 109
2 139 106
2 110 42
2 12 55
2 40 175
2 46 7
2 143 136
1 172455 285017
2 143 79
2 8 121
2 197 68
2 126 36
2 146 202
2 154 155
2 128 15
2 104 63
2 163 15
2 34 31
2 181 50
2 118 165
2 159 69
2 160 55
2 181 72
2 140 121
2 181 85
2 21 33
2 149 160
2 36 167
2 115 166
2 129 125
1 -106450 6199
2 14 201
1 -251198 -136664
2 9 73
2 128 62
2 118 1
2 180 39
2 164 115
2 145 43
2 144 166
2 152 175
2 89 85
2 72 160
2 146 8
2 19 11
2 202 35
2 125 139
2 70 18
2 24 24
2 163 9
2 112 166
2 194 9
2 114 154
2 149 194
1 -290673 -175977
1 -290948 -175001
2 13 60
2 123 168
1 163981 280019
2 111 22
1 -200692 -82455
1 -46870 72319
2 111 159
2 99 109
2 76 52
1 -102723 16829
2 133 58
2 122 35
2 170 12
2 98 69
2 179 74
2 49 109
2 2 76
2 109 119
2 169 8
2 65 25
2 137 116
2 160 205
2 30 116
2 173 33
2 50 85
2 151 144
2 36 165
2 182 170
2 92 67
2 107 40
2 147 141
2 173 114
2 1 150
2 26 164
2 82 154
2 91 65
2 16 129
2 205 96
2 9 210
2 45 119
2 121 71
2 140 34
1 38324 158243
2 129 189
2 182 173
2 1 143
1 149642 269714
2 32 171
2 42 82
2 14 95
2 95 180
2 185 21
2 186 25
2 62 14
2 155 21
2 123 57
2 210 145
2 42 133
2 130 106
2 7 60
2 163 3
2 49 48
2 8 99
2 4 13
2 79 14
2 51 29
1 -129049 -8432
2 191 160
2 110 132
2 19 176
2 132 185
2 184 112
2 74 151
2 112 180
2 68 87
2 205 110
2 26 103
2 107 31
2 61 207
2 13 130
2 174 32
2 171 164
1 -46174 76991
2 24 205
2 8 206
2 202 125
2 20 34
2 34 83
2 109 144
2 49 132
2 23 78
2 146 83
2 180 126
2 134 209
1 -92616 30781
2 158 120
1 18522 142086
2 92 215
2 158 97
2 173 64
2 134 178
2 115 6
2 1 31
2 155 7
2 168 118
2 113 26
2 115 5
2 134 184
2 28 63
1 129846 254359
2 98 145
2 127 65
2 92 202
2 76 120
1 -217927 -93223
2 80 83
2 120 45
2 115 4
2 88 49
2 13 26
2 38 155
2 32 112
2 4 169
2 111 52
2 118 73
2 21 48
1 -3127 121641
2 107 214
2 139 216
2 210 130
2 149 136
1 -278101 -151445
2 139 147
2 129 176
2 193 166
1 84886 212717
2 116 82
2 147 179
2 210 220
2 42 133
2 7 146
2 6 67
2 26 140
2 167 203
2 108 84
2 53 68
2 177 156
2 1 104
2 173 115
2 196 84
2 33 120
2 134 78
2 4 110
2 22 161
2 204 15
2 168 163
2 144 208
2 24 117
2 1 192
2 213 155
2 39 203
2 104 15
2 101 92
2 45 137
2 112 66
1 -122796 5294
2 166 30
2 23 163
2 157 33
2 134 51
2 210 153
2 153 184
1 -104895 23937
2 216 43
2 162 60
2 151 106
1 -128438 1015
1 48468 177947
2 84 6
2 141 66
2 171 207
2 46 153
2 175 122
2 225 178
2 118 176
2 86 122
2 47 203
2 213 203
2 181 96
2 136 89
2 189 6
2 168 55
2 122 61
2 48 96
2 144 21
2 118 133
2 112 191
2 136 25
2 28 1
2 207 18
2 7 139
2 193 115
2 168 149
1 -133870 -1601
2 38 12
2 39 88
2 160 147
2 24 12
2 220 52
2 117 209
2 153 211
2 83 222
2 115 154
2 50 87
2 212 215
2 118 176
2 97 10
2 34 113
2 11 203
2 21 49
2 153 90
2 119 11
2 118 222
2 207 86
2 75 51
2 180 52
2 173 104
2 205 164
2 33 114
2 16 53
2 107 110
2 223 75
2 108 110
2 103 175
2 3 172
1 18411 154936
1 -253165 -115166
2 105 6
2 178 188
2 152 216
2 99 228
2 204 63
2 165 175
2 104 211
2 192 177
2 197 207
2 134 227
2 53 199
2 219 191
2 36 152
2 93 215
2 181 52
2 110 101
2 139 161
2 121 121
2 200 134
2 218 41
2 129 65
2 32 202
2 209 227
2 131 4
2 118 8
2 36 3
2 201 127
2 153 52
2 170 109
2 191 105
1 160962 299393
2 54 132
2 40 43
2 119 182
2 42 95
2 152 85
2 203 59
2 3 50
2 162 203
2 207 184
2 12 153
1 38242 176981
2 55 87
2 118 55
2 28 230
2 225 78
2 137 157
2 15 99
2 163 152
2 5 121
2 53 38
2 12 189
1 -238834 -98297
2 169 188
2 75 72
1 -297759 -155699
2 12 174
2 22 84
1 -211566 -68939
2 61 188
2 191 4
2 192 135
2 216 178
2 1 192
2 41 198
2 40 128
2 195 147
2 53 231
2 137 17
2 21 157
2 164 52
2 98 196
2 72 57
1 -283386 -139858
2 58 80
2 153 229
2 68 171
2 27 117
2 201 43
2 205 181
2 198 35
2 98 145
2 10 177
2 227 196
1 147504 291932
2 124 166
2 10 67
2 199 150
2 124 197
2 192 157
2 148 157
2 214 132
1 -129219 15320
1 -203916 -59271
2 192 90
2 145 229
2 85 202
2 220 136
2 156 219
2 231 182
2 98 117
2 198 230
2 162 146
2 57 219
2 222 2
2 30 111
2 18 77
2 190 230
2 219 203
2 149 173
2 186 61
2 74 54
2 133 180
2 17 75
2 123 145
2 123 136
2 206 101
2 183 66
1 -87174 57642
2 90 82
2 94 145
2 160 104
2 138 158
2 102 68
2 190 132
2 22 231
2 59 12
2 143 223
2 43 102
2 154 127
2 149 174
2 24 31
2 90 91
2 169 197
2 100 205
2 230 15
2 201 106
2 3 135
2 90 237
1 -1895 144018
2 159 192
2 116 177
2 22 1
2 204 29
2 103 134
2 113 201
2 99 55
2 73 114
2 237 81
2 54 118
2 203 98
2 181 220
2 214 26
2 158 158
2 85 232
2 38 170
2 32 169
2 65 221
1 -264275 -117725
2 73 224
2 87 23
1 -236568 -88782
1 -178308 -29748
2 55 225
2 216 84
2 148 75
1 58123 207315
2 14 177
1 -4072 145306
2 173 121
2 164 15
2 65 204
2 192 99
2 195 237
2 175 239
2 172 181
2 157 211
2 53 115
2 138 149
2 30 96
2 36 81
2 69 150
2 75 76
2 134 107
2 89 189
2 33 221
2 125 46
2 28 121
2 239 197
2 110 63
2 185 17
2 228 86
2 137 18
2 124 162
2 45 188
2 203 23
1 -81079 68959
2 124 23
2 240 20
2 50 104
2 77 76
2 199 102
2 213 69
2 109 199
2 121 203
2 75 62
2 159 182
2 58 47
1 -26943 123427
2 222 46
2 55 152
2 8 130
2 191 73
2 101 242
2 46 234
2 124 42
2 215 108
2 101 216
2 226 73
2 198 90
2 95 22
2 132 198
2 24 89
2 163 2
2 182 233
2 77 81
2 11 73
1 -159233 -5730
1 -171937 -17209
1 -229264 -73985
2 135 1
2 56 66
2 95 89
1 64815 220630
2 158 156
2 66 18
2 207 7
2 108 33
2 60 65
2 84 214
2 189 207
2 124 105
2 195 42
2 75 27
2 187 74
2 80 62
2 7 108
2 247 218
1 27948 184185
2 14 167
2 76 163
2 85 45
1 -209133 -52774
2 154 66
1 57365 214960
2 159 43
2 207 39
2 66 34
2 125 184
2 226 104
2 180 37
2 184 111
2 1 142
2 60 74
2 61 214
2 5 139
2 1 122
2 253 99
2 114 16
1 -239567 -81639
2 6 237
2 142 96
2 223 62
2 137 29
2 143 39
2 189 159
2 46 15
2 44 153
1 -218685 -59078
2 217 142
2 46 39
2 204 159
2 78 193
2 134 236
2 87 188
2 106 129
2 199 227
2 12 161
2 21 75
2 77 195
2 92 211
2 20 83
2 79 188
2 181 58
2 112 252
2 146 117
2 41 126
1 -58426 101823
2 211 45
2 54 97
2 105 67
2 147 62
2 179 49
2 216 219
1 63496 224321
2 51 99
1 112248 273145
2 75 33
2 144 128
2 194 131
2 112 114
2 226 1
2 138 46
2 58 68
1 -290677 -129647
2 138 31
2 68 42
2 77 68
2 145 76
2 177 146
2 15 167
2 106 232
2 93 198
2 158 48
2 145 102
2 251 181
2 178 122
2 108 143
2 247 154
2 67 78
2 136 88
2 7 135
2 15 123
2 208 108
2 73 44
2 246 153
2 183 179
2 163 55
2 167 52
2 77 131
2 53 222
2 158 162
2 192 122
2 245 156
2 241 175
2 115 48
2 173 146
2 11 258
2 59 234
2 49 188
2 112 93
1 -186470 -25171
2 146 75
2 226 37
2 25 161
1 -26271 135650
2 136 197
2 104 137
2 101 207
2 144 165
1 80492 243713
2 138 222
2 165 111
2 58 191
2 238 105
2 105 72
2 84 182
2 244 38
1 -76924 86796
2 67 103
2 163 13
1 -274013 -109053
2 262 230
2 140 157
2 242 164
2 154 32
2 114 169
1 59690 224758
2 14 13
2 78 98
2 181 249
2 124 52
2 211 259
2 215 54
2 92 200
1 -25661 139713
2 77 177
2 259 155
2 28 215
1 82617 249986
2 63 20
2 249 134
1 -290472 -122140
2 59 131
2 215 219
2 167 126
2 169 260
2 97 132
2 194 120
1 -188640 -20262
2 214 144
2 19 167
2 161 249
2 115 80
2 65 231
2 183 264
2 38 259
2 85 75
2 215 97
2 4 9
2 173 178
2 65 85
2 41 16
2 139 186
2 60 11
2 139 10
2 258 59
2 103 145
2 237 20
2 77 81
2 104 102
2 151 162
2 77 105
2 193 232
2 269 173
2 152 252
2 73 244
2 149 174
2 229 67
2 209 201
1 -142869 26700
2 7 54
2 62 113
2 20 123
2 270 28
2 247 233
2 148 80
2 140 35
2 74 120
1 115991 286129
2 256 211
2 135 92
2 17 229
2 7 140
2 179 252
2 166 48
2 134 107
2 207 242
2 194 174
2 182 126
2 29 209
2 33 60
2 71 109
2 259 147
2 78 192
2 123 271
2 154 57
1 -203862 -33584
2 72 36
2 143 1
2 140 111
2 65 73
2 152 84
1 -135004 35634
2 208 178
2 27 232
1 -284463 -113690
2 243 45
2 11 11
2 225 22
2 209 257
2 57 238
2 71 83
2 144 187
2 129 15
2 157 44
2 198 242
2 35 188
2 121 181
2 253 254
1 -89442 82740
1 -35514 136887
2 143 74
1 -223383 -50501
2 48 8
2 152 183
2 128 99
2 177 171
2 12 121
2 112 124
2 192 233
2 2 215
2 173 38
2 56 158
2 53 11
1 -72756 100365
2 259 242
2 197 272
2 118 151
2 64 183
2 23 277
1 -238002 -63924
2 58 139
2 102 265
2 127 263
2 275 39
2 158 25
2 166 98
2 205 22
2 38 226
2 208 240
1 -20084 154224
2 88 139
2 24 132
2 265 155
1 20987 195914
2 252 224
2 61 220
2 44 127
2 133 261
2 27 166
2 6 174
2 185 132
2 162 232
2 232 27
2 10 239
1 -68079 106935
2 24 186
2 272 163
2 266 259
2 218 63
2 64 79
2 240 258
2 246 184
2 160 17
2 276 208
2 147 85
1 -289660 -111435
2 98 268
1 -146475 32459
2 130 79
2 153 30
2 51 223
2 56 211
2 127 60
2 142 284
2 250 114
2 137 95
2 17 79
2 108 42
2 209 7
2 4 227
1 -208770 -29345
2 15 42
2 12 214
2 83 184
2 139 193
2 98 224
2 152 152
2 256 186
2 2 133
2 239 67
2 252 12
2 115 123
2 40 267
2 24 268
2 252 280
2 11 240
2 5 209
2 144 209
2 122 178
2 180 279
2 233 256
2 15 6
2 112 90
2 255 202
1 -130891 49250
2 17 283
1 72286 252819
2 250 90
1 -211003 -28659
2 8 95
2 198 133
2 283 252
2 53 175
2 70 1
2 151 23
2 97 285
1 -109442 74682
2 261 201
2 104 190
2 131 259
2 193 42
2 265 223
2 273 284
2 268 172
2 178 124
2 254 286
2 279 92
2 23 56
1 -191347 -6149
2 196 93
2 46 226
2 67 142
2 207 228
2 183 28
2 91 27
2 66 218
2 82 34
2 151 101
2 98 119
2 154 45
2 134 46
2 68 173
2 58 96
1 44197 229409
2 113 96
2 279 162
2 196 217
2 119 228
2 275 60
2 10 72
2 177 238
2 192 78
2 133 215
2 124 44
2 84 231
2 228 201
2 69 256
2 50 35
2 126 166
1 13527 199036
2 7 151
2 113 234
2 244 244
2 149 48
2 156 250
2 154 208
2 291 291
2 222 191
2 203 47
2 84 125
2 263 123
2 243 179
2 1 146
2 90 52
2 11 121
1 67744 253709
2 273 158
2 89 190
2 279 101
1 82886 269132
2 212 181
2 131 137
2 34 258
2 30 23
2 87 217
2 35 274
2 29 152
2 285 154
2 126 20
2 200 173
2 118 278
2 252 112
2 43 293
2 196 172
2 212 69
2 221 22
2 90 9
2 125 106
1 105174 293234
2 138 6
2 28 107
2 160 6
2 125 111
2 156 294
2 244 165
2 177 188
2 21 225
1 19632 209066
1 -274343 -83194
2 265 230
2 246 158
1 -169394 22507
2 95 124
2 178 212
2 254 184
2 220 149
1 -182821 9183
2 84 213
1 95359 289090
1 -267776 -72220
1 -94118 104402
2 222 275
1 -165888 32655
2 197 251
2 281 189
2 169 14
2 177 171
2 235 160
1 -53966 144774
2 167 235
2 159 237
2 105 161
2 92 12
2 198 48
2 109 111
2 178 111
2 190 241
1 -156293 43714
2 95 221
2 286 272
2 153 233
2 169 94
2 285 154
2 93 221
2 61 147
2 65 136
2 142 35
2 62 132
2 219 228
2 286 26
2 63 24
2 46 93
2 261 114
2 137 105
1 98567 298764
2 55 238
2 168 178
2 102 250
2 36 280
2 295 51
2 203 278
1 -46016 156312
2 105 248
2 183 172
2 47 135
1 -124327 78188
2 202 299
2 6 181
2 118 86
2 15 45
2 49 8
2 294 197
2 247 180
1 -254134 -51478
2 152 225
2 108 63
2 238 38
2 84 129
2 267 130
2 25 16
2 176 114
2 281 209
2 102 235
2 174 165
2 163 195
2 238 215
2 146 296
1 -69117 134998
2 91 68
2 226 168
2 91 27
2 60 17
2 28 169
2 122 140
2 266 80
2 94 295
2 196 118
2 46 61
2 289 31
2 39 143
2 139 109
2 203 16
2 207 145
2 146 253
2 122 105
2 92 156
2 101 30
2 119 90
2 230 213
2 128 125
1 -148469 56320
2 197 118
2 191 147
2 20 259
2 94 151
2 71 133
2 197 61
2 292 32
2 117 199
2 251 246
2 77 179
2 86 251
2 287 173
2 225 207
2 175 173
2 247 28
2 30 67
2 225 148
2 116 26
2 277 120
2 43 178
2 160 87
1 84964 290080
2 14 128
2 246 45
2 56 170
2 312 76
2 203 238
2 48 298
2 139 101
2 223 168
2 181 27
1 -288487 -82673
2 151 249
2 22 312
2 202 171
1 -209355 -871
2 98 119
2 186 247
2 39 14
2 298 206
2 246 121
2 274 314
2 164 1
2 11 291
2 133 296
2 124 222
2 277 226
2 163 309
2 9 141
2 227 116
2 247 226
1 -57463 151053
2 46 285
1 -292981 -84236
2 194 9
2 131 270
2 233 15
2 56 233
1 -8596 201769
2 259 212
2 258 27
2 236 61
2 6 285
2 287 183
2 132 205
2 104 180
2 254 162
1 -156517 53951
2 106 147
2 200 211
2 46 277
2 185 75
2 317 125
2 191 3
2 228 219
2 275 31
2 222 211
2 36 295
2 221 288
2 133 309
1 -147132 65272
1 -192915 20574
1 -81002 134356
2 118 286
2 48 250
2 66 89
2 51 189
2 266 61
2 315 283
1 -47711 169929
2 230 118
2 281 13
2 216 133
2 23 60
2 200 91
2 169 114
2 113 282
2 60 109
2 101 192
2 128 47
2 302 159
2 308 15
2 130 130
2 169 74
2 295 4
2 65 103
2 161 194
2 133 37
2 62 46
2 319 189
2 256 240
2 163 175
2 82 131
2 87 89
2 140 90
2 177 78
2 177 266
2 171 239
2 259 158
2 55 15
2 31 177
2 192 25
2 110 60
1 -215033 2805
2 131 286
2 267 163
1 -134633 85441
2 77 60
2 43 203
2 275 27
2 280 141
2 66 235
2 321 28
2 25 110
2 210 45
2 190 320
2 20 197
2 107 70
2 151 124
2 135 285
2 105 145
2 47 86
1 38104 258942
2 81 307
2 167 109
2 212 168
2 115 16
2 42 44
2 129 99
2 195 258
2 268 321
1 -150633 70265
2 134 307
2 132 62
1 -91480 131784
2 167 314
2 254 68
2 246 232
2 312 144
1 13197 237037
2 117 185
2 136 109
2 57 314
2 135 279
2 133 213
2 64 51
1 -2961 222184
2 107 69
2 135 306
1 -194907 31553
2 162 176
2 68 36
1 -162892 63719
2 282 147
2 328 266
2 121 192
1 -273967 -47138
2 45 298
2 164 321
2 115 15
2 133 82
2 273 314
2 183 132
2 258 297
2 17 64
2 195 243
2 88 232
2 201 57
2 231 261
2 124 78
2 157 285
2 174 215
2 186 130
2 131 305
2 262 137
2 197 281
1 -279859 -52815
2 330 140
1 26506 253965
2 148 106
1 -150184 80678
2 187 162
2 39 329
2 274 80
2 223 126
2 168 211
2 110 166
2 231 58
2 158 154
2 161 165
2 312 166
1 -64465 166641
2 282 104
2 289 61
2 146 274
2 55 150
2 307 304
1 -222219 10608
2 154 119
2 117 67
2 210 153
2 53 48
1 6427 239273
2 251 120
2 304 240
2 287 3
2 199 315
2 43 11
1 -224445 10926
2 153 33
2 131 66
2 212 322
2 94 270
2 311 58
2 131 277
1 -240773 -3454
2 160 145
2 149 329
2 203 35
2 89 252
2 130 199
2 219 302
1 -103489 133837
2 185 214
2 312 220
2 182 155
2 227 38
2 303 241
2 39 148
2 305 194
2 181 147
2 81 154
2 5 247
2 119 333
2 169 287
2 123 193
2 290 276
2 306 300
2 182 285
2 292 254
2 233 219
2 22 169
2 180 297
2 126 82
2 210 17
2 327 20
2 170 5
2 20 254
2 183 123
2 273 320
2 282 292
2 178 244
2 40 297
2 292 172
2 30 335
2 89 234
1 -117262 120559
2 315 1
2 113 275
2 257 95
2 44 103
2 307 227
2 330 112
2 43 327
2 143 279
2 134 267
2 263 177
2 145 101
2 222 337
2 189 13
2 303 43
2 165 131
2 215 223
2 237 285
2 254 223
2 251 210
2 137 313
2 260 45
2 207 309
2 184 318
2 75 22
2 142 151
2 311 207
2 181 77
2 114 260
2 105 92
2 260 314
2 30 87
2 65 329
2 292 314
2 266 155
2 245 215
2 154 212
2 20 131
2 282 227
2 277 138
2 51 324
2 118 275
2 91 330
2 181 208
2 272 333
2 264 93
2 175 11
2 132 94
2 187 321
2 248 219
2 232 252
2 321 223
2 265 310
2 179 8
2 340 225
2 298 230
2 134 188
2 204 336
2 87 48
2 101 128
2 279 37
2 119 233
2 27 299
2 217 235
2 174 192
2 250 40
2 81 33
2 184 333
2 256 239
2 278 222
1 -100703 137119
2 314 237
2 271 213
2 194 199
2 214 284
2 159 126
2 249 29
2 124 1
2 104 59
2 11 152
2 26 182
2 28 297
2 322 83
2 5 154
2 132 310
2 263 80
2 290 109
2 18 111
2 192 170
2 97 19
2 174 22
2 1 220
1 -18831 219118
2 235 132
2 337 321
2 231 58
2 249 216
2 177 281
2 150 175
2 169 93
2 60 268
2 88 201
2 109 199
2 155 242
2 176 267
2 22 89
2 115 160
2 141 226
2 308 145
2 9 225
2 280 127
2 5 111
2 296 184
2 328 241
2 72 116
1 -46780 193014
1 -32546 208135
2 126 185
2 175 309
2 140 273
1 -253847 -12174
1 -139528 103098
2 327 303
2 91 211
2 98 302
2 184 85
2 132 293
2 294 214
2 53 204
2 151 315
2 51 336
1 -51872 190866
2 133 200
2 21 74
2 63 51
2 89 231
1 -13916 229972
2 171 249
2 131 61
2 126 27
1 -216649 27862
2 224 292
2 152 300
2 172 64
2 27 310
2 351 37
2 53 49
2 309 96
2 344 112
1 -135868 111359
2 100 164
2 148 153
2 176 46
2 234 20
2 184 143
2 79 20
2 277 185
2 219 143
2 309 57
2 80 190
2 317 295
2 138 29
2 78 302
2 171 201
2 38 143
2 128 7
2 34 89
2 99 196
2 151 248
2 346 18
1 -139773 108427
2 32 270
2 242 74
2 93 198
2 280 98
2 182 223
2 116 118
2 226 197
2 132 332
2 110 165
2 131 121
2 67 140
2 295 240
2 41 121
2 250 339
2 80 339
2 265 226
2 202 56
1 -20743 227826
2 122 236
1 -155079 94665
1 -249541 596
2 41 207
2 300 173
2 175 289
1 -156544 94670
1 -236404 15186
2 155 116
2 60 12
2 266 42
2 210 40
2 125 59
1 -45491 207598
2 334 142
2 135 248
2 318 35
2 39 235
2 132 90
2 99 273
2 345 170
2 288 316
2 203 1
2 8 136
2 237 185
2 34 269
2 130 210
2 155 77
2 314 174
2 167 65
2 52 58
2 209 320
2 34 85
2 243 218
2 89 219
2 85 311
1 -225185 31265
2 257 328
2 313 116
2 291 323
2 301 111
2 39 94
2 69 54
2 97 280
2 307 80
2 297 336
2 89 330
2 298 264
1 8900 265676
2 280 351
1 -290860 -33803
1 -70760 186702
2 362 194
2 317 361
2 1 122
2 195 280
2 78 38
2 62 206
2 189 157
1 -50552 210716
2 105 288
1 -254833 6765
1 -161445 100177
2 250 94
2 65 107
2 350 36
2 187 331
2 211 234
2 358 51
2 294 165
2 227 177
2 363 143
2 281 216
2 47 366
2 336 272
2 160 230
2 150 217
2 20 89
2 131 364
2 361 216
2 102 188
2 199 261
1 -2280 259350
2 156 52
2 55 332
1 -112958 153665
1 -34738 232576
2 171 193
2 1 17
2 263 367
2 362 43
2 349 288
2 231 45
2 281 166
1 -248431 21479
2 79 196
1 -9739 261015
2 317 41
2 142 144
2 104 43
2 215 123
2 127 239
2 79 238
2 183 70
2 366 215
2 363 164
2 321 311
2 342 150
2 315 162
2 241 318
2 288 352
2 84 163
2 66 352
2 245 30
1 -288396 -16459
2 53 343
2 66 19
2 111 158
2 182 98
2 366 84
2 371 266
2 115 7
2 326 52
2 128 168
1 -131465 142410
2 324 78
2 240 236
2 47 243
2 300 80
2 333 92
2 275 203
2 179 217
2 111 24
2 102 323
2 178 64
2 94 65
2 47 67
2 178 321
1 -283538 -8759
2 202 25
2 235 123
2 190 346
2 373 36
2 302 116
2 78 222
2 199 22
2 236 365
2 140 355
2 321 355
2 97 278
2 280 95
2 204 85
2 48 40
2 256 156
2 103 357
2 74 3
1 -31945 243262
2 325 12
2 370 322
2 23 135
2 136 209
2 247 314
2 155 35
2 54 43
2 19 98
2 148 339
2 50 99
2 367 186
1 -66862 210063
1 -288255 -10812
2 287 278
2 268 129
2 48 99
2 302 18
2 220 114
2 101 88
1 -295513 -17132
2 144 228
2 68 56
2 231 209
2 285 298
2 273 39
2 96 313
2 222 272
2 361 137
2 183 153
2 285 19
1 -18876 260331
2 286 248
2 164 224
2 245 284
2 270 369
2 138 207
2 115 353
2 28 104
2 137 48
2 89 254
2 165 77
2 236 161
1 -140382 139975
2 287 194
2 73 175
2 248 87
2 117 51
2 126 99
2 218 354
2 124 196
2 20 87
1 10215 291400
2 230 33
2 323 128
2 147 329
2 321 250
1 -282605 -1166
2 188 222
2 360 108
2 290 78
1 -199843 81913
2 351 370
2 76 288
2 5 3
2 290 34
2 167 29
2 243 314
2 330 135
2 52 327
2 175 303
2 28 307
2 239 338
2 311 225
2 139 263
2 359 198
2 121 107
2 199 95
2 110 367
2 181 332
2 130 153
2 265 361
2 39 133
2 226 215
2 228 87
2 32 315
2 235 168
1 -81783 200268
2 297 118
2 2 141
2 301 51
2 251 354
2 285 46
2 11 82
1 -3580 279340
2 260 164
2 184 116
2 116 201
2 353 91
2 65 354
2 284 383
2 286 49
2 31 8
2 182 306
2 46 210
2 359 238
2 53 25
2 122 315
2 264 270
2 267 116
2 186 62
2 353 233
2 224 211
2 252 73
1 -122307 162284
2 206 140
2 118 219
2 82 175
2 74 91
2 59 368
2 130 284
2 165 195
1 -54002 232186
2 83 176
2 234 276
2 182 259
2 334 341
2 377 234
2 173 226
2 22 339
2 336 236
2 136 209
2 83 263
2 295 357
2 90 326
2 254 238
1 3815 290853
2 43 377
2 372 44
2 101 342
2 343 200
2 332 313
2 143 165
2 79 159
2 205 320
2 55 167
1 -166015 121375
2 296 96
2 352 14
2 167 315
2 52 369
2 318 143
2 338 299
2 308 316
2 233 373
2 7 312
2 173 217
2 41 287
2 72 354
2 101 259
2 352 84
2 327 249
2 349 144
2 230 333
2 146 254
2 13 30
2 307 326
2 224 36
2 310 348
1 3848 291473
2 207 87
2 64 187
2 127 169
2 153 216
1 -52022 235795
2 318 303
2 295 218
2 124 91
2 152 123
2 16 90
2 70 269
2 252 105
2 323 116
2 165 9
2 148 286
2 33 272
1 -15310 273198
2 94 348
2 252 273
2 248 171
2 314 112
2 13 145
2 81 76
2 144 165
2 111 172
2 171 90
2 344 186
2 94 41
2 346 203
2 61 145
2 328 186
2 373 55
2 204 253
2 348 145
1 -100847 189962
1 -110033 181094
1 -3792 287985
2 4 111
2 248 274
2 29 52
2 277 248
2 111 110
2 159 60
2 97 230
2 385 106
2 340 90
2 64 371
2 334 266
2 349 333
2 167 352
2 62 200
1 -160710 131543
2 127 234
2 84 106
2 147 236
2 68 224
2 10 35
2 184 89
2 373 8
2 49 130
2 351 373
2 260 371
2 382 393
1 1256 293849
2 299 174
2 170 202
2 263 148
2 264 104
2 52 10
2 318 4
2 394 275
2 77 203
2 62 341
2 141 53
2 116 288
2 228 363
2 175 350
1 -33924 260639
2 225 385
2 67 220
2 290 339
2 207 207
2 222 337
2 298 139
2 381 299
2 170 389
2 83 2
2 138 217
2 358 255
1 3847 298476
2 206 353
2 48 275
2 303 243
2 196 147
2 51 52
2 291 7
2 115 9
2 190 318
1 -94516 200487
2 358 283
2 14 141
2 181 13
2 387 204
2 348 325
2 357 10
1 -97765 198392
2 60 175
2 391 329
2 347 55
2 85 178
2 372 35
2 391 341
2 299 199
2 379 6
2 180 90
2 277 352
2 388 47
2 401 198
2 316 88
2 122 137
2 225 22
2 77 370
2 323 276
2 21 206
1 -78455 218555
2 311 29
2 28 298
2 286 166
2 120 188
2 100 115
2 262 72
2 388 81
2 30 9
2 91 276
2 377 363
2 156 280
1 -285815 11648
2 225 35
1 -149480 148028
2 283 298
2 189 243
2 356 294
2 71 228
1 -48929 251717
2 281 161
2 260 294
2 386 54
2 335 170
2 322 397
2 205 4
2 224 390
2 370 10
2 30 161
2 283 26
2 152 39
2 380 324
2 133 216
2 283 387
2 31 1
2 33 285
2 78 206
2 87 71
2 246 54
1 -279962 21588
2 239 399
2 329 126
2 406 340
2 4 29
2 303 66
1 -62371 240511
1 -195695 107750
2 344 204
2 314 215
2 143 180
2 299 395
1 -69497 234156
2 289 24
2 358 391
2 289 223
2 329 138
2 386 341
2 267 288
2 82 148
2 308 250
2 222 252
2 70 270
2 18 174
1 -51822 255368
2 125 123
2 184 346
2 65 202
2 151 393
2 76 316
2 155 361
2 376 279
2 145 107
2 289 383
2 26 23
2 175 63
2 143 194
2 342 9
2 12 8
2 269 397
2 278 73
2 331 174
1 -137663 169990
2 206 61
2 131 369
2 45 201
1 -74988 233791
1 -27366 283063
2 281 284
2 370 408
2 265 338
2 403 131
2 97 76
2 266 329
2 282 254
2 216 11
1 -68393 242861
2 184 29
2 284 351
2 35 126
1 -64679 248000
2 346 89
1 -161576 151548
2 269 262
2 51 102
2 264 239
2 327 343
2 406 307
2 145 373
2 288 19
1 -245917 67458
2 248 400
2 2 336
2 26 131
2 357 381
2 240 186
2 390 158
2 132 42
2 337 90
2 59 356
2 42 86
2 217 56
2 69 336
2 370 403
2 122 336
2 256 386
2 231 372
2 82 2
2 359 362
2 302 275
2 380 102
2 7 144
2 312 338
2 383 362
2 75 26
2 65 210
2 92 118
2 263 226
2 116 245
2 233 394
2 110 243
2 368 399
2 33 361
1 -156553 159100
2 54 121
2 232 100
1 -196780 119097
2 225 386
2 157 317
2 70 128
2 183 262
2 105 363
2 253 2
2 72 270
2 213 79
1 -90524 226618
2 313 335
2 232 198
2 188 77
2 292 11
2 109 274
2 359 31
2 282 78
2 288 63
2 233 328
2 222 129
2 338 136
2 255 320
1 -128209 188971
1 -284567 33223
2 369 69
2 251 41
1 -99227 219129
2 153 242
2 210 304
2 171 127
2 106 78
2 109 325
2 175 298
2 198 148
2 127 148
2 219 147
2 27 365
2 182 71
2 35 174
2 267 17
2 155 258
2 294 361
2 160 172
2 181 80
2 273 108
2 375 202
2 56 57
2 233 238
2 53 162
2 356 103
2 277 215
2 220 55
2 148 296
2 16 210
2 236 401
2 273 255
2 5 169
1 -273076 49171
2 226 47
2 115 225
2 20 184
1 -56762 265605
2 383 318
2 424 424
2 207 170
2 330 33
2 142 222
2 184 231
1 -110341 212861
2 251 178
2 72 19
2 353 26
2 352 304
1 -283281 40311
2 85 209
2 299 350
2 46 388
2 122 196
2 289 215
2 401 312
2 412 349
2 51 349
2 308 161
2 409 410
2 188 329
2 85 124
2 196 357
2 369 209
2 294 379
2 406 375
2 22 275
1 -92230 231893
2 62 164
2 296 71
2 375 5
2 290 391
2 199 157
2 420 417
2 394 305
2 293 366
2 8 257
2 56 281
2 117 165
2 111 212
2 356 292
2 170 305
2 425 278
2 172 227
2 363 95
1 -258378 69190
2 14 378
2 322 267
2 222 138
2 295 258
2 361 202
2 415 245
2 271 408
2 266 301
2 187 262
2 1 27
2 118 157
2 12 400
2 286 374
2 249 170
2 3 47
2 190 337
2 249 343
2 229 169
2 292 116
2 23 315
2 214 185
1 -35542 294144
2 264 43
2 167 348
2 419 397
2 193 236
2 57 17
2 211 1
2 427 327
2 56 303
2 366 99
2 282 183
2 236 120
2 289 154
2 396 137
2 419 138
2 389 51
2 135 87
2 371 335
2 322 68
2 147 263
2 96 93
2 87 347
2 310 63
2 199 71
2 1 7
2 272 244
2 240 288
2 196 5
2 271 64
2 215 335
2 357 100
2 122 139
2 5 295
2 25 131
2 426 29
2 297 408
1 -67549 266008
2 265 194
2 237 391
2 293 387
2 111 370
2 99 185
2 85 424
2 270 265
1 -90092 244527
2 187 32
2 250 420
2 396 210
2 188 253
2 238 242
2 199 228
2 379 257
2 217 214
2 6 13
2 17 420
2 68 194
2 420 255
2 431 389
2 48 281
2 47 266
2 87 209
2 379 377
2 186 105
2 280 407
2 183 99
2 74 421
2 51 182
2 279 145
2 329 85
2 13 341
2 55 359
2 318 151
2 51 166
2 222 404
1 -133693 204118
2 354 231
2 7 315
2 171 203
2 37 241
2 7 18
2 190 372
2 195 365
2 89 39
2 432 270
2 297 145
2 181 141
2 173 134
2 178 56
2 230 179
2 24 50
2 103 92
2 237 280
2 326 217
2 229 53
2 321 420
2 393 385
2 273 270
2 122 180
1 -83798 254509
1 -196175 143397
2 360 396
1 -199973 140637
2 196 271
2 12 413
2 361 165
2 314 415
2 403 113
2 298 104
1 -102343 241116
2 197 165
2 347 387
2 195 320
1 -69933 273815
1 -86127 258967
2 1 357
1 -60369 284808
2 259 391
2 351 46
2 128 262
2 339 133
2 130 405
2 135 129
2 413 295
2 168 335
2 47 300
2 390 217
2 29 245
2 348 139
2 183 327
2 195 107
2 182 263
2 380 366
2 316 207
2 396 96
2 428 404
2 309 292
2 251 20
1 -55269 291321
2 207 140
2 73 64
2 136 227
2 122 195
1 -47872 299223
2 35 225
2 202 415
2 398 101
2 409 373
2 428 186
1 -80869 266939
2 153 169
1 -195869 152415
2 260 191
2 51 57
2 108 305
2 355 417
2 115 69
2 101 165
2 112 271
2 145 176
2 162 406
2 23 438
2 276 332
2 343 81
2 437 324
2 160 17
2 315 34
2 417 63
1 -276237 72421
2 48 265
2 321 270
2 370 383
1 -216934 131988
2 194 190
2 137 167
2 297 232
1 -216334 133018
2 346 315
2 5 166
2 137 322
2 116 70
2 400 354
2 253 436
2 353 76
2 34 262
1 -133812 216729
2 282 343
2 220 284
1 -255857 94804
2 135 262
2 256 122
2 102 28
2 6 243
2 405 415
2 365 429
2 241 105
2 276 84
2 33 224
2 442 406
1 -260066 90628
2 188 155
2 322 424
2 154 142
2 423 147
2 47 46
2 117 124
2 111 450
2 44 254
2 282 389
2 256 159
2 427 253
1 -57925 293338
2 191 123
2 370 339
2 298 307
2 16 4
2 424 296
1 -61165 290458
2 305 403
2 43 359
1 -77918 278354
2 129 407
2 371 376
2 397 108
2 390 2
2 130 113
2 238 325
2 352 105
2 392 367
2 154 314
2 15 166
2 447 390
2 220 438
2 378 443
1 -171456 186473
2 102 291
2 186 352
1 -110747 247949
2 422 201
2 301 65
2 34 71
2 345 443
2 326 218
2 166 301
2 215 73
2 228 358
2 177 288
2 316 315
2 266 451
2 422 211
2 262 314
2 256 321
2 98 69
2 427 252
2 303 450
2 285 399
1 -296176 69421
2 313 171
2 413 71
1 -241491 125175
2 213 360
2 162 241
2 33 15
2 303 135
2 308 116
2 69 355
2 427 88
2 101 246
2 226 382
2 408 302
2 418 151
2 7 154
2 114 231
2 131 363
2 73 187
2 42 364
2 357 20
2 124 305
2 228 189
2 251 232
2 355 304
2 67 192
1 -101217 266649
2 106 163
1 -88529 279477
2 41 262
1 -77019 291787
2 427 454
2 3 196
2 32 51
2 254 141
2 253 34
2 48 393
2 45 354
2 235 445
2 207 422
2 90 76
2 138 78
2 184 241
2 8 157
2 411 253
2 372 191
2 315 355
1 -299044 70052
2 171 314
2 112 277
2 424 13
1 -263409 105706
2 414 135
2 339 452
1 -219444 151274
2 41 234
2 289 43
2 171 361
2 259 288
2 122 279
2 228 460
2 255 253
2 56 387
2 342 447
2 261 379
2 206 260
2 109 67
2 313 306
2 123 350
2 366 257
2 41 307
2 388 262
2 74 93
2 319 256
2 20 365
2 173 89
2 25 292
2 102 180
2 288 181
2 354 345
2 124 257
2 96 453
2 9 256
1 -157085 215624
2 460 391
1 -133071 240321
2 219 218
1 -234186 141147
2 215 70
2 62 316
2 257 451
2 174 266
1 -126273 249127
2 386 234
2 204 17
2 358 431
2 447 278
2 423 454
2 374 433
2 12 105
2 2 36
2 181 129
1 -149769 227449
2 274 342
2 240 460
2 62 226
1 -93874 284446
2 41 144
2 249 206
2 10 209
2 446 416
2 353 373
2 329 375
2 55 467
1 -133591 248438
2 207 163
2 446 364
2 443 307
2 208 123
2 415 233
2 81 295
2 171 264
2 6 225
1 -272146 110893
2 240 113
2 224 294
2 161 336
2 337 276
2 116 423
1 -193564 192401
2 121 5
2 452 182
2 318 465
2 115 315
2 223 296
2 471 252
1 -297127 90790
2 207 125
2 305 9
2 473 440
2 177 179
2 12 412
2 361 190
2 279 227
1 -287231 101038
2 97 194
2 97 48
2 468 187
2 306 242
2 136 296
2 270 96
2 87 320
2 63 9
2 410 389
2 2 296
2 423 222
2 312 241
2 104 410
1 -96861 291533
2 461 475
2 124 138
2 371 91
2 282 128
2 87 355
2 30 255
2 326 380
2 14 433
2 458 47
2 330 151
1 -147870 249904
2 242 425
2 259 88
2 382 398
2 473 376
2 84 316
2 373 291
2 127 332
2 328 66
2 290 84
2 260 285
2 335 66
2 350 253
2 360 395
2 48 332
2 467 219
1 -124291 277039
2 261 214
2 258 327
2 85 252
1 -253167 152712
1 -235240 170721
2 72 238
2 39 62
2 78 68
1 -184210 222584
2 391 123
2 436 385
2 23 197
2 119 64
2 331 224
2 388 120
1 -291277 117985
2 215 154
1 -217938 192745
1 -193803 220212
2 366 302
2 443 295
1 -139816 274226
2 316 24
2 419 31
2 330 11
2 465 321
2 318 356
2 164 79
2 65 170
1 -266191 149432
2 179 142
2 66 283
2 466 425
2 416 471
2 389 194
2 405 48
2 24 477
1 -131683 283956
2 188 63
2 172 356
2 162 457
1 -119352 296565
2 35 399
1 -136214 284926
2 189 159
1 -181591 241494
2 4 149
1 -203001 221076
2 369 154
1 -241739 185215
1 -133031 297698
2 140 226
2 436 439
2 310 344
2 316 84
2 238 64
1 -144846 288298
2 120 259
2 441 395
2 354 319
2 449 348
2 239 222
2 48 217
2 72 407
2 149 297
2 130 321
2 418 261
2 16 389
2 377 459
2 307 60
2 260 102
2 151 102
2 247 229
2 33 273
2 485 317
2 410 391
2 271 435
2 175 467
2 352 35
2 96 464
2 276 489
2 331 356
2 149 105
2 22 243
2 97 162
2 211 403
2 109 47
2 70 265
2 285 163
2 425 38
2 380 190
2 81 228
1 -211967 225620
2 224 44
2 487 243
2 487 280
2 483 219
2 476 45
2 316 310
2 479 239
2 72 182
2 412 228
2 225 423
2 253 298
2 344 341
2 19 376
2 276 380
2 193 235
2 473 29
2 328 131
2 468 33
2 159 207
2 455 145
1 -199019 239366
2 119 354
1 -245222 201838
2 359 162
2 439 354
2 469 24
2 345 187
2 260 405
2 195 194
1 -245048 205396
2 367 69
2 138 201
2 301 247
2 474 433
2 147 285
2 128 309
2 287 151
2 399 188
2 361 227
2 111 445
1 -286473 166038
2 414 267
2 13 26
2 363 282
2 318 460
2 175 238
2 385 177
2 155 363
2 222 215
2 314 25
2 400 481
2 258 349
2 120 143
2 73 94
1 -227929 226202
2 23 204
1 -274603 181144
2 215 27
2 267 393
2 177 322
2 6 256
2 104 226
2 364 311
2 100 233
2 351 68
2 35 410
2 21 105
2 377 313
2 400 131
2 278 21
2 115 168
2 488 347
2 32 74
1 -256611 200589
2 451 434
2 408 217
2 415 176
1 -233339 230226
2 146 124
2 452 463
2 417 140
2 461 295
1 -169367 295827
2 380 184
2 28 26
2 236 333
2 270 280
2 106 268
2 157 21
2 19 380
2 302 346
2 397 410
2 437 139
1 -284195 182090
2 165 96
2 111 234
2 453 203
2 285 229
2 278 500
2 322 90
2 70 228
2 224 270
2 16 394
2 425 134
2 228 112
2 199 9
2 183 4
2 125 293
2 364 477
2 462 59
2 160 245
2 311 437
2 458 461
2 251 116
2 16 465
2 1 236
2 227 314
2 81 127
2 474 164
1 -217226 249459
2 224 410
1 -237917 229692
2 119 478
1 -223215 248138
2 406 284
2 388 283
2 152 232
2 499 163
2 345 383
2 272 246
2 94 97
2 445 199
2 17 325
2 505 355
2 370 333
2 283 106
2 218 345
1 -208474 266292
2 503 227
2 263 360
2 354 303
2 418 150
2 29 420
2 415 284
2 294 447
2 458 273
2 6 323
2 220 463
2 365 453
2 262 204
2 486 464
2 20 95
2 254 470
2 226 312
1 -220706 255406
2 460 134
2 347 478
2 103 348
2 429 93
1 -281206 195907
2 193 393
2 272 94
1 -269314 211867
2 444 123
2 474 493
2 378 30
2 462 260
2 407 386
2 179 283
2 60 56
2 97 223
2 114 342
1 -280193 203451
2 425 10
2 131 216
2 5 458
2 503 385
2 458 25
1 -231830 260470
2 361 199
2 264 338
2 24 489
2 340 444
2 353 126
2 46 290
2 184 198
2 361 118
2 134 91
2 40 365
2 367 340
2 468 465
1 -272824 220368
2 68 125
2 394 34
2 314 336
2 406 508
2 153 493
2 10 301
2 509 365
2 122 259
2 501 238
2 361 314
2 80 320
2 158 30
2 220 426
2 485 165
2 317 218
1 -284833 210625
2 325 298
2 428 389
2 131 100
2 421 219
2 315 69
1 -233530 266442
2 47 90
2 463 292
2 39 188
2 247 32
2 375 394
1 -236832 266521
2 165 194
2 344 218
2 464 58
2 331 484
2 193 426
2 391 363
2 416 102
2 345 494
2 149 269
2 440 4
2 67 432
2 195 58
2 488 484
2 409 244
1 -206161 297589
2 368 114
2 283 514
2 43 153
2 110 319
2 272 304
2 35 249
2 366 14
2 269 290
2 59 62
2 405 313
2 331 202
2 301 277
2 77 100
2 469 437
2 492 30
2 176 407
1 -279271 228690
2 420 438
1 -233304 276077
2 33 320
2 502 29
1 -256146 254146
1 -247782 266813
2 237 279
2 13 505
2 377 270
2 288 463
2 259 256
1 -230523 288835
2 421 155
2 350 22
2 168 418
2 452 138
2 18 226
2 72 237
2 129 197
2 105 435
2 47 111
2 124 132
2 289 59
2 373 137
2 47 50
2 333 4
2 333 301
2 476 415
2 233 394
2 22 342
2 438 55
2 431 96
2 427 460
2 282 238
2 137 182
2 225 15
2 167 330
1 -266897 260171
2 182 56
2 146 476
2 362 282
2 279 296
2 242 288
2 28 452
1 -282724 244942
2 56 119
2 90 361
1 -253219 277724
2 92 487
2 120 7
1 -249546 296134
2 59 239
2 155 492
2 151 342
2 110 270
2 280 312
2 282 273
2 179 502
2 337 23
2 500 341
2 299 494
2 305 152
2 16 175
2 430 27
1 -263751 283717
2 116 63
1 -293485 254173
1 -274401 296311
2 336 385
2 324 444
1 -290987 286728
2 347 413
2 108 498
2 358 6
2 415 304
2 286 185
2 248 298
2 292 441
2 156 289
1 -298554 287530
2 282 400
2 15 6
2 487 241
2 450 250
2 277 246
2 353 138
2 166 468
2 148 20
